id	species2	BACT000001	BACT000002	BACT000003	BACT000004	BACT000005	BACT000006	BACT000007	BACT000008	BACT000009	BACT000010	BACT000011	BACT000012	BACT000013	BACT000014	BACT000015	BACT000016	BACT000017	BACT000018	BACT000019	BACT000020	BACT000021	BACT000030	BACT000031	BACT000032	BACT000033	BACT000034	BACT000035	BACT000036	BACT000038	BACT000039	BACT000040	BACT000042	BACT000043	BACT000044	BACT000045	BACT000046	BACT000047	BACT000048	BACT000049	BACT000050	BACT000051	BACT000052	BACT000053	BACT000056	BACT000057	BACT000058	BACT000059	BACT000060	BACT000061	BACT000062	BACT000063	BACT000064	BACT000065	rST (Ribosomal MLST)	genus (Ribosomal MLST)	species (Ribosomal MLST)	subspecies (Ribosomal MLST)	lineage (Ribosomal MLST)	sublineage (Ribosomal MLST)	other_designation (Ribosomal MLST)	notes (Ribosomal MLST)
765	Mycobacterium bovis	645	140	126	112	79	82	93	66	85	76	57	84	61	68;71	73	58	60	59;1494	51	69	0	637	615	114	100	77	86	84	74	54	61	73	70	555	59	533	43	61	56	43	90	59	78	51	55;1005	50	423	51	74	80;638	42	41	23	1267	Mycobacterium	Mycobacterium bovis					
766	Mycobacterium bovis	645	140	126	112	79	82	93	66	85	76	57	568	61	68;71	73	58	60	59;1494	51	69	0	637	88	114	100	77	86	84	74	54	61	73	70	555	59	533	43	61	56	43	90	59	78	51	55;1005	50	423	535	74	80;638	42	41	23	1260	Mycobacterium	Mycobacterium bovis					
767	Mycobacterium bovis	645	140	126	112	79	82	93	66	85	76	57	568	61	68;71	73	58	60	59;1494	51	69	0	637	88	114	100	568	86	84	74	54	61	73	70	555	59	533	43	61	56	43	90	59	78	51	55;1005	50	423	535	74	80;638	42	41	23	1228	Mycobacterium	Mycobacterium bovis					
55602	Mycobacterium canettii	3876	140	2442	2510	2302	82	93	2059	2318	1991	1933	84	1962	71	2149	58	1838	1494	51	1886	0	2916	2836	2650	2643	2218	2353	2213	74	2146	61	2241	1925	2266	1988	2040	2084	61	56	2000	2069	1859	78	51	1666	1534	1342	51	1667	638	1507	41	23	6804	Mycobacterium	Mycobacterium canettii					
55603	Mycobacterium canettii	3876	140	2442	2511	2303	82	2207	2060	85	1991	1933	84	1962	1670	73	58	1839	1494	51	1886	0	2916	2836	2650	2643	2218	2354	84	74	2147	61	2243	1925	2267	1988	2041	2083	61	56	2000	2069	1859	78	51	1666	1535	1343	1908	1667	638	1507	41	23	6805	Mycobacterium	Mycobacterium canettii					
55604	Mycobacterium canettii	3877	2921	2443	2512	2304	2100	93	2061	2319	1991	66	84	1963	71	3598	1933	60	1494	51	1887	0	2916	2837	114	2644	77	2355	84	2709	2146	61	2241	1926	2268	1989	2040	2100	2201	2198	2001	2070	1860	1931	51	1005	50	36	51		1653	1507	1690	1333								
55605	Mycobacterium canettii	3878	2922	2444	2513	2305	2101	2208	2062	2320	1991	1933	84	1962	1671	2149	1934	1838	1770	51	1886	0	2917	2838	2651	2643	2218	2356	2214	2711	2148	2290	2244	1925	2269	1988	2042	2104	2202	2199	2002	2071	1859	78	51	1801	1534	36	1909	1668	1653	1508	1691	23	6807	Mycobacterium	Mycobacterium canettii					
55606	Mycobacterium canettii	3871	2916	2438	2507	2299	82	2203	2056	2313	1991	1926	2146	1958	71	2149	1932	1835	1494	51	1882	0	2911	2832	2651	2639	2218	2349	2210	2710	2143	2286	2241	1925	2263	1983	2040	2101	2197	2191	1996	2067	1859	1926	51	1664	1530	1341	1903	1663	1653	1507	1687	23	6812	Mycobacterium	Mycobacterium canettii					
67794	Mycobacterium bovis	645	140	126	112	79	82	93	66	85	76	57	568	61	68;71	73	58	60	59;1494	51	69	0	637	88	114	100	77	86	84	74	54	61	73	70	555	59	533	43	61	56	43	90	59	78	51	55;1005	50	423	535	74	80;638	42	41	23	1260	Mycobacterium	Mycobacterium bovis					
67795	Mycobacterium bovis	645	140	126	112	79	82	93	66	85	76	57	568	61	68;71	73	58	60	59;1494	51	69	0	637	88	114	100	77	86	84	74	54	61	73	70	555	59	533	43	61	56	43	90	59	78	51	55;1005	50	423	535	74	80;638	42	41	23	1260	Mycobacterium	Mycobacterium bovis					
