GbGDiv simplified results table from 'accumulate-10.txt' records table.
Isolate records read from table: 2560

Locus	Missing	Paralogous	CountNuc
id	0	0	2560	
isolate	0	0	2560	
rMLST_database_accession	0	0	2560	
BACT000001	7	0	53	
BACT000002	76	0	26	
BACT000003	246	0	29	
BACT000004	21	0	16	
BACT000005	45	0	17	
BACT000006	1	0	12	
BACT000007	6	0	15	
BACT000008	12	0	10	
BACT000009	9	0	23	
BACT000010	1	0	6	
BACT000011	20	0	13	
BACT000012	2	0	16	
BACT000013	4	0	14	
BACT000014	1	2328	2	
BACT000015	1	0	9	
BACT000016	27	0	24	
BACT000017	10	0	16	
BACT000018	0	1982	3	
BACT000019	0	0	10	
BACT000020	3	0	13	
BACT000021	2560	0	0	
BACT000030	23	717	19	
BACT000031	2	0	15	
BACT000032	5	0	14	
BACT000033	68	0	21	
BACT000034	6	0	18	
BACT000035	3	0	19	
BACT000036	160	0	15	
BACT000038	12	0	14	
BACT000039	9	0	17	
BACT000040	310	0	12	
BACT000042	4	0	18	
BACT000043	0	0	16	
BACT000044	17	0	11	
BACT000045	14	0	14	
BACT000046	3	0	25	
BACT000047	34	0	8	
BACT000048	0	0	15	
BACT000049	1	0	14	
BACT000050	13	0	12	
BACT000051	77	0	16	
BACT000052	1	0	9	
BACT000053	2	0	7	
BACT000056	5	0	10	
BACT000057	1	2487	3	
BACT000058	1	0	11	
BACT000059	0	0	5	
BACT000060	2	0	4	
BACT000061	6	0	11	
BACT000062	1	2152	7	
BACT000063	1	0	8	
BACT000064	1	0	10	
BACT000065	3	0	1	
MYCO000001	18	0	86	
MYCO000005	20	0	102	
MYCO000006	28	0	147	
MYCO000009	6	0	18	
MYCO000011	8	0	14	
MYCO000013	2	0	38	
MYCO000015	572	0	49	
MYCO000016	41	0	60	
MYCO000017	40	0	52	
MYCO000019	4	0	24	
MYCO000038	175	0	21	
MYCO000046	7	0	50	
MYCO000047	12	0	25	
MYCO000049	15	0	23	
MYCO000050	280	0	104	
MYCO000051	218	0	73	
MYCO000054	102	0	19	
MYCO000066	15	0	82	
MYCO000068	72	0	59	
MYCO000129	23	0	23	
MYCO000183	128	0	29	
MYCO000184	134	0	22	
MYCO000189	328	0	44	
MYCO000198	24	0	81	
MYCO000204	80	0	33	
MYCO000207	9	0	26	
MYCO000211	31	0	76	
MYCO000223	266	0	49	
MYCO000225	18	0	27	
MYCO000227	280	0	44	
MYCO000228	48	0	42	
MYCO000236	594	0	108	
MYCO000237	75	0	52	
MYCO000238	7	0	26	
MYCO000241	16	0	40	
MYCO000242	436	0	46	
MYCO000243	225	0	39	
MYCO000244	53	1277	55	
MYCO000247	7	0	20	
MYCO000248	12	0	43	
MYCO000270	24	0	69	
MYCO000274	161	0	28	
MYCO000321	4	0	14	
MYCO000322	24	0	38	
MYCO000334	4	0	20	
MYCO000337	23	0	33	
MYCO000350	37	0	37	
MYCO000352	271	0	36	
MYCO000357	11	0	34	
MYCO000360	96	0	19	
MYCO000383	482	0	22	
MYCO000384	333	0	63	
MYCO000407	112	0	32	
MYCO000410	81	0	64	
MYCO000411	63	0	29	
MYCO000414	531	0	21	
MYCO000415	559	0	30	
MYCO000417	180	632	25	
MYCO000423	18	0	35	
MYCO000429	7	0	20	
MYCO000432	4	0	20	
MYCO000433	12	0	28	
MYCO000439	101	0	30	
MYCO000440	31	0	34	
MYCO000462	6	0	27	
MYCO000465	26	0	54	
MYCO000466	9	0	17	
MYCO000467	10	0	29	
MYCO000468	27	0	21	
MYCO000472	4	0	18	
MYCO000475	68	0	25	
MYCO000483	33	0	28	
MYCO000484	29	0	27	
MYCO000486	149	0	44	
MYCO000489	379	0	18	
MYCO000490	35	0	30	
MYCO000491	6	0	13	
MYCO000495	7	0	27	
MYCO000496	31	0	33	
MYCO000498	44	0	32	
MYCO000501	15	0	29	
MYCO000502	20	0	21	
MYCO000505	619	0	23	
MYCO000509	57	0	50	
MYCO000510	49	0	28	
MYCO000512	53	0	29	
MYCO000524	218	0	32	
MYCO000527	78	0	22	
MYCO000528	391	0	38	
MYCO000529	88	0	40	
MYCO000548	17	0	22	
MYCO000551	85	0	59	
MYCO000553	244	0	28	
MYCO000555	244	0	32	
MYCO000557	34	0	47	
MYCO000558	129	0	20	
MYCO000562	11	0	34	
MYCO000563	55	0	28	
MYCO000564	32	0	40	
MYCO000566	5	0	17	
MYCO000636	7	0	18	
MYCO000639	109	0	18	
MYCO000647	103	0	41	
MYCO000655	17	0	35	
MYCO000667	135	0	180	
MYCO000668	105	0	173	
MYCO000672	113	0	69	
MYCO000684	39	0	60	
MYCO000685	12	0	18	
MYCO000693	232	0	36	
MYCO000696	45	0	41	
MYCO000732	6	0	38	
MYCO000733	6	0	16	
MYCO000734	274	0	15	
MYCO000757	6	0	22	
MYCO000758	63	0	96	
MYCO000772	82	0	40	
MYCO000777	29	0	26	
MYCO000780	8	0	23	
MYCO000782	2499	0	4	
MYCO000788	72	0	17	
MYCO000803	63	0	61	
MYCO000808	47	0	44	
MYCO000809	4	0	24	
MYCO000810	0	0	5	
MYCO000814	491	11	13	
MYCO000815	39	4	29	
MYCO000820	10	0	18	
MYCO000821	15	0	13	
MYCO000823	51	0	38	
MYCO000824	6	0	21	
MYCO000859	39	0	51	
MYCO000860	172	0	66	
MYCO000861	22	0	44	
MYCO000871	8	0	8	
MYCO000876	3	0	47	
MYCO000884	8	0	36	
MYCO000885	36	0	27	
MYCO000886	593	0	45	
MYCO000889	513	0	36	
MYCO000896	36	0	34	
MYCO000902	21	0	14	
MYCO000903	6	0	10	
MYCO000906	656	0	35	
MYCO000926	11	0	51	
MYCO000927	109	0	23	
MYCO000929	229	0	20	
MYCO000946	30	0	49	
MYCO000949	120	0	75	
MYCO000951	22	0	38	
MYCO000952	47	0	28	
MYCO000953	186	0	37	
MYCO000957	262	0	35	
MYCO000981	30	0	22	
MYCO000983	319	0	45	
MYCO000993	81	0	24	
MYCO000994	169	0	38	
MYCO000995	9	0	19	
MYCO001001	24	0	48	
MYCO001002	40	0	45	
MYCO001007	7	0	43	
MYCO001008	142	0	25	
MYCO001009	135	0	25	
MYCO001010	51	0	31	
MYCO001011	17	0	24	
MYCO001013	34	0	43	
MYCO001014	21	0	27	
MYCO001015	16	0	21	
MYCO001017	2	0	21	
MYCO001018	24	0	50	
MYCO001020	291	0	112	
MYCO001022	131	0	21	
MYCO001023	91	0	41	
MYCO001026	179	0	30	
MYCO001070	8	0	18	
MYCO001071	12	0	40	
MYCO001072	2	0	21	
MYCO001077	44	0	48	
MYCO001079	47	0	27	
MYCO001080	143	0	13	
MYCO001082	20	0	23	
MYCO001086	37	0	30	
MYCO001092	70	0	27	
MYCO001094	45	0	16	
MYCO001095	58	0	34	
MYCO001098	45	0	27	
MYCO001099	152	0	33	
MYCO001108	45	0	40	
MYCO001110	7	0	26	
MYCO001112	324	0	33	
MYCO001165	117	0	64	
MYCO001173	147	0	64	
MYCO001177	11	0	6	
MYCO001178	104	0	37	
MYCO001193	249	0	35	
MYCO001201	150	0	28	
MYCO001202	119	0	30	
MYCO001207	172	0	33	
MYCO001208	17	0	25	
MYCO001213	128	0	44	
MYCO001220	144	0	10	
MYCO001221	1	0	20	
MYCO001223	416	0	46	
MYCO001229	71	0	31	
MYCO001238	29	0	25	
MYCO001239	8	0	30	
MYCO001245	62	0	34	
MYCO001248	295	0	94	
MYCO001253	106	0	62	
MYCO001272	198	0	51	
MYCO001273	14	0	52	
MYCO001277	289	0	34	
MYCO001292	24	0	40	
MYCO001293	35	0	36	
MYCO001294	43	0	33	
MYCO001295	39	0	34	
MYCO001297	213	0	43	
MYCO001299	25	0	23	
MYCO001302	10	0	27	
MYCO001305	7	0	7	
MYCO001308	43	0	37	
MYCO001309	8	0	29	
MYCO001310	12	0	28	
MYCO001311	12	0	17	
MYCO001315	16	0	27	
MYCO001321	40	0	27	
MYCO001323	59	0	35	
MYCO001326	31	0	66	
MYCO001327	44	0	42	
MYCO001328	89	0	79	
MYCO001338	77	0	21	
MYCO001340	34	0	18	
MYCO001380	34	0	28	
MYCO001381	272	0	33	
MYCO001383	19	0	30	
MYCO001384	244	0	109	
MYCO001385	415	0	26	
MYCO001388	3	0	19	
MYCO001390	1	0	9	
MYCO001391	458	0	44	
MYCO001392	255	0	50	
MYCO001402	1042	0	43	
MYCO001407	357	0	52	
MYCO001408	83	0	17	
MYCO001410	7	0	33	
MYCO001412	14	0	20	
MYCO001415	12	0	33	
MYCO001416	4	0	18	
MYCO001420	19	0	48	
MYCO001421	15	0	26	
MYCO001436	5	0	28	
MYCO001437	27	0	32	
MYCO001438	6	0	19	
MYCO001440	11	0	10	
MYCO001445	156	0	28	
MYCO001447	300	0	57	
MYCO001448	28	0	36	
MYCO001449	135	0	55	
MYCO001451	60	0	32	
MYCO001457	5	0	22	
MYCO001458	14	0	31	
MYCO001462	33	0	40	
MYCO001463	9	0	22	
MYCO001464	130	0	37	
MYCO001465	6	0	10	
MYCO001466	2	0	8	
MYCO001467	53	1280	43	
MYCO001473	24	0	39	
MYCO001474	84	0	15	
MYCO001475	14	0	58	
MYCO001479	58	0	29	
MYCO001480	78	0	33	
MYCO001481	14	0	30	
MYCO001483	72	0	14	
MYCO001484	19	0	27	
MYCO001485	74	0	21	
MYCO001493	411	0	52	
MYCO001536	78	0	90	
MYCO001540	12	0	32	
MYCO001547	102	0	74	
MYCO001557	432	0	41	
MYCO001559	551	0	47	
MYCO001564	30	0	62	
MYCO001568	159	0	38	
MYCO001569	506	0	23	
MYCO001589	10	0	23	
MYCO001593	4	0	21	
MYCO001594	33	0	29	
MYCO001595	281	0	48	
MYCO001599	227	0	34	
MYCO001600	4	0	35	
MYCO001601	1	0	17	
MYCO001603	6	0	23	
MYCO001605	11	0	22	
MYCO001609	61	0	51	
MYCO001611	42	0	22	
MYCO001612	6	0	38	
MYCO001617	36	0	42	
MYCO001626	14	0	14	
MYCO001627	86	0	26	
MYCO001629	87	0	84	
MYCO001633	340	0	67	
MYCO001638	114	0	81	
MYCO001641	2560	0	0	
MYCO001649	204	0	25	
MYCO001652	142	0	27	
MYCO001653	460	0	24	
MYCO001654	73	0	19	
MYCO001655	286	0	30	
MYCO001656	213	0	21	
MYCO001657	243	0	16	
MYCO001658	77	0	35	
MYCO001659	238	0	36	
MYCO001689	9	0	30	
MYCO001694	91	0	22	
MYCO001695	2	0	26	
MYCO001697	3	0	19	
MYCO001699	11	0	62	
MYCO001701	36	0	20	
MYCO001708	15	0	21	
MYCO001709	3	0	29	
MYCO001711	0	0	28	
MYCO001712	15	0	26	
MYCO001713	110	0	36	
MYCO001821	26	0	69	
MYCO001827	4	0	15	
MYCO001829	26	0	19	
MYCO001830	12	0	36	
MYCO001832	78	0	93	
MYCO001837	64	0	55	
MYCO001842	60	0	46	
MYCO001843	68	0	49	
MYCO001844	38	0	58	
MYCO001854	23	0	43	
MYCO001886	46	0	40	
MYCO001894	105	0	46	
MYCO001981	13	0	16	
MYCO002050	2	0	8	
MYCO002089	193	0	37	
MYCO002090	2494	0	8	
MYCO002092	307	0	78	
MYCO002093	33	0	24	
MYCO002096	15	0	37	
MYCO002097	57	0	30	
MYCO002109	12	0	25	
MYCO002110	28	0	34	
MYCO002111	69	0	9	
MYCO002112	1107	0	39	
MYCO002115	27	0	57	
MYCO002118	7	0	16	
MYCO002119	17	0	35	
MYCO002121	35	0	20	
MYCO002122	1	0	10	
MYCO002125	29	0	20	
MYCO002130	322	0	24	
MYCO002134	15	0	19	
MYCO002139	49	0	28	
MYCO002140	2	0	16	
MYCO002141	55	0	45	
MYCO002145	42	0	23	
MYCO002150	164	0	28	
MYCO002151	174	0	17	
MYCO002153	515	0	39	
MYCO002154	545	0	26	
MYCO002155	423	0	53	
MYCO002156	12	0	36	
MYCO002157	1105	0	38	
MYCO002163	119	0	43	
MYCO002166	11	0	11	
MYCO002170	297	0	21	
MYCO002176	73	0	32	
MYCO002178	13	0	24	
MYCO002179	49	0	13	
MYCO002182	18	0	18	
MYCO002186	2	0	8	
MYCO002187	719	0	38	
MYCO002188	29	0	43	
MYCO002192	72	0	26	
MYCO002193	6	0	14	
MYCO002194	24	0	25	
MYCO002195	13	0	32	
MYCO002196	13	0	43	
MYCO002199	0	0	10	
MYCO002200	20	0	27	
MYCO002201	101	0	43	
MYCO002202	120	0	35	
MYCO002210	55	0	33	
MYCO002211	73	0	42	
MYCO002213	132	0	61	
MYCO002216	21	0	43	
MYCO002217	135	0	27	
MYCO002218	109	0	32	
MYCO002219	75	0	21	
MYCO002220	18	0	37	
MYCO002221	576	0	73	
MYCO002222	28	0	39	
MYCO002225	88	0	35	
MYCO002228	40	0	36	
MYCO002230	166	0	32	
MYCO002235	51	0	31	
MYCO002239	1	0	11	
MYCO002241	327	0	53	
MYCO002242	111	0	30	
MYCO002243	280	0	29	
MYCO002244	3	0	3	
MYCO002245	50	0	28	
MYCO002246	29	0	27	
MYCO002247	114	0	38	
MYCO002257	27	0	30	
MYCO002259	134	0	25	
MYCO002315	446	0	39	
MYCO002343	128	0	51	
MYCO002344	393	0	32	
MYCO002357	10	0	27	
MYCO002361	6	0	18	
MYCO002362	70	0	21	
MYCO002364	5	0	27	
MYCO002366	9	0	40	
MYCO002367	4	0	15	
MYCO002368	31	0	30	
MYCO002373	39	0	32	
MYCO002374	77	0	35	
MYCO002399	35	0	25	
MYCO002400	35	0	36	
MYCO002402	40	0	73	
MYCO002404	19	0	59	
MYCO002409	12	0	25	
MYCO002410	8	0	21	
MYCO002411	68	0	46	
MYCO002413	103	0	25	
MYCO002420	107	0	18	
MYCO002421	0	0	12	
MYCO002425	202	0	31	
MYCO002426	736	0	38	
MYCO002427	219	0	33	
MYCO002439	395	0	23	
MYCO002440	63	0	57	
MYCO002445	13	0	8	
MYCO002447	42	0	48	
MYCO002448	120	0	75	
MYCO002454	16	0	35	
MYCO002455	49	0	37	
MYCO002457	22	0	28	
MYCO002460	2	0	14	
MYCO002461	3	0	13	
MYCO002462	175	0	32	
MYCO002465	33	0	13	
MYCO002466	25	0	22	
MYCO002467	59	0	75	
MYCO002470	7	0	16	
MYCO002477	13	0	37	
MYCO002500	8	0	29	
MYCO002502	31	0	52	
MYCO002509	7	0	31	
MYCO002511	12	0	13	
MYCO002518	306	0	30	
MYCO002521	2	0	13	
MYCO002523	23	0	8	
MYCO002524	740	0	184	
MYCO002533	9	0	16	
MYCO002534	1	0	13	
MYCO002538	128	0	33	
MYCO002540	579	0	35	
MYCO002555	49	0	56	
MYCO002559	226	0	29	
MYCO002568	29	0	37	
MYCO002572	84	0	43	
MYCO002575	48	0	36	
MYCO002580	114	0	30	
MYCO002582	23	0	28	
MYCO002583	74	0	53	
MYCO002587	394	0	45	
MYCO002589	74	0	43	
MYCO002592	111	0	25	
MYCO002593	53	0	19	
MYCO002594	1	0	11	
MYCO002603	5	0	24	
MYCO002606	22	0	23	
MYCO002610	66	0	32	
MYCO002611	48	0	37	
MYCO002612	4	0	23	
MYCO002613	5	0	9	
MYCO002614	46	0	45	
MYCO002670	10	0	28	
MYCO002673	297	651	30	
MYCO002676	15	0	14	
MYCO002678	224	0	31	
MYCO002682	62	0	41	
MYCO002696	72	0	27	
MYCO002697	5	0	12	
MYCO002699	0	0	7	
MYCO002702	9	0	34	
MYCO002703	87	0	37	
MYCO002708	3	0	9	
MYCO002710	46	0	26	
MYCO002711	19	0	22	
MYCO002714	16	0	30	
MYCO002715	349	0	36	
MYCO002720	11	0	29	
MYCO002724	34	0	55	
MYCO002725	73	0	30	
MYCO002726	32	0	25	
MYCO002727	147	0	33	
MYCO002731	290	0	30	
MYCO002733	591	0	38	
MYCO002744	76	0	25	
MYCO002748	235	0	69	
MYCO002750	43	0	32	
MYCO002753	12	0	37	
MYCO002754	19	0	20	
MYCO002764	49	0	32	
MYCO002773	15	0	19	
MYCO002782	191	0	42	
MYCO002783	87	0	53	
MYCO002788	261	0	14	
MYCO002794	14	0	24	
MYCO002795	56	0	29	
MYCO002828	1162	310	37	
MYCO002838	39	0	13	
MYCO002839	993	0	51	
MYCO002841	16	0	36	
MYCO002846	4	0	42	
MYCO002847	62	0	38	
MYCO002861	12	0	18	
MYCO002864	34	0	35	
MYCO002868	6	0	29	
MYCO002870	54	0	27	
MYCO002882	8	0	24	
MYCO002883	3	0	21	
MYCO002889	51	0	21	
MYCO002894	320	0	20	
MYCO002901	1	0	8	
MYCO002902	143	0	21	
MYCO002915	54	0	42	
MYCO002916	202	0	37	
MYCO002917	396	0	47	
MYCO002918	162	0	77	
MYCO002919	2	0	10	
MYCO002921	88	0	29	
MYCO002927	18	0	22	
MYCO002965	2	0	8	
MYCO002967	159	0	65	
MYCO002976	44	0	26	
MYCO002981	117	0	37	
MYCO002982	13	0	34	
MYCO002984	30	0	40	
MYCO002988	63	0	28	
MYCO002992	82	0	52	
MYCO002993	7	0	25	
MYCO002995	97	0	34	
MYCO002996	162	0	49	
MYCO003001	16	0	25	
MYCO003003	117	0	44	
MYCO003006	80	0	23	
MYCO003009	15	0	37	
MYCO003010	247	0	27	
MYCO003011	468	0	27	
MYCO003014	236	0	56	
MYCO003024	115	0	36	
MYCO003025	73	0	27	
MYCO003027	25	0	30	
MYCO003028	319	0	29	
MYCO003029	13	0	23	
MYCO003031	133	0	44	
MYCO003032	260	0	25	
MYCO003034	10	0	20	
MYCO003038	5	0	25	
MYCO003042	40	0	29	
MYCO003043	8	0	34	
MYCO003045	3	0	27	
MYCO003048	11	0	30	
MYCO003049	66	0	57	
MYCO003051	24	0	40	
MYCO003052	12	0	8	
MYCO003053	2	0	5	
MYCO003054	97	0	26	
MYCO003057	12	0	27	
MYCO003085	148	0	30	
MYCO003100	7	0	17	
MYCO003101	12	0	24	
MYCO003102	2	0	20	
MYCO003105	116	0	31	
MYCO003117	39	4	29	
MYCO003118	491	11	13	
MYCO003139	13	0	44	
MYCO003140	13	0	42	
MYCO003193	50	0	78	
MYCO003194	1	0	27	
MYCO003195	218	0	48	
MYCO003197	24	0	41	
MYCO003198	175	0	54	
MYCO003205	21	0	24	
MYCO003206	13	0	42	
MYCO003207	13	0	24	
MYCO003208	37	0	21	
MYCO003211	190	0	57	
MYCO003213	8	0	27	
MYCO003214	16	0	31	
MYCO003219	3	0	6	
MYCO003220	16	0	37	
MYCO003221	0	0	11	
MYCO003223	1	0	21	
MYCO003228	240	0	31	
MYCO003229	18	0	50	
MYCO003240	280	0	69	
MYCO003241	125	0	21	
MYCO003245	9	0	44	
MYCO003246	8	0	12	
MYCO003248	26	0	43	
MYCO003252	113	0	31	
MYCO003255	64	0	28	
MYCO003257	133	0	31	
MYCO003258	167	0	10	
MYCO003261	9	0	33	
MYCO003262	139	0	32	
MYCO003264	14	0	27	
MYCO003265	63	0	24	
MYCO003267	185	0	30	
MYCO003274	5	0	30	
MYCO003275	72	0	18	
MYCO003276	60	0	33	
MYCO003277	5	0	18	
MYCO003280	23	0	41	
MYCO003285	84	0	39	
MYCO003290	17	0	31	
MYCO003296	767	0	124	
MYCO003302	44	0	37	
MYCO003303	2535	0	2	
MYCO003304	30	0	9	
MYCO003305	51	0	33	
MYCO003306	168	0	41	
MYCO003313	17	0	18	
MYCO003317	10	0	19	
MYCO003318	127	0	42	
MYCO003319	29	0	29	
MYCO003328	194	0	35	
MYCO003329	30	0	51	
MYCO003330	257	0	30	
MYCO003336	12	0	25	
MYCO003340	17	0	36	
MYCO003341	331	0	34	
MYCO003356	12	0	26	
MYCO003392	29	1936	14	
MYCO003396	48	0	39	
MYCO003409	68	0	45	
MYCO003410	454	0	27	
MYCO003411	106	0	44	
MYCO003412	5	0	16	
MYCO003417	8	1447	36	
MYCO003418	0	0	7	
MYCO003419	102	0	27	
MYCO003422	2	0	19	
MYCO003432	23	0	28	
MYCO003433	906	0	22	
MYCO003436	631	0	42	
MYCO003441	285	0	41	
MYCO003455	119	0	23	
MYCO003457	13	0	35	
MYCO003462	8	0	11	
MYCO003464	8	0	28	
MYCO003490	29	0	52	
MYCO003500	12	0	29	
MYCO003501	13	0	21	
MYCO003504	17	0	32	
MYCO003520	30	0	36	
MYCO003570	7	0	20	
MYCO003571	31	0	27	
MYCO003579	372	0	42	
MYCO003580	56	0	28	
MYCO003583	3	0	13	
MYCO003589	598	0	21	
MYCO003592	5	0	13	
MYCO003596	209	0	64	
MYCO003598	23	0	34	
MYCO003600	23	0	20	
MYCO003601	24	0	13	
MYCO003609	2	0	13	
MYCO003610	258	0	53	
MYCO003624	6	0	22	
MYCO003628	8	0	16	
MYCO003644	138	0	44	
MYCO003646	392	0	86	
MYCO003647	43	0	16	
MYCO003648	5	0	20	
MYCO003668	7	0	20	
MYCO003670	131	0	27	
MYCO003674	6	0	23	
MYCO003676	4	0	18	
MYCO003677	31	0	28	
MYCO003679	12	0	37	
MYCO003680	63	0	29	
MYCO003682	81	0	64	
MYCO003683	53	0	30	
MYCO003684	35	0	18	
MYCO003695	20	0	35	
MYCO003696	111	0	60	
MYCO003705	4	0	21	
MYCO003707	75	0	36	
MYCO003708	77	0	31	
MYCO003709	56	0	32	
MYCO003710	1022	0	34	
MYCO003711	22	0	43	
MYCO003712	326	0	27	
MYCO003713	25	0	19	
MYCO003715	3	0	18	
MYCO003717	3	0	23	
MYCO003718	1	0	10	
MYCO003719	16	0	46	
MYCO003720	81	0	38	
MYCO003721	225	0	51	
MYCO003722	9	0	41	
MYCO003765	285	0	34	
MYCO003774	12	0	37	
MYCO003775	39	0	56	
MYCO003777	140	0	37	
MYCO003778	31	0	41	
MYCO003780	236	0	16	
MYCO003781	5	0	16	
MYCO003782	27	0	30	
MYCO003783	28	0	23	
MYCO003790	13	0	41	
MYCO003791	32	0	34	
MYCO003793	441	0	105	
MYCO003794	140	0	121	
MYCO003795	126	0	184	
MYCO003799	14	0	44	
MYCO003801	23	0	51	
MYCO003802	46	0	32	
MYCO003804	25	0	35	
MYCO003806	8	0	54	
MYCO003808	158	0	47	
MYCO003809	4	0	29	
MYCO003816	186	0	33	
MYCO003834	72	0	31	
MYCO003835	339	0	41	
MYCO003842	69	0	48	
MYCO003847	965	0	20	
MYCO003849	4	0	12	
MYCO003858	29	0	35	
MYCO003859	264	0	128	
MYCO003907	23	0	58	
MYCO003908	96	0	27	
MYCO003913	45	0	63	
MYCO003915	9	0	60	
MYCO003917	6	0	60	
MYCO003918	8	0	58	
MYCO003920	7	0	31	
MYCO003921	12	0	57	
MYCO013678	1	0	13	
MYCO000002	25	0	66	
MYCO000003	23	0	52	
MYCO000004	9	0	43	
MYCO000007	271	0	79	
MYCO000008	11	0	28	
MYCO000010	9	0	53	
MYCO000012	20	0	52	
MYCO000014	11	0	81	
MYCO000018	140	0	64	
MYCO000020	133	0	88	
MYCO000021	366	0	51	
MYCO000022	25	0	32	
MYCO000023	25	0	44	
MYCO000024	770	0	38	
MYCO000025	265	0	32	
MYCO000026	74	0	70	
MYCO000027	14	0	14	
MYCO000028	7	0	17	
MYCO000029	187	0	68	
MYCO000030	538	0	23	
MYCO000031	20	0	14	
MYCO000032	792	0	80	
MYCO000033	8	0	11	
MYCO000034	6	0	20	
MYCO000035	35	0	95	
MYCO000036	56	0	43	
MYCO000037	33	0	56	
MYCO000039	108	0	16	
MYCO000040	41	0	44	
MYCO000041	242	0	119	
MYCO000042	173	0	47	
MYCO000043	24	0	34	
MYCO000044	315	0	39	
MYCO000045	1139	0	38	
MYCO000048	16	0	47	
MYCO000052	83	10	34	
MYCO000057	11	1504	41	
MYCO000058	45	0	94	
MYCO000059	12	0	33	
MYCO000060	6	0	35	
MYCO000061	581	0	15	
MYCO000062	127	0	53	
MYCO000063	188	0	78	
MYCO000064	1051	0	95	
MYCO000065	6	0	10	
MYCO000067	8	0	25	
MYCO000069	58	0	50	
MYCO000070	13	1452	38	
MYCO000071	702	0	45	
MYCO000072	598	0	33	
MYCO000073	15	1077	39	
MYCO000074	980	0	45	
MYCO000075	124	0	50	
MYCO000076	7	0	14	
MYCO000077	33	0	37	
MYCO000078	29	0	21	
MYCO000079	44	0	28	
MYCO000080	54	0	33	
MYCO000081	3	0	24	
MYCO000082	660	0	21	
MYCO000083	926	0	47	
MYCO000084	20	0	33	
MYCO000085	159	0	32	
MYCO000086	210	0	55	
MYCO000087	177	0	50	
MYCO000088	13	0	26	
MYCO000089	21	0	31	
MYCO000090	38	0	39	
MYCO000091	47	0	24	
MYCO000092	132	0	83	
MYCO000093	79	0	41	
MYCO000094	2470	40	29	
MYCO000095	1110	0	129	
MYCO000096	279	0	57	
MYCO000097	5	0	19	
MYCO000098	6	0	20	
MYCO000099	736	0	50	
MYCO000100	4	0	7	
MYCO000101	104	0	245	
MYCO000102	71	0	75	
MYCO000103	114	0	77	
MYCO000104	799	0	53	
MYCO000106	54	0	35	
MYCO000107	2534	0	3	
MYCO000108	11	0	9	
MYCO000109	814	0	48	
MYCO000110	11	0	24	
MYCO000111	82	0	76	
MYCO000112	23	0	49	
MYCO000113	133	0	37	
MYCO000114	122	0	23	
MYCO000115	337	0	47	
MYCO000116	14	0	35	
MYCO000117	13	0	38	
MYCO000118	84	0	72	
MYCO000119	66	0	67	
MYCO000120	63	0	91	
MYCO000121	84	0	23	
MYCO000122	11	0	8	
MYCO000123	5	0	11	
MYCO000124	2490	0	2	
MYCO000125	142	0	37	
MYCO000126	24	0	61	
MYCO000127	20	0	37	
MYCO000128	27	0	24	
MYCO000130	4	0	29	
MYCO000131	15	0	43	
MYCO000132	105	0	30	
MYCO000133	306	0	36	
MYCO000134	847	0	23	
MYCO000135	6	0	18	
MYCO000136	270	0	64	
MYCO000137	298	0	21	
MYCO000138	269	0	19	
MYCO000139	24	0	35	
MYCO000140	7	0	17	
MYCO000141	7	0	20	
MYCO000142	402	0	35	
MYCO000143	164	0	66	
MYCO000144	166	0	28	
MYCO000145	140	0	35	
MYCO000146	452	0	37	
MYCO000147	100	0	62	
MYCO000148	28	0	21	
MYCO000149	475	0	34	
MYCO000150	22	0	16	
MYCO000151	171	0	71	
MYCO000152	52	0	70	
MYCO000153	49	0	31	
MYCO000154	25	0	31	
MYCO000155	67	0	31	
MYCO000156	3	0	15	
MYCO000157	202	0	43	
MYCO000158	9	0	23	
MYCO000159	203	0	60	
MYCO000160	28	0	55	
MYCO000161	77	0	48	
MYCO000162	140	0	45	
MYCO000163	1	0	24	
MYCO000164	7	0	15	
MYCO000165	1269	0	9	
MYCO000166	43	0	62	
MYCO000167	3	1264	24	
MYCO000168	42	0	38	
MYCO000169	72	0	61	
MYCO000170	6	0	27	
MYCO000171	674	0	45	
MYCO000172	130	0	57	
MYCO000173	8	0	41	
MYCO000174	48	0	57	
MYCO000175	36	0	37	
MYCO000176	90	0	44	
MYCO000177	2	0	17	
MYCO000178	10	0	31	
MYCO000179	147	0	37	
MYCO000180	319	0	56	
MYCO000181	5	0	25	
MYCO000182	196	0	56	
MYCO000185	48	0	14	
MYCO000186	137	0	80	
MYCO000187	42	0	33	
MYCO000188	12	0	17	
MYCO000190	0	0	11	
MYCO000191	255	0	40	
MYCO000192	594	0	32	
MYCO000193	27	0	71	
MYCO000194	196	0	135	
MYCO000195	419	0	22	
MYCO000196	33	0	20	
MYCO000197	2559	0	1	
MYCO000199	4	0	21	
MYCO000200	39	0	23	
MYCO000201	194	0	11	
MYCO000202	86	0	99	
MYCO000203	115	0	15	
MYCO000205	337	0	37	
MYCO000206	156	0	75	
MYCO000208	21	0	19	
MYCO000209	192	0	41	
MYCO000210	238	0	36	
MYCO000212	36	0	37	
MYCO000213	19	0	45	
MYCO000214	44	0	65	
MYCO000215	294	0	37	
MYCO000216	36	0	31	
MYCO000217	232	0	32	
MYCO000218	747	0	39	
MYCO000219	1	0	26	
MYCO000220	107	0	40	
MYCO000221	274	0	39	
MYCO000222	64	0	28	
MYCO000224	35	0	17	
MYCO000226	151	0	64	
MYCO000229	9	0	29	
MYCO000230	9	0	50	
MYCO000231	32	0	49	
MYCO000232	16	0	29	
MYCO000233	257	0	26	
MYCO000234	139	0	40	
MYCO000235	45	0	70	
MYCO000239	6	0	9	
MYCO000240	7	0	19	
MYCO000245	15	0	19	
MYCO000246	114	0	45	
MYCO000249	13	0	24	
MYCO000250	5	0	9	
MYCO000251	4	0	27	
MYCO000252	44	0	97	
MYCO000253	16	0	13	
MYCO000254	29	0	13	
MYCO000255	232	0	46	
MYCO000256	704	0	49	
MYCO000257	326	0	21	
MYCO000258	28	0	19	
MYCO000259	5	0	28	
MYCO000260	42	0	43	
MYCO000261	38	0	61	
MYCO000262	9	0	16	
MYCO000263	234	0	27	
MYCO000264	56	0	26	
MYCO000265	10	0	45	
MYCO000266	645	0	103	
MYCO000267	274	0	39	
MYCO000268	24	0	19	
MYCO000269	52	0	36	
MYCO000271	91	0	74	
MYCO000272	48	0	47	
MYCO000273	38	0	27	
MYCO000275	259	0	39	
MYCO000276	120	716	32	
MYCO000277	83	1050	51	
MYCO000278	2556	0	3	
MYCO000279	2424	0	50	
MYCO000280	1106	0	57	
MYCO000281	126	0	32	
MYCO000282	40	0	60	
MYCO000283	223	0	52	
MYCO000284	466	0	121	
MYCO000285	84	0	10	
MYCO000286	749	0	51	
MYCO000287	9	9	8	
MYCO000288	3	0	21	
MYCO000289	59	0	43	
MYCO000290	414	0	62	
MYCO000291	350	0	39	
MYCO000292	25	0	33	
MYCO000293	67	0	41	
MYCO000294	62	0	38	
MYCO000295	12	0	21	
MYCO000296	40	0	37	
MYCO000297	1358	0	73	
MYCO000298	5	0	12	
MYCO000299	6	0	14	
MYCO000300	3	0	9	
MYCO000301	3	0	16	
MYCO000302	45	0	26	
MYCO000303	25	0	43	
MYCO000304	366	0	276	
MYCO000305	2520	0	7	
MYCO000306	9	0	24	
MYCO000307	9	0	20	
MYCO000308	5	0	30	
MYCO000309	21	0	13	
MYCO000310	2	0	14	
MYCO000311	15	0	46	
MYCO000312	217	0	52	
MYCO000313	1	0	18	
MYCO000314	95	0	34	
MYCO000315	610	0	33	
MYCO000316	225	0	23	
MYCO000317	36	0	26	
MYCO000318	20	0	23	
MYCO000319	32	0	27	
MYCO000320	6	0	22	
MYCO000323	279	0	29	
MYCO000324	11	0	28	
MYCO000325	1238	0	3	
MYCO000326	132	0	18	
MYCO000327	152	0	40	
MYCO000328	7	0	16	
MYCO000329	74	0	25	
MYCO000330	20	0	30	
MYCO000331	147	0	56	
MYCO000332	24	0	35	
MYCO000333	3	0	18	
MYCO000335	349	0	16	
MYCO000336	2231	274	18	
MYCO000338	490	0	67	
MYCO000339	377	0	87	
MYCO000340	6	0	22	
MYCO000341	784	0	35	
MYCO000342	75	0	51	
MYCO000343	108	0	56	
MYCO000344	14	0	18	
MYCO000345	5	0	18	
MYCO000346	106	0	39	
MYCO000347	5	10	23	
MYCO000348	5	0	16	
MYCO000349	11	0	23	
MYCO000351	63	0	18	
MYCO000353	4	0	16	
MYCO000354	2558	0	1	
MYCO000355	1549	0	236	
MYCO000356	213	0	28	
MYCO000358	693	0	21	
MYCO000359	38	0	30	
MYCO000361	8	0	26	
MYCO000362	18	0	58	
MYCO000363	27	0	37	
MYCO000364	8	0	28	
MYCO000365	76	0	35	
MYCO000366	43	0	19	
MYCO000367	19	0	13	
MYCO000368	113	0	47	
MYCO000369	10	0	19	
MYCO000370	17	0	45	
MYCO000371	21	0	15	
MYCO000372	57	0	33	
MYCO000373	103	0	92	
MYCO000374	11	0	20	
MYCO000375	264	0	25	
MYCO000376	215	0	41	
MYCO000377	206	0	40	
MYCO000378	359	0	8	
MYCO000379	10	0	11	
MYCO000380	37	0	20	
MYCO000381	32	0	29	
MYCO000382	15	0	10	
MYCO000385	5	0	28	
MYCO000386	227	0	109	
MYCO000387	918	0	19	
MYCO000388	2557	0	2	
MYCO000389	338	0	43	
MYCO000390	3	0	11	
MYCO000391	49	0	30	
MYCO000392	151	0	56	
MYCO000393	804	0	73	
MYCO000394	29	0	26	
MYCO000395	420	0	13	
MYCO000396	15	0	16	
MYCO000397	399	859	60	
MYCO000398	152	0	21	
MYCO000399	42	0	53	
MYCO000400	57	0	35	
MYCO000401	125	0	12	
MYCO000402	449	0	85	
MYCO000403	578	0	15	
MYCO000404	80	0	91	
MYCO000405	1227	0	120	
MYCO000406	30	0	30	
MYCO000408	17	0	68	
MYCO000409	20	0	39	
MYCO000412	21	0	43	
MYCO000413	73	0	21	
MYCO000416	1	0	8	
MYCO000418	20	0	44	
MYCO000419	48	0	54	
MYCO000420	4	0	26	
MYCO000421	15	0	24	
MYCO000422	12	0	24	
MYCO000424	1	0	11	
MYCO000425	601	0	118	
MYCO000426	43	0	22	
MYCO000427	29	0	36	
MYCO000428	135	0	26	
MYCO000430	40	0	8	
MYCO000431	16	0	11	
MYCO000434	19	0	24	
MYCO000435	177	0	72	
MYCO000436	179	0	25	
MYCO000437	135	0	16	
MYCO000438	46	0	36	
MYCO000441	161	0	17	
MYCO000442	71	0	49	
MYCO000443	89	0	16	
MYCO000444	403	0	31	
MYCO000445	11	0	17	
MYCO000446	573	0	19	
MYCO000447	110	0	46	
MYCO000448	45	0	19	
MYCO000449	39	0	31	
MYCO000450	35	0	81	
MYCO000451	6	0	16	
MYCO000452	4	0	17	
MYCO000453	643	0	28	
MYCO000454	10	0	11	
MYCO000455	1	0	14	
MYCO000456	26	0	36	
MYCO000457	289	0	53	
MYCO000458	194	0	55	
MYCO000459	76	0	33	
MYCO000460	2	0	9	
MYCO000461	30	0	27	
MYCO000463	41	0	9	
MYCO000464	2	0	17	
MYCO000469	50	0	42	
MYCO000470	21	0	17	
MYCO000471	51	0	27	
MYCO000473	21	0	36	
MYCO000474	4	0	16	
MYCO000476	7	0	10	
MYCO000477	36	0	12	
MYCO000478	14	0	23	
MYCO000479	266	0	22	
MYCO000480	80	0	21	
MYCO000481	17	0	17	
MYCO000482	22	0	29	
MYCO000485	54	0	39	
MYCO000487	83	0	27	
MYCO000488	15	0	23	
MYCO000492	341	0	63	
MYCO000493	83	0	43	
MYCO000494	69	0	24	
MYCO000497	321	0	26	
MYCO000499	64	0	24	
MYCO000500	240	0	26	
MYCO000503	4	0	14	
MYCO000504	2	0	10	
MYCO000506	18	0	8	
MYCO000507	213	0	114	
MYCO000508	0	0	7	
MYCO000511	404	0	43	
MYCO000513	36	0	12	
MYCO000514	19	0	18	
MYCO000515	2231	169	19	
MYCO000516	6	0	12	
MYCO000517	61	0	47	
MYCO000518	8	0	22	
MYCO000519	296	0	28	
MYCO000520	29	0	12	
MYCO000521	4	0	14	
MYCO000522	11	0	32	
MYCO000523	140	0	14	
MYCO000525	242	0	30	
MYCO000526	33	0	20	
MYCO000530	209	0	46	
MYCO000531	327	0	14	
MYCO000532	2402	0	7	
MYCO000533	55	0	22	
MYCO000534	96	0	36	
MYCO000535	43	0	28	
MYCO000536	400	0	26	
MYCO000537	200	0	54	
MYCO000538	631	0	77	
MYCO000539	1004	0	16	
MYCO000540	216	0	16	
MYCO000541	92	0	37	
MYCO000542	330	0	29	
MYCO000543	0	0	7	
MYCO000544	230	0	12	
MYCO000545	84	0	38	
MYCO000546	9	0	14	
MYCO000547	154	0	33	
MYCO000549	33	0	19	
MYCO000550	8	0	9	
MYCO000552	534	0	43	
MYCO000554	177	0	26	
MYCO000556	4	0	13	
MYCO000559	48	0	10	
MYCO000560	13	0	25	
MYCO000561	164	0	24	
MYCO000565	101	0	65	
MYCO000567	37	0	34	
MYCO000568	84	0	43	
MYCO000569	6	0	11	
MYCO000570	155	0	69	
MYCO000571	241	0	39	
MYCO000572	11	0	15	
MYCO000573	148	0	53	
MYCO000574	140	0	33	
MYCO000575	173	0	35	
MYCO000576	180	0	42	
MYCO000577	202	0	30	
MYCO000578	1953	0	82	
MYCO000579	133	0	32	
MYCO000580	17	0	18	
MYCO000581	81	0	12	
MYCO000582	11	0	10	
MYCO000583	64	0	25	
MYCO000584	33	0	87	
MYCO000585	81	0	76	
MYCO000586	15	791	29	
MYCO000587	74	0	48	
MYCO000588	114	0	29	
MYCO000589	27	0	46	
MYCO000590	1242	0	16	
MYCO000591	184	0	58	
MYCO000592	455	0	37	
MYCO000593	32	0	42	
MYCO000594	148	0	59	
MYCO000595	16	0	13	
MYCO000596	22	0	6	
MYCO000597	9	0	34	
MYCO000598	10	0	18	
MYCO000599	4	1410	9	
MYCO000600	116	0	17	
MYCO000601	102	0	26	
MYCO000602	310	0	33	
MYCO000603	473	0	9	
MYCO000604	122	0	39	
MYCO000605	17	0	16	
MYCO000606	57	0	27	
MYCO000607	4	0	12	
MYCO000608	1	0	7	
MYCO000609	15	0	18	
MYCO000610	292	0	28	
MYCO000611	6	0	17	
MYCO000612	326	0	16	
MYCO000613	690	0	65	
MYCO000614	94	0	30	
MYCO000615	30	0	7	
MYCO000616	16	0	14	
MYCO000617	7	0	18	
MYCO000618	326	0	18	
MYCO000619	2560	0	0	
MYCO000620	673	0	37	
MYCO000621	327	0	26	
MYCO000622	6	0	33	
MYCO000623	3	0	6	
MYCO000624	6	0	16	
MYCO000625	180	0	27	
MYCO000626	15	0	10	
MYCO000627	20	0	9	
MYCO000628	214	1169	45	
MYCO000629	462	0	54	
MYCO000630	672	0	75	
MYCO000631	703	0	81	
MYCO000632	2	0	20	
MYCO000633	22	0	34	
MYCO000634	4	0	15	
MYCO000635	7	0	19	
MYCO000637	4	0	25	
MYCO000638	40	0	19	
MYCO000642	18	0	32	
MYCO000643	73	0	26	
MYCO000644	3	9	25	
MYCO000645	3	0	26	
MYCO000646	42	0	24	
MYCO000648	876	0	106	
MYCO000649	976	0	28	
MYCO000650	696	0	23	
MYCO000653	19	0	14	
MYCO000654	265	0	55	
MYCO000656	21	0	18	
MYCO000657	4	0	4	
MYCO000658	14	0	30	
MYCO000659	7	0	14	
MYCO000660	26	0	11	
MYCO000661	36	0	11	
MYCO000662	35	0	9	
MYCO000663	213	0	76	
MYCO000664	3	0	8	
MYCO000665	32	0	12	
MYCO000666	5	0	10	
MYCO000669	248	0	64	
MYCO000670	477	0	16	
MYCO000671	54	0	31	
MYCO000673	340	0	26	
MYCO000674	34	0	14	
MYCO000675	122	0	22	
MYCO000676	10	1116	75	
MYCO000677	3	0	17	
MYCO000678	14	0	16	
MYCO000679	43	0	14	
MYCO000680	5	0	17	
MYCO000681	3	0	25	
MYCO000686	384	0	19	
MYCO000687	29	0	26	
MYCO000688	32	0	32	
MYCO000689	124	0	9	
MYCO000690	34	0	21	
MYCO000691	1	0	28	
MYCO000692	3	0	8	
MYCO000694	123	0	33	
MYCO000695	25	0	22	
MYCO000697	17	0	48	
MYCO000698	457	0	24	
MYCO000699	1	0	8	
MYCO000711	192	0	63	
MYCO000712	9	0	22	
MYCO000713	11	0	39	
MYCO000724	243	0	53	
MYCO000725	35	0	24	
MYCO000726	70	0	36	
MYCO000727	138	0	30	
MYCO000728	73	0	35	
MYCO000729	373	0	45	
MYCO000730	69	0	25	
MYCO000731	217	0	25	
MYCO000735	10	0	22	
MYCO000736	51	0	25	
MYCO000737	11	0	17	
MYCO000738	317	0	19	
MYCO000739	1276	0	12	
MYCO000740	638	0	27	
MYCO000741	15	296	18	
MYCO000742	2560	0	0	
MYCO000743	11	0	18	
MYCO000744	130	0	23	
MYCO000745	342	0	25	
MYCO000746	2316	0	19	
MYCO000747	2330	0	28	
MYCO000748	242	0	16	
MYCO000749	83	1196	38	
MYCO000750	593	926	21	
MYCO000751	97	0	27	
MYCO000752	69	0	40	
MYCO000753	138	0	48	
MYCO000754	701	0	48	
MYCO000755	323	0	83	
MYCO000756	69	0	24	
MYCO000759	0	0	9	
MYCO000760	82	0	13	
MYCO000761	22	0	27	
MYCO000762	10	0	19	
MYCO000763	5	0	7	
MYCO000764	14	0	39	
MYCO000765	58	0	25	
MYCO000766	635	0	35	
MYCO000767	196	0	22	
MYCO000768	32	0	50	
MYCO000769	7	0	21	
MYCO000770	150	0	22	
MYCO000771	41	0	18	
MYCO000773	54	0	62	
MYCO000774	95	0	37	
MYCO000775	36	0	24	
MYCO000776	113	0	26	
MYCO000778	135	0	33	
MYCO000779	789	0	16	
MYCO000781	2499	0	1	
MYCO000783	17	0	59	
MYCO000784	78	0	25	
MYCO000785	83	0	46	
MYCO000786	100	0	17	
MYCO000787	365	0	37	
MYCO000789	5	0	12	
MYCO000790	18	0	33	
MYCO000791	66	0	39	
MYCO000792	13	0	31	
MYCO000793	8	0	11	
MYCO000794	42	0	41	
MYCO000795	320	2	12	
MYCO000796	2560	0	0	
MYCO000797	2524	0	8	
MYCO000798	15	0	18	
MYCO000799	5	0	25	
MYCO000800	30	0	42	
MYCO000801	3	0	12	
MYCO000802	55	0	32	
MYCO000804	454	0	19	
MYCO000805	5	0	37	
MYCO000806	18	0	36	
MYCO000807	8	0	8	
MYCO000811	159	0	27	
MYCO000812	12	0	24	
MYCO000813	176	0	26	
MYCO000816	4	0	20	
MYCO000817	4	0	29	
MYCO000818	56	0	22	
MYCO000819	45	0	32	
MYCO000822	458	0	56	
MYCO000825	26	0	35	
MYCO000826	154	0	23	
MYCO000827	203	0	19	
MYCO000828	54	0	24	
MYCO000829	79	794	24	
MYCO000830	16	0	30	
MYCO000831	15	0	29	
MYCO000832	596	0	10	
MYCO000833	2046	0	42	
MYCO000834	1547	0	57	
MYCO000835	201	0	37	
MYCO000836	1272	0	11	
MYCO000837	79	0	34	
MYCO000838	26	0	21	
MYCO000839	37	0	17	
MYCO000840	43	0	25	
MYCO000841	30	0	11	
MYCO000842	138	0	44	
MYCO000843	11	0	44	
MYCO000844	58	0	30	
MYCO000845	32	0	44	
MYCO000846	117	0	42	
MYCO000847	330	0	12	
MYCO000848	40	0	42	
MYCO000849	341	0	48	
MYCO000850	13	0	7	
MYCO000851	196	0	21	
MYCO000852	16	0	36	
MYCO000853	90	0	49	
MYCO000854	9	0	18	
MYCO000855	72	0	35	
MYCO000856	4	0	11	
MYCO000857	12	0	12	
MYCO000858	132	0	47	
MYCO000862	216	0	79	
MYCO000863	9	0	7	
MYCO000864	14	0	20	
MYCO000865	16	0	10	
MYCO000866	201	0	16	
MYCO000867	1271	0	56	
MYCO000868	15	0	8	
MYCO000869	187	0	37	
MYCO000870	8	0	18	
MYCO000872	1162	0	58	
MYCO000873	40	0	48	
MYCO000874	215	1179	42	
MYCO000875	16	0	20	
MYCO000877	14	0	23	
MYCO000878	1853	0	34	
MYCO000879	67	0	14	
MYCO000880	40	0	16	
MYCO000881	19	0	30	
MYCO000882	29	0	11	
MYCO000883	81	0	20	
MYCO000887	10	0	11	
MYCO000888	575	0	51	
MYCO000890	106	0	100	
MYCO000891	80	0	24	
MYCO000892	22	0	67	
MYCO000893	24	0	50	
MYCO000894	30	0	50	
MYCO000895	79	0	45	
MYCO000897	533	0	49	
MYCO000898	1	0	8	
MYCO000899	7	0	26	
MYCO000900	9	0	7	
MYCO000901	130	0	25	
MYCO000904	406	0	37	
MYCO000905	20	0	23	
MYCO000907	2558	0	1	
MYCO000908	16	0	71	
MYCO000909	23	0	9	
MYCO000910	13	0	16	
MYCO000911	153	0	27	
MYCO000912	3	0	14	
MYCO000913	80	0	39	
MYCO000914	82	0	56	
MYCO000915	412	0	37	
MYCO000916	8	0	18	
MYCO000917	69	0	44	
MYCO000918	31	0	22	
MYCO000919	3	0	19	
MYCO000920	32	0	47	
MYCO000921	18	0	24	
MYCO000922	82	0	64	
MYCO000923	10	0	44	
MYCO000924	211	0	38	
MYCO000925	35	0	23	
MYCO000928	39	0	21	
MYCO000930	40	0	9	
MYCO000931	101	0	76	
MYCO000932	45	0	52	
MYCO000933	25	0	28	
MYCO000934	319	0	34	
MYCO000935	37	0	38	
MYCO000936	42	0	23	
MYCO000937	4	0	21	
MYCO000938	21	0	75	
MYCO000939	67	0	67	
MYCO000940	7	0	26	
MYCO000941	9	0	30	
MYCO000942	12	0	10	
MYCO000943	33	0	37	
MYCO000944	31	0	24	
MYCO000945	62	0	32	
MYCO000947	11	0	13	
MYCO000948	1	0	12	
MYCO000950	89	0	40	
MYCO000954	61	0	42	
MYCO000955	525	0	32	
MYCO000956	235	0	20	
MYCO000958	325	0	42	
MYCO000959	440	0	67	
MYCO000960	21	0	13	
MYCO000961	23	1566	10	
MYCO000962	132	0	20	
MYCO000963	163	0	29	
MYCO000964	18	0	15	
MYCO000965	8	0	22	
MYCO000966	268	0	19	
MYCO000967	19	0	9	
MYCO000968	21	0	15	
MYCO000969	610	0	69	
MYCO000970	6	0	24	
MYCO000971	279	0	23	
MYCO000972	35	0	50	
MYCO000973	162	0	85	
MYCO000974	104	0	63	
MYCO000975	241	0	35	
MYCO000976	308	0	51	
MYCO000977	1541	0	68	
MYCO000978	2380	0	47	
MYCO000979	12	0	11	
MYCO000980	2459	0	42	
MYCO000982	98	0	36	
MYCO000984	21	0	11	
MYCO000985	9	0	23	
MYCO000986	86	0	34	
MYCO000987	133	0	125	
MYCO000988	70	0	67	
MYCO000989	29	0	55	
MYCO000990	80	0	27	
MYCO000991	3	0	9	
MYCO000992	123	0	24	
MYCO000996	12	0	39	
MYCO000997	1	0	19	
MYCO000998	84	0	25	
MYCO000999	29	0	21	
MYCO001000	28	0	16	
MYCO001003	146	0	33	
MYCO001004	988	0	46	
MYCO001005	653	0	17	
MYCO001006	48	0	49	
MYCO001012	292	0	10	
MYCO001016	13	0	14	
MYCO001019	1	0	14	
MYCO001021	14	0	27	
MYCO001024	202	0	19	
MYCO001025	38	0	15	
MYCO001027	22	0	23	
MYCO001028	678	0	65	
MYCO001029	29	0	60	
MYCO001030	28	0	73	
MYCO001031	37	0	14	
MYCO001032	51	0	54	
MYCO001033	19	0	20	
MYCO001034	329	0	16	
MYCO001035	402	0	25	
MYCO001036	62	0	14	
MYCO001037	214	1171	113	
MYCO001038	1452	258	85	
MYCO001039	530	0	37	
MYCO001040	264	0	27	
MYCO001041	98	17	35	
MYCO001042	32	2	19	
MYCO001043	16	0	34	
MYCO001044	2	0	14	
MYCO001045	514	0	22	
MYCO001046	2558	0	1	
MYCO001047	2487	21	8	
MYCO001048	11	0	56	
MYCO001049	12	0	21	
MYCO001050	104	0	22	
MYCO001051	18	0	37	
MYCO001052	24	0	13	
MYCO001053	10	0	10	
MYCO001054	4	0	12	
MYCO001055	0	0	5	
MYCO001056	25	77	26	
MYCO001057	14	0	45	
MYCO001058	67	0	43	
MYCO001059	42	0	46	
MYCO001060	17	0	14	
MYCO001061	11	0	25	
MYCO001062	156	0	21	
MYCO001063	46	0	43	
MYCO001064	166	0	18	
MYCO001065	52	0	18	
MYCO001066	284	0	10	
MYCO001067	2542	0	13	
MYCO001068	2474	0	16	
MYCO001069	68	0	65	
MYCO001073	60	0	40	
MYCO001074	56	0	35	
MYCO001075	85	0	46	
MYCO001076	24	0	37	
MYCO001078	620	0	19	
MYCO001081	30	0	15	
MYCO001083	7	0	7	
MYCO001084	895	0	40	
MYCO001085	25	0	22	
MYCO001087	2156	0	58	
MYCO001088	221	0	18	
MYCO001089	2560	0	0	
MYCO001090	31	0	20	
MYCO001091	2345	0	50	
MYCO001093	38	0	41	
MYCO001096	38	0	30	
MYCO001097	12	0	35	
MYCO001100	23	0	25	
MYCO001101	75	0	32	
MYCO001102	12	0	7	
MYCO001103	5	0	6	
MYCO001104	8	0	28	
MYCO001105	20	0	17	
MYCO001106	59	0	21	
MYCO001107	0	0	7	
MYCO001109	9	0	20	
MYCO001111	24	0	32	
MYCO001113	1	0	3	
MYCO001114	3	0	11	
MYCO001115	49	0	36	
MYCO001116	10	0	8	
MYCO001117	3	0	9	
MYCO001118	140	0	28	
MYCO001119	9	0	5	
MYCO001120	8	0	19	
MYCO001121	49	0	49	
MYCO001122	241	0	29	
MYCO001123	31	0	29	
MYCO001124	53	0	30	
MYCO001125	300	0	41	
MYCO001126	10	0	20	
MYCO001127	13	0	42	
MYCO001128	842	0	41	
MYCO001129	16	0	66	
MYCO001130	33	0	51	
MYCO001131	10	0	33	
MYCO001132	431	0	48	
MYCO001133	340	0	50	
MYCO001134	176	0	11	
MYCO001135	777	0	65	
MYCO001136	2	0	12	
MYCO001137	16	0	12	
MYCO001138	36	0	27	
MYCO001139	194	0	25	
MYCO001140	10	0	18	
MYCO001141	24	1292	23	
MYCO001142	24	1446	18	
MYCO001143	37	0	29	
MYCO001144	39	0	20	
MYCO001145	1259	0	13	
MYCO001146	25	0	40	
MYCO001147	18	0	20	
MYCO001148	2472	18	24	
MYCO001149	32	1	19	
MYCO001150	2560	0	0	
MYCO001151	23	0	19	
MYCO001152	16	0	11	
MYCO001153	55	0	34	
MYCO001154	6	0	24	
MYCO001155	19	0	16	
MYCO001156	22	0	21	
MYCO001157	1074	0	23	
MYCO001158	562	0	22	
MYCO001159	11	0	41	
MYCO001160	37	0	16	
MYCO001161	84	0	104	
MYCO001162	36	0	50	
MYCO001163	24	0	13	
MYCO001164	13	0	19	
MYCO001166	102	0	43	
MYCO001167	20	0	15	
MYCO001168	380	0	35	
MYCO001169	7	0	14	
MYCO001170	27	0	27	
MYCO001171	6	0	15	
MYCO001172	340	0	32	
MYCO001174	3	0	16	
MYCO001175	979	0	64	
MYCO001176	134	0	20	
MYCO001179	478	0	86	
MYCO001180	2555	0	1	
MYCO001181	148	0	144	
MYCO001182	19	0	26	
MYCO001183	25	0	91	
MYCO001184	18	0	32	
MYCO001185	35	0	44	
MYCO001186	209	0	57	
MYCO001187	275	0	41	
MYCO001188	138	0	32	
MYCO001189	44	0	26	
MYCO001190	320	0	26	
MYCO001191	458	0	29	
MYCO001192	267	0	20	
MYCO001194	35	0	46	
MYCO001195	14	0	8	
MYCO001196	1269	179	262	
MYCO001197	1452	277	88	
MYCO001198	214	1190	110	
MYCO001199	2487	22	9	
MYCO001200	182	0	45	
MYCO001203	180	0	20	
MYCO001204	184	0	51	
MYCO001205	46	0	17	
MYCO001206	44	0	43	
MYCO001209	31	0	12	
MYCO001210	11	0	10	
MYCO001211	7	0	5	
MYCO001212	32	0	33	
MYCO001214	94	0	14	
MYCO001215	352	0	70	
MYCO001216	53	0	20	
MYCO001217	422	0	57	
MYCO001218	9	0	43	
MYCO001219	18	0	26	
MYCO001222	4	0	18	
MYCO001224	9	0	24	
MYCO001225	651	0	30	
MYCO001226	346	0	51	
MYCO001227	15	0	15	
MYCO001228	10	0	32	
MYCO001230	206	0	59	
MYCO001231	78	0	20	
MYCO001232	59	0	54	
MYCO001233	111	0	31	
MYCO001234	24	0	19	
MYCO001235	13	0	28	
MYCO001236	32	0	28	
MYCO001237	7	0	20	
MYCO001240	43	0	36	
MYCO001241	26	0	13	
MYCO001242	23	0	16	
MYCO001243	1660	0	32	
MYCO001244	390	0	38	
MYCO001246	3	0	13	
MYCO001247	6	0	6	
MYCO001249	44	0	36	
MYCO001250	313	0	46	
MYCO001251	712	0	70	
MYCO001252	13	0	20	
MYCO001254	242	0	32	
MYCO001255	26	0	29	
MYCO001256	71	0	31	
MYCO001257	25	0	59	
MYCO001258	593	0	39	
MYCO001259	99	0	26	
MYCO001260	250	0	26	
MYCO001261	13	0	16	
MYCO001262	14	0	16	
MYCO001263	241	0	44	
MYCO001264	81	0	42	
MYCO001265	59	0	15	
MYCO001266	562	0	61	
MYCO001267	22	0	37	
MYCO001268	164	0	24	
MYCO001269	511	0	12	
MYCO001270	131	0	23	
MYCO001271	9	0	11	
MYCO001274	260	0	13	
MYCO001275	4	0	19	
MYCO001276	130	0	18	
MYCO001278	511	0	63	
MYCO001279	45	0	41	
MYCO001280	19	0	54	
MYCO001281	56	0	48	
MYCO001282	3	0	22	
MYCO001283	75	0	20	
MYCO001284	5	0	12	
MYCO001285	6	0	36	
MYCO001286	12	0	65	
MYCO001287	6	0	10	
MYCO001288	1031	0	46	
MYCO001289	11	0	25	
MYCO001290	390	560	48	
MYCO001291	8	0	15	
MYCO001296	108	0	28	
MYCO001300	246	0	21	
MYCO001301	10	0	17	
MYCO001303	4	0	12	
MYCO001304	8	0	27	
MYCO001306	7	0	17	
MYCO001307	25	0	46	
MYCO001312	24	0	19	
MYCO001313	1364	27	23	
MYCO001314	33	0	29	
MYCO001316	27	0	21	
MYCO001317	105	0	56	
MYCO001318	120	0	46	
MYCO001319	1928	0	43	
MYCO001320	118	0	63	
MYCO001322	119	0	13	
MYCO001324	263	0	35	
MYCO001325	1646	0	49	
MYCO001329	306	0	55	
MYCO001330	168	0	58	
MYCO001331	10	0	7	
MYCO001332	9	0	18	
MYCO001333	134	0	34	
MYCO001334	74	0	12	
MYCO001335	68	0	12	
MYCO001336	193	0	27	
MYCO001337	3	0	21	
MYCO001339	11	0	25	
MYCO001341	20	0	15	
MYCO001342	8	0	10	
MYCO001343	13	0	18	
MYCO001344	1	0	10	
MYCO001345	31	0	52	
MYCO001346	8	0	22	
MYCO001347	6	0	27	
MYCO001348	168	0	64	
MYCO001349	72	0	44	
MYCO001350	11	0	20	
MYCO001351	11	0	15	
MYCO001352	9	0	18	
MYCO001353	109	0	30	
MYCO001354	143	0	75	
MYCO001355	394	0	91	
MYCO001356	135	0	32	
MYCO001357	20	0	31	
MYCO001358	734	0	86	
MYCO001359	39	0	22	
MYCO001360	79	0	25	
MYCO001361	1229	186	276	
MYCO001362	20	0	18	
MYCO001363	209	0	29	
MYCO001364	200	0	57	
MYCO001365	16	0	15	
MYCO001366	168	0	21	
MYCO001367	181	0	45	
MYCO001368	54	0	30	
MYCO001369	2560	0	0	
MYCO001370	320	2	12	
MYCO001371	605	0	37	
MYCO001372	18	0	46	
MYCO001373	51	0	33	
MYCO001374	4	0	22	
MYCO001375	142	0	44	
MYCO001376	211	0	43	
MYCO001377	7	0	22	
MYCO001378	331	0	50	
MYCO001379	32	0	16	
MYCO001382	77	0	22	
MYCO001386	73	0	15	
MYCO001387	964	0	44	
MYCO001389	54	0	30	
MYCO001393	72	0	34	
MYCO001394	20	0	44	
MYCO001395	16	0	42	
MYCO001396	1769	0	41	
MYCO001397	12	0	13	
MYCO001398	2	0	11	
MYCO001399	61	0	38	
MYCO001400	87	0	33	
MYCO001401	88	0	25	
MYCO001403	152	0	29	
MYCO001404	5	0	11	
MYCO001405	16	0	29	
MYCO001406	192	0	32	
MYCO001409	324	0	24	
MYCO001411	3	0	25	
MYCO001413	10	0	23	
MYCO001414	8	0	17	
MYCO001417	7	0	21	
MYCO001418	7	0	17	
MYCO001419	7	0	20	
MYCO001422	127	0	22	
MYCO001423	156	0	32	
MYCO001424	31	0	29	
MYCO001425	16	0	36	
MYCO001426	37	0	48	
MYCO001427	117	0	48	
MYCO001428	4	0	31	
MYCO001429	110	0	45	
MYCO001430	289	0	45	
MYCO001431	27	0	80	
MYCO001432	254	0	30	
MYCO001433	7	0	23	
MYCO001434	15	0	4	
MYCO001435	529	0	24	
MYCO001439	3	680	12	
MYCO001441	1406	0	74	
MYCO001442	150	0	93	
MYCO001443	17	0	19	
MYCO001444	20	0	20	
MYCO001446	378	0	40	
MYCO001450	2557	0	3	
MYCO001452	2392	0	55	
MYCO001453	51	0	43	
MYCO001454	21	0	36	
MYCO001455	70	0	30	
MYCO001456	81	0	34	
MYCO001459	228	0	50	
MYCO001460	402	0	21	
MYCO001461	43	0	79	
MYCO001468	1306	0	29	
MYCO001469	207	0	59	
MYCO001470	4	0	9	
MYCO001471	15	0	8	
MYCO001472	28	0	39	
MYCO001476	2	0	17	
MYCO001477	77	0	43	
MYCO001478	38	0	19	
MYCO001482	19	0	28	
MYCO001486	15	0	31	
MYCO001487	6	0	15	
MYCO001488	29	0	25	
MYCO001489	7	0	15	
MYCO001490	25	0	57	
MYCO001491	4	0	27	
MYCO001492	275	0	60	
MYCO001494	5	0	12	
MYCO001495	5	0	13	
MYCO001496	25	0	32	
MYCO001497	87	0	44	
MYCO001498	32	0	33	
MYCO001499	22	0	15	
MYCO001500	47	0	40	
MYCO001501	30	0	28	
MYCO001502	52	0	38	
MYCO001503	2560	0	0	
MYCO001504	680	0	14	
MYCO001505	35	0	36	
MYCO001506	71	0	24	
MYCO001507	61	0	30	
MYCO001508	126	65	62	
MYCO001509	211	0	21	
MYCO001510	8	1371	31	
MYCO001511	47	0	33	
MYCO001512	37	0	33	
MYCO001513	36	0	19	
MYCO001514	25	0	26	
MYCO001515	39	0	29	
MYCO001516	149	0	31	
MYCO001517	24	0	21	
MYCO001518	89	0	38	
MYCO001519	391	0	11	
MYCO001520	407	0	40	
MYCO001521	88	0	47	
MYCO001522	250	0	108	
MYCO001523	59	0	33	
MYCO001524	285	0	37	
MYCO001525	316	0	30	
MYCO001526	257	0	43	
MYCO001527	624	0	189	
MYCO001528	22	0	9	
MYCO001529	41	0	61	
MYCO001530	40	0	42	
MYCO001531	10	0	15	
MYCO001532	46	0	16	
MYCO001533	75	0	23	
MYCO001534	14	0	20	
MYCO001535	5	0	4	
MYCO001537	91	0	49	
MYCO001538	180	0	35	
MYCO001539	20	0	16	
MYCO001541	22	0	16	
MYCO001542	9	9	14	
MYCO001543	12	0	30	
MYCO001544	50	0	28	
MYCO001545	12	0	11	
MYCO001546	44	0	22	
MYCO001548	101	0	75	
MYCO001549	2533	0	2	
MYCO001550	303	0	47	
MYCO001551	605	0	53	
MYCO001552	86	0	70	
MYCO001553	102	0	17	
MYCO001554	6	0	15	
MYCO001555	7	0	12	
MYCO001556	13	0	28	
MYCO001558	15	0	13	
MYCO001560	3	0	7	
MYCO001561	6	0	16	
MYCO001562	263	0	45	
MYCO001563	182	0	62	
MYCO001565	340	0	52	
MYCO001566	99	0	32	
MYCO001567	2	0	17	
MYCO001570	290	0	18	
MYCO001571	251	0	12	
MYCO001572	1831	0	7	
MYCO001573	1663	0	8	
MYCO001574	1749	0	13	
MYCO001575	2557	0	3	
MYCO001576	501	322	91	
MYCO001577	1598	0	10	
MYCO001578	1600	0	16	
MYCO001579	1587	0	10	
MYCO001580	1607	0	6	
MYCO001581	1945	0	5	
MYCO001582	1597	0	25	
MYCO001583	193	432	17	
MYCO001584	1664	0	6	
MYCO001585	1783	0	18	
MYCO001586	1642	0	28	
MYCO001587	2538	0	8	
MYCO001588	2464	3	37	
MYCO001590	7	0	8	
MYCO001591	16	0	34	
MYCO001592	11	0	48	
MYCO001596	11	0	21	
MYCO001597	26	0	23	
MYCO001598	22	0	11	
MYCO001602	6	0	23	
MYCO001604	15	0	27	
MYCO001606	14	0	15	
MYCO001607	40	0	23	
MYCO001608	1	0	9	
MYCO001610	313	0	21	
MYCO001613	5	0	25	
MYCO001614	27	0	40	
MYCO001615	5	0	17	
MYCO001616	6	0	13	
MYCO001618	11	0	23	
MYCO001619	130	0	36	
MYCO001620	399	0	35	
MYCO001621	349	0	36	
MYCO001622	12	0	32	
MYCO001623	8	0	47	
MYCO001624	8	0	23	
MYCO001625	127	0	44	
MYCO001628	38	0	15	
MYCO001631	38	0	41	
MYCO001632	37	0	14	
MYCO001634	35	0	43	
MYCO001635	42	0	51	
MYCO001636	2	0	17	
MYCO001637	153	0	25	
MYCO001639	526	795	42	
MYCO001640	59	0	111	
MYCO001644	189	0	33	
MYCO001645	276	0	33	
MYCO001646	238	0	30	
MYCO001647	650	0	24	
MYCO001648	10	0	28	
MYCO001650	399	0	88	
MYCO001651	1440	0	87	
MYCO001660	404	0	24	
MYCO001661	726	0	174	
MYCO001662	644	0	168	
MYCO001663	84	0	74	
MYCO001664	197	0	103	
MYCO001665	115	0	39	
MYCO001666	94	0	33	
MYCO001667	43	0	21	
MYCO001668	2498	0	3	
MYCO001669	75	0	13	
MYCO001670	25	0	13	
MYCO001671	4	0	20	
MYCO001672	225	0	36	
MYCO001673	195	0	32	
MYCO001674	215	0	15	
MYCO001675	172	0	34	
MYCO001676	10	0	36	
MYCO001677	13	0	21	
MYCO001678	308	0	32	
MYCO001679	31	0	32	
MYCO001680	38	0	32	
MYCO001681	32	0	29	
MYCO001682	214	0	33	
MYCO001683	395	0	64	
MYCO001684	18	0	8	
MYCO001685	13	0	21	
MYCO001686	16	0	25	
MYCO001687	11	0	31	
MYCO001688	74	0	24	
MYCO001690	10	0	10	
MYCO001691	147	0	30	
MYCO001692	280	0	26	
MYCO001693	9	0	9	
MYCO001696	23	0	45	
MYCO001698	239	0	28	
MYCO001700	7	0	24	
MYCO001702	276	0	46	
MYCO001703	6	0	20	
MYCO001704	18	0	65	
MYCO001705	556	0	24	
MYCO001706	188	0	31	
MYCO001707	46	0	45	
MYCO001710	6	0	23	
MYCO001714	321	0	28	
MYCO001715	290	0	35	
MYCO001716	8	0	35	
MYCO001717	538	0	14	
MYCO001718	42	0	44	
MYCO001719	72	0	41	
MYCO001720	43	0	13	
MYCO001721	4	0	5	
MYCO001722	257	0	52	
MYCO001723	138	0	40	
MYCO001724	38	0	11	
MYCO001725	130	0	28	
MYCO001726	163	0	67	
MYCO001727	27	0	22	
MYCO001728	7	0	28	
MYCO001729	21	0	29	
MYCO001730	463	0	65	
MYCO001731	188	0	45	
MYCO001732	143	0	14	
MYCO001733	5	0	28	
MYCO001734	4	0	8	
MYCO001735	18	0	22	
MYCO001736	430	1054	74	
MYCO001737	411	0	27	
MYCO001738	27	0	19	
MYCO001739	145	0	52	
MYCO001740	4	0	8	
MYCO001741	5	788	9	
MYCO001742	78	0	29	
MYCO001743	276	0	42	
MYCO001744	392	0	15	
MYCO001745	21	0	25	
MYCO001746	119	0	48	
MYCO001747	180	0	67	
MYCO001748	11	0	25	
MYCO001749	20	0	25	
MYCO001750	111	0	48	
MYCO001751	68	0	45	
MYCO001752	11	0	18	
MYCO001753	2540	0	15	
MYCO001754	1126	0	35	
MYCO001755	2560	0	0	
MYCO001756	2560	0	0	
MYCO001757	320	2	12	
MYCO001758	1752	0	25	
MYCO001759	2402	0	27	
MYCO001760	1357	0	33	
MYCO001761	1336	0	15	
MYCO001762	1358	0	18	
MYCO001763	320	2	12	
MYCO001764	2560	0	0	
MYCO001765	2555	0	2	
MYCO001766	13	0	7	
MYCO001767	7	0	15	
MYCO001768	1237	0	49	
MYCO001769	172	0	45	
MYCO001770	152	0	48	
MYCO001771	2	0	45	
MYCO001772	11	0	7	
MYCO001773	8	0	30	
MYCO001774	40	0	58	
MYCO001775	681	0	22	
MYCO001776	15	0	26	
MYCO001777	175	0	55	
MYCO001778	289	0	13	
MYCO001779	234	0	73	
MYCO001780	6	0	14	
MYCO001781	280	0	80	
MYCO001782	65	0	32	
MYCO001783	142	0	84	
MYCO001785	14	0	30	
MYCO001786	1	0	8	
MYCO001787	2223	0	25	
MYCO001788	7	8	16	
MYCO001789	248	0	41	
MYCO001790	1100	0	45	
MYCO001791	11	0	8	
MYCO001792	2560	0	0	
MYCO001793	214	943	84	
MYCO001794	3	0	23	
MYCO001795	269	0	44	
MYCO001796	112	0	62	
MYCO001797	8	0	45	
MYCO001798	17	0	41	
MYCO001799	213	0	7	
MYCO001800	97	0	82	
MYCO001801	694	0	45	
MYCO001802	474	0	47	
MYCO001803	748	0	56	
MYCO001804	14	0	13	
MYCO001805	1	0	15	
MYCO001806	6	0	12	
MYCO001807	2560	0	0	
MYCO001808	171	0	37	
MYCO001809	119	0	38	
MYCO001810	4	0	11	
MYCO001811	16	0	37	
MYCO001812	132	0	36	
MYCO001813	8	0	19	
MYCO001814	119	0	45	
MYCO001815	374	0	38	
MYCO001816	361	704	17	
MYCO001817	281	0	56	
MYCO001818	1691	0	46	
MYCO001819	93	0	40	
MYCO001820	74	0	44	
MYCO001822	12	0	21	
MYCO001823	70	0	37	
MYCO001824	11	0	16	
MYCO001825	11	0	34	
MYCO001826	2	0	10	
MYCO001828	12	0	15	
MYCO001831	23	0	9	
MYCO001833	11	0	30	
MYCO001834	26	0	25	
MYCO001835	128	0	70	
MYCO001836	165	0	67	
MYCO001838	6	0	14	
MYCO001839	2	0	8	
MYCO001840	1225	0	48	
MYCO001841	37	0	39	
MYCO001845	469	0	24	
MYCO001846	20	0	23	
MYCO001847	30	0	25	
MYCO001848	38	0	9	
MYCO001849	2	0	7	
MYCO001850	162	0	61	
MYCO001851	242	0	24	
MYCO001852	50	0	15	
MYCO001853	11	0	22	
MYCO001855	34	0	36	
MYCO001856	361	0	27	
MYCO001857	5	0	26	
MYCO001858	18	0	16	
MYCO001859	49	0	35	
MYCO001860	400	0	34	
MYCO001861	4	0	16	
MYCO001862	18	0	29	
MYCO001863	23	0	28	
MYCO001864	10	0	21	
MYCO001865	8	0	19	
MYCO001866	60	0	72	
MYCO001867	140	0	49	
MYCO001868	198	0	72	
MYCO001869	95	0	26	
MYCO001870	286	0	21	
MYCO001871	102	0	19	
MYCO001872	21	0	53	
MYCO001873	32	0	21	
MYCO001874	19	0	32	
MYCO001875	15	0	24	
MYCO001876	33	0	20	
MYCO001877	121	0	72	
MYCO001878	171	0	45	
MYCO001879	109	0	33	
MYCO001880	35	0	51	
MYCO001881	24	0	19	
MYCO001882	9	0	31	
MYCO001883	17	0	20	
MYCO001884	10	0	14	
MYCO001885	18	0	31	
MYCO001887	124	0	43	
MYCO001888	2149	0	3	
MYCO001889	16	0	10	
MYCO001890	11	0	15	
MYCO001891	6	0	23	
MYCO001892	11	0	8	
MYCO001893	5	0	9	
MYCO001895	737	0	20	
MYCO001896	170	0	46	
MYCO001897	19	0	20	
MYCO001898	9	0	8	
MYCO001899	943	0	36	
MYCO001900	73	0	59	
MYCO001901	98	0	44	
MYCO001902	75	0	44	
MYCO001903	6	0	21	
MYCO001904	6	0	14	
MYCO001905	30	0	36	
MYCO001906	7	0	15	
MYCO001907	1812	0	27	
MYCO001908	85	0	99	
MYCO001909	4	0	17	
MYCO001910	86	0	22	
MYCO001911	92	0	21	
MYCO001912	770	0	21	
MYCO001913	8	0	27	
MYCO001914	5	0	19	
MYCO001915	1571	0	13	
MYCO001916	38	0	28	
MYCO001917	2550	0	6	
MYCO001918	496	0	105	
MYCO001919	7	0	15	
MYCO001920	9	0	41	
MYCO001921	418	0	42	
MYCO001922	43	0	37	
MYCO001923	52	0	54	
MYCO001924	8	0	17	
MYCO001925	26	0	48	
MYCO001926	9	0	17	
MYCO001927	75	0	28	
MYCO001928	442	0	25	
MYCO001929	498	0	33	
MYCO001930	92	0	19	
MYCO001931	25	0	25	
MYCO001932	26	0	24	
MYCO001933	370	0	37	
MYCO001934	238	0	42	
MYCO001935	23	0	44	
MYCO001936	17	0	42	
MYCO001937	263	0	72	
MYCO001938	39	0	49	
MYCO001939	247	0	25	
MYCO001940	2096	0	9	
MYCO001941	42	0	26	
MYCO001942	4	0	11	
MYCO001943	13	0	15	
MYCO001944	15	0	35	
MYCO001945	2406	27	28	
MYCO001946	24	0	18	
MYCO001947	48	0	15	
MYCO001948	81	0	25	
MYCO001949	2560	0	0	
MYCO001950	8	0	6	
MYCO001951	116	0	9	
MYCO001952	8	0	7	
MYCO001953	7	0	22	
MYCO001954	26	0	21	
MYCO001955	16	0	12	
MYCO001956	26	0	21	
MYCO001957	14	0	18	
MYCO001958	39	0	29	
MYCO001959	2	0	10	
MYCO001960	1	0	9	
MYCO001961	57	0	25	
MYCO001962	6	0	13	
MYCO001963	58	0	29	
MYCO001964	94	0	22	
MYCO001965	99	0	32	
MYCO001966	78	0	41	
MYCO001967	66	0	39	
MYCO001968	812	0	41	
MYCO001969	106	0	45	
MYCO001970	56	0	36	
MYCO001971	229	0	51	
MYCO001972	48	0	26	
MYCO001973	107	0	15	
MYCO001974	41	0	17	
MYCO001975	316	0	27	
MYCO001976	73	0	13	
MYCO001977	320	0	22	
MYCO001978	488	0	26	
MYCO001979	73	0	39	
MYCO001980	19	0	27	
MYCO001982	16	0	21	
MYCO001983	709	0	51	
MYCO001984	118	0	22	
MYCO001985	77	0	25	
MYCO001986	34	0	30	
MYCO001987	23	0	18	
MYCO001988	69	0	20	
MYCO001989	19	0	16	
MYCO001990	0	0	9	
MYCO001991	2	0	10	
MYCO001992	844	0	56	
MYCO001993	504	0	17	
MYCO001994	357	0	12	
MYCO001995	485	0	26	
MYCO001996	470	0	28	
MYCO001997	1123	0	67	
MYCO001998	27	0	30	
MYCO001999	185	0	55	
MYCO002000	56	0	59	
MYCO002001	10	0	30	
MYCO002002	21	0	22	
MYCO002003	55	0	37	
MYCO002004	103	0	45	
MYCO002005	12	0	28	
MYCO002006	132	0	135	
MYCO002007	4	0	6	
MYCO002008	15	0	49	
MYCO002009	3	0	7	
MYCO002010	10	0	12	
MYCO002011	0	0	14	
MYCO002012	5	0	27	
MYCO002013	256	0	16	
MYCO002014	58	0	22	
MYCO002015	709	0	52	
MYCO002016	604	0	16	
MYCO002017	52	0	35	
MYCO002018	66	0	14	
MYCO002019	227	0	12	
MYCO002020	101	0	13	
MYCO002021	61	0	9	
MYCO002022	78	0	28	
MYCO002023	167	0	13	
MYCO002024	2360	0	15	
MYCO002025	46	0	34	
MYCO002026	15	0	33	
MYCO002027	580	0	36	
MYCO002028	111	0	26	
MYCO002029	90	0	38	
MYCO002030	149	0	64	
MYCO002031	7	0	16	
MYCO002032	108	0	31	
MYCO002033	357	0	35	
MYCO002034	123	0	8	
MYCO002035	4	0	23	
MYCO002036	8	0	22	
MYCO002037	30	0	46	
MYCO002038	6	0	30	
MYCO002039	4	0	24	
MYCO002040	8	0	21	
MYCO002041	11	0	41	
MYCO002042	59	0	33	
MYCO002043	115	0	132	
MYCO002044	398	0	12	
MYCO002045	32	0	61	
MYCO002046	98	0	27	
MYCO002047	135	0	65	
MYCO002048	2533	0	16	
MYCO002049	14	0	7	
MYCO002051	163	0	67	
MYCO002052	386	0	54	
MYCO002053	9	0	26	
MYCO002054	21	0	29	
MYCO002059	151	0	73	
MYCO002060	117	0	18	
MYCO002061	18	0	18	
MYCO002062	528	0	105	
MYCO002063	2	0	8	
MYCO002064	395	0	31	
MYCO002065	424	0	22	
MYCO002066	314	0	59	
MYCO002067	33	0	34	
MYCO002068	9	0	28	
MYCO002069	61	0	19	
MYCO002070	972	0	20	
MYCO002071	35	0	45	
MYCO002072	153	0	38	
MYCO002073	126	0	24	
MYCO002074	61	0	11	
MYCO002075	137	0	52	
MYCO002076	2	0	7	
MYCO002077	55	0	34	
MYCO002078	4	0	18	
MYCO002079	602	0	48	
MYCO002080	14	0	22	
MYCO002081	1497	0	19	
MYCO002082	1218	0	81	
MYCO002083	177	0	34	
MYCO002084	1281	0	14	
MYCO002085	17	0	11	
MYCO002086	10	0	21	
MYCO002087	11	0	10	
MYCO002088	807	0	42	
MYCO002091	29	0	27	
MYCO002094	1	0	11	
MYCO002095	312	0	32	
MYCO002098	2560	0	0	
MYCO002099	2560	0	0	
MYCO002100	529	0	51	
MYCO002101	517	0	89	
MYCO002102	132	0	21	
MYCO002103	34	0	17	
MYCO002104	3	0	10	
MYCO002105	320	2	12	
MYCO002106	2560	0	0	
MYCO002107	36	0	14	
MYCO002108	79	0	24	
MYCO002113	53	0	41	
MYCO002114	34	0	19	
MYCO002116	33	0	20	
MYCO002117	26	0	6	
MYCO002120	208	0	20	
MYCO002123	1546	0	29	
MYCO002124	192	0	102	
MYCO002126	1234	0	23	
MYCO002127	105	0	56	
MYCO002128	3	0	8	
MYCO002129	41	0	31	
MYCO002131	28	0	29	
MYCO002132	26	0	7	
MYCO002133	29	0	18	
MYCO002135	366	0	20	
MYCO002136	41	0	24	
MYCO002137	17	0	15	
MYCO002138	45	0	35	
MYCO002142	6	0	13	
MYCO002143	56	0	36	
MYCO002144	31	0	10	
MYCO002146	2	0	9	
MYCO002147	447	0	24	
MYCO002148	446	0	21	
MYCO002149	43	0	11	
MYCO002152	217	0	43	
MYCO002158	739	0	56	
MYCO002159	493	0	39	
MYCO002160	1368	0	9	
MYCO002161	350	725	38	
MYCO002162	1867	0	45	
MYCO002164	252	0	43	
MYCO002165	15	0	43	
MYCO002167	2560	0	0	
MYCO002168	320	2	12	
MYCO002169	15	0	16	
MYCO002171	9	0	26	
MYCO002172	10	0	29	
MYCO002173	123	0	29	
MYCO002174	40	0	42	
MYCO002175	4	0	19	
MYCO002177	1316	77	21	
MYCO002180	467	0	25	
MYCO002181	28	0	37	
MYCO002183	2	0	8	
MYCO002184	11	0	31	
MYCO002185	2	0	11	
MYCO002189	296	0	28	
MYCO002190	381	0	32	
MYCO002191	233	0	53	
MYCO002197	67	0	20	
MYCO002198	326	0	34	
MYCO002203	114	0	26	
MYCO002204	2	0	11	
MYCO002205	309	0	39	
MYCO002206	13	0	24	
MYCO002207	455	0	22	
MYCO002208	175	0	28	
MYCO002209	169	0	47	
MYCO002212	30	0	48	
MYCO002214	43	0	52	
MYCO002215	376	0	50	
MYCO002223	131	0	50	
MYCO002224	26	0	46	
MYCO002226	335	0	47	
MYCO002227	312	0	17	
MYCO002229	15	0	15	
MYCO002231	64	0	27	
MYCO002232	107	0	21	
MYCO002234	9	0	22	
MYCO002236	448	0	27	
MYCO002237	1	0	27	
MYCO002238	4	0	5	
MYCO002240	20	0	17	
MYCO002248	70	0	19	
MYCO002249	331	0	48	
MYCO002250	9	0	14	
MYCO002251	2558	0	1	
MYCO002252	10	0	35	
MYCO002253	22	0	19	
MYCO002254	15	0	23	
MYCO002255	11	0	13	
MYCO002256	2	0	10	
MYCO002258	241	0	37	
MYCO002260	7	0	21	
MYCO002261	21	0	17	
MYCO002262	2533	0	2	
MYCO002263	543	0	28	
MYCO002264	1219	0	40	
MYCO002265	265	0	37	
MYCO002266	14	0	48	
MYCO002267	37	0	42	
MYCO002268	140	0	52	
MYCO002269	9	0	16	
MYCO002270	102	0	27	
MYCO002271	91	0	8	
MYCO002272	94	0	11	
MYCO002273	101	0	15	
MYCO002274	106	0	21	
MYCO002275	313	0	27	
MYCO002276	111	0	41	
MYCO002277	105	2379	33	
MYCO002278	320	2	12	
MYCO002279	2560	0	0	
MYCO002280	175	0	44	
MYCO002281	24	0	47	
MYCO002282	339	829	28	
MYCO002283	16	0	10	
MYCO002284	124	0	30	
MYCO002285	235	0	38	
MYCO002286	275	665	23	
MYCO002287	67	0	46	
MYCO002288	7	0	21	
MYCO002289	59	0	26	
MYCO002290	20	0	26	
MYCO002291	27	0	27	
MYCO002292	13	0	7	
MYCO002293	1244	0	15	
MYCO002294	22	0	46	
MYCO002295	11	0	21	
MYCO002296	65	0	23	
MYCO002297	7	0	17	
MYCO002298	15	0	33	
MYCO002299	41	0	50	
MYCO002300	49	0	37	
MYCO002301	37	0	30	
MYCO002302	4	0	11	
MYCO002303	13	0	38	
MYCO002304	5	0	9	
MYCO002305	195	0	51	
MYCO002307	180	0	33	
MYCO002308	85	0	30	
MYCO002309	9	0	16	
MYCO002310	54	0	19	
MYCO002311	27	0	20	
MYCO002312	2	0	5	
MYCO002313	38	0	30	
MYCO002314	81	0	40	
MYCO002316	9	0	25	
MYCO002317	7	0	17	
MYCO002318	515	0	36	
MYCO002319	983	0	26	
MYCO002320	31	0	46	
MYCO002321	5	0	21	
MYCO002322	9	0	23	
MYCO002323	16	0	39	
MYCO002324	6	0	21	
MYCO002325	149	0	25	
MYCO002326	224	0	53	
MYCO002327	45	0	12	
MYCO002328	25	0	38	
MYCO002329	154	0	60	
MYCO002330	11	0	23	
MYCO002331	4	0	15	
MYCO002332	28	0	49	
MYCO002333	377	0	34	
MYCO002334	58	0	31	
MYCO002335	75	0	26	
MYCO002336	156	0	35	
MYCO002337	83	0	38	
MYCO002338	278	0	41	
MYCO002339	669	0	87	
MYCO002340	306	0	39	
MYCO002341	49	0	18	
MYCO002342	12	0	14	
MYCO002345	220	0	60	
MYCO002346	214	1107	97	
MYCO002347	1452	267	87	
MYCO002348	22	0	13	
MYCO002349	263	0	51	
MYCO002350	318	935	39	
MYCO002351	319	950	39	
MYCO002352	597	13	40	
MYCO002353	2501	0	4	
MYCO002354	320	2	12	
MYCO002355	2560	0	0	
MYCO002356	1911	0	35	
MYCO002358	4	0	11	
MYCO002359	2	0	29	
MYCO002360	8	0	18	
MYCO002363	673	0	21	
MYCO002365	269	0	8	
MYCO002369	22	0	13	
MYCO002370	22	0	51	
MYCO002371	97	0	5	
MYCO002372	80	0	24	
MYCO002375	4	0	8	
MYCO002376	43	0	25	
MYCO002377	11	0	7	
MYCO002378	49	0	32	
MYCO002379	218	0	91	
MYCO002380	447	0	137	
MYCO002381	186	0	81	
MYCO002382	100	0	40	
MYCO002383	400	311	104	
MYCO002384	211	0	35	
MYCO002385	50	0	36	
MYCO002386	92	0	39	
MYCO002387	12	0	37	
MYCO002388	76	0	37	
MYCO002389	8	0	14	
MYCO002390	35	0	16	
MYCO002391	7	0	40	
MYCO002392	56	0	21	
MYCO002393	94	1560	26	
MYCO002394	85	0	69	
MYCO002395	222	0	55	
MYCO002396	1439	0	31	
MYCO002397	62	0	36	
MYCO002398	2	0	30	
MYCO002401	3	0	11	
MYCO002403	39	0	17	
MYCO002405	14	0	26	
MYCO002406	78	0	13	
MYCO002407	130	0	33	
MYCO002408	168	0	20	
MYCO002414	197	0	53	
MYCO002415	59	0	28	
MYCO002416	68	0	39	
MYCO002417	460	0	21	
MYCO002418	118	0	26	
MYCO002419	66	0	25	
MYCO002422	10	0	9	
MYCO002423	17	0	38	
MYCO002424	2457	0	15	
MYCO002428	51	0	28	
MYCO002429	12	0	16	
MYCO002430	19	0	19	
MYCO002431	9	914	9	
MYCO002432	26	0	15	
MYCO002433	6	0	12	
MYCO002434	483	0	44	
MYCO002435	80	0	69	
MYCO002436	175	0	31	
MYCO002437	575	0	11	
MYCO002438	51	0	48	
MYCO002443	25	0	55	
MYCO002444	222	0	81	
MYCO002446	5	0	11	
MYCO002449	274	0	42	
MYCO002450	184	0	30	
MYCO002451	24	0	13	
MYCO002452	0	0	9	
MYCO002453	19	0	23	
MYCO002456	37	0	33	
MYCO002458	20	0	24	
MYCO002459	32	0	39	
MYCO002463	7	0	24	
MYCO002464	69	0	31	
MYCO002468	22	0	20	
MYCO002469	30	0	31	
MYCO002471	40	0	63	
MYCO002472	4	0	9	
MYCO002473	53	0	25	
MYCO002474	98	0	26	
MYCO002475	1	0	13	
MYCO002476	560	0	106	
MYCO002478	198	0	19	
MYCO002479	2560	0	0	
MYCO002480	320	2	12	
MYCO002481	115	0	17	
MYCO002482	120	0	79	
MYCO002483	36	0	47	
MYCO002484	23	0	63	
MYCO002485	63	0	49	
MYCO002486	117	0	20	
MYCO002487	1489	0	65	
MYCO002488	522	0	94	
MYCO002489	53	0	11	
MYCO002490	2470	0	18	
MYCO002491	61	0	25	
MYCO002492	61	0	39	
MYCO002493	5	0	9	
MYCO002494	4	0	15	
MYCO002495	96	0	40	
MYCO002496	19	0	30	
MYCO002497	32	0	27	
MYCO002498	31	0	29	
MYCO002499	8	0	21	
MYCO002501	239	0	74	
MYCO002503	20	0	27	
MYCO002504	21	0	31	
MYCO002505	86	0	63	
MYCO002506	26	0	16	
MYCO002507	152	0	29	
MYCO002508	54	0	47	
MYCO002510	86	0	60	
MYCO002512	2487	22	9	
MYCO002513	12	0	17	
MYCO002514	26	0	18	
MYCO002515	15	0	44	
MYCO002516	9	0	20	
MYCO002517	25	0	7	
MYCO002519	337	0	59	
MYCO002520	1	0	10	
MYCO002522	234	0	56	
MYCO002525	143	0	21	
MYCO002526	732	0	4	
MYCO002527	15	0	19	
MYCO002528	12	0	33	
MYCO002529	227	0	49	
MYCO002530	5	0	17	
MYCO002531	61	0	88	
MYCO002532	16	0	18	
MYCO002535	144	0	24	
MYCO002536	13	0	22	
MYCO002537	7	0	11	
MYCO002539	268	0	11	
MYCO002541	1058	0	10	
MYCO002542	288	0	52	
MYCO002543	916	692	37	
MYCO002544	917	723	49	
MYCO002545	569	0	13	
MYCO002546	4	0	16	
MYCO002547	7	0	17	
MYCO002548	14	0	17	
MYCO002549	43	0	13	
MYCO002550	1	0	12	
MYCO002551	165	0	13	
MYCO002552	168	0	33	
MYCO002553	85	0	39	
MYCO002554	69	0	8	
MYCO002556	2	0	10	
MYCO002557	13	0	27	
MYCO002558	23	0	16	
MYCO002560	71	0	36	
MYCO002561	2519	0	6	
MYCO002562	2	0	27	
MYCO002563	49	0	42	
MYCO002564	17	925	32	
MYCO002565	61	0	53	
MYCO002566	691	0	84	
MYCO002567	79	0	70	
MYCO002569	23	0	24	
MYCO002570	334	0	19	
MYCO002571	73	0	43	
MYCO002573	57	0	34	
MYCO002574	22	0	20	
MYCO002576	36	0	23	
MYCO002577	27	0	46	
MYCO002578	79	0	33	
MYCO002579	43	0	28	
MYCO002581	2	0	15	
MYCO002584	27	0	25	
MYCO002585	136	0	57	
MYCO002586	347	0	44	
MYCO002588	2	0	15	
MYCO002590	113	0	100	
MYCO002591	1185	0	61	
MYCO002595	18	0	9	
MYCO002596	5	0	22	
MYCO002597	24	0	22	
MYCO002598	27	0	16	
MYCO002599	144	0	21	
MYCO002600	26	0	12	
MYCO002601	222	0	42	
MYCO002602	5	0	12	
MYCO002604	31	0	20	
MYCO002605	50	0	25	
MYCO002607	8	0	24	
MYCO002608	428	0	39	
MYCO002609	136	0	28	
MYCO002615	2383	0	55	
MYCO002616	27	0	18	
MYCO002617	1	0	11	
MYCO002618	145	0	20	
MYCO002619	2	0	10	
MYCO002620	7	0	11	
MYCO002621	195	0	28	
MYCO002622	33	0	27	
MYCO002623	73	0	28	
MYCO002624	133	0	33	
MYCO002625	26	0	34	
MYCO002626	5	0	15	
MYCO002627	38	0	48	
MYCO002628	41	0	27	
MYCO002629	238	0	27	
MYCO002630	9	0	25	
MYCO002631	53	0	47	
MYCO002632	3	0	7	
MYCO002633	7	0	30	
MYCO002634	1425	0	49	
MYCO002635	7	0	13	
MYCO002636	21	0	27	
MYCO002637	132	801	22	
MYCO002638	45	0	20	
MYCO002639	19	0	10	
MYCO002640	24	0	16	
MYCO002641	5	0	14	
MYCO002642	12	0	17	
MYCO002643	126	0	63	
MYCO002644	20	0	14	
MYCO002645	614	0	10	
MYCO002646	423	0	32	
MYCO002647	287	0	10	
MYCO002648	320	2	12	
MYCO002649	2560	0	0	
MYCO002650	501	282	82	
MYCO002651	103	491	30	
MYCO002652	286	0	34	
MYCO002653	244	0	20	
MYCO002654	1325	0	9	
MYCO002655	734	0	37	
MYCO002656	193	402	17	
MYCO002657	284	0	14	
MYCO002658	226	0	9	
MYCO002659	241	0	26	
MYCO002660	5	0	12	
MYCO002661	9	0	13	
MYCO002662	6	0	11	
MYCO002663	0	0	11	
MYCO002664	14	0	11	
MYCO002665	154	0	15	
MYCO002666	2496	0	9	
MYCO002667	25	0	11	
MYCO002668	232	0	16	
MYCO002669	11	0	14	
MYCO002671	42	0	18	
MYCO002672	152	0	48	
MYCO002674	1	0	12	
MYCO002675	10	0	35	
MYCO002677	743	0	29	
MYCO002679	66	0	29	
MYCO002680	276	0	24	
MYCO002681	332	0	30	
MYCO002683	7	0	20	
MYCO002684	16	195	42	
MYCO002685	172	0	40	
MYCO002686	20	0	23	
MYCO002687	27	0	26	
MYCO002688	50	0	34	
MYCO002689	72	0	32	
MYCO002690	62	0	39	
MYCO002691	7	0	22	
MYCO002692	15	0	19	
MYCO002693	9	0	16	
MYCO002694	3	0	24	
MYCO002695	236	0	19	
MYCO002698	4	0	14	
MYCO002700	1581	0	15	
MYCO002701	20	0	34	
MYCO002704	10	0	11	
MYCO002705	7	0	11	
MYCO002706	51	0	10	
MYCO002707	16	0	27	
MYCO002709	228	0	27	
MYCO002712	150	0	40	
MYCO002713	50	0	54	
MYCO002716	4	0	22	
MYCO002717	92	0	15	
MYCO002718	9	0	12	
MYCO002719	228	0	28	
MYCO002721	561	0	60	
MYCO002722	3	0	12	
MYCO002723	23	0	38	
MYCO002728	42	0	23	
MYCO002729	26	0	31	
MYCO002730	6	0	17	
MYCO002732	43	0	28	
MYCO002734	15	0	29	
MYCO002735	382	0	34	
MYCO002736	81	0	18	
MYCO002737	9	0	55	
MYCO002738	176	0	7	
MYCO002739	694	0	20	
MYCO002740	8	0	24	
MYCO002741	1700	0	48	
MYCO002742	106	0	22	
MYCO002743	196	0	25	
MYCO002745	3	0	18	
MYCO002746	94	0	17	
MYCO002747	15	0	15	
MYCO002749	17	0	11	
MYCO002751	15	0	26	
MYCO002752	51	0	84	
MYCO002755	7	0	8	
MYCO002756	25	0	61	
MYCO002757	28	0	16	
MYCO002758	4	0	12	
MYCO002759	22	0	14	
MYCO002760	60	0	9	
MYCO002761	15	0	40	
MYCO002762	160	0	24	
MYCO002763	16	0	11	
MYCO002765	147	0	28	
MYCO002766	32	0	25	
MYCO002767	11	0	13	
MYCO002768	234	0	47	
MYCO002769	431	0	36	
MYCO002770	96	0	40	
MYCO002771	20	0	15	
MYCO002772	24	0	18	
MYCO002774	475	0	8	
MYCO002775	61	0	19	
MYCO002776	16	0	31	
MYCO002777	247	0	28	
MYCO002778	12	0	19	
MYCO002779	25	0	23	
MYCO002780	86	0	33	
MYCO002781	387	0	38	
MYCO002784	5	0	15	
MYCO002786	4	0	30	
MYCO002787	145	0	68	
MYCO002789	32	0	33	
MYCO002790	183	0	39	
MYCO002791	56	1245	43	
MYCO002792	53	0	26	
MYCO002793	258	0	23	
MYCO002796	28	0	28	
MYCO002797	131	0	36	
MYCO002798	4	0	11	
MYCO002799	51	0	29	
MYCO002800	472	0	47	
MYCO002801	22	0	10	
MYCO002802	506	0	35	
MYCO002803	26	0	17	
MYCO002804	49	0	25	
MYCO002805	32	0	15	
MYCO002806	18	0	6	
MYCO002807	686	0	36	
MYCO002808	134	0	7	
MYCO002809	28	0	11	
MYCO002810	2560	0	0	
MYCO002811	451	0	18	
MYCO002812	316	0	49	
MYCO002813	238	0	26	
MYCO002814	2560	0	0	
MYCO002815	320	2	12	
MYCO002816	605	0	10	
MYCO002817	647	0	26	
MYCO002818	712	0	17	
MYCO002819	636	0	28	
MYCO002820	593	0	30	
MYCO002821	28	0	17	
MYCO002822	10	0	14	
MYCO002823	41	0	74	
MYCO002824	15	0	36	
MYCO002825	1962	0	24	
MYCO002826	32	0	23	
MYCO002827	11	0	18	
MYCO002829	73	0	16	
MYCO002830	2	0	8	
MYCO002831	99	0	25	
MYCO002832	82	0	43	
MYCO002833	144	0	45	
MYCO002834	19	0	26	
MYCO002835	13	0	37	
MYCO002836	144	0	51	
MYCO002837	57	0	19	
MYCO002840	3	0	13	
MYCO002842	0	0	14	
MYCO002843	102	0	10	
MYCO002844	10	0	17	
MYCO002845	119	0	40	
MYCO002848	634	0	33	
MYCO002849	22	0	30	
MYCO002850	784	0	60	
MYCO002851	9	0	18	
MYCO002852	67	0	55	
MYCO002853	1106	0	70	
MYCO002854	22	0	35	
MYCO002855	122	0	38	
MYCO002856	15	0	26	
MYCO002857	8	0	20	
MYCO002858	244	0	50	
MYCO002859	816	0	40	
MYCO002860	19	0	43	
MYCO002862	9	0	15	
MYCO002863	4	0	13	
MYCO002865	2	0	7	
MYCO002866	4	0	6	
MYCO002867	306	0	29	
MYCO002869	11	0	39	
MYCO002871	457	0	8	
MYCO002872	42	0	17	
MYCO002873	5	0	12	
MYCO002874	126	0	67	
MYCO002875	77	0	18	
MYCO002876	1	0	25	
MYCO002877	73	0	28	
MYCO002878	6	0	16	
MYCO002879	2560	0	0	
MYCO002880	2367	0	6	
MYCO002881	5	0	21	
MYCO002884	59	0	24	
MYCO002885	109	428	53	
MYCO002886	60	0	31	
MYCO002887	13	0	17	
MYCO002888	231	0	43	
MYCO002891	456	0	22	
MYCO002892	141	0	38	
MYCO002893	33	0	40	
MYCO002895	104	0	32	
MYCO002896	196	0	44	
MYCO002897	152	0	60	
MYCO002898	6	0	14	
MYCO002899	6	0	21	
MYCO002900	27	0	61	
MYCO002903	34	0	28	
MYCO002905	22	0	40	
MYCO002906	4	0	13	
MYCO002907	60	0	15	
MYCO002908	21	0	4	
MYCO002910	4	0	21	
MYCO002911	55	0	24	
MYCO002912	11	0	16	
MYCO002913	57	0	74	
MYCO002914	161	0	42	
MYCO002920	61	0	54	
MYCO002922	464	0	70	
MYCO002923	31	0	15	
MYCO002924	37	0	29	
MYCO002925	14	0	20	
MYCO002926	3	0	24	
MYCO002928	9	0	21	
MYCO002929	14	0	14	
MYCO002930	19	0	40	
MYCO002931	2299	0	62	
MYCO002932	715	0	103	
MYCO002933	645	0	104	
MYCO002934	734	0	113	
MYCO002935	366	0	100	
MYCO002936	16	0	29	
MYCO002937	7	0	20	
MYCO002938	5	0	20	
MYCO002939	11	1202	28	
MYCO002940	138	0	169	
MYCO002941	15	0	52	
MYCO002942	65	0	79	
MYCO002943	96	0	37	
MYCO002944	18	0	28	
MYCO002945	1	0	20	
MYCO002946	473	0	126	
MYCO002947	1298	0	22	
MYCO002948	52	0	70	
MYCO002949	57	0	31	
MYCO002950	99	0	52	
MYCO002951	67	0	34	
MYCO002952	11	0	24	
MYCO002953	29	0	38	
MYCO002954	20	0	29	
MYCO002955	98	0	43	
MYCO002956	15	0	31	
MYCO002957	35	0	32	
MYCO002958	108	0	41	
MYCO002959	336	0	27	
MYCO002960	12	0	14	
MYCO002961	10	0	9	
MYCO002962	291	0	34	
MYCO002963	326	0	29	
MYCO002964	41	0	30	
MYCO002966	86	0	10	
MYCO002968	12	0	13	
MYCO002969	19	0	19	
MYCO002970	43	0	31	
MYCO002971	52	0	28	
MYCO002972	11	0	29	
MYCO002973	107	0	42	
MYCO002974	309	0	50	
MYCO002975	1240	0	6	
MYCO002977	151	0	20	
MYCO002978	55	1078	40	
MYCO002979	11	0	21	
MYCO002980	230	0	20	
MYCO002983	296	0	25	
MYCO002985	35	0	39	
MYCO002986	34	0	20	
MYCO002987	11	0	14	
MYCO002989	252	0	24	
MYCO002990	14	0	25	
MYCO002991	19	0	17	
MYCO002994	273	0	38	
MYCO002997	233	0	38	
MYCO002998	4	0	14	
MYCO002999	20	0	34	
MYCO003000	21	0	20	
MYCO003002	1	0	10	
MYCO003004	13	0	10	
MYCO003005	17	0	18	
MYCO003007	222	0	14	
MYCO003008	22	0	22	
MYCO003012	6	0	8	
MYCO003013	208	0	13	
MYCO003015	141	0	37	
MYCO003016	19	0	17	
MYCO003017	273	0	15	
MYCO003018	1951	0	25	
MYCO003019	1	41	20	
MYCO003020	9	9	14	
MYCO003021	2548	0	5	
MYCO003022	2560	0	0	
MYCO003023	2487	21	8	
MYCO003026	39	0	37	
MYCO003030	75	0	18	
MYCO003033	6	0	17	
MYCO003035	118	0	23	
MYCO003036	8	0	23	
MYCO003037	151	0	41	
MYCO003039	62	0	24	
MYCO003040	126	0	23	
MYCO003041	8	0	22	
MYCO003044	172	0	41	
MYCO003046	9	0	14	
MYCO003047	70	0	15	
MYCO003050	13	0	25	
MYCO003055	12	790	14	
MYCO003056	23	0	43	
MYCO003058	4	0	14	
MYCO003059	29	0	36	
MYCO003060	435	0	66	
MYCO003061	280	0	61	
MYCO003062	709	0	43	
MYCO003063	97	0	88	
MYCO003064	45	0	16	
MYCO003065	82	0	7	
MYCO003066	115	0	24	
MYCO003067	11	0	21	
MYCO003068	41	0	44	
MYCO003069	1	0	13	
MYCO003070	4	0	10	
MYCO003071	79	0	43	
MYCO003072	9	0	21	
MYCO003073	6	0	22	
MYCO003074	778	884	36	
MYCO003075	11	0	24	
MYCO003076	6	0	15	
MYCO003077	174	0	67	
MYCO003078	17	0	15	
MYCO003079	227	0	17	
MYCO003080	282	0	106	
MYCO003081	92	0	28	
MYCO003082	20	0	32	
MYCO003083	139	0	57	
MYCO003084	309	0	27	
MYCO003086	80	0	22	
MYCO003087	152	0	49	
MYCO003088	85	0	45	
MYCO003089	110	0	41	
MYCO003090	81	605	38	
MYCO003091	123	0	49	
MYCO003092	271	0	40	
MYCO003093	620	0	28	
MYCO003094	271	0	43	
MYCO003095	3	0	16	
MYCO003096	22	0	40	
MYCO003097	45	0	44	
MYCO003098	12	0	21	
MYCO003099	47	0	32	
MYCO003103	11	0	15	
MYCO003104	13	0	33	
MYCO003106	40	0	39	
MYCO003107	43	0	53	
MYCO003108	16	0	21	
MYCO003109	51	0	40	
MYCO003110	10	0	12	
MYCO003111	16	0	33	
MYCO003112	18	0	12	
MYCO003113	589	0	30	
MYCO003114	46	0	20	
MYCO003115	2487	21	8	
MYCO003116	84	0	30	
MYCO003119	23	0	22	
MYCO003120	27	0	25	
MYCO003121	70	0	38	
MYCO003122	23	0	11	
MYCO003123	17	0	15	
MYCO003124	54	0	32	
MYCO003125	362	0	36	
MYCO003126	17	0	12	
MYCO003127	23	0	39	
MYCO003128	2560	0	0	
MYCO003129	226	0	7	
MYCO003130	35	0	51	
MYCO003131	32	0	28	
MYCO003132	67	0	59	
MYCO003133	3	0	11	
MYCO003134	22	0	30	
MYCO003135	1559	0	5	
MYCO003136	48	0	31	
MYCO003137	11	0	26	
MYCO003138	36	0	51	
MYCO003141	102	0	28	
MYCO003142	356	0	11	
MYCO003143	2	0	10	
MYCO003144	425	0	45	
MYCO003145	12	0	6	
MYCO003146	3	0	16	
MYCO003147	19	0	9	
MYCO003148	13	0	30	
MYCO003149	26	0	26	
MYCO003150	247	0	30	
MYCO003151	517	0	57	
MYCO003152	5	0	28	
MYCO003153	48	0	23	
MYCO003154	7	0	21	
MYCO003155	4	0	9	
MYCO003156	34	0	48	
MYCO003157	59	0	63	
MYCO003158	11	0	52	
MYCO003159	1325	0	46	
MYCO003160	5	0	14	
MYCO003161	195	0	50	
MYCO003162	31	0	10	
MYCO003163	12	0	24	
MYCO003164	17	0	21	
MYCO003165	50	0	12	
MYCO003166	268	0	32	
MYCO003167	23	0	25	
MYCO003168	98	0	50	
MYCO003169	314	0	36	
MYCO003170	247	0	34	
MYCO003171	16	0	42	
MYCO003172	4	0	21	
MYCO003173	5	0	23	
MYCO003174	13	0	35	
MYCO003175	697	0	44	
MYCO003176	53	0	38	
MYCO003177	21	0	24	
MYCO003178	24	0	17	
MYCO003179	201	0	43	
MYCO003180	19	0	15	
MYCO003181	63	0	14	
MYCO003182	14	0	7	
MYCO003183	100	0	14	
MYCO003184	320	2	12	
MYCO003185	2560	0	0	
MYCO003186	320	2	12	
MYCO003187	2560	0	0	
MYCO003188	12	0	12	
MYCO003189	27	0	23	
MYCO003190	74	0	39	
MYCO003191	33	0	33	
MYCO003192	30	0	21	
MYCO003196	41	0	33	
MYCO003199	215	0	37	
MYCO003200	12	0	40	
MYCO003201	459	0	83	
MYCO003202	355	0	86	
MYCO003203	12	0	26	
MYCO003204	0	0	13	
MYCO003209	5	0	19	
MYCO003210	8	0	19	
MYCO003212	305	0	43	
MYCO003215	15	0	40	
MYCO003216	2560	0	0	
MYCO003217	152	0	14	
MYCO003218	7	0	29	
MYCO003222	34	0	16	
MYCO003224	132	0	30	
MYCO003225	42	0	39	
MYCO003226	18	0	27	
MYCO003227	131	0	46	
MYCO003230	75	0	43	
MYCO003231	26	0	18	
MYCO003232	8	0	21	
MYCO003233	4	0	22	
MYCO003234	1264	0	18	
MYCO003235	196	0	23	
MYCO003236	166	0	38	
MYCO003237	7	0	19	
MYCO003238	6	0	21	
MYCO003239	1290	0	60	
MYCO003242	45	0	21	
MYCO003243	42	0	23	
MYCO003244	204	0	47	
MYCO003247	30	0	17	
MYCO003249	95	0	18	
MYCO003250	4	0	9	
MYCO003251	3	0	7	
MYCO003253	33	0	39	
MYCO003254	60	0	45	
MYCO003256	333	0	35	
MYCO003259	12	0	6	
MYCO003260	0	0	12	
MYCO003263	108	0	44	
MYCO003266	69	0	28	
MYCO003268	65	0	27	
MYCO003269	9	0	6	
MYCO003270	163	0	56	
MYCO003271	14	0	24	
MYCO003272	56	0	40	
MYCO003273	5	0	75	
MYCO003278	6	0	15	
MYCO003279	10	0	24	
MYCO003281	2468	0	5	
MYCO003282	10	0	30	
MYCO003283	13	0	28	
MYCO003284	20	0	17	
MYCO003286	269	0	26	
MYCO003287	10	0	9	
MYCO003288	4	0	14	
MYCO003289	22	0	19	
MYCO003291	12	0	13	
MYCO003292	122	0	40	
MYCO003293	313	0	37	
MYCO003294	9	0	27	
MYCO003295	10	0	19	
MYCO003297	42	0	33	
MYCO003298	147	0	17	
MYCO003299	410	0	99	
MYCO003300	23	0	32	
MYCO003301	13	0	22	
MYCO003307	87	0	27	
MYCO003308	302	0	44	
MYCO003309	11	0	18	
MYCO003310	15	0	28	
MYCO003311	28	0	42	
MYCO003312	14	0	30	
MYCO003314	59	0	36	
MYCO003315	5	0	16	
MYCO003316	3	0	8	
MYCO003320	25	0	15	
MYCO003321	2	0	5	
MYCO003322	9	0	21	
MYCO003323	141	0	24	
MYCO003324	143	0	19	
MYCO003325	320	2	12	
MYCO003326	2560	0	0	
MYCO003327	2536	0	4	
MYCO003331	239	0	46	
MYCO003332	199	0	46	
MYCO003333	622	0	23	
MYCO003334	3	0	18	
MYCO003335	45	0	30	
MYCO003337	286	0	18	
MYCO003338	30	0	28	
MYCO003339	44	0	37	
MYCO003342	186	0	14	
MYCO003343	2553	0	7	
MYCO003344	2560	0	0	
MYCO003345	2550	0	7	
MYCO003346	822	0	11	
MYCO003347	1972	0	146	
MYCO003348	64	3	22	
MYCO003349	1340	0	24	
MYCO003350	2115	0	133	
MYCO003351	348	0	23	
MYCO003352	339	0	10	
MYCO003353	325	0	6	
MYCO003354	322	0	10	
MYCO003355	328	0	15	
MYCO003357	5	0	10	
MYCO003358	1	0	8	
MYCO003359	151	0	24	
MYCO003360	385	0	9	
MYCO003361	29	0	21	
MYCO003362	33	0	23	
MYCO003363	150	0	13	
MYCO003364	33	0	12	
MYCO003365	2312	0	19	
MYCO003366	24	0	20	
MYCO003367	1163	0	56	
MYCO003368	70	0	21	
MYCO003369	86	0	13	
MYCO003370	563	0	78	
MYCO003371	236	0	51	
MYCO003372	138	0	34	
MYCO003373	300	0	20	
MYCO003374	3	0	11	
MYCO003375	110	0	52	
MYCO003376	11	0	23	
MYCO003377	184	0	58	
MYCO003378	71	0	40	
MYCO003379	39	0	54	
MYCO003380	2560	0	0	
MYCO003381	320	2	12	
MYCO003382	97	0	23	
MYCO003383	537	0	49	
MYCO003384	30	0	11	
MYCO003385	49	0	10	
MYCO003386	119	0	28	
MYCO003387	13	0	24	
MYCO003388	1911	0	41	
MYCO003389	191	0	35	
MYCO003390	18	0	32	
MYCO003391	160	0	72	
MYCO003393	50	0	29	
MYCO003394	747	0	37	
MYCO003395	58	0	28	
MYCO003397	14	0	20	
MYCO003398	63	0	45	
MYCO003399	26	0	20	
MYCO003400	69	0	16	
MYCO003401	284	0	77	
MYCO003402	84	0	37	
MYCO003403	42	0	64	
MYCO003404	23	0	27	
MYCO003405	1	0	19	
MYCO003406	85	0	29	
MYCO003407	9	0	5	
MYCO003408	3	0	9	
MYCO003413	214	0	20	
MYCO003414	11	0	22	
MYCO003415	207	0	30	
MYCO003416	28	0	12	
MYCO003420	53	0	17	
MYCO003421	597	0	30	
MYCO003423	22	0	50	
MYCO003424	179	0	17	
MYCO003425	128	693	42	
MYCO003426	2502	0	3	
MYCO003427	725	0	20	
MYCO003428	2426	0	6	
MYCO003429	128	577	40	
MYCO003430	167	0	68	
MYCO003431	34	0	27	
MYCO003434	121	0	35	
MYCO003435	10	0	38	
MYCO003437	112	0	17	
MYCO003438	35	0	32	
MYCO003439	465	0	49	
MYCO003440	28	0	19	
MYCO003444	10	0	14	
MYCO003445	16	0	13	
MYCO003446	471	0	39	
MYCO003447	219	0	102	
MYCO003448	123	0	45	
MYCO003449	98	0	49	
MYCO003450	368	0	51	
MYCO003451	45	0	38	
MYCO003452	305	0	23	
MYCO003453	1557	0	5	
MYCO003454	38	0	43	
MYCO003463	71	0	27	
MYCO003465	8	0	23	
MYCO003466	2464	26	34	
MYCO003467	2479	39	22	
MYCO003468	39	0	38	
MYCO003469	18	0	34	
MYCO003470	115	0	58	
MYCO003471	20	0	15	
MYCO003472	19	0	22	
MYCO003473	17	0	34	
MYCO003474	320	2	12	
MYCO003475	2560	0	0	
MYCO003476	28	0	53	
MYCO003477	70	0	9	
MYCO003478	1271	137	241	
MYCO003479	127	0	112	
MYCO003480	132	0	54	
MYCO003481	27	0	15	
MYCO003482	21	0	30	
MYCO003483	548	0	24	
MYCO003484	65	0	48	
MYCO003485	359	0	31	
MYCO003486	159	0	13	
MYCO003487	558	0	33	
MYCO003488	77	0	9	
MYCO003489	3	0	6	
MYCO003491	11	0	21	
MYCO003492	1	0	17	
MYCO003493	200	0	25	
MYCO003494	538	0	41	
MYCO003495	17	0	30	
MYCO003496	162	0	31	
MYCO003497	6	0	35	
MYCO003498	58	0	35	
MYCO003499	5	0	28	
MYCO003502	21	0	26	
MYCO003503	0	0	7	
MYCO003505	81	0	32	
MYCO003506	48	0	55	
MYCO003507	2378	0	63	
MYCO003508	2558	0	2	
MYCO003509	257	0	56	
MYCO003510	86	0	24	
MYCO003511	2555	0	3	
MYCO003512	2560	0	0	
MYCO003513	2424	0	13	
MYCO003514	2559	0	1	
MYCO003515	2287	0	18	
MYCO003516	387	0	23	
MYCO003517	561	0	24	
MYCO003518	76	0	33	
MYCO003519	15	0	28	
MYCO003521	25	0	27	
MYCO003522	5	0	35	
MYCO003523	229	0	27	
MYCO003524	30	0	45	
MYCO003525	138	0	19	
MYCO003526	4	0	27	
MYCO003527	3	0	22	
MYCO003528	34	0	37	
MYCO003529	305	0	41	
MYCO003530	18	931	26	
MYCO003531	59	0	47	
MYCO003532	211	0	43	
MYCO003533	773	0	62	
MYCO003534	34	0	24	
MYCO003535	611	0	20	
MYCO003536	7	0	30	
MYCO003537	21	0	36	
MYCO003538	3	0	25	
MYCO003539	324	0	43	
MYCO003540	222	0	33	
MYCO003541	0	0	13	
MYCO003542	65	0	24	
MYCO003543	52	0	33	
MYCO003544	29	0	30	
MYCO003545	22	0	52	
MYCO003546	52	0	34	
MYCO003547	33	0	21	
MYCO003548	8	0	19	
MYCO003549	87	0	29	
MYCO003550	37	0	18	
MYCO003551	29	0	18	
MYCO003552	5	0	18	
MYCO003553	268	0	25	
MYCO003554	46	0	76	
MYCO003555	378	0	22	
MYCO003556	72	0	24	
MYCO003557	0	0	13	
MYCO003558	610	0	51	
MYCO003559	151	0	27	
MYCO003560	81	0	40	
MYCO003561	399	0	47	
MYCO003562	38	0	44	
MYCO003563	91	0	37	
MYCO003564	355	0	24	
MYCO003565	53	0	50	
MYCO003566	81	0	30	
MYCO003567	27	0	15	
MYCO003568	292	0	16	
MYCO003569	219	0	29	
MYCO003572	21	0	17	
MYCO003573	253	0	59	
MYCO003574	45	0	17	
MYCO003575	70	0	27	
MYCO003576	34	0	25	
MYCO003577	43	0	21	
MYCO003578	191	0	46	
MYCO003581	7	0	13	
MYCO003582	17	0	25	
MYCO003584	12	0	15	
MYCO003585	30	0	49	
MYCO003586	10	0	39	
MYCO003587	115	0	30	
MYCO003588	37	0	11	
MYCO003590	1782	0	37	
MYCO003591	17	0	28	
MYCO003593	3	0	54	
MYCO003594	51	0	31	
MYCO003595	1144	0	43	
MYCO003597	165	0	7	
MYCO003599	112	0	6	
MYCO003602	396	0	29	
MYCO003603	128	0	27	
MYCO003604	538	0	43	
MYCO003605	182	0	14	
MYCO003606	7	0	19	
MYCO003607	87	0	12	
MYCO003608	26	0	26	
MYCO003611	2534	0	3	
MYCO003612	30	0	14	
MYCO003613	2	0	4	
MYCO003614	5	0	31	
MYCO003615	4	0	10	
MYCO003616	36	0	49	
MYCO003617	58	0	29	
MYCO003618	54	0	31	
MYCO003619	214	1171	113	
MYCO003620	1452	278	85	
MYCO003621	371	0	39	
MYCO003622	68	0	9	
MYCO003623	137	0	22	
MYCO003625	145	0	29	
MYCO003626	209	0	41	
MYCO003627	33	0	57	
MYCO003629	29	0	33	
MYCO003630	8	608	44	
MYCO003631	4	0	19	
MYCO003632	2	0	7	
MYCO003633	49	0	31	
MYCO003634	79	0	21	
MYCO003635	95	0	60	
MYCO003636	6	0	13	
MYCO003637	40	0	25	
MYCO003638	6	0	31	
MYCO003639	254	0	26	
MYCO003640	99	0	41	
MYCO003641	10	0	22	
MYCO003642	5	0	10	
MYCO003643	1	0	7	
MYCO003645	529	0	51	
MYCO003649	384	0	84	
MYCO003650	53	0	11	
MYCO003651	229	0	31	
MYCO003652	618	0	16	
MYCO003653	1501	0	23	
MYCO003654	319	0	19	
MYCO003655	2558	0	1	
MYCO003656	11	0	12	
MYCO003657	785	625	17	
MYCO003658	272	0	32	
MYCO003659	515	0	36	
MYCO003660	105	0	46	
MYCO003661	43	0	16	
MYCO003662	693	0	32	
MYCO003663	241	0	61	
MYCO003664	9	0	32	
MYCO003665	5	0	34	
MYCO003666	77	678	42	
MYCO003667	198	0	63	
MYCO003669	6	0	21	
MYCO003671	17	0	42	
MYCO003672	42	0	29	
MYCO003673	88	0	23	
MYCO003675	0	0	15	
MYCO003678	7	0	15	
MYCO003681	12	0	18	
MYCO003685	72	0	48	
MYCO003686	48	0	11	
MYCO003687	12	0	12	
MYCO003688	16	0	20	
MYCO003689	128	0	69	
MYCO003690	251	0	18	
MYCO003691	46	0	43	
MYCO003692	39	0	33	
MYCO003693	860	0	40	
MYCO003694	7	0	32	
MYCO003697	21	0	18	
MYCO003698	93	0	57	
MYCO003699	28	0	24	
MYCO003700	389	0	38	
MYCO003701	88	0	34	
MYCO003702	24	0	27	
MYCO003703	44	0	54	
MYCO003704	46	0	41	
MYCO003706	118	0	10	
MYCO003714	33	0	36	
MYCO003716	169	0	14	
MYCO003723	15	0	27	
MYCO003725	1241	0	16	
MYCO003726	200	0	37	
MYCO003727	182	0	71	
MYCO003728	1615	0	60	
MYCO003729	242	0	79	
MYCO003730	8	0	39	
MYCO003731	6	0	39	
MYCO003732	62	0	45	
MYCO003733	8	0	19	
MYCO003734	46	0	50	
MYCO003735	15	0	19	
MYCO003736	44	0	47	
MYCO003737	485	0	54	
MYCO003738	878	0	31	
MYCO003739	619	0	11	
MYCO003740	76	0	48	
MYCO003741	16	0	31	
MYCO003742	7	0	18	
MYCO003743	113	0	79	
MYCO003744	1	0	18	
MYCO003745	10	798	10	
MYCO003746	3	0	20	
MYCO003747	17	0	9	
MYCO003748	13	0	13	
MYCO003749	21	0	15	
MYCO003750	10	0	12	
MYCO003751	8	0	13	
MYCO003752	201	0	13	
MYCO003753	294	0	13	
MYCO003754	146	0	31	
MYCO003755	9	0	14	
MYCO003756	16	0	28	
MYCO003757	95	0	33	
MYCO003758	22	0	32	
MYCO003759	23	0	44	
MYCO003760	14	0	9	
MYCO003761	100	0	30	
MYCO003762	13	0	78	
MYCO003763	21	0	21	
MYCO003764	21	0	44	
MYCO003766	72	0	32	
MYCO003767	65	0	33	
MYCO003768	66	0	11	
MYCO003769	58	0	13	
MYCO003770	73	0	22	
MYCO003771	25	0	23	
MYCO003772	42	0	32	
MYCO003773	60	0	23	
MYCO003776	478	0	64	
MYCO003779	299	0	65	
MYCO003784	142	0	49	
MYCO003785	1117	0	30	
MYCO003786	192	0	47	
MYCO003787	62	0	37	
MYCO003788	6	0	19	
MYCO003789	4	0	13	
MYCO003792	145	0	80	
MYCO003796	19	0	52	
MYCO003797	136	0	67	
MYCO003798	1364	29	23	
MYCO003800	559	0	136	
MYCO003803	46	0	35	
MYCO003805	24	0	49	
MYCO003807	98	0	21	
MYCO003810	704	0	25	
MYCO003811	110	0	55	
MYCO003812	985	0	42	
MYCO003813	58	0	24	
MYCO003814	31	0	21	
MYCO003815	76	0	22	
MYCO003817	204	0	34	
MYCO003818	39	0	44	
MYCO003819	21	0	17	
MYCO003820	115	0	59	
MYCO003821	9	0	32	
MYCO003822	44	0	54	
MYCO003823	38	0	119	
MYCO003824	57	0	73	
MYCO003825	160	0	207	
MYCO003826	48	0	72	
MYCO003827	107	0	65	
MYCO003828	0	977	18	
MYCO003829	521	0	67	
MYCO003830	585	0	33	
MYCO003831	17	0	33	
MYCO003832	74	0	32	
MYCO003833	321	0	38	
MYCO003836	285	0	22	
MYCO003837	26	0	36	
MYCO003838	81	0	43	
MYCO003839	8	0	30	
MYCO003840	33	0	28	
MYCO003841	4	0	24	
MYCO003843	212	0	41	
MYCO003844	64	3	22	
MYCO003845	1877	0	4	
MYCO003846	8	0	21	
MYCO003848	67	0	52	
MYCO003850	41	0	31	
MYCO003851	39	0	12	
MYCO003852	28	0	17	
MYCO003853	3	0	16	
MYCO003854	112	0	101	
MYCO003855	6	0	33	
MYCO003856	57	0	39	
MYCO003857	10	0	6	
MYCO003860	289	0	64	
MYCO003861	76	0	22	
MYCO003862	33	0	47	
MYCO003863	112	0	45	
MYCO003864	77	0	62	
MYCO003865	30	0	13	
MYCO003866	86	0	28	
MYCO003867	59	0	16	
MYCO003868	129	0	57	
MYCO003869	337	0	76	
MYCO003870	34	0	111	
MYCO003871	194	0	81	
MYCO003872	126	0	13	
MYCO003873	128	0	39	
MYCO003874	22	0	11	
MYCO003875	10	0	12	
MYCO003876	1149	0	67	
MYCO003877	37	0	83	
MYCO003878	289	0	35	
MYCO003879	1088	0	95	
MYCO003880	2	0	18	
MYCO003881	286	0	81	
MYCO003882	324	0	89	
MYCO003883	32	0	63	
MYCO003884	143	0	78	
MYCO003885	87	0	82	
MYCO003886	883	0	50	
MYCO003887	260	0	71	
MYCO003888	75	0	69	
MYCO003889	175	0	52	
MYCO003890	53	0	14	
MYCO003891	12	0	24	
MYCO003892	588	0	51	
MYCO003893	51	0	14	
MYCO003894	724	0	163	
MYCO003895	693	0	57	
MYCO003896	159	0	58	
MYCO003897	2536	0	2	
MYCO003898	1247	0	9	
MYCO003899	708	0	63	
MYCO003900	399	0	76	
MYCO003901	47	0	27	
MYCO003902	13	0	24	
MYCO003903	824	0	96	
MYCO003904	7	0	23	
MYCO003905	19	0	18	
MYCO003906	31	0	32	
MYCO003909	146	0	98	
MYCO003910	152	0	211	
MYCO003911	2552	0	5	
MYCO003912	105	0	53	
MYCO003914	1	0	16	
MYCO003916	2	0	47	
MYCO003919	137	0	160	
MYCO003922	3	0	26	
MYCO003923	3	0	28	
MYCO010064	6	0	9	
MYCO010078	9	0	34	
MYCO010157	2	0	6	
MYCO010186	25	0	6	
MYCO010192	581	0	7	
MYCO010236	20	0	4	
MYCO010277	2560	0	0	
MYCO010397	2	1223	10	
MYCO010456	6	0	12	
MYCO010470	370	0	14	
MYCO010492	20	0	7	
MYCO010500	124	0	4	
MYCO010530	4	0	8	
MYCO010590	15	0	7	
MYCO010609	10	0	9	
MYCO010616	0	0	12	
MYCO010634	6	0	7	
MYCO010691	2	0	8	
MYCO010724	2560	0	0	
MYCO010749	9	0	7	
MYCO010755	41	0	4	
MYCO010787	27	0	5	
MYCO010959	3	0	4	
MYCO011028	1	0	6	
MYCO011087	25	0	6	
MYCO011089	4	0	8	
MYCO011116	11	0	9	
MYCO011135	2	0	20	
MYCO011159	3	0	6	
MYCO011290	17	0	8	
MYCO011322	9	0	16	
MYCO011366	9	0	8	
MYCO011473	18	0	8	
MYCO011489	70	0	7	
MYCO011498	41	0	12	
MYCO011507	54	0	30	
MYCO011508	24	0	10	
MYCO011638	174	0	12	
MYCO011706	2	0	6	
MYCO011765	22	0	10	
MYCO011888	1	0	9	
MYCO011954	9	0	6	
MYCO011962	0	1492	12	
MYCO011982	9	0	6	
MYCO011990	26	0	15	
MYCO011991	1	0	3	
MYCO012023	28	0	37	
MYCO012063	70	0	13	
MYCO012077	87	0	11	
MYCO012142	0	0	11	
MYCO012160	1387	0	6	
MYCO012219	3	0	12	
MYCO012231	22	0	19	
MYCO012237	14	0	7	
MYCO012250	2558	0	1	
MYCO012274	91	0	11	
MYCO012306	24	0	20	
MYCO012307	7	0	5	
MYCO012309	6	0	14	
MYCO012331	2	0	9	
MYCO012395	11	0	7	
MYCO012401	13	0	2	
MYCO012427	2560	0	0	
MYCO012438	5	0	13	
MYCO012468	1	0	9	
MYCO012530	3	0	11	
MYCO012548	4	0	12	
MYCO012601	2	0	8	
MYCO012614	305	0	9	
MYCO012737	9	0	7	
MYCO012801	1	0	3	
MYCO012828	462	0	9	
MYCO012862	2560	0	0	
MYCO012922	8	0	11	
MYCO012943	13	0	17	
MYCO012970	14	0	4	
MYCO012998	2	0	13	
MYCO013018	975	0	5	
MYCO013022	418	0	10	
MYCO013032	13	0	13	
MYCO013098	10	0	16	
MYCO013136	2	0	15	
MYCO013190	99	0	6	
MYCO013196	3	0	4	
MYCO013197	22	0	8	
MYCO013198	3	0	11	
MYCO013208	5	0	11	
MYCO013221	1	0	10	
MYCO013224	11	0	13	
MYCO013312	30	0	17	
MYCO013324	2560	0	0	
MYCO013395	93	0	16	
MYCO013566	2	0	11	
MYCO013697	27	0	11	
MYCO013705	22	0	20	
MYCO013724	281	0	6	
MYCO013770	3	0	8	
MYCO020078	2	0	14	
MYCO020456	2560	0	0	
MYCO020500	0	0	3	
MYCO022231	1824	0	10	
MYCO022306	47	0	15	
MYCO022307	38	0	17	
MYCO022395	30	0	10	
MYCO023224	15	0	6	
MYCO023724	298	0	20	
MYCO023770	4	0	9	
MYCO032307	0	0	8	
