GbGDiv simplified results table from 'accumulate-19.txt' records table.
Isolate records read from table: 4864

Locus	Missing	Paralogous	CountNuc
id	0	0	4864	
isolate	0	0	4864	
rMLST_database_accession	0	0	4864	
BACT000001	12	0	76	
BACT000002	145	0	32	
BACT000003	475	0	38	
BACT000004	31	0	27	
BACT000005	82	0	30	
BACT000006	5	0	16	
BACT000007	13	0	18	
BACT000008	24	0	21	
BACT000009	21	0	28	
BACT000010	1	0	9	
BACT000011	39	0	20	
BACT000012	2	0	20	
BACT000013	11	0	22	
BACT000014	3	4455	2	
BACT000015	5	0	9	
BACT000016	46	0	29	
BACT000017	16	0	19	
BACT000018	1	3792	3	
BACT000019	1	0	12	
BACT000020	6	0	15	
BACT000021	4863	0	1	
BACT000030	45	1357	28	
BACT000031	3	0	26	
BACT000032	13	0	22	
BACT000033	137	0	31	
BACT000034	12	0	23	
BACT000035	4	0	25	
BACT000036	313	0	21	
BACT000038	21	0	19	
BACT000039	19	0	22	
BACT000040	577	0	16	
BACT000042	8	0	26	
BACT000043	3	0	24	
BACT000044	28	0	17	
BACT000045	22	0	19	
BACT000046	4	0	30	
BACT000047	66	0	12	
BACT000048	1	0	16	
BACT000049	4	0	17	
BACT000050	27	0	15	
BACT000051	156	0	24	
BACT000052	2	0	15	
BACT000053	5	0	16	
BACT000056	9	0	13	
BACT000057	2	4720	3	
BACT000058	1	1	13	
BACT000059	0	0	12	
BACT000060	2	0	8	
BACT000061	13	0	15	
BACT000062	1	4067	7	
BACT000063	2	1	12	
BACT000064	3	0	13	
BACT000065	3	0	4	
MYCO000001	30	0	125	
MYCO000005	31	0	139	
MYCO000006	53	0	231	
MYCO000009	14	0	34	
MYCO000011	10	0	26	
MYCO000013	5	0	59	
MYCO000015	1078	0	73	
MYCO000016	78	0	91	
MYCO000017	64	0	82	
MYCO000019	8	0	33	
MYCO000038	318	0	37	
MYCO000046	16	0	65	
MYCO000047	19	0	32	
MYCO000049	30	0	28	
MYCO000050	537	0	149	
MYCO000051	410	0	110	
MYCO000054	192	0	32	
MYCO000066	24	0	122	
MYCO000068	130	0	83	
MYCO000129	44	0	36	
MYCO000183	254	0	53	
MYCO000184	283	0	27	
MYCO000189	620	0	61	
MYCO000198	55	0	109	
MYCO000204	149	0	50	
MYCO000207	14	0	39	
MYCO000211	63	0	107	
MYCO000223	501	0	78	
MYCO000225	36	0	34	
MYCO000227	545	0	57	
MYCO000228	115	0	54	
MYCO000236	1092	0	167	
MYCO000237	123	0	69	
MYCO000238	20	0	36	
MYCO000241	35	0	60	
MYCO000242	795	0	66	
MYCO000243	456	0	63	
MYCO000244	95	2442	75	
MYCO000247	12	0	30	
MYCO000248	28	0	64	
MYCO000270	45	0	94	
MYCO000274	315	0	42	
MYCO000321	12	0	26	
MYCO000322	62	0	53	
MYCO000334	6	0	30	
MYCO000337	46	0	49	
MYCO000350	84	0	57	
MYCO000352	504	0	47	
MYCO000357	17	0	50	
MYCO000360	168	0	26	
MYCO000383	903	0	28	
MYCO000384	615	0	92	
MYCO000407	220	0	53	
MYCO000410	151	0	98	
MYCO000411	129	0	41	
MYCO000414	1009	0	31	
MYCO000415	1061	0	43	
MYCO000417	344	1207	31	
MYCO000423	31	0	50	
MYCO000429	13	0	31	
MYCO000432	15	0	29	
MYCO000433	31	0	45	
MYCO000439	184	0	48	
MYCO000440	55	0	55	
MYCO000462	12	0	40	
MYCO000465	44	0	74	
MYCO000466	22	0	29	
MYCO000467	20	0	43	
MYCO000468	39	0	36	
MYCO000472	12	0	30	
MYCO000475	114	0	33	
MYCO000483	56	0	51	
MYCO000484	51	0	36	
MYCO000486	292	0	63	
MYCO000489	710	0	26	
MYCO000490	62	0	40	
MYCO000491	7	0	19	
MYCO000495	13	0	41	
MYCO000496	60	0	40	
MYCO000498	88	0	44	
MYCO000501	25	0	42	
MYCO000502	41	0	38	
MYCO000505	1164	0	35	
MYCO000509	110	0	64	
MYCO000510	87	0	36	
MYCO000512	107	0	34	
MYCO000524	397	0	55	
MYCO000527	149	0	36	
MYCO000528	746	0	55	
MYCO000529	177	0	52	
MYCO000548	34	0	33	
MYCO000551	167	0	86	
MYCO000553	469	0	39	
MYCO000555	452	0	48	
MYCO000557	57	0	65	
MYCO000558	235	0	26	
MYCO000562	24	0	47	
MYCO000563	105	0	41	
MYCO000564	57	0	55	
MYCO000566	15	0	21	
MYCO000636	9	0	20	
MYCO000639	192	0	24	
MYCO000647	183	0	59	
MYCO000655	29	0	48	
MYCO000667	237	0	255	
MYCO000668	196	0	245	
MYCO000672	208	0	83	
MYCO000684	71	0	86	
MYCO000685	18	0	31	
MYCO000693	456	0	47	
MYCO000696	82	0	65	
MYCO000732	12	0	54	
MYCO000733	10	0	20	
MYCO000734	509	0	28	
MYCO000757	11	0	27	
MYCO000758	131	0	145	
MYCO000772	155	0	54	
MYCO000777	58	0	40	
MYCO000780	17	0	36	
MYCO000782	4749	0	5	
MYCO000788	141	0	24	
MYCO000803	114	0	84	
MYCO000808	90	0	66	
MYCO000809	8	0	39	
MYCO000810	5	0	8	
MYCO000814	972	20	13	
MYCO000815	66	6	41	
MYCO000820	15	0	27	
MYCO000821	29	0	19	
MYCO000823	103	0	52	
MYCO000824	9	0	23	
MYCO000859	72	0	73	
MYCO000860	298	0	98	
MYCO000861	46	0	63	
MYCO000871	15	0	14	
MYCO000876	8	0	66	
MYCO000884	17	0	48	
MYCO000885	64	0	35	
MYCO000886	1125	0	71	
MYCO000889	959	0	53	
MYCO000896	64	0	56	
MYCO000902	42	0	31	
MYCO000903	9	0	13	
MYCO000906	1248	0	51	
MYCO000926	25	0	66	
MYCO000927	215	0	37	
MYCO000929	430	0	31	
MYCO000946	54	0	71	
MYCO000949	205	0	99	
MYCO000951	44	0	50	
MYCO000952	90	0	43	
MYCO000953	348	0	51	
MYCO000957	513	0	56	
MYCO000981	51	0	31	
MYCO000983	605	0	62	
MYCO000993	149	0	31	
MYCO000994	322	0	55	
MYCO000995	21	0	30	
MYCO001001	44	0	61	
MYCO001002	73	0	69	
MYCO001007	15	0	61	
MYCO001008	283	0	37	
MYCO001009	243	0	41	
MYCO001010	106	0	48	
MYCO001011	42	0	32	
MYCO001013	57	0	60	
MYCO001014	38	0	35	
MYCO001015	34	0	29	
MYCO001017	7	0	31	
MYCO001018	57	0	67	
MYCO001020	556	0	162	
MYCO001022	231	0	33	
MYCO001023	173	0	52	
MYCO001026	319	0	40	
MYCO001070	30	0	23	
MYCO001071	22	0	57	
MYCO001072	5	0	32	
MYCO001077	79	0	63	
MYCO001079	89	0	39	
MYCO001080	263	0	18	
MYCO001082	45	0	32	
MYCO001086	69	0	40	
MYCO001092	123	0	34	
MYCO001094	84	0	24	
MYCO001095	119	0	49	
MYCO001098	89	0	43	
MYCO001099	300	0	42	
MYCO001108	95	0	50	
MYCO001110	18	0	34	
MYCO001112	627	0	42	
MYCO001165	228	0	85	
MYCO001173	284	0	98	
MYCO001177	17	0	8	
MYCO001178	179	0	55	
MYCO001193	465	0	49	
MYCO001201	279	0	41	
MYCO001202	229	0	36	
MYCO001207	338	0	45	
MYCO001208	34	0	32	
MYCO001213	231	0	58	
MYCO001220	286	0	20	
MYCO001221	6	0	31	
MYCO001223	783	0	69	
MYCO001229	145	0	51	
MYCO001238	57	0	36	
MYCO001239	19	0	48	
MYCO001245	101	0	47	
MYCO001248	549	0	142	
MYCO001253	216	0	81	
MYCO001272	366	0	69	
MYCO001273	24	0	77	
MYCO001277	527	0	43	
MYCO001292	41	0	68	
MYCO001293	64	0	49	
MYCO001294	88	0	51	
MYCO001295	70	0	43	
MYCO001297	406	0	61	
MYCO001299	48	0	31	
MYCO001302	15	0	35	
MYCO001305	9	0	9	
MYCO001308	81	0	51	
MYCO001309	17	0	40	
MYCO001310	24	0	43	
MYCO001311	18	0	24	
MYCO001315	28	0	38	
MYCO001321	76	0	30	
MYCO001323	104	0	54	
MYCO001326	65	0	87	
MYCO001327	90	0	73	
MYCO001328	171	0	112	
MYCO001338	132	0	31	
MYCO001340	64	0	28	
MYCO001380	60	0	34	
MYCO001381	513	0	49	
MYCO001383	46	0	44	
MYCO001384	459	0	157	
MYCO001385	758	0	38	
MYCO001388	6	0	26	
MYCO001390	2	0	14	
MYCO001391	859	0	57	
MYCO001392	475	0	66	
MYCO001402	1978	0	65	
MYCO001407	666	0	74	
MYCO001408	164	0	30	
MYCO001410	15	0	57	
MYCO001412	23	0	29	
MYCO001415	28	0	46	
MYCO001416	9	0	20	
MYCO001420	36	0	69	
MYCO001421	29	0	40	
MYCO001436	11	0	45	
MYCO001437	57	0	47	
MYCO001438	27	0	32	
MYCO001440	27	0	13	
MYCO001445	313	0	34	
MYCO001447	571	0	90	
MYCO001448	61	0	49	
MYCO001449	249	0	81	
MYCO001451	98	0	40	
MYCO001457	11	0	30	
MYCO001458	26	0	40	
MYCO001462	66	0	58	
MYCO001463	21	0	27	
MYCO001464	259	0	49	
MYCO001465	19	0	15	
MYCO001466	10	0	9	
MYCO001467	95	2481	60	
MYCO001473	50	0	52	
MYCO001474	158	0	18	
MYCO001475	28	0	85	
MYCO001479	109	0	46	
MYCO001480	149	0	42	
MYCO001481	29	0	40	
MYCO001483	130	0	22	
MYCO001484	37	0	38	
MYCO001485	150	0	33	
MYCO001493	773	0	73	
MYCO001536	168	0	127	
MYCO001540	35	0	52	
MYCO001547	176	0	111	
MYCO001557	816	0	57	
MYCO001559	1063	0	60	
MYCO001564	59	0	86	
MYCO001568	301	0	52	
MYCO001569	920	0	33	
MYCO001589	20	0	35	
MYCO001593	6	0	28	
MYCO001594	64	0	50	
MYCO001595	529	0	64	
MYCO001599	449	0	52	
MYCO001600	10	0	46	
MYCO001601	2	0	26	
MYCO001603	13	0	34	
MYCO001605	22	0	32	
MYCO001609	110	0	71	
MYCO001611	87	0	27	
MYCO001612	13	0	58	
MYCO001617	64	0	62	
MYCO001626	27	0	26	
MYCO001627	148	0	37	
MYCO001629	173	0	122	
MYCO001633	628	0	93	
MYCO001638	226	0	119	
MYCO001641	4864	0	0	
MYCO001649	378	0	41	
MYCO001652	278	0	41	
MYCO001653	848	0	39	
MYCO001654	134	0	29	
MYCO001655	536	0	52	
MYCO001656	400	0	37	
MYCO001657	447	0	18	
MYCO001658	149	0	54	
MYCO001659	451	0	51	
MYCO001689	18	0	44	
MYCO001694	176	0	40	
MYCO001695	6	0	39	
MYCO001697	9	0	32	
MYCO001699	28	0	99	
MYCO001701	78	0	28	
MYCO001708	26	0	30	
MYCO001709	8	0	44	
MYCO001711	6	0	36	
MYCO001712	35	0	31	
MYCO001713	224	0	58	
MYCO001821	52	0	97	
MYCO001827	9	0	21	
MYCO001829	53	0	21	
MYCO001830	27	0	63	
MYCO001832	141	0	121	
MYCO001837	126	0	97	
MYCO001842	97	0	75	
MYCO001843	124	0	69	
MYCO001844	71	0	81	
MYCO001854	56	0	64	
MYCO001886	103	0	51	
MYCO001894	214	0	62	
MYCO001981	22	0	29	
MYCO002050	6	0	13	
MYCO002089	365	0	59	
MYCO002090	4756	0	10	
MYCO002092	584	0	121	
MYCO002093	53	0	33	
MYCO002096	34	0	49	
MYCO002097	108	0	43	
MYCO002109	18	0	32	
MYCO002110	58	0	39	
MYCO002111	138	0	10	
MYCO002112	2121	0	55	
MYCO002115	48	0	76	
MYCO002118	19	0	25	
MYCO002119	35	0	45	
MYCO002121	68	0	29	
MYCO002122	5	0	14	
MYCO002125	45	0	30	
MYCO002130	610	0	38	
MYCO002134	30	0	22	
MYCO002139	101	0	45	
MYCO002140	2	0	25	
MYCO002141	84	0	65	
MYCO002145	71	0	31	
MYCO002150	302	0	33	
MYCO002151	327	0	28	
MYCO002153	927	0	62	
MYCO002154	1024	0	37	
MYCO002155	794	0	94	
MYCO002156	24	0	49	
MYCO002157	2116	0	52	
MYCO002163	212	0	73	
MYCO002166	19	0	13	
MYCO002170	580	0	30	
MYCO002176	128	0	50	
MYCO002178	28	0	35	
MYCO002179	100	0	16	
MYCO002182	37	0	28	
MYCO002186	5	0	14	
MYCO002187	1373	0	68	
MYCO002188	56	0	57	
MYCO002192	151	0	42	
MYCO002193	8	0	21	
MYCO002194	44	0	41	
MYCO002195	28	0	51	
MYCO002196	24	0	69	
MYCO002199	3	0	19	
MYCO002200	31	0	45	
MYCO002201	208	0	66	
MYCO002202	217	0	44	
MYCO002210	100	0	46	
MYCO002211	145	0	56	
MYCO002213	261	0	82	
MYCO002216	48	0	53	
MYCO002217	263	0	38	
MYCO002218	214	0	48	
MYCO002219	160	0	29	
MYCO002220	36	0	57	
MYCO002221	1078	0	98	
MYCO002222	53	0	53	
MYCO002225	155	0	44	
MYCO002228	72	0	49	
MYCO002230	322	0	46	
MYCO002235	87	0	44	
MYCO002239	3	0	21	
MYCO002241	603	0	74	
MYCO002242	218	0	39	
MYCO002243	518	0	36	
MYCO002244	6	0	7	
MYCO002245	88	0	47	
MYCO002246	58	0	45	
MYCO002247	211	0	49	
MYCO002257	54	0	40	
MYCO002259	246	0	44	
MYCO002315	844	0	66	
MYCO002343	238	0	71	
MYCO002344	753	0	43	
MYCO002357	16	0	34	
MYCO002361	14	0	27	
MYCO002362	146	0	28	
MYCO002364	12	0	36	
MYCO002366	18	0	64	
MYCO002367	8	0	20	
MYCO002368	52	0	45	
MYCO002373	78	0	45	
MYCO002374	161	0	53	
MYCO002399	74	0	37	
MYCO002400	56	0	53	
MYCO002402	80	0	105	
MYCO002404	41	0	83	
MYCO002409	21	0	34	
MYCO002410	11	0	29	
MYCO002411	119	0	65	
MYCO002413	177	0	39	
MYCO002420	209	0	25	
MYCO002421	2	0	16	
MYCO002425	397	0	43	
MYCO002426	1374	0	49	
MYCO002427	422	0	51	
MYCO002439	745	0	35	
MYCO002440	125	0	68	
MYCO002445	32	0	14	
MYCO002447	94	0	67	
MYCO002448	211	0	105	
MYCO002454	33	0	48	
MYCO002455	85	0	62	
MYCO002457	33	0	37	
MYCO002460	7	0	18	
MYCO002461	11	0	25	
MYCO002462	309	0	49	
MYCO002465	76	0	20	
MYCO002466	48	0	26	
MYCO002467	117	0	110	
MYCO002470	10	0	25	
MYCO002477	31	0	59	
MYCO002500	16	0	49	
MYCO002502	63	0	68	
MYCO002509	17	0	45	
MYCO002511	19	0	21	
MYCO002518	573	0	46	
MYCO002521	2	0	23	
MYCO002523	48	0	11	
MYCO002524	1408	0	275	
MYCO002533	20	0	22	
MYCO002534	5	0	21	
MYCO002538	265	0	47	
MYCO002540	1073	0	51	
MYCO002555	86	0	82	
MYCO002559	428	0	43	
MYCO002568	63	0	44	
MYCO002572	175	0	68	
MYCO002575	76	0	44	
MYCO002580	224	0	41	
MYCO002582	42	0	37	
MYCO002583	134	0	82	
MYCO002587	741	0	71	
MYCO002589	154	0	57	
MYCO002592	210	0	36	
MYCO002593	105	0	26	
MYCO002594	3	0	17	
MYCO002603	12	0	29	
MYCO002606	45	0	32	
MYCO002610	120	0	44	
MYCO002611	95	0	49	
MYCO002612	8	0	29	
MYCO002613	9	0	17	
MYCO002614	89	0	62	
MYCO002670	30	0	39	
MYCO002673	564	1234	46	
MYCO002676	29	0	18	
MYCO002678	430	0	45	
MYCO002682	105	0	67	
MYCO002696	133	0	40	
MYCO002697	11	0	17	
MYCO002699	0	0	12	
MYCO002702	12	0	43	
MYCO002703	180	0	51	
MYCO002708	4	0	13	
MYCO002710	89	0	37	
MYCO002711	36	0	31	
MYCO002714	38	0	44	
MYCO002715	632	0	55	
MYCO002720	18	0	43	
MYCO002724	55	0	68	
MYCO002725	132	0	57	
MYCO002726	69	0	32	
MYCO002727	262	0	46	
MYCO002731	544	0	48	
MYCO002733	1123	0	56	
MYCO002744	142	0	35	
MYCO002748	458	0	112	
MYCO002750	96	0	40	
MYCO002753	15	0	46	
MYCO002754	41	0	29	
MYCO002764	91	0	47	
MYCO002773	29	0	30	
MYCO002782	364	0	58	
MYCO002783	165	0	73	
MYCO002788	528	0	18	
MYCO002794	26	0	34	
MYCO002795	94	0	42	
MYCO002828	2205	572	46	
MYCO002838	93	0	22	
MYCO002839	1859	0	87	
MYCO002841	32	0	54	
MYCO002846	12	0	54	
MYCO002847	117	0	48	
MYCO002861	24	0	31	
MYCO002864	57	0	54	
MYCO002868	15	0	38	
MYCO002870	113	0	39	
MYCO002882	11	0	29	
MYCO002883	6	0	33	
MYCO002889	104	0	29	
MYCO002894	621	0	30	
MYCO002901	4	0	9	
MYCO002902	273	0	33	
MYCO002915	93	0	51	
MYCO002916	383	0	50	
MYCO002917	769	0	67	
MYCO002918	303	0	104	
MYCO002919	5	0	13	
MYCO002921	163	0	54	
MYCO002927	29	0	33	
MYCO002965	4	0	12	
MYCO002967	325	0	91	
MYCO002976	82	0	32	
MYCO002981	210	0	51	
MYCO002982	32	0	46	
MYCO002984	65	0	59	
MYCO002988	126	0	40	
MYCO002992	152	0	66	
MYCO002993	12	0	34	
MYCO002995	173	0	46	
MYCO002996	317	0	66	
MYCO003001	23	0	35	
MYCO003003	223	0	65	
MYCO003006	173	0	39	
MYCO003009	24	0	61	
MYCO003010	445	0	36	
MYCO003011	871	0	51	
MYCO003014	452	0	81	
MYCO003024	213	0	55	
MYCO003025	142	0	45	
MYCO003027	44	0	46	
MYCO003028	615	0	38	
MYCO003029	23	0	28	
MYCO003031	270	0	63	
MYCO003032	484	0	38	
MYCO003034	21	0	31	
MYCO003038	12	0	37	
MYCO003042	88	0	42	
MYCO003043	14	0	54	
MYCO003045	6	0	40	
MYCO003048	21	0	39	
MYCO003049	117	0	73	
MYCO003051	39	0	55	
MYCO003052	23	0	14	
MYCO003053	5	0	9	
MYCO003054	163	0	34	
MYCO003057	20	0	36	
MYCO003085	266	0	42	
MYCO003100	12	0	21	
MYCO003101	30	0	29	
MYCO003102	4	0	30	
MYCO003105	222	0	48	
MYCO003117	66	6	41	
MYCO003118	972	20	13	
MYCO003139	25	0	67	
MYCO003140	25	0	62	
MYCO003193	85	0	122	
MYCO003194	5	0	34	
MYCO003195	382	0	70	
MYCO003197	33	0	53	
MYCO003198	344	0	73	
MYCO003205	50	0	31	
MYCO003206	30	0	58	
MYCO003207	21	0	38	
MYCO003208	63	0	26	
MYCO003211	379	0	76	
MYCO003213	17	0	42	
MYCO003214	33	0	38	
MYCO003219	8	0	7	
MYCO003220	29	0	54	
MYCO003221	0	0	12	
MYCO003223	5	0	27	
MYCO003228	459	0	46	
MYCO003229	31	0	74	
MYCO003240	519	0	91	
MYCO003241	224	0	28	
MYCO003245	22	0	58	
MYCO003246	15	0	18	
MYCO003248	54	0	68	
MYCO003252	228	0	49	
MYCO003255	133	0	41	
MYCO003257	245	0	50	
MYCO003258	323	0	19	
MYCO003261	19	0	44	
MYCO003262	281	0	48	
MYCO003264	22	0	32	
MYCO003265	122	0	38	
MYCO003267	333	0	42	
MYCO003274	9	0	48	
MYCO003275	146	0	26	
MYCO003276	129	0	50	
MYCO003277	9	0	29	
MYCO003280	40	0	55	
MYCO003285	156	0	62	
MYCO003290	27	0	46	
MYCO003296	1453	0	188	
MYCO003302	95	0	52	
MYCO003303	4819	0	2	
MYCO003304	53	0	12	
MYCO003305	94	0	41	
MYCO003306	306	0	53	
MYCO003313	31	0	28	
MYCO003317	20	0	27	
MYCO003318	252	0	59	
MYCO003319	60	0	41	
MYCO003328	374	0	52	
MYCO003329	58	0	69	
MYCO003330	488	0	52	
MYCO003336	17	0	33	
MYCO003340	27	0	48	
MYCO003341	636	0	54	
MYCO003356	27	0	34	
MYCO003392	51	3704	20	
MYCO003396	92	0	59	
MYCO003409	132	0	57	
MYCO003410	843	0	43	
MYCO003411	218	0	68	
MYCO003412	12	0	19	
MYCO003417	16	2782	46	
MYCO003418	1	0	10	
MYCO003419	198	0	40	
MYCO003422	5	0	21	
MYCO003432	43	0	44	
MYCO003433	1729	0	39	
MYCO003436	1206	0	60	
MYCO003441	537	0	62	
MYCO003455	227	0	35	
MYCO003457	19	0	48	
MYCO003462	8	0	12	
MYCO003464	16	0	41	
MYCO003490	61	0	65	
MYCO003500	23	0	38	
MYCO003501	33	0	29	
MYCO003504	38	0	50	
MYCO003520	53	0	55	
MYCO003570	19	0	33	
MYCO003571	61	0	41	
MYCO003579	699	0	51	
MYCO003580	100	0	41	
MYCO003583	4	0	17	
MYCO003589	1130	0	31	
MYCO003592	9	0	16	
MYCO003596	382	0	94	
MYCO003598	41	0	50	
MYCO003600	39	0	32	
MYCO003601	35	0	20	
MYCO003609	5	0	17	
MYCO003610	475	0	83	
MYCO003624	12	0	39	
MYCO003628	22	0	24	
MYCO003644	262	0	63	
MYCO003646	733	0	108	
MYCO003647	72	0	24	
MYCO003648	8	0	29	
MYCO003668	11	0	27	
MYCO003670	255	0	42	
MYCO003674	12	0	34	
MYCO003676	11	0	24	
MYCO003677	65	0	40	
MYCO003679	25	0	52	
MYCO003680	120	0	46	
MYCO003682	162	0	90	
MYCO003683	91	0	47	
MYCO003684	75	0	30	
MYCO003695	40	0	53	
MYCO003696	204	0	90	
MYCO003705	9	0	31	
MYCO003707	145	0	47	
MYCO003708	150	0	49	
MYCO003709	98	0	43	
MYCO003710	1946	0	48	
MYCO003711	41	0	54	
MYCO003712	625	0	49	
MYCO003713	50	0	23	
MYCO003715	6	0	21	
MYCO003717	6	0	33	
MYCO003718	4	0	16	
MYCO003719	32	0	61	
MYCO003720	159	0	58	
MYCO003721	424	0	72	
MYCO003722	22	0	63	
MYCO003765	544	0	46	
MYCO003774	25	0	53	
MYCO003775	74	0	72	
MYCO003777	287	0	48	
MYCO003778	56	0	61	
MYCO003780	460	0	28	
MYCO003781	11	0	28	
MYCO003782	50	0	45	
MYCO003783	49	0	33	
MYCO003790	29	0	60	
MYCO003791	57	0	44	
MYCO003793	819	0	159	
MYCO003794	265	0	179	
MYCO003795	232	0	262	
MYCO003799	25	0	66	
MYCO003801	51	0	66	
MYCO003802	98	0	45	
MYCO003804	55	0	52	
MYCO003806	19	0	75	
MYCO003808	308	0	65	
MYCO003809	9	0	44	
MYCO003816	354	0	37	
MYCO003834	144	0	52	
MYCO003835	636	0	67	
MYCO003842	131	0	68	
MYCO003847	1842	0	24	
MYCO003849	8	0	20	
MYCO003858	53	0	52	
MYCO003859	491	0	189	
MYCO003907	45	0	90	
MYCO003908	185	0	46	
MYCO003913	88	0	79	
MYCO003915	14	0	87	
MYCO003917	22	0	90	
MYCO003918	16	0	89	
MYCO003920	13	0	46	
MYCO003921	23	0	88	
MYCO013678	3	0	15	
MYCO000002	55	0	91	
MYCO000003	53	0	77	
MYCO000004	15	0	64	
MYCO000007	521	0	103	
MYCO000008	25	0	46	
MYCO000010	19	0	68	
MYCO000012	39	0	73	
MYCO000014	16	0	118	
MYCO000018	288	0	92	
MYCO000020	246	0	131	
MYCO000021	681	0	65	
MYCO000022	52	0	42	
MYCO000023	46	0	61	
MYCO000024	1483	0	55	
MYCO000025	525	0	39	
MYCO000026	159	0	91	
MYCO000027	25	0	18	
MYCO000028	15	0	22	
MYCO000029	369	0	92	
MYCO000030	952	0	29	
MYCO000031	45	0	20	
MYCO000032	1487	0	121	
MYCO000033	18	0	12	
MYCO000034	12	0	26	
MYCO000035	71	0	136	
MYCO000036	107	0	58	
MYCO000037	64	0	83	
MYCO000039	211	0	27	
MYCO000040	78	0	57	
MYCO000041	442	0	175	
MYCO000042	335	0	78	
MYCO000043	40	0	51	
MYCO000044	602	0	50	
MYCO000045	2177	0	56	
MYCO000048	33	0	70	
MYCO000052	141	19	48	
MYCO000057	21	2901	57	
MYCO000058	80	0	142	
MYCO000059	23	0	54	
MYCO000060	12	0	52	
MYCO000061	1122	0	18	
MYCO000062	260	0	87	
MYCO000063	356	0	112	
MYCO000064	1993	0	142	
MYCO000065	13	0	15	
MYCO000067	20	0	36	
MYCO000069	117	0	69	
MYCO000070	26	2807	50	
MYCO000071	1344	0	56	
MYCO000072	1146	0	49	
MYCO000073	39	2059	52	
MYCO000074	1883	0	70	
MYCO000075	247	0	70	
MYCO000076	15	0	24	
MYCO000077	53	0	49	
MYCO000078	62	0	26	
MYCO000079	80	0	38	
MYCO000080	93	0	43	
MYCO000081	7	0	31	
MYCO000082	1247	0	28	
MYCO000083	1760	0	58	
MYCO000084	38	0	50	
MYCO000085	311	0	40	
MYCO000086	402	0	77	
MYCO000087	346	0	80	
MYCO000088	32	0	48	
MYCO000089	50	0	37	
MYCO000090	69	0	56	
MYCO000091	79	0	36	
MYCO000092	281	0	109	
MYCO000093	144	0	55	
MYCO000094	4699	67	38	
MYCO000095	2109	0	170	
MYCO000096	536	0	81	
MYCO000097	10	0	30	
MYCO000098	10	0	26	
MYCO000099	1385	0	71	
MYCO000100	7	0	8	
MYCO000101	204	0	344	
MYCO000102	122	0	111	
MYCO000103	203	0	116	
MYCO000104	1556	0	79	
MYCO000106	111	0	47	
MYCO000107	4818	0	6	
MYCO000108	16	0	14	
MYCO000109	1534	0	63	
MYCO000110	20	0	40	
MYCO000111	173	0	98	
MYCO000112	37	0	71	
MYCO000113	268	0	53	
MYCO000114	207	0	38	
MYCO000115	645	0	70	
MYCO000116	27	0	43	
MYCO000117	21	0	51	
MYCO000118	171	0	107	
MYCO000119	130	0	84	
MYCO000120	117	0	129	
MYCO000121	155	0	30	
MYCO000122	20	0	13	
MYCO000123	8	0	18	
MYCO000124	4738	0	5	
MYCO000125	275	0	55	
MYCO000126	49	0	94	
MYCO000127	39	0	58	
MYCO000128	52	0	32	
MYCO000130	8	0	39	
MYCO000131	41	0	64	
MYCO000132	211	0	52	
MYCO000133	574	0	45	
MYCO000134	1664	0	29	
MYCO000135	14	0	25	
MYCO000136	489	0	91	
MYCO000137	546	0	34	
MYCO000138	502	0	29	
MYCO000139	56	0	50	
MYCO000140	14	0	22	
MYCO000141	15	0	26	
MYCO000142	750	0	56	
MYCO000143	293	0	88	
MYCO000144	324	0	40	
MYCO000145	240	0	58	
MYCO000146	837	0	55	
MYCO000147	178	0	98	
MYCO000148	49	0	36	
MYCO000149	888	0	48	
MYCO000150	37	0	19	
MYCO000151	350	0	103	
MYCO000152	122	0	104	
MYCO000153	93	0	41	
MYCO000154	58	0	52	
MYCO000155	138	0	51	
MYCO000156	5	0	16	
MYCO000157	360	0	66	
MYCO000158	15	0	34	
MYCO000159	399	0	91	
MYCO000160	49	0	95	
MYCO000161	153	0	72	
MYCO000162	282	0	66	
MYCO000163	1	0	33	
MYCO000164	13	0	21	
MYCO000165	2424	0	13	
MYCO000166	81	0	89	
MYCO000167	12	2421	29	
MYCO000168	73	0	53	
MYCO000169	146	0	84	
MYCO000170	12	0	44	
MYCO000171	1266	0	77	
MYCO000172	211	0	86	
MYCO000173	17	0	57	
MYCO000174	93	0	81	
MYCO000175	73	0	50	
MYCO000176	194	0	56	
MYCO000177	3	0	24	
MYCO000178	25	0	43	
MYCO000179	287	0	63	
MYCO000180	569	0	81	
MYCO000181	13	0	36	
MYCO000182	363	0	73	
MYCO000185	109	0	21	
MYCO000186	268	0	102	
MYCO000187	81	0	41	
MYCO000188	18	0	28	
MYCO000190	1	0	15	
MYCO000191	492	0	60	
MYCO000192	1130	0	51	
MYCO000193	46	0	112	
MYCO000194	386	0	196	
MYCO000195	796	0	37	
MYCO000196	82	0	26	
MYCO000197	4862	0	2	
MYCO000199	8	0	30	
MYCO000200	78	0	32	
MYCO000201	371	0	24	
MYCO000202	170	0	138	
MYCO000203	220	0	22	
MYCO000205	635	0	49	
MYCO000206	314	0	114	
MYCO000208	29	0	28	
MYCO000209	365	0	56	
MYCO000210	439	0	59	
MYCO000212	70	0	54	
MYCO000213	32	0	61	
MYCO000214	82	0	94	
MYCO000215	574	0	49	
MYCO000216	71	0	43	
MYCO000217	436	0	46	
MYCO000218	1450	0	57	
MYCO000219	6	0	37	
MYCO000220	203	0	59	
MYCO000221	542	0	59	
MYCO000222	116	0	40	
MYCO000224	68	0	27	
MYCO000226	300	0	82	
MYCO000229	25	0	41	
MYCO000230	19	0	59	
MYCO000231	64	0	82	
MYCO000232	38	0	40	
MYCO000233	505	0	40	
MYCO000234	262	0	68	
MYCO000235	78	0	103	
MYCO000239	10	0	19	
MYCO000240	11	0	24	
MYCO000245	29	0	34	
MYCO000246	224	0	67	
MYCO000249	26	0	33	
MYCO000250	7	0	15	
MYCO000251	7	0	37	
MYCO000252	93	0	147	
MYCO000253	30	0	19	
MYCO000254	67	0	21	
MYCO000255	449	0	77	
MYCO000256	1331	0	78	
MYCO000257	629	0	31	
MYCO000258	53	0	26	
MYCO000259	11	0	41	
MYCO000260	76	0	68	
MYCO000261	69	0	86	
MYCO000262	26	0	26	
MYCO000263	452	0	41	
MYCO000264	103	0	35	
MYCO000265	27	0	59	
MYCO000266	1219	0	150	
MYCO000267	538	0	59	
MYCO000268	49	0	33	
MYCO000269	103	0	59	
MYCO000271	170	0	105	
MYCO000272	89	0	72	
MYCO000273	74	0	35	
MYCO000275	471	0	57	
MYCO000276	228	1361	44	
MYCO000277	159	2036	75	
MYCO000278	4855	0	4	
MYCO000279	4604	0	76	
MYCO000280	2105	0	75	
MYCO000281	246	0	48	
MYCO000282	72	0	84	
MYCO000283	418	0	70	
MYCO000284	890	0	175	
MYCO000285	165	0	12	
MYCO000286	1403	0	68	
MYCO000287	20	16	15	
MYCO000288	3	0	27	
MYCO000289	101	0	62	
MYCO000290	791	0	84	
MYCO000291	657	0	67	
MYCO000292	49	0	46	
MYCO000293	130	0	66	
MYCO000294	122	0	49	
MYCO000295	21	0	34	
MYCO000296	82	0	60	
MYCO000297	2569	0	111	
MYCO000298	7	0	14	
MYCO000299	8	0	24	
MYCO000300	4	0	11	
MYCO000301	4	0	25	
MYCO000302	83	0	41	
MYCO000303	56	0	58	
MYCO000304	666	0	405	
MYCO000305	4793	0	11	
MYCO000306	19	0	31	
MYCO000307	20	0	29	
MYCO000308	8	0	40	
MYCO000309	33	0	28	
MYCO000310	5	0	16	
MYCO000311	31	0	65	
MYCO000312	403	0	82	
MYCO000313	6	0	23	
MYCO000314	180	0	40	
MYCO000315	1150	0	40	
MYCO000316	457	0	30	
MYCO000317	68	0	49	
MYCO000318	32	0	34	
MYCO000319	67	0	39	
MYCO000320	18	0	34	
MYCO000323	512	0	40	
MYCO000324	25	0	33	
MYCO000325	2370	0	6	
MYCO000326	236	0	24	
MYCO000327	289	0	64	
MYCO000328	12	0	25	
MYCO000329	145	0	39	
MYCO000330	35	0	42	
MYCO000331	266	0	85	
MYCO000332	48	0	46	
MYCO000333	5	0	22	
MYCO000335	686	0	27	
MYCO000336	4224	540	24	
MYCO000338	917	0	100	
MYCO000339	706	0	124	
MYCO000340	16	0	31	
MYCO000341	1485	0	59	
MYCO000342	162	0	77	
MYCO000343	200	0	78	
MYCO000344	25	0	25	
MYCO000345	9	0	30	
MYCO000346	219	0	60	
MYCO000347	11	19	31	
MYCO000348	8	0	20	
MYCO000349	19	0	32	
MYCO000351	126	0	27	
MYCO000353	5	0	22	
MYCO000354	4861	0	1	
MYCO000355	2958	0	366	
MYCO000356	413	0	42	
MYCO000358	1321	0	33	
MYCO000359	73	0	43	
MYCO000361	13	0	38	
MYCO000362	34	0	79	
MYCO000363	41	0	52	
MYCO000364	17	0	34	
MYCO000365	142	0	53	
MYCO000366	77	0	33	
MYCO000367	35	0	16	
MYCO000368	213	0	70	
MYCO000369	13	0	27	
MYCO000370	42	0	61	
MYCO000371	35	0	24	
MYCO000372	150	0	48	
MYCO000373	187	0	145	
MYCO000374	23	0	30	
MYCO000375	521	0	31	
MYCO000376	399	0	60	
MYCO000377	374	0	61	
MYCO000378	671	0	14	
MYCO000379	16	0	16	
MYCO000380	76	0	28	
MYCO000381	68	0	40	
MYCO000382	32	0	17	
MYCO000385	17	0	40	
MYCO000386	413	0	143	
MYCO000387	1755	0	27	
MYCO000388	4860	0	2	
MYCO000389	614	0	66	
MYCO000390	8	0	22	
MYCO000391	95	0	44	
MYCO000392	289	0	73	
MYCO000393	1517	0	101	
MYCO000394	55	0	34	
MYCO000395	788	0	15	
MYCO000396	36	0	22	
MYCO000397	748	1632	77	
MYCO000398	307	0	28	
MYCO000399	81	0	72	
MYCO000400	131	0	53	
MYCO000401	245	0	21	
MYCO000402	838	0	114	
MYCO000403	1099	0	21	
MYCO000404	159	0	135	
MYCO000405	2376	0	164	
MYCO000406	67	0	41	
MYCO000408	31	0	97	
MYCO000409	39	0	49	
MYCO000412	34	0	61	
MYCO000413	149	0	24	
MYCO000416	1	0	8	
MYCO000418	44	0	73	
MYCO000419	97	0	75	
MYCO000420	6	0	35	
MYCO000421	35	0	34	
MYCO000422	27	0	35	
MYCO000424	3	0	17	
MYCO000425	1147	0	172	
MYCO000426	87	0	29	
MYCO000427	64	0	41	
MYCO000428	247	0	39	
MYCO000430	73	0	8	
MYCO000431	27	0	18	
MYCO000434	50	0	32	
MYCO000435	325	0	107	
MYCO000436	331	0	40	
MYCO000437	268	0	24	
MYCO000438	87	0	55	
MYCO000441	295	0	23	
MYCO000442	142	0	75	
MYCO000443	179	0	23	
MYCO000444	745	0	38	
MYCO000445	19	0	22	
MYCO000446	1014	0	31	
MYCO000447	199	0	64	
MYCO000448	83	0	26	
MYCO000449	79	0	46	
MYCO000450	72	0	117	
MYCO000451	10	0	25	
MYCO000452	12	0	28	
MYCO000453	1247	0	48	
MYCO000454	18	0	21	
MYCO000455	3	0	25	
MYCO000456	55	0	48	
MYCO000457	564	0	81	
MYCO000458	363	0	78	
MYCO000459	143	0	40	
MYCO000460	4	0	13	
MYCO000461	51	0	32	
MYCO000463	89	0	11	
MYCO000464	5	0	23	
MYCO000469	86	0	57	
MYCO000470	36	0	32	
MYCO000471	99	0	34	
MYCO000473	39	0	59	
MYCO000474	7	0	21	
MYCO000476	13	0	13	
MYCO000477	64	0	20	
MYCO000478	27	0	36	
MYCO000479	494	0	32	
MYCO000480	157	0	35	
MYCO000481	29	0	23	
MYCO000482	48	0	44	
MYCO000485	86	0	51	
MYCO000487	157	0	36	
MYCO000488	27	0	34	
MYCO000492	646	0	90	
MYCO000493	190	0	56	
MYCO000494	140	0	34	
MYCO000497	611	0	41	
MYCO000499	124	0	40	
MYCO000500	412	0	38	
MYCO000503	8	0	26	
MYCO000504	5	0	16	
MYCO000506	28	0	12	
MYCO000507	396	0	172	
MYCO000508	0	0	12	
MYCO000511	762	0	65	
MYCO000513	69	0	21	
MYCO000514	41	0	27	
MYCO000515	4224	318	23	
MYCO000516	17	0	22	
MYCO000517	114	0	67	
MYCO000518	24	0	32	
MYCO000519	564	0	40	
MYCO000520	50	0	16	
MYCO000521	8	0	14	
MYCO000522	29	0	44	
MYCO000523	233	0	22	
MYCO000525	467	0	38	
MYCO000526	70	0	33	
MYCO000530	402	0	71	
MYCO000531	629	0	17	
MYCO000532	4565	0	14	
MYCO000533	101	0	37	
MYCO000534	192	0	48	
MYCO000535	74	0	37	
MYCO000536	750	0	43	
MYCO000537	367	0	75	
MYCO000538	1177	0	114	
MYCO000539	1930	0	22	
MYCO000540	417	0	24	
MYCO000541	176	0	61	
MYCO000542	627	0	48	
MYCO000543	0	0	10	
MYCO000544	445	0	16	
MYCO000545	170	0	60	
MYCO000546	16	0	18	
MYCO000547	294	0	50	
MYCO000549	64	0	22	
MYCO000550	27	0	11	
MYCO000552	993	0	68	
MYCO000554	330	0	31	
MYCO000556	10	0	22	
MYCO000559	84	0	16	
MYCO000560	30	0	37	
MYCO000561	320	0	42	
MYCO000565	181	0	100	
MYCO000567	87	0	55	
MYCO000568	166	0	63	
MYCO000569	10	0	14	
MYCO000570	274	0	113	
MYCO000571	453	0	58	
MYCO000572	16	0	21	
MYCO000573	295	0	71	
MYCO000574	247	0	49	
MYCO000575	323	0	58	
MYCO000576	374	0	61	
MYCO000577	399	0	41	
MYCO000578	3677	0	123	
MYCO000579	243	0	44	
MYCO000580	29	0	26	
MYCO000581	164	0	13	
MYCO000582	22	0	17	
MYCO000583	118	0	37	
MYCO000584	66	0	141	
MYCO000585	165	0	110	
MYCO000586	26	1512	34	
MYCO000587	160	0	58	
MYCO000588	209	0	50	
MYCO000589	64	0	67	
MYCO000590	2381	0	26	
MYCO000591	369	0	81	
MYCO000592	871	0	55	
MYCO000593	60	0	60	
MYCO000594	262	0	93	
MYCO000595	33	0	23	
MYCO000596	41	0	10	
MYCO000597	18	0	55	
MYCO000598	18	0	22	
MYCO000599	9	2716	14	
MYCO000600	247	0	20	
MYCO000601	221	0	37	
MYCO000602	606	0	42	
MYCO000603	903	0	16	
MYCO000604	248	0	53	
MYCO000605	35	0	20	
MYCO000606	105	0	37	
MYCO000607	10	0	19	
MYCO000608	2	0	9	
MYCO000609	25	0	22	
MYCO000610	580	0	44	
MYCO000611	13	0	25	
MYCO000612	623	0	28	
MYCO000613	1289	0	97	
MYCO000614	178	0	49	
MYCO000615	67	0	11	
MYCO000616	34	0	21	
MYCO000617	15	0	23	
MYCO000618	635	0	25	
MYCO000619	4864	0	0	
MYCO000620	1274	0	56	
MYCO000621	652	0	44	
MYCO000622	17	0	44	
MYCO000623	8	0	12	
MYCO000624	13	0	24	
MYCO000625	347	0	38	
MYCO000626	32	0	14	
MYCO000627	35	0	17	
MYCO000628	416	2260	56	
MYCO000629	842	0	77	
MYCO000630	1298	0	113	
MYCO000631	1316	0	115	
MYCO000632	6	0	28	
MYCO000633	40	0	45	
MYCO000634	10	0	28	
MYCO000635	9	0	25	
MYCO000637	6	0	31	
MYCO000638	71	0	28	
MYCO000642	29	0	40	
MYCO000643	131	0	39	
MYCO000644	7	15	34	
MYCO000645	4	0	34	
MYCO000646	81	0	42	
MYCO000648	1639	0	136	
MYCO000649	1868	0	36	
MYCO000650	1350	0	37	
MYCO000653	28	0	27	
MYCO000654	513	0	71	
MYCO000656	35	0	22	
MYCO000657	5	0	7	
MYCO000658	31	0	39	
MYCO000659	14	0	21	
MYCO000660	54	0	15	
MYCO000661	68	0	21	
MYCO000662	77	0	12	
MYCO000663	409	0	117	
MYCO000664	5	0	11	
MYCO000665	58	0	16	
MYCO000666	7	0	15	
MYCO000669	466	0	86	
MYCO000670	841	0	25	
MYCO000671	98	0	44	
MYCO000673	642	0	49	
MYCO000674	64	0	24	
MYCO000675	231	0	27	
MYCO000676	25	2165	96	
MYCO000677	10	0	21	
MYCO000678	24	0	26	
MYCO000679	76	0	24	
MYCO000680	13	0	22	
MYCO000681	10	0	35	
MYCO000686	724	0	29	
MYCO000687	65	0	31	
MYCO000688	53	0	51	
MYCO000689	236	0	17	
MYCO000690	64	0	34	
MYCO000691	1	0	36	
MYCO000692	7	0	14	
MYCO000694	262	0	43	
MYCO000695	60	0	27	
MYCO000697	26	0	63	
MYCO000698	887	0	31	
MYCO000699	2	0	10	
MYCO000711	346	0	90	
MYCO000712	17	0	30	
MYCO000713	18	0	58	
MYCO000724	456	0	88	
MYCO000725	59	0	33	
MYCO000726	128	0	57	
MYCO000727	296	0	37	
MYCO000728	148	0	51	
MYCO000729	713	0	68	
MYCO000730	146	0	33	
MYCO000731	400	0	44	
MYCO000735	15	0	30	
MYCO000736	109	0	39	
MYCO000737	23	0	18	
MYCO000738	603	0	29	
MYCO000739	2435	0	20	
MYCO000740	1208	0	35	
MYCO000741	29	577	22	
MYCO000742	4864	0	0	
MYCO000743	16	0	23	
MYCO000744	234	0	28	
MYCO000745	656	0	32	
MYCO000746	4421	0	27	
MYCO000747	4393	0	40	
MYCO000748	471	0	24	
MYCO000749	159	2325	54	
MYCO000750	1124	1801	23	
MYCO000751	181	0	39	
MYCO000752	133	0	56	
MYCO000753	247	0	64	
MYCO000754	1324	0	74	
MYCO000755	603	0	114	
MYCO000756	138	0	34	
MYCO000759	0	0	11	
MYCO000760	161	0	21	
MYCO000761	41	0	34	
MYCO000762	18	0	27	
MYCO000763	8	0	10	
MYCO000764	33	0	51	
MYCO000765	103	0	42	
MYCO000766	1162	0	52	
MYCO000767	368	0	33	
MYCO000768	57	0	75	
MYCO000769	13	0	35	
MYCO000770	290	0	37	
MYCO000771	62	0	25	
MYCO000773	100	0	78	
MYCO000774	198	0	51	
MYCO000775	82	0	35	
MYCO000776	207	0	35	
MYCO000778	265	0	53	
MYCO000779	1526	0	26	
MYCO000781	4749	0	1	
MYCO000783	43	0	83	
MYCO000784	146	0	37	
MYCO000785	138	0	64	
MYCO000786	183	0	22	
MYCO000787	709	0	48	
MYCO000789	9	0	20	
MYCO000790	36	0	43	
MYCO000791	125	0	59	
MYCO000792	28	0	39	
MYCO000793	15	0	16	
MYCO000794	80	0	63	
MYCO000795	585	2	20	
MYCO000796	4864	0	0	
MYCO000797	4793	0	11	
MYCO000798	26	0	29	
MYCO000799	10	0	32	
MYCO000800	63	0	61	
MYCO000801	7	0	21	
MYCO000802	115	0	45	
MYCO000804	850	0	26	
MYCO000805	15	0	51	
MYCO000806	23	0	60	
MYCO000807	20	0	13	
MYCO000811	316	0	44	
MYCO000812	26	0	35	
MYCO000813	357	0	38	
MYCO000816	11	0	29	
MYCO000817	5	0	36	
MYCO000818	110	0	31	
MYCO000819	79	0	47	
MYCO000822	853	0	87	
MYCO000825	51	0	52	
MYCO000826	283	0	34	
MYCO000827	376	0	24	
MYCO000828	106	0	29	
MYCO000829	140	1533	36	
MYCO000830	29	0	51	
MYCO000831	30	0	36	
MYCO000832	1154	0	16	
MYCO000833	3893	0	61	
MYCO000834	2917	0	84	
MYCO000835	364	0	51	
MYCO000836	2439	0	17	
MYCO000837	171	0	52	
MYCO000838	65	0	36	
MYCO000839	78	0	23	
MYCO000840	79	0	35	
MYCO000841	58	0	16	
MYCO000842	245	0	70	
MYCO000843	22	0	59	
MYCO000844	125	0	42	
MYCO000845	59	0	62	
MYCO000846	210	0	60	
MYCO000847	609	0	17	
MYCO000848	77	0	61	
MYCO000849	649	0	68	
MYCO000850	25	0	14	
MYCO000851	380	0	28	
MYCO000852	32	0	50	
MYCO000853	185	0	76	
MYCO000854	12	0	28	
MYCO000855	127	0	53	
MYCO000856	10	0	20	
MYCO000857	22	0	19	
MYCO000858	267	0	68	
MYCO000862	429	0	113	
MYCO000863	12	0	10	
MYCO000864	24	0	24	
MYCO000865	37	0	15	
MYCO000866	381	0	26	
MYCO000867	2432	0	85	
MYCO000868	28	0	12	
MYCO000869	354	0	53	
MYCO000870	18	0	21	
MYCO000872	2206	0	78	
MYCO000873	70	0	83	
MYCO000874	417	2315	51	
MYCO000875	27	0	23	
MYCO000877	36	0	33	
MYCO000878	3542	0	43	
MYCO000879	120	0	22	
MYCO000880	66	0	19	
MYCO000881	34	0	40	
MYCO000882	50	0	20	
MYCO000883	169	0	31	
MYCO000887	16	0	17	
MYCO000888	1118	0	71	
MYCO000890	190	0	133	
MYCO000891	141	0	38	
MYCO000892	40	0	85	
MYCO000893	51	0	69	
MYCO000894	60	0	64	
MYCO000895	151	0	70	
MYCO000897	1010	0	73	
MYCO000898	6	0	10	
MYCO000899	17	0	38	
MYCO000900	16	0	8	
MYCO000901	255	0	31	
MYCO000904	764	0	57	
MYCO000905	36	0	34	
MYCO000907	4861	0	1	
MYCO000908	34	0	105	
MYCO000909	43	0	10	
MYCO000910	20	0	26	
MYCO000911	281	0	39	
MYCO000912	8	0	21	
MYCO000913	140	0	70	
MYCO000914	178	0	76	
MYCO000915	774	0	55	
MYCO000916	17	0	22	
MYCO000917	122	0	70	
MYCO000918	56	0	28	
MYCO000919	5	0	26	
MYCO000920	53	0	67	
MYCO000921	36	0	35	
MYCO000922	160	0	89	
MYCO000923	29	0	66	
MYCO000924	403	0	53	
MYCO000925	69	0	32	
MYCO000928	66	0	35	
MYCO000930	79	0	12	
MYCO000931	209	0	105	
MYCO000932	67	0	68	
MYCO000933	48	0	49	
MYCO000934	618	0	55	
MYCO000935	82	0	51	
MYCO000936	94	0	40	
MYCO000937	6	0	32	
MYCO000938	38	0	103	
MYCO000939	118	0	90	
MYCO000940	11	0	40	
MYCO000941	25	0	38	
MYCO000942	21	0	16	
MYCO000943	61	0	55	
MYCO000944	72	0	32	
MYCO000945	135	0	47	
MYCO000947	14	0	14	
MYCO000948	3	0	17	
MYCO000950	187	0	49	
MYCO000954	113	0	59	
MYCO000955	1031	0	46	
MYCO000956	455	0	28	
MYCO000958	618	0	64	
MYCO000959	851	0	93	
MYCO000960	45	0	19	
MYCO000961	47	3010	17	
MYCO000962	258	0	26	
MYCO000963	298	0	50	
MYCO000964	32	0	23	
MYCO000965	12	0	33	
MYCO000966	523	0	23	
MYCO000967	34	0	14	
MYCO000968	43	0	20	
MYCO000969	1149	0	101	
MYCO000970	11	0	31	
MYCO000971	511	0	34	
MYCO000972	67	0	66	
MYCO000973	320	0	116	
MYCO000974	195	0	99	
MYCO000975	464	0	52	
MYCO000976	590	0	75	
MYCO000977	2929	0	93	
MYCO000978	4528	0	61	
MYCO000979	20	0	14	
MYCO000980	4685	0	56	
MYCO000982	205	0	57	
MYCO000984	45	0	18	
MYCO000985	17	0	30	
MYCO000986	152	0	51	
MYCO000987	235	0	198	
MYCO000988	112	0	98	
MYCO000989	65	0	78	
MYCO000990	155	0	38	
MYCO000991	7	0	17	
MYCO000992	250	0	34	
MYCO000996	23	0	52	
MYCO000997	5	0	24	
MYCO000998	151	0	42	
MYCO000999	55	0	32	
MYCO001000	42	0	23	
MYCO001003	263	0	47	
MYCO001004	1882	0	69	
MYCO001005	1249	0	29	
MYCO001006	102	0	75	
MYCO001012	568	0	12	
MYCO001016	31	0	22	
MYCO001019	6	0	21	
MYCO001021	29	0	33	
MYCO001024	385	0	30	
MYCO001025	69	0	20	
MYCO001027	43	0	38	
MYCO001028	1301	0	94	
MYCO001029	55	0	84	
MYCO001030	50	0	109	
MYCO001031	81	0	25	
MYCO001032	93	0	73	
MYCO001033	44	0	30	
MYCO001034	610	0	19	
MYCO001035	757	0	28	
MYCO001036	116	0	18	
MYCO001037	426	2263	134	
MYCO001038	2755	511	108	
MYCO001039	1017	0	53	
MYCO001040	508	0	38	
MYCO001041	189	32	48	
MYCO001042	60	4	28	
MYCO001043	25	0	49	
MYCO001044	8	0	19	
MYCO001045	995	0	32	
MYCO001046	4861	0	1	
MYCO001047	4736	37	8	
MYCO001048	22	0	78	
MYCO001049	24	0	28	
MYCO001050	215	0	33	
MYCO001051	40	0	49	
MYCO001052	48	0	19	
MYCO001053	23	0	15	
MYCO001054	11	0	17	
MYCO001055	1	0	8	
MYCO001056	43	147	34	
MYCO001057	37	0	68	
MYCO001058	127	0	54	
MYCO001059	83	0	62	
MYCO001060	34	0	21	
MYCO001061	29	0	38	
MYCO001062	307	0	35	
MYCO001063	88	0	56	
MYCO001064	317	0	23	
MYCO001065	87	0	34	
MYCO001066	541	0	15	
MYCO001067	4826	0	20	
MYCO001068	4723	0	20	
MYCO001069	129	0	92	
MYCO001073	111	0	51	
MYCO001074	109	0	49	
MYCO001075	162	0	59	
MYCO001076	52	0	59	
MYCO001078	1159	0	27	
MYCO001081	70	0	17	
MYCO001083	10	0	12	
MYCO001084	1707	0	60	
MYCO001085	38	0	28	
MYCO001087	4077	0	93	
MYCO001088	420	0	27	
MYCO001089	4864	0	0	
MYCO001090	47	0	25	
MYCO001091	4431	0	72	
MYCO001093	67	0	49	
MYCO001096	62	0	48	
MYCO001097	27	0	48	
MYCO001100	35	0	39	
MYCO001101	128	0	46	
MYCO001102	24	0	13	
MYCO001103	12	0	12	
MYCO001104	17	0	35	
MYCO001105	45	0	24	
MYCO001106	100	0	33	
MYCO001107	0	0	11	
MYCO001109	15	0	26	
MYCO001111	46	0	36	
MYCO001113	8	0	6	
MYCO001114	9	0	18	
MYCO001115	97	0	49	
MYCO001116	24	0	10	
MYCO001117	5	0	14	
MYCO001118	261	0	38	
MYCO001119	23	0	6	
MYCO001120	21	0	25	
MYCO001121	102	0	69	
MYCO001122	452	0	44	
MYCO001123	61	0	45	
MYCO001124	111	0	40	
MYCO001125	571	0	60	
MYCO001126	20	0	24	
MYCO001127	28	0	67	
MYCO001128	1635	0	62	
MYCO001129	32	0	108	
MYCO001130	69	0	75	
MYCO001131	17	0	46	
MYCO001132	809	0	85	
MYCO001133	635	0	71	
MYCO001134	346	0	15	
MYCO001135	1501	0	88	
MYCO001136	4	0	21	
MYCO001137	26	0	15	
MYCO001138	56	0	44	
MYCO001139	358	0	34	
MYCO001140	15	0	29	
MYCO001141	55	2473	29	
MYCO001142	55	2770	26	
MYCO001143	72	0	40	
MYCO001144	66	0	34	
MYCO001145	2406	0	19	
MYCO001146	43	0	57	
MYCO001147	36	0	28	
MYCO001148	4700	39	33	
MYCO001149	60	2	28	
MYCO001150	4864	0	0	
MYCO001151	45	0	29	
MYCO001152	30	0	17	
MYCO001153	94	0	43	
MYCO001154	12	0	32	
MYCO001155	33	0	26	
MYCO001156	42	0	30	
MYCO001157	2013	0	36	
MYCO001158	1051	0	32	
MYCO001159	17	0	58	
MYCO001160	71	0	20	
MYCO001161	148	0	145	
MYCO001162	70	0	74	
MYCO001163	61	0	20	
MYCO001164	22	0	27	
MYCO001166	206	0	65	
MYCO001167	36	0	20	
MYCO001168	713	0	56	
MYCO001169	10	0	17	
MYCO001170	52	0	39	
MYCO001171	13	0	23	
MYCO001172	641	0	43	
MYCO001174	6	0	21	
MYCO001175	1859	0	93	
MYCO001176	256	0	24	
MYCO001179	905	0	136	
MYCO001180	4854	0	1	
MYCO001181	285	0	198	
MYCO001182	31	0	44	
MYCO001183	48	0	135	
MYCO001184	33	0	38	
MYCO001185	66	0	65	
MYCO001186	387	0	83	
MYCO001187	501	0	66	
MYCO001188	287	0	52	
MYCO001189	89	0	42	
MYCO001190	617	0	36	
MYCO001191	844	0	40	
MYCO001192	490	0	30	
MYCO001194	85	0	70	
MYCO001195	29	0	14	
MYCO001196	2430	355	374	
MYCO001197	2754	548	113	
MYCO001198	426	2289	131	
MYCO001199	4736	38	9	
MYCO001200	358	0	67	
MYCO001203	366	0	33	
MYCO001204	357	0	65	
MYCO001205	84	0	27	
MYCO001206	85	0	62	
MYCO001209	68	0	15	
MYCO001210	38	0	18	
MYCO001211	14	0	6	
MYCO001212	62	0	47	
MYCO001214	159	0	18	
MYCO001215	674	0	88	
MYCO001216	90	0	36	
MYCO001217	775	0	89	
MYCO001218	18	0	59	
MYCO001219	37	0	38	
MYCO001222	10	0	24	
MYCO001224	18	0	28	
MYCO001225	1253	0	39	
MYCO001226	644	0	83	
MYCO001227	33	0	35	
MYCO001228	19	0	36	
MYCO001230	438	0	82	
MYCO001231	143	0	28	
MYCO001232	128	0	74	
MYCO001233	199	0	36	
MYCO001234	41	0	23	
MYCO001235	28	0	43	
MYCO001236	62	0	42	
MYCO001237	20	0	29	
MYCO001240	80	0	49	
MYCO001241	47	0	16	
MYCO001242	39	0	22	
MYCO001243	3183	0	51	
MYCO001244	722	0	47	
MYCO001246	6	0	17	
MYCO001247	8	0	7	
MYCO001249	87	0	48	
MYCO001250	576	0	73	
MYCO001251	1323	0	100	
MYCO001252	24	0	25	
MYCO001254	468	0	43	
MYCO001255	62	0	35	
MYCO001256	142	0	55	
MYCO001257	55	0	76	
MYCO001258	1164	0	55	
MYCO001259	197	0	36	
MYCO001260	503	0	32	
MYCO001261	26	0	19	
MYCO001262	24	0	25	
MYCO001263	458	0	59	
MYCO001264	152	0	62	
MYCO001265	123	0	26	
MYCO001266	1074	0	86	
MYCO001267	41	0	54	
MYCO001268	299	0	44	
MYCO001269	981	0	21	
MYCO001270	227	0	32	
MYCO001271	24	0	18	
MYCO001274	486	0	22	
MYCO001275	14	0	27	
MYCO001276	241	0	27	
MYCO001278	944	0	90	
MYCO001279	83	0	66	
MYCO001280	31	0	75	
MYCO001281	107	0	68	
MYCO001282	4	0	28	
MYCO001283	121	0	31	
MYCO001284	13	0	16	
MYCO001285	19	0	55	
MYCO001286	29	0	89	
MYCO001287	15	0	12	
MYCO001288	1930	0	66	
MYCO001289	18	0	35	
MYCO001290	742	1037	63	
MYCO001291	15	0	19	
MYCO001296	220	0	40	
MYCO001300	456	0	39	
MYCO001301	15	0	24	
MYCO001303	10	0	16	
MYCO001304	17	0	36	
MYCO001306	15	0	19	
MYCO001307	53	0	59	
MYCO001312	40	0	21	
MYCO001313	2607	46	36	
MYCO001314	57	0	43	
MYCO001316	49	0	30	
MYCO001317	205	0	82	
MYCO001318	222	0	71	
MYCO001319	3640	0	64	
MYCO001320	239	0	100	
MYCO001322	244	0	19	
MYCO001324	497	0	40	
MYCO001325	3117	0	68	
MYCO001329	573	0	94	
MYCO001330	336	0	71	
MYCO001331	17	0	10	
MYCO001332	17	0	31	
MYCO001333	270	0	47	
MYCO001334	124	0	18	
MYCO001335	116	0	17	
MYCO001336	352	0	37	
MYCO001337	5	0	33	
MYCO001339	21	0	39	
MYCO001341	41	0	24	
MYCO001342	13	0	17	
MYCO001343	23	0	26	
MYCO001344	1	0	15	
MYCO001345	60	0	65	
MYCO001346	16	0	35	
MYCO001347	13	0	37	
MYCO001348	328	0	93	
MYCO001349	137	0	57	
MYCO001350	15	0	33	
MYCO001351	24	0	21	
MYCO001352	19	0	29	
MYCO001353	221	0	39	
MYCO001354	274	0	99	
MYCO001355	757	0	127	
MYCO001356	261	0	43	
MYCO001357	44	0	48	
MYCO001358	1311	0	135	
MYCO001359	65	0	30	
MYCO001360	141	0	38	
MYCO001361	2364	356	394	
MYCO001362	39	0	29	
MYCO001363	410	0	39	
MYCO001364	385	0	85	
MYCO001365	28	0	20	
MYCO001366	292	0	33	
MYCO001367	353	0	60	
MYCO001368	94	0	39	
MYCO001369	4864	0	0	
MYCO001370	585	2	20	
MYCO001371	1172	0	52	
MYCO001372	32	0	65	
MYCO001373	107	0	47	
MYCO001374	8	0	30	
MYCO001375	261	0	68	
MYCO001376	405	0	63	
MYCO001377	12	0	25	
MYCO001378	641	0	66	
MYCO001379	54	0	22	
MYCO001382	147	0	31	
MYCO001386	146	0	20	
MYCO001387	1829	0	56	
MYCO001389	101	0	36	
MYCO001393	137	0	58	
MYCO001394	40	0	65	
MYCO001395	36	0	54	
MYCO001396	3337	0	53	
MYCO001397	18	0	23	
MYCO001398	6	0	15	
MYCO001399	135	0	54	
MYCO001400	159	0	47	
MYCO001401	169	0	39	
MYCO001403	276	0	39	
MYCO001404	11	0	19	
MYCO001405	29	0	47	
MYCO001406	352	0	45	
MYCO001409	611	0	30	
MYCO001411	9	0	36	
MYCO001413	21	0	32	
MYCO001414	15	0	21	
MYCO001417	11	0	28	
MYCO001418	19	0	32	
MYCO001419	15	0	30	
MYCO001422	256	0	39	
MYCO001423	321	0	50	
MYCO001424	60	0	45	
MYCO001425	35	0	56	
MYCO001426	88	0	74	
MYCO001427	234	0	63	
MYCO001428	9	0	42	
MYCO001429	209	0	70	
MYCO001430	570	0	63	
MYCO001431	58	0	108	
MYCO001432	473	0	47	
MYCO001433	12	0	35	
MYCO001434	27	0	7	
MYCO001435	1003	0	35	
MYCO001439	11	1283	22	
MYCO001441	2663	0	100	
MYCO001442	265	0	132	
MYCO001443	37	0	23	
MYCO001444	49	0	27	
MYCO001446	697	0	51	
MYCO001450	4859	0	5	
MYCO001452	4547	0	86	
MYCO001453	92	0	63	
MYCO001454	41	0	54	
MYCO001455	121	0	47	
MYCO001456	136	0	52	
MYCO001459	417	0	76	
MYCO001460	749	0	27	
MYCO001461	87	0	107	
MYCO001468	2480	0	43	
MYCO001469	405	0	78	
MYCO001470	13	0	16	
MYCO001471	32	0	13	
MYCO001472	53	0	55	
MYCO001476	4	0	28	
MYCO001477	126	0	56	
MYCO001478	65	0	26	
MYCO001482	47	0	43	
MYCO001486	34	0	41	
MYCO001487	12	0	20	
MYCO001488	66	0	39	
MYCO001489	15	0	19	
MYCO001490	52	0	77	
MYCO001491	11	0	43	
MYCO001492	556	0	74	
MYCO001494	8	0	12	
MYCO001495	9	0	22	
MYCO001496	48	0	48	
MYCO001497	161	0	66	
MYCO001498	63	0	39	
MYCO001499	40	0	18	
MYCO001500	88	0	62	
MYCO001501	50	0	38	
MYCO001502	95	0	61	
MYCO001503	4864	0	0	
MYCO001504	1306	0	20	
MYCO001505	62	0	48	
MYCO001506	120	0	30	
MYCO001507	104	0	40	
MYCO001508	219	125	89	
MYCO001509	421	0	38	
MYCO001510	20	2652	45	
MYCO001511	99	0	52	
MYCO001512	68	0	48	
MYCO001513	69	0	27	
MYCO001514	47	0	33	
MYCO001515	63	0	45	
MYCO001516	279	0	46	
MYCO001517	43	0	33	
MYCO001518	149	0	50	
MYCO001519	734	0	15	
MYCO001520	763	0	49	
MYCO001521	166	0	73	
MYCO001522	449	0	152	
MYCO001523	100	0	47	
MYCO001524	553	0	56	
MYCO001525	616	0	40	
MYCO001526	532	0	54	
MYCO001527	1189	0	279	
MYCO001528	48	0	18	
MYCO001529	94	0	86	
MYCO001530	72	0	65	
MYCO001531	19	0	22	
MYCO001532	90	0	23	
MYCO001533	163	0	38	
MYCO001534	29	0	30	
MYCO001535	6	0	7	
MYCO001537	169	0	69	
MYCO001538	344	0	47	
MYCO001539	30	0	31	
MYCO001541	40	0	25	
MYCO001542	19	17	20	
MYCO001543	18	0	43	
MYCO001544	103	0	40	
MYCO001545	26	0	13	
MYCO001546	83	0	32	
MYCO001548	190	0	109	
MYCO001549	4818	0	2	
MYCO001550	587	0	64	
MYCO001551	1168	0	77	
MYCO001552	154	0	94	
MYCO001553	186	0	23	
MYCO001554	10	0	17	
MYCO001555	10	0	19	
MYCO001556	27	0	37	
MYCO001558	27	0	18	
MYCO001560	4	0	7	
MYCO001561	10	0	26	
MYCO001562	522	0	68	
MYCO001563	359	0	102	
MYCO001565	617	0	74	
MYCO001566	209	0	39	
MYCO001567	8	0	25	
MYCO001570	553	0	30	
MYCO001571	468	0	25	
MYCO001572	3443	0	11	
MYCO001573	3132	0	10	
MYCO001574	3270	0	16	
MYCO001575	4860	0	3	
MYCO001576	952	573	140	
MYCO001577	2982	0	17	
MYCO001578	2991	0	23	
MYCO001579	2963	0	17	
MYCO001580	2990	0	12	
MYCO001581	3636	0	8	
MYCO001582	2985	0	46	
MYCO001583	398	809	26	
MYCO001584	3127	0	10	
MYCO001585	3333	0	19	
MYCO001586	3076	0	43	
MYCO001587	4819	0	11	
MYCO001588	4687	6	53	
MYCO001590	15	0	9	
MYCO001591	35	0	40	
MYCO001592	25	0	70	
MYCO001596	18	0	28	
MYCO001597	49	0	39	
MYCO001598	49	0	13	
MYCO001602	16	0	27	
MYCO001604	36	0	39	
MYCO001606	25	0	25	
MYCO001607	67	0	33	
MYCO001608	3	0	17	
MYCO001610	592	0	32	
MYCO001613	12	0	40	
MYCO001614	61	0	55	
MYCO001615	7	0	29	
MYCO001616	14	0	21	
MYCO001618	26	0	29	
MYCO001619	251	0	54	
MYCO001620	752	0	53	
MYCO001621	654	0	59	
MYCO001622	24	0	47	
MYCO001623	16	0	62	
MYCO001624	23	0	35	
MYCO001625	234	0	71	
MYCO001628	80	0	18	
MYCO001631	73	0	55	
MYCO001632	84	0	18	
MYCO001634	80	0	63	
MYCO001635	76	0	69	
MYCO001636	3	0	24	
MYCO001637	293	0	39	
MYCO001639	998	1519	61	
MYCO001640	116	0	158	
MYCO001644	348	0	40	
MYCO001645	512	0	55	
MYCO001646	452	0	46	
MYCO001647	1249	0	34	
MYCO001648	18	0	41	
MYCO001650	744	0	122	
MYCO001651	2733	0	117	
MYCO001660	793	0	47	
MYCO001661	1396	0	270	
MYCO001662	1214	0	256	
MYCO001663	162	0	93	
MYCO001664	398	0	150	
MYCO001665	237	0	61	
MYCO001666	177	0	53	
MYCO001667	78	0	28	
MYCO001668	4747	0	3	
MYCO001669	139	0	18	
MYCO001670	38	0	20	
MYCO001671	13	0	25	
MYCO001672	433	0	60	
MYCO001673	372	0	50	
MYCO001674	404	0	26	
MYCO001675	319	0	41	
MYCO001676	18	0	53	
MYCO001677	22	0	30	
MYCO001678	584	0	46	
MYCO001679	59	0	45	
MYCO001680	74	0	46	
MYCO001681	56	0	46	
MYCO001682	401	0	42	
MYCO001683	737	0	99	
MYCO001684	38	0	14	
MYCO001685	20	0	31	
MYCO001686	29	0	36	
MYCO001687	28	0	47	
MYCO001688	154	0	39	
MYCO001690	18	0	15	
MYCO001691	281	0	44	
MYCO001692	539	0	38	
MYCO001693	14	0	11	
MYCO001696	42	0	70	
MYCO001698	467	0	33	
MYCO001700	9	0	33	
MYCO001702	533	0	69	
MYCO001703	15	0	26	
MYCO001704	37	0	86	
MYCO001705	1030	0	46	
MYCO001706	376	0	50	
MYCO001707	81	0	68	
MYCO001710	10	0	30	
MYCO001714	616	0	42	
MYCO001715	533	0	49	
MYCO001716	17	0	46	
MYCO001717	958	0	23	
MYCO001718	94	0	55	
MYCO001719	150	0	54	
MYCO001720	80	0	19	
MYCO001721	6	0	8	
MYCO001722	507	0	71	
MYCO001723	255	0	57	
MYCO001724	80	0	15	
MYCO001725	266	0	40	
MYCO001726	324	0	96	
MYCO001727	58	0	32	
MYCO001728	15	0	39	
MYCO001729	35	0	45	
MYCO001730	901	0	92	
MYCO001731	362	0	68	
MYCO001732	287	0	19	
MYCO001733	11	0	37	
MYCO001734	9	0	11	
MYCO001735	36	0	31	
MYCO001736	779	2031	107	
MYCO001737	788	0	46	
MYCO001738	57	0	23	
MYCO001739	267	0	76	
MYCO001740	10	0	12	
MYCO001741	7	1505	15	
MYCO001742	157	0	38	
MYCO001743	517	0	62	
MYCO001744	744	0	22	
MYCO001745	40	0	36	
MYCO001746	251	0	65	
MYCO001747	338	0	93	
MYCO001748	25	0	43	
MYCO001749	39	0	34	
MYCO001750	194	0	73	
MYCO001751	128	0	67	
MYCO001752	25	0	28	
MYCO001753	4830	0	20	
MYCO001754	2123	0	48	
MYCO001755	4864	0	0	
MYCO001756	4864	0	0	
MYCO001757	585	2	20	
MYCO001758	3328	0	31	
MYCO001759	4581	0	36	
MYCO001760	2568	0	46	
MYCO001761	2531	0	18	
MYCO001762	2579	0	25	
MYCO001763	585	2	20	
MYCO001764	4864	0	0	
MYCO001765	4857	0	2	
MYCO001766	22	0	9	
MYCO001767	12	0	19	
MYCO001768	2339	0	66	
MYCO001769	305	0	59	
MYCO001770	297	0	64	
MYCO001771	9	0	56	
MYCO001772	18	0	14	
MYCO001773	23	0	41	
MYCO001774	82	0	87	
MYCO001775	1300	0	29	
MYCO001776	35	0	36	
MYCO001777	301	0	82	
MYCO001778	537	0	18	
MYCO001779	434	0	103	
MYCO001780	13	0	22	
MYCO001781	513	0	108	
MYCO001782	122	0	50	
MYCO001783	263	0	123	
MYCO001785	25	0	47	
MYCO001786	3	0	12	
MYCO001787	4253	0	35	
MYCO001788	16	12	23	
MYCO001789	508	0	60	
MYCO001790	2063	0	63	
MYCO001791	24	0	12	
MYCO001792	4864	0	0	
MYCO001793	426	1814	101	
MYCO001794	8	0	36	
MYCO001795	491	0	62	
MYCO001796	217	0	81	
MYCO001797	20	0	61	
MYCO001798	28	0	61	
MYCO001799	401	0	14	
MYCO001800	188	0	105	
MYCO001801	1305	0	75	
MYCO001802	881	0	61	
MYCO001803	1403	0	77	
MYCO001804	30	0	19	
MYCO001805	3	0	25	
MYCO001806	13	0	15	
MYCO001807	4864	0	0	
MYCO001808	335	0	56	
MYCO001809	234	0	46	
MYCO001810	5	0	16	
MYCO001811	39	0	46	
MYCO001812	239	0	60	
MYCO001813	19	0	26	
MYCO001814	228	0	63	
MYCO001815	684	0	52	
MYCO001816	680	1361	24	
MYCO001817	536	0	77	
MYCO001818	3200	0	60	
MYCO001819	163	0	62	
MYCO001820	164	0	67	
MYCO001822	22	0	34	
MYCO001823	137	0	48	
MYCO001824	21	0	21	
MYCO001825	20	0	40	
MYCO001826	2	0	12	
MYCO001828	20	0	28	
MYCO001831	50	0	12	
MYCO001833	25	0	44	
MYCO001834	47	0	32	
MYCO001835	264	0	103	
MYCO001836	317	0	93	
MYCO001838	15	0	18	
MYCO001839	2	0	9	
MYCO001840	2346	0	66	
MYCO001841	67	0	54	
MYCO001845	886	0	34	
MYCO001846	41	0	30	
MYCO001847	56	0	32	
MYCO001848	71	0	20	
MYCO001849	4	0	8	
MYCO001850	280	0	83	
MYCO001851	475	0	33	
MYCO001852	102	0	23	
MYCO001853	31	0	32	
MYCO001855	74	0	50	
MYCO001856	686	0	37	
MYCO001857	11	0	35	
MYCO001858	31	0	21	
MYCO001859	85	0	48	
MYCO001860	748	0	52	
MYCO001861	5	0	20	
MYCO001862	46	0	46	
MYCO001863	40	0	39	
MYCO001864	16	0	35	
MYCO001865	15	0	37	
MYCO001866	112	0	104	
MYCO001867	254	0	72	
MYCO001868	391	0	108	
MYCO001869	184	0	41	
MYCO001870	558	0	35	
MYCO001871	170	0	25	
MYCO001872	50	0	76	
MYCO001873	63	0	31	
MYCO001874	31	0	45	
MYCO001875	30	0	28	
MYCO001876	63	0	24	
MYCO001877	225	0	98	
MYCO001878	335	0	57	
MYCO001879	214	0	48	
MYCO001880	67	0	68	
MYCO001881	52	0	26	
MYCO001882	21	0	43	
MYCO001883	43	0	26	
MYCO001884	21	0	25	
MYCO001885	39	0	41	
MYCO001887	258	0	66	
MYCO001888	4081	0	5	
MYCO001889	33	0	14	
MYCO001890	30	0	31	
MYCO001891	13	0	30	
MYCO001892	26	0	13	
MYCO001893	15	0	15	
MYCO001895	1393	0	34	
MYCO001896	332	0	61	
MYCO001897	44	0	27	
MYCO001898	21	0	15	
MYCO001899	1797	0	54	
MYCO001900	144	0	80	
MYCO001901	175	0	67	
MYCO001902	151	0	64	
MYCO001903	24	0	26	
MYCO001904	18	0	22	
MYCO001905	62	0	55	
MYCO001906	19	0	24	
MYCO001907	3425	0	36	
MYCO001908	167	0	174	
MYCO001909	20	0	28	
MYCO001910	157	0	33	
MYCO001911	187	0	28	
MYCO001912	1464	0	35	
MYCO001913	29	0	38	
MYCO001914	16	0	25	
MYCO001915	3043	0	23	
MYCO001916	72	0	44	
MYCO001917	4844	0	12	
MYCO001918	945	0	153	
MYCO001919	12	0	22	
MYCO001920	18	0	54	
MYCO001921	788	0	57	
MYCO001922	85	0	49	
MYCO001923	104	0	82	
MYCO001924	21	0	19	
MYCO001925	55	0	66	
MYCO001926	16	0	24	
MYCO001927	137	0	50	
MYCO001928	859	0	40	
MYCO001929	962	0	46	
MYCO001930	173	0	34	
MYCO001931	54	0	37	
MYCO001932	54	0	29	
MYCO001933	702	0	54	
MYCO001934	459	0	64	
MYCO001935	49	0	57	
MYCO001936	31	0	58	
MYCO001937	506	0	109	
MYCO001938	79	0	62	
MYCO001939	440	0	31	
MYCO001940	4002	0	16	
MYCO001941	79	0	41	
MYCO001942	4	0	17	
MYCO001943	18	0	21	
MYCO001944	35	0	42	
MYCO001945	4584	55	36	
MYCO001946	54	0	24	
MYCO001947	94	0	21	
MYCO001948	152	0	31	
MYCO001949	4864	0	0	
MYCO001950	17	0	8	
MYCO001951	216	0	17	
MYCO001952	15	0	10	
MYCO001953	18	0	26	
MYCO001954	47	0	28	
MYCO001955	35	0	19	
MYCO001956	56	0	32	
MYCO001957	25	0	30	
MYCO001958	69	0	42	
MYCO001959	2	0	12	
MYCO001960	4	0	12	
MYCO001961	128	0	34	
MYCO001962	11	0	22	
MYCO001963	129	0	44	
MYCO001964	170	0	31	
MYCO001965	176	0	39	
MYCO001966	142	0	61	
MYCO001967	137	0	62	
MYCO001968	1559	0	62	
MYCO001969	212	0	64	
MYCO001970	107	0	51	
MYCO001971	462	0	75	
MYCO001972	97	0	30	
MYCO001973	213	0	25	
MYCO001974	69	0	27	
MYCO001975	595	0	33	
MYCO001976	131	0	21	
MYCO001977	622	0	36	
MYCO001978	903	0	44	
MYCO001979	130	0	59	
MYCO001980	34	0	35	
MYCO001982	34	0	28	
MYCO001983	1334	0	69	
MYCO001984	233	0	34	
MYCO001985	138	0	34	
MYCO001986	55	0	40	
MYCO001987	47	0	26	
MYCO001988	131	0	28	
MYCO001989	40	0	26	
MYCO001990	2	0	13	
MYCO001991	5	0	15	
MYCO001992	1561	0	87	
MYCO001993	925	0	21	
MYCO001994	642	0	20	
MYCO001995	893	0	37	
MYCO001996	868	0	38	
MYCO001997	2137	0	103	
MYCO001998	57	0	39	
MYCO001999	367	0	75	
MYCO002000	119	0	91	
MYCO002001	24	0	50	
MYCO002002	48	0	32	
MYCO002003	114	0	52	
MYCO002004	179	0	62	
MYCO002005	19	0	36	
MYCO002006	242	0	201	
MYCO002007	9	0	11	
MYCO002008	33	0	69	
MYCO002009	7	0	12	
MYCO002010	21	0	15	
MYCO002011	3	0	25	
MYCO002012	13	0	37	
MYCO002013	470	0	21	
MYCO002014	111	0	34	
MYCO002015	1373	0	76	
MYCO002016	1155	0	27	
MYCO002017	95	0	50	
MYCO002018	130	0	21	
MYCO002019	429	0	19	
MYCO002020	181	0	16	
MYCO002021	104	0	15	
MYCO002022	132	0	45	
MYCO002023	322	0	16	
MYCO002024	4490	0	17	
MYCO002025	103	0	50	
MYCO002026	34	0	49	
MYCO002027	1133	0	50	
MYCO002028	219	0	35	
MYCO002029	163	0	50	
MYCO002030	312	0	97	
MYCO002031	13	0	24	
MYCO002032	202	0	50	
MYCO002033	662	0	46	
MYCO002034	243	0	16	
MYCO002035	8	0	27	
MYCO002036	21	0	31	
MYCO002037	56	0	65	
MYCO002038	12	0	43	
MYCO002039	9	0	32	
MYCO002040	16	0	26	
MYCO002041	26	0	58	
MYCO002042	111	0	46	
MYCO002043	212	0	173	
MYCO002044	744	0	16	
MYCO002045	61	0	79	
MYCO002046	197	0	38	
MYCO002047	270	0	102	
MYCO002048	4815	0	31	
MYCO002049	24	0	11	
MYCO002051	315	0	104	
MYCO002052	723	0	88	
MYCO002053	22	0	36	
MYCO002054	40	0	41	
MYCO002059	297	0	98	
MYCO002060	235	0	25	
MYCO002061	32	0	24	
MYCO002062	963	0	165	
MYCO002063	4	0	13	
MYCO002064	748	0	45	
MYCO002065	805	0	28	
MYCO002066	595	0	86	
MYCO002067	53	0	53	
MYCO002068	19	0	42	
MYCO002069	118	0	23	
MYCO002070	1834	0	28	
MYCO002071	63	0	55	
MYCO002072	302	0	51	
MYCO002073	248	0	33	
MYCO002074	105	0	15	
MYCO002075	260	0	74	
MYCO002076	5	0	8	
MYCO002077	102	0	52	
MYCO002078	7	0	22	
MYCO002079	1153	0	67	
MYCO002080	28	0	39	
MYCO002081	2861	0	28	
MYCO002082	2314	0	114	
MYCO002083	354	0	53	
MYCO002084	2442	0	18	
MYCO002085	31	0	19	
MYCO002086	15	0	27	
MYCO002087	15	0	14	
MYCO002088	1514	0	62	
MYCO002091	59	0	36	
MYCO002094	1	0	14	
MYCO002095	586	0	45	
MYCO002098	4864	0	0	
MYCO002099	4864	0	0	
MYCO002100	1026	0	71	
MYCO002101	966	0	126	
MYCO002102	255	0	32	
MYCO002103	52	0	26	
MYCO002104	4	0	16	
MYCO002105	585	2	20	
MYCO002106	4864	0	0	
MYCO002107	85	0	23	
MYCO002108	154	0	39	
MYCO002113	107	0	64	
MYCO002114	67	0	30	
MYCO002116	58	0	25	
MYCO002117	50	0	10	
MYCO002120	380	0	24	
MYCO002123	2894	0	38	
MYCO002124	363	0	145	
MYCO002126	2347	0	33	
MYCO002127	192	0	79	
MYCO002128	3	0	12	
MYCO002129	76	0	50	
MYCO002131	58	0	39	
MYCO002132	42	0	15	
MYCO002133	58	0	31	
MYCO002135	692	0	26	
MYCO002136	77	0	37	
MYCO002137	29	0	22	
MYCO002138	95	0	47	
MYCO002142	11	0	17	
MYCO002143	108	0	62	
MYCO002144	49	0	17	
MYCO002146	3	0	13	
MYCO002147	871	0	31	
MYCO002148	870	0	30	
MYCO002149	79	0	19	
MYCO002152	399	0	65	
MYCO002158	1387	0	76	
MYCO002159	917	0	56	
MYCO002160	2599	0	10	
MYCO002161	646	1416	45	
MYCO002162	3538	0	64	
MYCO002164	471	0	54	
MYCO002165	33	0	58	
MYCO002167	4864	0	0	
MYCO002168	585	2	20	
MYCO002169	25	0	20	
MYCO002171	19	0	34	
MYCO002172	19	0	43	
MYCO002173	252	0	50	
MYCO002174	78	0	63	
MYCO002175	5	0	22	
MYCO002177	2508	151	42	
MYCO002180	912	0	41	
MYCO002181	49	0	50	
MYCO002183	3	0	16	
MYCO002184	20	0	44	
MYCO002185	4	0	21	
MYCO002189	564	0	35	
MYCO002190	712	0	44	
MYCO002191	457	0	86	
MYCO002197	123	0	32	
MYCO002198	632	0	54	
MYCO002203	232	0	34	
MYCO002204	6	0	17	
MYCO002205	603	0	58	
MYCO002206	24	0	35	
MYCO002207	872	0	42	
MYCO002208	356	0	45	
MYCO002209	339	0	68	
MYCO002212	62	0	63	
MYCO002214	75	0	77	
MYCO002215	710	0	72	
MYCO002223	261	0	75	
MYCO002224	51	0	63	
MYCO002226	644	0	66	
MYCO002227	608	0	24	
MYCO002229	27	0	27	
MYCO002231	127	0	43	
MYCO002232	194	0	39	
MYCO002234	19	0	23	
MYCO002236	848	0	43	
MYCO002237	6	0	41	
MYCO002238	5	0	8	
MYCO002240	40	0	29	
MYCO002248	132	0	25	
MYCO002249	616	0	58	
MYCO002250	19	0	21	
MYCO002251	4861	0	1	
MYCO002252	22	0	50	
MYCO002253	43	0	27	
MYCO002254	28	0	28	
MYCO002255	28	0	16	
MYCO002256	6	0	18	
MYCO002258	460	0	55	
MYCO002260	13	0	32	
MYCO002261	40	0	22	
MYCO002262	4817	0	3	
MYCO002263	1059	0	41	
MYCO002264	2308	0	65	
MYCO002265	495	0	49	
MYCO002266	22	0	66	
MYCO002267	64	0	55	
MYCO002268	277	0	75	
MYCO002269	18	0	24	
MYCO002270	192	0	30	
MYCO002271	173	0	11	
MYCO002272	175	0	15	
MYCO002273	196	0	19	
MYCO002274	207	0	32	
MYCO002275	619	0	39	
MYCO002276	205	0	59	
MYCO002277	204	4519	48	
MYCO002278	585	2	20	
MYCO002279	4864	0	0	
MYCO002280	319	0	63	
MYCO002281	40	0	78	
MYCO002282	616	1617	40	
MYCO002283	29	0	13	
MYCO002284	230	0	37	
MYCO002285	451	0	55	
MYCO002286	493	1304	35	
MYCO002287	140	0	69	
MYCO002288	11	0	26	
MYCO002289	106	0	38	
MYCO002290	39	0	34	
MYCO002291	58	0	42	
MYCO002292	22	0	7	
MYCO002293	2385	0	17	
MYCO002294	41	0	67	
MYCO002295	23	0	33	
MYCO002296	112	0	42	
MYCO002297	12	0	26	
MYCO002298	24	0	49	
MYCO002299	72	0	73	
MYCO002300	87	0	51	
MYCO002301	69	0	41	
MYCO002302	7	0	15	
MYCO002303	23	0	57	
MYCO002304	13	0	9	
MYCO002305	391	0	73	
MYCO002307	342	0	46	
MYCO002308	161	0	46	
MYCO002309	20	0	24	
MYCO002310	90	0	26	
MYCO002311	61	0	24	
MYCO002312	5	0	9	
MYCO002313	75	0	46	
MYCO002314	153	0	58	
MYCO002316	14	0	38	
MYCO002317	18	0	26	
MYCO002318	992	0	47	
MYCO002319	1895	0	39	
MYCO002320	57	0	62	
MYCO002321	11	0	27	
MYCO002322	21	0	30	
MYCO002323	25	0	59	
MYCO002324	11	0	31	
MYCO002325	295	0	38	
MYCO002326	422	0	83	
MYCO002327	84	0	19	
MYCO002328	53	0	48	
MYCO002329	259	0	86	
MYCO002330	19	0	27	
MYCO002331	9	0	22	
MYCO002332	54	0	68	
MYCO002333	741	0	43	
MYCO002334	101	0	41	
MYCO002335	142	0	39	
MYCO002336	292	0	48	
MYCO002337	161	0	50	
MYCO002338	538	0	49	
MYCO002339	1275	0	115	
MYCO002340	579	0	61	
MYCO002341	98	0	22	
MYCO002342	24	0	16	
MYCO002345	433	0	90	
MYCO002346	426	2128	120	
MYCO002347	2755	529	111	
MYCO002348	35	0	17	
MYCO002349	512	0	76	
MYCO002350	596	1824	47	
MYCO002351	603	1841	52	
MYCO002352	1124	37	61	
MYCO002353	4755	0	5	
MYCO002354	585	2	20	
MYCO002355	4864	0	0	
MYCO002356	3615	0	43	
MYCO002358	14	0	20	
MYCO002359	3	0	46	
MYCO002360	14	0	25	
MYCO002363	1320	0	33	
MYCO002365	485	0	10	
MYCO002369	47	0	17	
MYCO002370	54	0	65	
MYCO002371	207	0	7	
MYCO002372	175	0	36	
MYCO002375	9	0	14	
MYCO002376	85	0	28	
MYCO002377	22	0	11	
MYCO002378	90	0	49	
MYCO002379	405	0	132	
MYCO002380	856	0	190	
MYCO002381	355	0	109	
MYCO002382	188	0	50	
MYCO002383	742	584	167	
MYCO002384	397	0	52	
MYCO002385	90	0	58	
MYCO002386	167	0	53	
MYCO002387	24	0	57	
MYCO002388	155	0	51	
MYCO002389	14	0	22	
MYCO002390	63	0	28	
MYCO002391	24	0	69	
MYCO002392	107	0	30	
MYCO002393	176	2984	35	
MYCO002394	145	0	94	
MYCO002395	389	0	77	
MYCO002396	2720	0	49	
MYCO002397	110	0	52	
MYCO002398	4	0	39	
MYCO002401	3	0	16	
MYCO002403	79	0	28	
MYCO002405	36	0	30	
MYCO002406	170	0	18	
MYCO002407	254	0	49	
MYCO002408	332	0	28	
MYCO002414	390	0	75	
MYCO002415	105	0	40	
MYCO002416	128	0	66	
MYCO002417	896	0	36	
MYCO002418	197	0	35	
MYCO002419	119	0	32	
MYCO002422	19	0	14	
MYCO002423	36	0	53	
MYCO002424	4662	0	22	
MYCO002428	89	0	33	
MYCO002429	16	0	18	
MYCO002430	35	0	30	
MYCO002431	14	1741	15	
MYCO002432	39	0	19	
MYCO002433	12	0	14	
MYCO002434	937	0	63	
MYCO002435	155	0	94	
MYCO002436	344	0	45	
MYCO002437	1117	0	16	
MYCO002438	87	0	78	
MYCO002443	43	0	79	
MYCO002444	424	0	119	
MYCO002446	12	0	19	
MYCO002449	514	0	60	
MYCO002450	347	0	41	
MYCO002451	52	0	21	
MYCO002452	0	0	14	
MYCO002453	54	0	31	
MYCO002456	73	0	47	
MYCO002458	42	0	37	
MYCO002459	61	0	65	
MYCO002463	18	0	38	
MYCO002464	128	0	51	
MYCO002468	42	0	27	
MYCO002469	56	0	37	
MYCO002471	73	0	82	
MYCO002472	6	0	13	
MYCO002473	96	0	33	
MYCO002474	179	0	34	
MYCO002475	8	0	17	
MYCO002476	1040	0	155	
MYCO002478	374	0	23	
MYCO002479	4864	0	0	
MYCO002480	585	2	20	
MYCO002481	219	0	22	
MYCO002482	238	0	115	
MYCO002483	67	0	68	
MYCO002484	41	0	86	
MYCO002485	124	0	75	
MYCO002486	236	0	31	
MYCO002487	2858	0	88	
MYCO002488	999	0	140	
MYCO002489	89	0	18	
MYCO002490	4701	0	30	
MYCO002491	104	0	41	
MYCO002492	117	0	54	
MYCO002493	12	0	10	
MYCO002494	11	0	23	
MYCO002495	202	0	57	
MYCO002496	33	0	42	
MYCO002497	50	0	40	
MYCO002498	59	0	42	
MYCO002499	11	0	27	
MYCO002501	448	0	98	
MYCO002503	31	0	38	
MYCO002504	42	0	41	
MYCO002505	165	0	84	
MYCO002506	60	0	25	
MYCO002507	302	0	42	
MYCO002508	112	0	63	
MYCO002510	166	0	79	
MYCO002512	4736	38	9	
MYCO002513	22	0	24	
MYCO002514	48	0	30	
MYCO002515	30	0	58	
MYCO002516	19	0	32	
MYCO002517	41	0	8	
MYCO002519	639	0	81	
MYCO002520	1	0	14	
MYCO002522	457	0	74	
MYCO002525	264	0	27	
MYCO002526	1411	0	7	
MYCO002527	26	0	22	
MYCO002528	22	0	41	
MYCO002529	434	0	80	
MYCO002530	11	0	23	
MYCO002531	117	0	132	
MYCO002532	34	0	19	
MYCO002535	275	0	37	
MYCO002536	34	0	27	
MYCO002537	13	0	17	
MYCO002539	500	0	19	
MYCO002541	2019	0	14	
MYCO002542	560	0	71	
MYCO002543	1767	1355	50	
MYCO002544	1771	1389	69	
MYCO002545	1104	0	17	
MYCO002546	5	0	21	
MYCO002547	22	0	20	
MYCO002548	35	0	21	
MYCO002549	83	0	20	
MYCO002550	3	0	14	
MYCO002551	325	0	16	
MYCO002552	345	0	40	
MYCO002553	161	0	64	
MYCO002554	131	0	17	
MYCO002556	9	0	19	
MYCO002557	26	0	38	
MYCO002558	42	0	27	
MYCO002560	148	0	49	
MYCO002561	4796	0	7	
MYCO002562	5	0	34	
MYCO002563	105	0	59	
MYCO002564	41	1785	46	
MYCO002565	111	0	80	
MYCO002566	1343	0	122	
MYCO002567	131	0	105	
MYCO002569	53	0	33	
MYCO002570	610	0	25	
MYCO002571	158	0	68	
MYCO002573	127	0	49	
MYCO002574	44	0	34	
MYCO002576	68	0	28	
MYCO002577	49	0	66	
MYCO002578	150	0	47	
MYCO002579	89	0	38	
MYCO002581	4	0	23	
MYCO002584	52	0	33	
MYCO002585	255	0	79	
MYCO002586	629	0	66	
MYCO002588	3	0	18	
MYCO002590	213	0	149	
MYCO002591	2269	0	86	
MYCO002595	39	0	12	
MYCO002596	11	0	27	
MYCO002597	43	0	33	
MYCO002598	45	0	25	
MYCO002599	262	0	27	
MYCO002600	46	0	20	
MYCO002601	408	0	64	
MYCO002602	12	0	21	
MYCO002604	60	0	25	
MYCO002605	97	0	36	
MYCO002607	12	0	27	
MYCO002608	791	0	59	
MYCO002609	265	0	45	
MYCO002615	4528	0	77	
MYCO002616	61	0	29	
MYCO002617	4	0	20	
MYCO002618	273	0	27	
MYCO002619	6	0	12	
MYCO002620	9	0	17	
MYCO002621	371	0	44	
MYCO002622	79	0	41	
MYCO002623	131	0	36	
MYCO002624	250	0	48	
MYCO002625	46	0	46	
MYCO002626	13	0	21	
MYCO002627	65	0	73	
MYCO002628	81	0	33	
MYCO002629	433	0	38	
MYCO002630	13	0	33	
MYCO002631	92	0	62	
MYCO002632	5	0	12	
MYCO002633	9	0	34	
MYCO002634	2701	0	81	
MYCO002635	10	0	19	
MYCO002636	51	0	44	
MYCO002637	238	1528	36	
MYCO002638	91	0	28	
MYCO002639	36	0	18	
MYCO002640	52	0	20	
MYCO002641	10	0	23	
MYCO002642	22	0	23	
MYCO002643	237	0	91	
MYCO002644	38	0	18	
MYCO002645	1199	0	18	
MYCO002646	828	0	50	
MYCO002647	562	0	14	
MYCO002648	585	2	20	
MYCO002649	4864	0	0	
MYCO002650	952	510	133	
MYCO002651	199	952	41	
MYCO002652	563	0	47	
MYCO002653	480	0	29	
MYCO002654	2525	0	11	
MYCO002655	1416	0	55	
MYCO002656	398	753	25	
MYCO002657	577	0	17	
MYCO002658	455	0	13	
MYCO002659	484	0	42	
MYCO002660	10	0	16	
MYCO002661	23	0	16	
MYCO002662	9	0	14	
MYCO002663	3	0	16	
MYCO002664	22	0	13	
MYCO002665	298	0	16	
MYCO002666	4755	0	10	
MYCO002667	46	0	22	
MYCO002668	439	0	23	
MYCO002669	30	0	23	
MYCO002671	79	0	29	
MYCO002672	305	0	68	
MYCO002674	2	0	17	
MYCO002675	20	0	53	
MYCO002677	1384	0	43	
MYCO002679	125	0	40	
MYCO002680	534	0	35	
MYCO002681	632	0	49	
MYCO002683	7	0	24	
MYCO002684	36	372	61	
MYCO002685	352	0	48	
MYCO002686	35	0	33	
MYCO002687	46	0	40	
MYCO002688	96	0	49	
MYCO002689	157	0	54	
MYCO002690	106	0	51	
MYCO002691	11	0	28	
MYCO002692	36	0	28	
MYCO002693	18	0	26	
MYCO002694	10	0	33	
MYCO002695	444	0	27	
MYCO002698	9	0	23	
MYCO002700	3002	0	21	
MYCO002701	47	0	49	
MYCO002704	15	0	18	
MYCO002705	13	0	20	
MYCO002706	94	0	14	
MYCO002707	36	0	40	
MYCO002709	438	0	36	
MYCO002712	285	0	68	
MYCO002713	94	0	75	
MYCO002716	22	0	29	
MYCO002717	192	0	19	
MYCO002718	15	0	17	
MYCO002719	433	0	38	
MYCO002721	1047	0	89	
MYCO002722	8	0	17	
MYCO002723	38	0	59	
MYCO002728	84	0	32	
MYCO002729	47	0	48	
MYCO002730	10	0	24	
MYCO002732	78	0	43	
MYCO002734	24	0	38	
MYCO002735	710	0	43	
MYCO002736	146	0	25	
MYCO002737	19	0	79	
MYCO002738	328	0	10	
MYCO002739	1301	0	27	
MYCO002740	15	0	27	
MYCO002741	3239	0	67	
MYCO002742	199	0	33	
MYCO002743	369	0	37	
MYCO002745	4	0	26	
MYCO002746	192	0	26	
MYCO002747	26	0	18	
MYCO002749	29	0	15	
MYCO002751	33	0	35	
MYCO002752	100	0	122	
MYCO002755	14	0	9	
MYCO002756	56	0	79	
MYCO002757	51	0	25	
MYCO002758	8	0	12	
MYCO002759	42	0	20	
MYCO002760	122	0	14	
MYCO002761	30	0	60	
MYCO002762	303	0	33	
MYCO002763	36	0	16	
MYCO002765	280	0	33	
MYCO002766	61	0	30	
MYCO002767	17	0	24	
MYCO002768	433	0	63	
MYCO002769	829	0	43	
MYCO002770	174	0	63	
MYCO002771	34	0	20	
MYCO002772	47	0	25	
MYCO002774	884	0	15	
MYCO002775	114	0	24	
MYCO002776	27	0	39	
MYCO002777	491	0	45	
MYCO002778	16	0	27	
MYCO002779	49	0	33	
MYCO002780	163	0	47	
MYCO002781	730	0	54	
MYCO002784	9	0	21	
MYCO002786	9	0	42	
MYCO002787	285	0	102	
MYCO002789	58	0	51	
MYCO002790	351	0	55	
MYCO002791	104	2423	58	
MYCO002792	100	0	31	
MYCO002793	479	0	32	
MYCO002796	46	0	36	
MYCO002797	250	0	62	
MYCO002798	6	0	16	
MYCO002799	112	0	43	
MYCO002800	892	0	78	
MYCO002801	61	0	13	
MYCO002802	927	0	56	
MYCO002803	48	0	21	
MYCO002804	105	0	35	
MYCO002805	73	0	22	
MYCO002806	29	0	7	
MYCO002807	1293	0	46	
MYCO002808	272	0	10	
MYCO002809	66	0	15	
MYCO002810	4864	0	0	
MYCO002811	861	0	30	
MYCO002812	601	0	73	
MYCO002813	433	0	39	
MYCO002814	4864	0	0	
MYCO002815	585	2	20	
MYCO002816	1154	0	12	
MYCO002817	1237	0	37	
MYCO002818	1376	0	28	
MYCO002819	1232	0	42	
MYCO002820	1145	0	42	
MYCO002821	60	0	32	
MYCO002822	20	0	16	
MYCO002823	90	0	103	
MYCO002824	31	0	52	
MYCO002825	3771	0	29	
MYCO002826	54	0	36	
MYCO002827	27	0	27	
MYCO002829	133	0	20	
MYCO002830	7	0	14	
MYCO002831	200	0	36	
MYCO002832	156	0	61	
MYCO002833	281	0	61	
MYCO002834	34	0	42	
MYCO002835	26	0	49	
MYCO002836	296	0	65	
MYCO002837	127	0	34	
MYCO002840	7	0	19	
MYCO002842	4	0	23	
MYCO002843	190	0	14	
MYCO002844	21	0	21	
MYCO002845	211	0	56	
MYCO002848	1222	0	47	
MYCO002849	43	0	38	
MYCO002850	1483	0	96	
MYCO002851	19	0	21	
MYCO002852	128	0	67	
MYCO002853	2110	0	100	
MYCO002854	38	0	46	
MYCO002855	234	0	51	
MYCO002856	36	0	37	
MYCO002857	14	0	25	
MYCO002858	466	0	70	
MYCO002859	1516	0	51	
MYCO002860	35	0	54	
MYCO002862	16	0	23	
MYCO002863	8	0	15	
MYCO002865	9	0	12	
MYCO002866	11	0	10	
MYCO002867	563	0	43	
MYCO002869	30	0	54	
MYCO002871	862	0	11	
MYCO002872	77	0	26	
MYCO002873	11	0	23	
MYCO002874	245	0	95	
MYCO002875	142	0	23	
MYCO002876	3	0	27	
MYCO002877	146	0	47	
MYCO002878	16	0	23	
MYCO002879	4864	0	0	
MYCO002880	4519	0	6	
MYCO002881	10	0	32	
MYCO002884	118	0	34	
MYCO002885	209	825	76	
MYCO002886	122	0	42	
MYCO002887	30	0	18	
MYCO002888	419	0	57	
MYCO002891	849	0	37	
MYCO002892	271	0	56	
MYCO002893	65	0	63	
MYCO002895	202	0	41	
MYCO002896	372	0	60	
MYCO002897	299	0	79	
MYCO002898	16	0	23	
MYCO002899	9	0	30	
MYCO002900	54	0	84	
MYCO002903	62	0	40	
MYCO002905	43	0	55	
MYCO002906	18	0	19	
MYCO002907	105	0	21	
MYCO002908	40	0	9	
MYCO002910	8	0	27	
MYCO002911	121	0	36	
MYCO002912	26	0	20	
MYCO002913	107	0	94	
MYCO002914	309	0	71	
MYCO002920	113	0	81	
MYCO002922	877	0	103	
MYCO002923	52	0	22	
MYCO002924	74	0	35	
MYCO002925	24	0	27	
MYCO002926	7	0	33	
MYCO002928	18	0	30	
MYCO002929	22	0	20	
MYCO002930	44	0	61	
MYCO002931	4370	0	96	
MYCO002932	1351	0	160	
MYCO002933	1238	0	164	
MYCO002934	1396	0	173	
MYCO002935	681	0	158	
MYCO002936	34	0	40	
MYCO002937	13	0	26	
MYCO002938	11	0	28	
MYCO002939	23	2295	44	
MYCO002940	268	0	228	
MYCO002941	37	0	78	
MYCO002942	114	0	127	
MYCO002943	183	0	66	
MYCO002944	28	0	45	
MYCO002945	2	0	28	
MYCO002946	900	0	190	
MYCO002947	2474	0	28	
MYCO002948	101	0	103	
MYCO002949	107	0	39	
MYCO002950	182	0	81	
MYCO002951	135	0	46	
MYCO002952	18	0	34	
MYCO002953	51	0	57	
MYCO002954	45	0	36	
MYCO002955	185	0	59	
MYCO002956	29	0	45	
MYCO002957	60	0	41	
MYCO002958	212	0	63	
MYCO002959	614	0	40	
MYCO002960	21	0	19	
MYCO002961	18	0	11	
MYCO002962	549	0	50	
MYCO002963	625	0	48	
MYCO002964	68	0	42	
MYCO002966	171	0	13	
MYCO002968	19	0	20	
MYCO002969	39	0	28	
MYCO002970	80	0	45	
MYCO002971	100	0	39	
MYCO002972	21	0	37	
MYCO002973	189	0	62	
MYCO002974	590	0	74	
MYCO002975	2371	0	7	
MYCO002977	301	0	28	
MYCO002978	103	2098	56	
MYCO002979	24	0	29	
MYCO002980	423	0	28	
MYCO002983	551	0	32	
MYCO002985	69	0	53	
MYCO002986	67	0	30	
MYCO002987	24	0	18	
MYCO002989	463	0	31	
MYCO002990	27	0	36	
MYCO002991	35	0	21	
MYCO002994	526	0	50	
MYCO002997	458	0	53	
MYCO002998	8	0	18	
MYCO002999	38	0	54	
MYCO003000	43	0	29	
MYCO003002	3	0	21	
MYCO003004	29	0	16	
MYCO003005	37	0	24	
MYCO003007	447	0	27	
MYCO003008	48	0	32	
MYCO003012	10	0	11	
MYCO003013	416	0	26	
MYCO003015	277	0	48	
MYCO003016	31	0	21	
MYCO003017	520	0	23	
MYCO003018	3723	0	33	
MYCO003019	1	82	28	
MYCO003020	20	16	19	
MYCO003021	4843	0	7	
MYCO003022	4864	0	0	
MYCO003023	4736	37	8	
MYCO003026	83	0	49	
MYCO003030	126	0	32	
MYCO003033	12	0	26	
MYCO003035	228	0	36	
MYCO003036	15	0	35	
MYCO003037	297	0	57	
MYCO003039	129	0	34	
MYCO003040	239	0	41	
MYCO003041	17	0	30	
MYCO003044	327	0	59	
MYCO003046	18	0	17	
MYCO003047	143	0	21	
MYCO003050	24	0	38	
MYCO003055	34	1511	28	
MYCO003056	47	0	60	
MYCO003058	8	0	29	
MYCO003059	59	0	55	
MYCO003060	826	0	87	
MYCO003061	491	0	86	
MYCO003062	1331	0	70	
MYCO003063	180	0	128	
MYCO003064	93	0	26	
MYCO003065	138	0	15	
MYCO003066	219	0	29	
MYCO003067	22	0	25	
MYCO003068	72	0	73	
MYCO003069	5	0	18	
MYCO003070	7	0	15	
MYCO003071	132	0	59	
MYCO003072	23	0	31	
MYCO003073	13	0	26	
MYCO003074	1460	1727	52	
MYCO003075	25	0	31	
MYCO003076	13	0	19	
MYCO003077	329	0	100	
MYCO003078	32	0	19	
MYCO003079	449	0	26	
MYCO003080	553	0	156	
MYCO003081	170	0	47	
MYCO003082	34	0	49	
MYCO003083	267	0	88	
MYCO003084	571	0	40	
MYCO003086	156	0	35	
MYCO003087	286	0	78	
MYCO003088	173	0	69	
MYCO003089	199	0	67	
MYCO003090	165	1167	50	
MYCO003091	237	0	71	
MYCO003092	510	0	50	
MYCO003093	1176	0	38	
MYCO003094	521	0	56	
MYCO003095	5	0	27	
MYCO003096	42	0	57	
MYCO003097	92	0	68	
MYCO003098	29	0	27	
MYCO003099	92	0	44	
MYCO003103	24	0	23	
MYCO003104	30	0	44	
MYCO003106	70	0	58	
MYCO003107	86	0	75	
MYCO003108	30	0	26	
MYCO003109	89	0	65	
MYCO003110	15	0	14	
MYCO003111	32	0	43	
MYCO003112	32	0	16	
MYCO003113	1058	0	38	
MYCO003114	79	0	27	
MYCO003115	4736	37	8	
MYCO003116	143	0	59	
MYCO003119	42	0	29	
MYCO003120	51	0	32	
MYCO003121	122	0	60	
MYCO003122	48	0	23	
MYCO003123	27	0	24	
MYCO003124	95	0	44	
MYCO003125	708	0	44	
MYCO003126	27	0	17	
MYCO003127	42	0	56	
MYCO003128	4864	0	0	
MYCO003129	455	0	9	
MYCO003130	59	0	68	
MYCO003131	59	0	37	
MYCO003132	127	0	75	
MYCO003133	10	0	14	
MYCO003134	43	0	41	
MYCO003135	3017	0	8	
MYCO003136	94	0	42	
MYCO003137	32	0	37	
MYCO003138	66	0	64	
MYCO003141	205	0	39	
MYCO003142	669	0	25	
MYCO003143	7	0	13	
MYCO003144	810	0	57	
MYCO003145	19	0	11	
MYCO003146	4	0	22	
MYCO003147	34	0	12	
MYCO003148	27	0	49	
MYCO003149	48	0	30	
MYCO003150	443	0	38	
MYCO003151	986	0	82	
MYCO003152	6	0	42	
MYCO003153	93	0	30	
MYCO003154	10	0	38	
MYCO003155	7	0	13	
MYCO003156	70	0	67	
MYCO003157	123	0	77	
MYCO003158	24	0	67	
MYCO003159	2498	0	77	
MYCO003160	15	0	21	
MYCO003161	375	0	74	
MYCO003162	62	0	15	
MYCO003163	27	0	42	
MYCO003164	27	0	27	
MYCO003165	95	0	18	
MYCO003166	508	0	44	
MYCO003167	43	0	35	
MYCO003168	173	0	68	
MYCO003169	603	0	53	
MYCO003170	505	0	53	
MYCO003171	38	0	62	
MYCO003172	6	0	27	
MYCO003173	10	0	33	
MYCO003174	17	0	50	
MYCO003175	1323	0	58	
MYCO003176	111	0	50	
MYCO003177	40	0	32	
MYCO003178	47	0	20	
MYCO003179	392	0	59	
MYCO003180	29	0	22	
MYCO003181	136	0	20	
MYCO003182	25	0	10	
MYCO003183	195	0	16	
MYCO003184	585	2	20	
MYCO003185	4864	0	0	
MYCO003186	585	2	20	
MYCO003187	4864	0	0	
MYCO003188	21	0	17	
MYCO003189	51	0	28	
MYCO003190	160	0	56	
MYCO003191	60	0	50	
MYCO003192	61	0	31	
MYCO003196	81	0	44	
MYCO003199	406	0	51	
MYCO003200	24	0	55	
MYCO003201	842	0	120	
MYCO003202	675	0	136	
MYCO003203	32	0	42	
MYCO003204	1	0	16	
MYCO003209	13	0	32	
MYCO003210	15	0	26	
MYCO003212	563	0	54	
MYCO003215	31	0	55	
MYCO003216	4864	0	0	
MYCO003217	308	0	20	
MYCO003218	25	0	44	
MYCO003222	66	0	21	
MYCO003224	240	0	43	
MYCO003225	88	0	62	
MYCO003226	41	0	38	
MYCO003227	259	0	64	
MYCO003230	126	0	55	
MYCO003231	60	0	21	
MYCO003232	15	0	34	
MYCO003233	7	0	33	
MYCO003234	2418	0	24	
MYCO003235	368	0	32	
MYCO003236	284	0	53	
MYCO003237	11	0	28	
MYCO003238	18	0	35	
MYCO003239	2460	0	93	
MYCO003242	92	0	36	
MYCO003243	74	0	37	
MYCO003244	375	0	64	
MYCO003247	52	0	23	
MYCO003249	184	0	28	
MYCO003250	5	0	9	
MYCO003251	5	0	9	
MYCO003253	64	0	56	
MYCO003254	108	0	65	
MYCO003256	629	0	50	
MYCO003259	27	0	8	
MYCO003260	1	0	15	
MYCO003263	182	0	65	
MYCO003266	142	0	38	
MYCO003268	129	0	36	
MYCO003269	15	0	9	
MYCO003270	305	0	82	
MYCO003271	31	0	32	
MYCO003272	104	0	56	
MYCO003273	18	0	94	
MYCO003278	12	0	21	
MYCO003279	17	0	36	
MYCO003281	4675	0	10	
MYCO003282	19	0	41	
MYCO003283	22	0	47	
MYCO003284	46	0	19	
MYCO003286	500	0	39	
MYCO003287	15	0	12	
MYCO003288	5	0	18	
MYCO003289	37	0	25	
MYCO003291	24	0	16	
MYCO003292	223	0	61	
MYCO003293	599	0	61	
MYCO003294	15	0	36	
MYCO003295	25	0	27	
MYCO003297	91	0	42	
MYCO003298	267	0	29	
MYCO003299	762	0	152	
MYCO003300	68	0	42	
MYCO003301	25	0	32	
MYCO003307	153	0	35	
MYCO003308	579	0	70	
MYCO003309	20	0	26	
MYCO003310	31	0	37	
MYCO003311	53	0	54	
MYCO003312	31	0	39	
MYCO003314	113	0	45	
MYCO003315	13	0	24	
MYCO003316	4	0	10	
MYCO003320	46	0	19	
MYCO003321	2	0	7	
MYCO003322	20	0	28	
MYCO003323	270	0	39	
MYCO003324	259	0	24	
MYCO003325	585	2	20	
MYCO003326	4864	0	0	
MYCO003327	4808	0	7	
MYCO003331	437	0	61	
MYCO003332	395	0	63	
MYCO003333	1180	0	35	
MYCO003334	7	0	26	
MYCO003335	92	0	36	
MYCO003337	551	0	21	
MYCO003338	55	0	35	
MYCO003339	70	0	53	
MYCO003342	348	0	20	
MYCO003343	4851	0	13	
MYCO003344	4864	0	0	
MYCO003345	4842	0	11	
MYCO003346	1530	1	19	
MYCO003347	3768	0	211	
MYCO003348	128	4	29	
MYCO003349	2529	0	27	
MYCO003350	4028	0	209	
MYCO003351	631	0	33	
MYCO003352	612	0	15	
MYCO003353	590	0	10	
MYCO003354	589	0	18	
MYCO003355	617	1	17	
MYCO003357	14	0	16	
MYCO003358	4	0	10	
MYCO003359	292	0	40	
MYCO003360	725	0	15	
MYCO003361	62	0	33	
MYCO003362	62	0	34	
MYCO003363	280	0	18	
MYCO003364	65	0	18	
MYCO003365	4393	0	26	
MYCO003366	48	0	24	
MYCO003367	2217	0	81	
MYCO003368	119	0	32	
MYCO003369	165	0	18	
MYCO003370	1038	0	114	
MYCO003371	460	0	70	
MYCO003372	285	0	53	
MYCO003373	581	0	26	
MYCO003374	6	0	13	
MYCO003375	201	0	73	
MYCO003376	22	0	31	
MYCO003377	350	0	75	
MYCO003378	121	0	57	
MYCO003379	75	0	81	
MYCO003380	4864	0	0	
MYCO003381	585	2	20	
MYCO003382	170	0	37	
MYCO003383	1053	0	68	
MYCO003384	54	0	18	
MYCO003385	98	0	11	
MYCO003386	235	0	39	
MYCO003387	18	0	34	
MYCO003388	3637	0	59	
MYCO003389	378	0	55	
MYCO003390	28	0	48	
MYCO003391	294	0	101	
MYCO003393	93	0	37	
MYCO003394	1400	0	57	
MYCO003395	117	0	35	
MYCO003397	21	0	33	
MYCO003398	119	0	60	
MYCO003399	40	0	41	
MYCO003400	144	0	24	
MYCO003401	533	0	105	
MYCO003402	148	0	51	
MYCO003403	67	0	91	
MYCO003404	42	0	41	
MYCO003405	8	0	25	
MYCO003406	149	0	43	
MYCO003407	12	0	8	
MYCO003408	5	0	16	
MYCO003413	412	0	33	
MYCO003414	23	0	33	
MYCO003415	390	0	46	
MYCO003416	44	0	13	
MYCO003420	99	0	21	
MYCO003421	1161	0	44	
MYCO003423	48	0	70	
MYCO003424	318	3	26	
MYCO003425	228	1305	56	
MYCO003426	4755	0	3	
MYCO003427	1356	0	28	
MYCO003428	4618	0	7	
MYCO003429	228	1083	54	
MYCO003430	343	0	86	
MYCO003431	69	0	36	
MYCO003434	217	0	49	
MYCO003435	19	0	61	
MYCO003437	208	0	28	
MYCO003438	63	0	41	
MYCO003439	856	0	68	
MYCO003440	53	0	23	
MYCO003444	18	0	19	
MYCO003445	29	0	19	
MYCO003446	887	0	74	
MYCO003447	420	0	154	
MYCO003448	235	0	66	
MYCO003449	184	0	76	
MYCO003450	702	0	81	
MYCO003451	78	0	51	
MYCO003452	556	0	36	
MYCO003453	3017	0	5	
MYCO003454	74	0	68	
MYCO003463	140	0	39	
MYCO003465	9	0	25	
MYCO003466	4687	45	48	
MYCO003467	4718	66	29	
MYCO003468	71	0	55	
MYCO003469	26	0	56	
MYCO003470	247	0	90	
MYCO003471	40	0	24	
MYCO003472	34	0	29	
MYCO003473	30	0	46	
MYCO003474	585	2	20	
MYCO003475	4864	0	0	
MYCO003476	53	0	67	
MYCO003477	117	0	14	
MYCO003478	2434	266	340	
MYCO003479	244	0	155	
MYCO003480	252	0	78	
MYCO003481	60	0	29	
MYCO003482	38	0	38	
MYCO003483	1075	0	34	
MYCO003484	117	0	64	
MYCO003485	651	0	45	
MYCO003486	303	0	18	
MYCO003487	1061	0	43	
MYCO003488	152	0	13	
MYCO003489	4	0	8	
MYCO003491	15	0	32	
MYCO003492	2	0	23	
MYCO003493	369	0	29	
MYCO003494	1024	0	59	
MYCO003495	32	0	43	
MYCO003496	314	0	46	
MYCO003497	15	0	51	
MYCO003498	109	0	46	
MYCO003499	13	0	43	
MYCO003502	42	0	36	
MYCO003503	0	0	8	
MYCO003505	143	0	47	
MYCO003506	96	0	93	
MYCO003507	4549	0	83	
MYCO003508	4861	0	3	
MYCO003509	483	0	77	
MYCO003510	173	0	39	
MYCO003511	4853	0	5	
MYCO003512	4864	0	0	
MYCO003513	4625	0	16	
MYCO003514	4863	0	1	
MYCO003515	4366	0	25	
MYCO003516	729	0	33	
MYCO003517	1070	0	33	
MYCO003518	143	0	43	
MYCO003519	26	0	37	
MYCO003521	41	0	38	
MYCO003522	13	0	51	
MYCO003523	446	0	39	
MYCO003524	64	0	66	
MYCO003525	287	0	24	
MYCO003526	12	0	35	
MYCO003527	8	0	27	
MYCO003528	67	0	54	
MYCO003529	562	0	60	
MYCO003530	31	1775	40	
MYCO003531	100	0	66	
MYCO003532	389	0	65	
MYCO003533	1470	0	86	
MYCO003534	69	0	41	
MYCO003535	1185	0	35	
MYCO003536	19	0	36	
MYCO003537	34	0	60	
MYCO003538	8	0	35	
MYCO003539	614	0	64	
MYCO003540	414	0	48	
MYCO003541	3	0	18	
MYCO003542	120	0	40	
MYCO003543	108	0	43	
MYCO003544	53	0	43	
MYCO003545	35	0	74	
MYCO003546	107	0	42	
MYCO003547	59	0	34	
MYCO003548	27	0	27	
MYCO003549	164	0	39	
MYCO003550	69	0	30	
MYCO003551	69	0	30	
MYCO003552	11	0	28	
MYCO003553	490	0	36	
MYCO003554	93	0	113	
MYCO003555	714	0	38	
MYCO003556	139	0	35	
MYCO003557	0	0	28	
MYCO003558	1152	0	65	
MYCO003559	295	0	33	
MYCO003560	148	0	52	
MYCO003561	749	0	71	
MYCO003562	79	0	57	
MYCO003563	192	0	44	
MYCO003564	672	0	31	
MYCO003565	96	0	69	
MYCO003566	152	0	43	
MYCO003567	50	0	20	
MYCO003568	551	0	29	
MYCO003569	416	0	35	
MYCO003572	41	0	28	
MYCO003573	492	0	80	
MYCO003574	71	0	23	
MYCO003575	130	0	40	
MYCO003576	75	0	38	
MYCO003577	81	0	34	
MYCO003578	385	0	67	
MYCO003581	16	0	23	
MYCO003582	37	0	35	
MYCO003584	18	0	22	
MYCO003585	53	0	66	
MYCO003586	20	0	50	
MYCO003587	225	0	40	
MYCO003588	67	0	16	
MYCO003590	3368	0	56	
MYCO003591	31	0	47	
MYCO003593	4	0	71	
MYCO003594	85	0	46	
MYCO003595	2186	0	57	
MYCO003597	320	0	14	
MYCO003599	203	0	6	
MYCO003602	742	0	42	
MYCO003603	256	0	43	
MYCO003604	1027	0	61	
MYCO003605	337	0	20	
MYCO003606	17	0	26	
MYCO003607	176	0	19	
MYCO003608	56	0	37	
MYCO003611	4817	0	4	
MYCO003612	48	0	19	
MYCO003613	3	0	8	
MYCO003614	8	0	40	
MYCO003615	8	0	11	
MYCO003616	79	0	66	
MYCO003617	122	0	45	
MYCO003618	106	0	47	
MYCO003619	426	2263	134	
MYCO003620	2754	540	108	
MYCO003621	717	0	50	
MYCO003622	131	0	13	
MYCO003623	272	0	36	
MYCO003625	294	0	46	
MYCO003626	388	0	48	
MYCO003627	72	0	71	
MYCO003629	46	0	58	
MYCO003630	20	1176	57	
MYCO003631	12	0	28	
MYCO003632	5	0	10	
MYCO003633	81	0	51	
MYCO003634	140	0	34	
MYCO003635	177	0	86	
MYCO003636	16	0	24	
MYCO003637	78	0	31	
MYCO003638	19	0	40	
MYCO003639	453	0	37	
MYCO003640	195	0	59	
MYCO003641	18	0	31	
MYCO003642	9	0	14	
MYCO003643	5	0	11	
MYCO003645	1013	0	64	
MYCO003649	721	0	116	
MYCO003650	105	0	14	
MYCO003651	462	0	47	
MYCO003652	1103	0	19	
MYCO003653	2868	0	34	
MYCO003654	599	0	25	
MYCO003655	4861	0	1	
MYCO003656	24	0	14	
MYCO003657	1472	1180	27	
MYCO003658	525	0	41	
MYCO003659	972	0	52	
MYCO003660	213	0	67	
MYCO003661	74	0	29	
MYCO003662	1332	0	46	
MYCO003663	494	0	83	
MYCO003664	19	0	47	
MYCO003665	14	0	53	
MYCO003666	137	1298	60	
MYCO003667	363	0	97	
MYCO003669	9	0	25	
MYCO003671	25	0	55	
MYCO003672	76	0	39	
MYCO003673	177	0	31	
MYCO003675	1	0	21	
MYCO003678	16	0	23	
MYCO003681	22	0	25	
MYCO003685	135	0	74	
MYCO003686	90	0	16	
MYCO003687	21	0	20	
MYCO003688	34	0	30	
MYCO003689	249	0	95	
MYCO003690	458	0	25	
MYCO003691	102	0	58	
MYCO003692	78	0	44	
MYCO003693	1657	0	55	
MYCO003694	15	0	44	
MYCO003697	39	0	28	
MYCO003698	193	0	79	
MYCO003699	47	0	38	
MYCO003700	739	0	53	
MYCO003701	162	0	49	
MYCO003702	37	0	42	
MYCO003703	82	0	73	
MYCO003704	82	0	63	
MYCO003706	233	0	16	
MYCO003714	83	0	54	
MYCO003716	326	0	21	
MYCO003723	31	0	36	
MYCO003725	2376	0	23	
MYCO003726	370	0	55	
MYCO003727	315	0	98	
MYCO003728	3076	0	93	
MYCO003729	452	0	123	
MYCO003730	15	0	54	
MYCO003731	19	0	57	
MYCO003732	123	0	55	
MYCO003733	18	0	27	
MYCO003734	85	0	73	
MYCO003735	21	0	31	
MYCO003736	94	0	68	
MYCO003737	906	0	78	
MYCO003738	1679	0	43	
MYCO003739	1178	0	15	
MYCO003740	143	0	66	
MYCO003741	30	0	45	
MYCO003742	16	0	28	
MYCO003743	208	0	117	
MYCO003744	6	0	25	
MYCO003745	16	1522	12	
MYCO003746	10	0	25	
MYCO003747	28	0	16	
MYCO003748	27	0	22	
MYCO003749	35	0	25	
MYCO003750	15	0	18	
MYCO003751	16	0	14	
MYCO003752	377	0	15	
MYCO003753	565	0	18	
MYCO003754	299	0	40	
MYCO003755	19	0	25	
MYCO003756	27	0	42	
MYCO003757	190	0	47	
MYCO003758	56	0	47	
MYCO003759	36	0	68	
MYCO003760	32	0	12	
MYCO003761	197	0	41	
MYCO003762	28	0	106	
MYCO003763	43	0	30	
MYCO003764	58	0	63	
MYCO003766	133	0	40	
MYCO003767	123	0	42	
MYCO003768	119	0	18	
MYCO003769	106	0	21	
MYCO003770	138	0	28	
MYCO003771	49	0	29	
MYCO003772	79	0	51	
MYCO003773	121	0	32	
MYCO003776	899	0	83	
MYCO003779	553	0	96	
MYCO003784	292	0	62	
MYCO003785	2131	0	43	
MYCO003786	386	0	62	
MYCO003787	114	0	54	
MYCO003788	15	0	23	
MYCO003789	4	0	19	
MYCO003792	263	0	110	
MYCO003796	34	0	67	
MYCO003797	250	0	98	
MYCO003798	2607	48	36	
MYCO003800	1045	0	206	
MYCO003803	82	0	49	
MYCO003805	44	0	84	
MYCO003807	189	0	23	
MYCO003810	1343	0	34	
MYCO003811	214	0	75	
MYCO003812	1859	0	67	
MYCO003813	129	0	36	
MYCO003814	59	0	31	
MYCO003815	158	0	37	
MYCO003817	399	0	41	
MYCO003818	73	0	65	
MYCO003819	40	0	24	
MYCO003820	213	0	85	
MYCO003821	21	0	43	
MYCO003822	88	0	81	
MYCO003823	62	0	169	
MYCO003824	94	0	103	
MYCO003825	290	0	320	
MYCO003826	98	0	111	
MYCO003827	211	0	96	
MYCO003828	4	1867	24	
MYCO003829	1017	0	96	
MYCO003830	1131	0	45	
MYCO003831	24	0	44	
MYCO003832	147	0	41	
MYCO003833	610	0	54	
MYCO003836	549	0	30	
MYCO003837	44	0	52	
MYCO003838	158	0	58	
MYCO003839	14	0	48	
MYCO003840	75	0	38	
MYCO003841	11	0	35	
MYCO003843	425	0	57	
MYCO003844	128	4	29	
MYCO003845	3563	0	9	
MYCO003846	14	0	33	
MYCO003848	123	0	69	
MYCO003850	79	0	41	
MYCO003851	70	0	17	
MYCO003852	61	0	23	
MYCO003853	7	0	21	
MYCO003854	228	0	149	
MYCO003855	10	0	45	
MYCO003856	106	0	70	
MYCO003857	13	0	7	
MYCO003860	542	0	85	
MYCO003861	143	0	32	
MYCO003862	76	0	78	
MYCO003863	226	0	67	
MYCO003864	150	0	87	
MYCO003865	60	0	19	
MYCO003866	152	0	44	
MYCO003867	115	0	32	
MYCO003868	230	0	82	
MYCO003869	638	0	100	
MYCO003870	63	0	149	
MYCO003871	368	0	117	
MYCO003872	235	0	18	
MYCO003873	246	0	62	
MYCO003874	51	0	15	
MYCO003875	15	0	18	
MYCO003876	2187	0	96	
MYCO003877	64	0	120	
MYCO003878	594	0	53	
MYCO003879	2100	0	140	
MYCO003880	6	0	22	
MYCO003881	526	0	119	
MYCO003882	613	0	119	
MYCO003883	58	0	100	
MYCO003884	266	0	111	
MYCO003885	173	0	127	
MYCO003886	1663	0	75	
MYCO003887	508	0	97	
MYCO003888	142	0	92	
MYCO003889	334	0	79	
MYCO003890	102	0	21	
MYCO003891	26	0	32	
MYCO003892	1106	0	85	
MYCO003893	98	0	22	
MYCO003894	1381	0	242	
MYCO003895	1306	0	82	
MYCO003896	283	0	74	
MYCO003897	4822	0	2	
MYCO003898	2383	0	11	
MYCO003899	1371	0	77	
MYCO003900	769	0	101	
MYCO003901	92	0	39	
MYCO003902	26	0	41	
MYCO003903	1538	0	152	
MYCO003904	15	0	29	
MYCO003905	37	0	27	
MYCO003906	66	0	47	
MYCO003909	257	0	153	
MYCO003910	321	0	297	
MYCO003911	4854	0	5	
MYCO003912	227	0	82	
MYCO003914	7	0	25	
MYCO003916	5	0	68	
MYCO003919	281	0	218	
MYCO003922	4	0	36	
MYCO003923	9	0	36	
MYCO010064	13	0	10	
MYCO010078	11	0	45	
MYCO010157	2	0	7	
MYCO010186	49	0	8	
MYCO010192	1100	0	16	
MYCO010236	39	0	6	
MYCO010277	4864	0	0	
MYCO010397	3	2389	13	
MYCO010456	14	0	15	
MYCO010470	695	0	17	
MYCO010492	45	0	13	
MYCO010500	225	0	6	
MYCO010530	9	0	10	
MYCO010590	26	0	8	
MYCO010609	15	0	12	
MYCO010616	2	0	20	
MYCO010634	10	0	13	
MYCO010691	3	0	9	
MYCO010724	4864	0	0	
MYCO010749	13	0	9	
MYCO010755	87	0	5	
MYCO010787	41	0	7	
MYCO010959	8	0	9	
MYCO011028	3	0	8	
MYCO011087	38	0	8	
MYCO011089	5	0	8	
MYCO011116	23	0	11	
MYCO011135	3	0	22	
MYCO011159	9	0	13	
MYCO011290	46	0	14	
MYCO011322	17	0	29	
MYCO011366	17	0	12	
MYCO011473	36	0	11	
MYCO011489	132	0	9	
MYCO011498	73	0	15	
MYCO011507	88	0	37	
MYCO011508	41	0	12	
MYCO011638	323	0	15	
MYCO011706	8	0	8	
MYCO011765	38	0	14	
MYCO011888	2	0	14	
MYCO011954	20	0	11	
MYCO011962	1	2869	15	
MYCO011982	15	0	8	
MYCO011990	53	0	19	
MYCO011991	1	0	8	
MYCO012023	50	0	55	
MYCO012063	130	0	19	
MYCO012077	151	0	18	
MYCO012142	3	0	13	
MYCO012160	2639	0	9	
MYCO012219	6	0	17	
MYCO012231	38	0	26	
MYCO012237	30	0	11	
MYCO012250	4861	0	1	
MYCO012274	178	0	15	
MYCO012306	42	0	32	
MYCO012307	9	0	5	
MYCO012309	8	0	19	
MYCO012331	4	0	11	
MYCO012395	20	0	10	
MYCO012401	24	0	5	
MYCO012427	4864	0	0	
MYCO012438	9	0	18	
MYCO012468	1	0	13	
MYCO012530	4	0	15	
MYCO012548	12	0	14	
MYCO012601	4	0	12	
MYCO012614	567	0	13	
MYCO012737	15	0	11	
MYCO012801	3	0	10	
MYCO012828	873	0	15	
MYCO012862	4864	0	0	
MYCO012922	18	0	14	
MYCO012943	25	0	31	
MYCO012970	23	0	5	
MYCO012998	5	0	15	
MYCO013018	1823	3	8	
MYCO013022	768	0	11	
MYCO013032	24	0	18	
MYCO013098	13	0	19	
MYCO013136	5	0	26	
MYCO013190	172	0	11	
MYCO013196	5	0	7	
MYCO013197	46	0	14	
MYCO013198	7	0	14	
MYCO013208	7	0	16	
MYCO013221	2	0	15	
MYCO013224	19	0	17	
MYCO013312	65	0	21	
MYCO013324	4864	0	0	
MYCO013395	184	0	27	
MYCO013566	5	0	17	
MYCO013697	49	0	13	
MYCO013705	40	0	26	
MYCO013724	542	0	9	
MYCO013770	6	0	11	
MYCO020078	3	0	20	
MYCO020456	4864	0	0	
MYCO020500	0	0	5	
MYCO022231	3457	0	16	
MYCO022306	80	0	20	
MYCO022307	57	0	25	
MYCO022395	52	0	16	
MYCO023224	33	0	10	
MYCO023724	572	0	26	
MYCO023770	7	0	12	
MYCO032307	0	0	9	
