GbGDiv simplified results table from 'accumulate-6.txt' records table.
Isolate records read from table: 1536

Locus	Missing	Paralogous	CountNuc
id	0	0	1536	
isolate	0	0	1536	
rMLST_database_accession	0	0	1536	
BACT000001	4	0	38	
BACT000002	41	0	14	
BACT000003	139	0	21	
BACT000004	14	0	12	
BACT000005	27	0	12	
BACT000006	0	0	9	
BACT000007	5	0	11	
BACT000008	7	0	9	
BACT000009	2	0	18	
BACT000010	0	0	4	
BACT000011	10	0	8	
BACT000012	0	0	12	
BACT000013	2	0	10	
BACT000014	1	1398	2	
BACT000015	1	0	6	
BACT000016	17	0	16	
BACT000017	8	0	14	
BACT000018	0	1191	3	
BACT000019	0	0	6	
BACT000020	1	0	9	
BACT000021	1536	0	0	
BACT000030	9	414	16	
BACT000031	2	0	13	
BACT000032	3	0	11	
BACT000033	41	0	16	
BACT000034	4	0	15	
BACT000035	2	0	13	
BACT000036	91	0	12	
BACT000038	5	0	11	
BACT000039	5	0	14	
BACT000040	181	0	8	
BACT000042	1	0	13	
BACT000043	0	0	12	
BACT000044	10	0	8	
BACT000045	2	0	9	
BACT000046	2	0	20	
BACT000047	16	0	7	
BACT000048	0	0	12	
BACT000049	1	0	12	
BACT000050	5	0	10	
BACT000051	42	0	12	
BACT000052	1	0	6	
BACT000053	2	0	5	
BACT000056	0	0	5	
BACT000057	1	1486	3	
BACT000058	0	0	7	
BACT000059	0	0	4	
BACT000060	2	0	2	
BACT000061	2	0	8	
BACT000062	0	1290	6	
BACT000063	1	0	6	
BACT000064	0	0	7	
BACT000065	1	0	1	
MYCO000001	14	0	63	
MYCO000005	8	0	75	
MYCO000006	11	0	110	
MYCO000009	4	0	15	
MYCO000011	1	0	11	
MYCO000013	0	0	29	
MYCO000015	327	0	38	
MYCO000016	22	0	40	
MYCO000017	16	0	34	
MYCO000019	1	0	21	
MYCO000038	98	0	15	
MYCO000046	2	0	33	
MYCO000047	6	0	21	
MYCO000049	9	0	17	
MYCO000050	166	0	79	
MYCO000051	131	0	53	
MYCO000054	56	0	17	
MYCO000066	9	0	69	
MYCO000068	38	0	42	
MYCO000129	12	0	21	
MYCO000183	72	0	23	
MYCO000184	69	0	16	
MYCO000189	191	0	32	
MYCO000198	10	0	62	
MYCO000204	43	0	26	
MYCO000207	3	0	22	
MYCO000211	16	0	59	
MYCO000223	147	0	36	
MYCO000225	8	0	22	
MYCO000227	152	0	38	
MYCO000228	25	0	31	
MYCO000236	343	0	81	
MYCO000237	41	0	37	
MYCO000238	2	0	20	
MYCO000241	6	0	29	
MYCO000242	268	0	32	
MYCO000243	121	0	30	
MYCO000244	25	772	42	
MYCO000247	4	0	15	
MYCO000248	3	0	29	
MYCO000270	13	0	57	
MYCO000274	101	0	23	
MYCO000321	2	0	9	
MYCO000322	13	0	28	
MYCO000334	2	0	17	
MYCO000337	14	0	26	
MYCO000350	23	0	29	
MYCO000352	160	0	25	
MYCO000357	4	0	27	
MYCO000360	62	0	17	
MYCO000383	282	0	16	
MYCO000384	197	0	45	
MYCO000407	64	0	23	
MYCO000410	43	0	49	
MYCO000411	31	0	22	
MYCO000414	325	0	16	
MYCO000415	327	0	22	
MYCO000417	99	370	19	
MYCO000423	13	0	29	
MYCO000429	5	0	12	
MYCO000432	1	0	13	
MYCO000433	6	0	19	
MYCO000439	55	0	19	
MYCO000440	19	0	22	
MYCO000462	5	0	22	
MYCO000465	15	0	42	
MYCO000466	7	0	13	
MYCO000467	3	0	22	
MYCO000468	19	0	12	
MYCO000472	3	0	14	
MYCO000475	44	0	19	
MYCO000483	18	0	25	
MYCO000484	14	0	23	
MYCO000486	80	0	27	
MYCO000489	223	0	15	
MYCO000490	17	0	27	
MYCO000491	1	0	10	
MYCO000495	3	0	19	
MYCO000496	19	0	22	
MYCO000498	19	0	24	
MYCO000501	11	0	25	
MYCO000502	11	0	18	
MYCO000505	358	0	18	
MYCO000509	29	0	38	
MYCO000510	27	0	18	
MYCO000512	31	0	21	
MYCO000524	124	0	26	
MYCO000527	36	0	17	
MYCO000528	220	0	26	
MYCO000529	44	0	30	
MYCO000548	10	0	13	
MYCO000551	55	0	42	
MYCO000553	139	0	21	
MYCO000555	147	0	20	
MYCO000557	16	0	41	
MYCO000558	75	0	14	
MYCO000562	6	0	27	
MYCO000563	28	0	24	
MYCO000564	18	0	28	
MYCO000566	2	0	14	
MYCO000636	4	0	16	
MYCO000639	63	0	13	
MYCO000647	61	0	28	
MYCO000655	9	0	26	
MYCO000667	82	0	133	
MYCO000668	57	0	131	
MYCO000672	65	0	48	
MYCO000684	24	0	46	
MYCO000685	8	0	14	
MYCO000693	133	0	23	
MYCO000696	27	0	30	
MYCO000732	3	0	29	
MYCO000733	2	0	12	
MYCO000734	150	0	11	
MYCO000757	3	0	17	
MYCO000758	34	0	62	
MYCO000772	47	0	32	
MYCO000777	13	0	20	
MYCO000780	4	0	21	
MYCO000782	1499	0	3	
MYCO000788	38	0	10	
MYCO000803	33	0	47	
MYCO000808	29	0	34	
MYCO000809	2	0	19	
MYCO000810	0	0	5	
MYCO000814	293	6	12	
MYCO000815	24	4	22	
MYCO000820	3	0	13	
MYCO000821	7	0	11	
MYCO000823	29	0	25	
MYCO000824	3	0	18	
MYCO000859	26	0	37	
MYCO000860	100	0	50	
MYCO000861	8	0	40	
MYCO000871	5	0	8	
MYCO000876	0	0	38	
MYCO000884	4	0	28	
MYCO000885	22	0	18	
MYCO000886	341	0	29	
MYCO000889	300	0	27	
MYCO000896	23	0	28	
MYCO000902	11	0	12	
MYCO000903	6	0	6	
MYCO000906	380	0	22	
MYCO000926	6	0	38	
MYCO000927	59	0	14	
MYCO000929	132	0	15	
MYCO000946	16	0	36	
MYCO000949	64	0	52	
MYCO000951	10	0	25	
MYCO000952	28	0	20	
MYCO000953	111	0	29	
MYCO000957	150	0	27	
MYCO000981	16	0	19	
MYCO000983	184	0	38	
MYCO000993	45	0	15	
MYCO000994	97	0	28	
MYCO000995	8	0	15	
MYCO001001	11	0	34	
MYCO001002	18	0	35	
MYCO001007	4	0	28	
MYCO001008	78	0	19	
MYCO001009	78	0	17	
MYCO001010	27	0	20	
MYCO001011	6	0	21	
MYCO001013	16	0	26	
MYCO001014	7	0	18	
MYCO001015	8	0	16	
MYCO001017	1	0	18	
MYCO001018	10	0	37	
MYCO001020	164	0	73	
MYCO001022	70	0	15	
MYCO001023	52	0	29	
MYCO001026	102	0	24	
MYCO001070	3	0	13	
MYCO001071	7	0	29	
MYCO001072	2	0	16	
MYCO001077	21	0	34	
MYCO001079	24	0	18	
MYCO001080	81	0	8	
MYCO001082	11	0	19	
MYCO001086	19	0	21	
MYCO001092	38	0	21	
MYCO001094	22	0	11	
MYCO001095	41	0	23	
MYCO001098	24	0	20	
MYCO001099	82	0	21	
MYCO001108	20	0	29	
MYCO001110	2	0	20	
MYCO001112	181	0	25	
MYCO001165	59	0	52	
MYCO001173	81	0	47	
MYCO001177	6	0	5	
MYCO001178	59	0	29	
MYCO001193	145	0	26	
MYCO001201	87	0	27	
MYCO001202	65	0	22	
MYCO001207	96	0	29	
MYCO001208	7	0	17	
MYCO001213	75	0	30	
MYCO001220	83	0	8	
MYCO001221	0	0	17	
MYCO001223	235	0	33	
MYCO001229	31	0	27	
MYCO001238	14	0	18	
MYCO001239	2	0	21	
MYCO001245	36	0	27	
MYCO001248	166	0	69	
MYCO001253	67	0	49	
MYCO001272	120	0	37	
MYCO001273	5	0	35	
MYCO001277	167	0	26	
MYCO001292	10	0	28	
MYCO001293	20	0	23	
MYCO001294	25	0	23	
MYCO001295	19	0	26	
MYCO001297	122	0	34	
MYCO001299	10	0	16	
MYCO001302	7	0	21	
MYCO001305	4	0	4	
MYCO001308	19	0	28	
MYCO001309	5	0	24	
MYCO001310	4	0	20	
MYCO001311	8	0	10	
MYCO001315	5	0	20	
MYCO001321	26	0	19	
MYCO001323	34	0	26	
MYCO001326	11	0	41	
MYCO001327	27	0	30	
MYCO001328	48	0	61	
MYCO001338	38	0	15	
MYCO001340	21	0	15	
MYCO001380	19	0	23	
MYCO001381	154	0	25	
MYCO001383	11	0	22	
MYCO001384	136	0	80	
MYCO001385	236	0	19	
MYCO001388	2	0	14	
MYCO001390	1	0	7	
MYCO001391	262	0	34	
MYCO001392	145	0	39	
MYCO001402	620	0	34	
MYCO001407	209	0	39	
MYCO001408	37	0	12	
MYCO001410	3	0	26	
MYCO001412	8	0	16	
MYCO001415	7	0	23	
MYCO001416	3	0	14	
MYCO001420	11	0	40	
MYCO001421	10	0	19	
MYCO001436	1	0	20	
MYCO001437	15	0	19	
MYCO001438	4	0	16	
MYCO001440	6	0	7	
MYCO001445	85	0	23	
MYCO001447	181	0	41	
MYCO001448	16	0	25	
MYCO001449	79	0	43	
MYCO001451	31	0	28	
MYCO001457	3	0	16	
MYCO001458	9	0	27	
MYCO001462	16	0	31	
MYCO001463	3	0	19	
MYCO001464	71	0	27	
MYCO001465	5	0	8	
MYCO001466	1	0	6	
MYCO001467	25	778	33	
MYCO001473	11	0	31	
MYCO001474	42	0	13	
MYCO001475	6	0	41	
MYCO001479	34	0	21	
MYCO001480	47	0	25	
MYCO001481	7	0	21	
MYCO001483	42	0	9	
MYCO001484	8	0	21	
MYCO001485	40	0	16	
MYCO001493	236	0	40	
MYCO001536	47	0	69	
MYCO001540	4	0	23	
MYCO001547	53	0	58	
MYCO001557	256	0	35	
MYCO001559	320	0	34	
MYCO001564	19	0	43	
MYCO001568	84	0	28	
MYCO001569	289	0	18	
MYCO001589	5	0	15	
MYCO001593	3	0	13	
MYCO001594	17	0	26	
MYCO001595	160	0	37	
MYCO001599	136	0	23	
MYCO001600	3	0	23	
MYCO001601	0	0	13	
MYCO001603	2	0	14	
MYCO001605	1	0	16	
MYCO001609	34	0	33	
MYCO001611	25	0	13	
MYCO001612	3	0	29	
MYCO001617	22	0	33	
MYCO001626	8	0	11	
MYCO001627	49	0	18	
MYCO001629	50	0	60	
MYCO001633	194	0	55	
MYCO001638	72	0	62	
MYCO001641	1536	0	0	
MYCO001649	120	0	16	
MYCO001652	82	0	20	
MYCO001653	262	0	18	
MYCO001654	45	0	13	
MYCO001655	158	0	22	
MYCO001656	119	0	14	
MYCO001657	142	0	13	
MYCO001658	39	0	29	
MYCO001659	138	0	26	
MYCO001689	7	0	23	
MYCO001694	45	0	18	
MYCO001695	2	0	18	
MYCO001697	3	0	12	
MYCO001699	6	0	53	
MYCO001701	16	0	15	
MYCO001708	7	0	15	
MYCO001709	0	0	27	
MYCO001711	0	0	20	
MYCO001712	10	0	22	
MYCO001713	59	0	28	
MYCO001821	14	0	52	
MYCO001827	3	0	11	
MYCO001829	13	0	16	
MYCO001830	4	0	24	
MYCO001832	46	0	58	
MYCO001837	40	0	38	
MYCO001842	30	0	35	
MYCO001843	36	0	27	
MYCO001844	21	0	44	
MYCO001854	16	0	29	
MYCO001886	24	0	26	
MYCO001894	66	0	34	
MYCO001981	6	0	9	
MYCO002050	2	0	6	
MYCO002089	110	0	31	
MYCO002090	1506	0	4	
MYCO002092	180	0	64	
MYCO002093	18	0	22	
MYCO002096	9	0	26	
MYCO002097	29	0	23	
MYCO002109	9	0	19	
MYCO002110	13	0	24	
MYCO002111	38	0	7	
MYCO002112	671	0	31	
MYCO002115	16	0	42	
MYCO002118	1	0	13	
MYCO002119	7	0	27	
MYCO002121	15	0	15	
MYCO002122	1	0	9	
MYCO002125	16	0	13	
MYCO002130	180	0	17	
MYCO002134	6	0	15	
MYCO002139	26	0	23	
MYCO002140	0	0	12	
MYCO002141	30	0	30	
MYCO002145	25	0	14	
MYCO002150	99	0	18	
MYCO002151	96	0	12	
MYCO002153	301	0	26	
MYCO002154	307	0	22	
MYCO002155	241	0	42	
MYCO002156	5	0	29	
MYCO002157	641	0	28	
MYCO002163	67	0	32	
MYCO002166	6	0	9	
MYCO002170	175	0	14	
MYCO002176	43	0	26	
MYCO002178	7	0	22	
MYCO002179	29	0	9	
MYCO002182	11	0	14	
MYCO002186	1	0	5	
MYCO002187	428	0	28	
MYCO002188	11	0	32	
MYCO002192	44	0	23	
MYCO002193	4	0	9	
MYCO002194	10	0	22	
MYCO002195	8	0	18	
MYCO002196	7	0	32	
MYCO002199	0	0	7	
MYCO002200	12	0	16	
MYCO002201	52	0	28	
MYCO002202	68	0	24	
MYCO002210	30	0	27	
MYCO002211	36	0	28	
MYCO002213	75	0	40	
MYCO002216	13	0	30	
MYCO002217	70	0	23	
MYCO002218	66	0	27	
MYCO002219	42	0	15	
MYCO002220	11	0	28	
MYCO002221	324	0	61	
MYCO002222	16	0	30	
MYCO002225	50	0	30	
MYCO002228	19	0	27	
MYCO002230	90	0	27	
MYCO002235	28	0	20	
MYCO002239	1	0	8	
MYCO002241	200	0	38	
MYCO002242	58	0	21	
MYCO002243	163	0	21	
MYCO002244	2	0	2	
MYCO002245	33	0	23	
MYCO002246	14	0	18	
MYCO002247	72	0	24	
MYCO002257	13	0	23	
MYCO002259	68	0	20	
MYCO002315	262	0	32	
MYCO002343	67	0	38	
MYCO002344	228	0	28	
MYCO002357	7	0	20	
MYCO002361	3	0	12	
MYCO002362	37	0	17	
MYCO002364	5	0	20	
MYCO002366	3	0	29	
MYCO002367	2	0	13	
MYCO002368	20	0	23	
MYCO002373	23	0	25	
MYCO002374	40	0	29	
MYCO002399	19	0	19	
MYCO002400	18	0	24	
MYCO002402	20	0	55	
MYCO002404	10	0	43	
MYCO002409	6	0	17	
MYCO002410	3	0	16	
MYCO002411	36	0	35	
MYCO002413	59	0	19	
MYCO002420	62	0	16	
MYCO002421	0	0	10	
MYCO002425	114	0	19	
MYCO002426	450	0	28	
MYCO002427	121	0	20	
MYCO002439	224	0	21	
MYCO002440	33	0	38	
MYCO002445	8	0	6	
MYCO002447	19	0	35	
MYCO002448	66	0	57	
MYCO002454	7	0	22	
MYCO002455	26	0	27	
MYCO002457	13	0	19	
MYCO002460	1	0	12	
MYCO002461	3	0	10	
MYCO002462	106	0	26	
MYCO002465	18	0	10	
MYCO002466	12	0	18	
MYCO002467	31	0	52	
MYCO002470	4	0	12	
MYCO002477	7	0	30	
MYCO002500	5	0	23	
MYCO002502	19	0	40	
MYCO002509	6	0	25	
MYCO002511	6	0	9	
MYCO002518	183	0	18	
MYCO002521	1	0	12	
MYCO002523	12	0	8	
MYCO002524	422	0	129	
MYCO002533	7	0	11	
MYCO002534	0	0	11	
MYCO002538	70	0	27	
MYCO002540	342	0	27	
MYCO002555	25	0	43	
MYCO002559	121	0	24	
MYCO002568	14	0	30	
MYCO002572	41	0	31	
MYCO002575	30	0	23	
MYCO002580	63	0	25	
MYCO002582	13	0	19	
MYCO002583	37	0	40	
MYCO002587	228	0	31	
MYCO002589	35	0	29	
MYCO002592	60	0	21	
MYCO002593	30	0	12	
MYCO002594	0	0	9	
MYCO002603	1	0	16	
MYCO002606	12	0	17	
MYCO002610	40	0	28	
MYCO002611	25	0	23	
MYCO002612	2	0	18	
MYCO002613	2	0	8	
MYCO002614	26	0	35	
MYCO002670	5	0	20	
MYCO002673	181	375	22	
MYCO002676	9	0	12	
MYCO002678	128	0	22	
MYCO002682	31	0	31	
MYCO002696	34	0	20	
MYCO002697	2	0	12	
MYCO002699	0	0	6	
MYCO002702	4	0	26	
MYCO002703	42	0	30	
MYCO002708	3	0	6	
MYCO002710	26	0	16	
MYCO002711	11	0	15	
MYCO002714	8	0	23	
MYCO002715	223	0	22	
MYCO002720	6	0	21	
MYCO002724	26	0	41	
MYCO002725	43	0	23	
MYCO002726	17	0	16	
MYCO002727	94	0	27	
MYCO002731	160	0	24	
MYCO002733	340	0	27	
MYCO002744	43	0	17	
MYCO002748	136	0	46	
MYCO002750	25	0	20	
MYCO002753	7	0	30	
MYCO002754	10	0	16	
MYCO002764	27	0	22	
MYCO002773	6	0	14	
MYCO002782	106	0	28	
MYCO002783	50	0	37	
MYCO002788	153	0	11	
MYCO002794	7	0	19	
MYCO002795	30	0	23	
MYCO002828	693	192	26	
MYCO002838	21	0	10	
MYCO002839	579	0	38	
MYCO002841	11	0	26	
MYCO002846	2	0	31	
MYCO002847	35	0	28	
MYCO002861	8	0	15	
MYCO002864	22	0	25	
MYCO002868	3	0	22	
MYCO002870	29	0	15	
MYCO002882	3	0	18	
MYCO002883	2	0	14	
MYCO002889	30	0	15	
MYCO002894	186	0	14	
MYCO002901	1	0	6	
MYCO002902	80	0	17	
MYCO002915	27	0	28	
MYCO002916	116	0	25	
MYCO002917	229	0	34	
MYCO002918	95	0	54	
MYCO002919	1	0	9	
MYCO002921	40	0	21	
MYCO002927	8	0	19	
MYCO002965	2	0	8	
MYCO002967	86	0	49	
MYCO002976	25	0	19	
MYCO002981	66	0	27	
MYCO002982	8	0	28	
MYCO002984	16	0	33	
MYCO002988	32	0	26	
MYCO002992	46	0	39	
MYCO002993	3	0	17	
MYCO002995	57	0	27	
MYCO002996	95	0	41	
MYCO003001	8	0	20	
MYCO003003	65	0	33	
MYCO003006	45	0	13	
MYCO003009	6	0	30	
MYCO003010	142	0	17	
MYCO003011	275	0	15	
MYCO003014	132	0	42	
MYCO003024	68	0	27	
MYCO003025	40	0	23	
MYCO003027	14	0	24	
MYCO003028	187	0	17	
MYCO003029	7	0	17	
MYCO003031	74	0	33	
MYCO003032	150	0	18	
MYCO003034	3	0	12	
MYCO003038	4	0	19	
MYCO003042	20	0	18	
MYCO003043	3	0	23	
MYCO003045	3	0	20	
MYCO003048	6	0	18	
MYCO003049	34	0	35	
MYCO003051	13	0	31	
MYCO003052	8	0	6	
MYCO003053	1	0	3	
MYCO003054	54	0	21	
MYCO003057	5	0	20	
MYCO003085	81	0	21	
MYCO003100	3	0	15	
MYCO003101	6	0	19	
MYCO003102	1	0	19	
MYCO003105	63	0	21	
MYCO003117	24	4	22	
MYCO003118	293	6	12	
MYCO003139	7	0	37	
MYCO003140	6	0	31	
MYCO003193	29	0	51	
MYCO003194	0	0	20	
MYCO003195	133	0	40	
MYCO003197	7	0	27	
MYCO003198	99	0	37	
MYCO003205	10	0	20	
MYCO003206	4	0	32	
MYCO003207	9	0	19	
MYCO003208	20	0	17	
MYCO003211	109	0	44	
MYCO003213	5	0	20	
MYCO003214	8	0	22	
MYCO003219	2	0	6	
MYCO003220	10	0	29	
MYCO003221	0	0	9	
MYCO003223	0	0	20	
MYCO003228	136	0	23	
MYCO003229	13	0	40	
MYCO003240	158	0	47	
MYCO003241	76	0	15	
MYCO003245	3	0	31	
MYCO003246	6	0	8	
MYCO003248	10	0	30	
MYCO003252	71	0	27	
MYCO003255	33	0	22	
MYCO003257	73	0	23	
MYCO003258	92	0	4	
MYCO003261	4	0	22	
MYCO003262	80	0	22	
MYCO003264	7	0	19	
MYCO003265	39	0	20	
MYCO003267	107	0	22	
MYCO003274	1	0	23	
MYCO003275	38	0	16	
MYCO003276	32	0	25	
MYCO003277	3	0	16	
MYCO003280	12	0	33	
MYCO003285	51	0	29	
MYCO003290	7	0	20	
MYCO003296	442	0	89	
MYCO003302	23	0	28	
MYCO003303	1523	0	2	
MYCO003304	14	0	7	
MYCO003305	32	0	26	
MYCO003306	106	0	35	
MYCO003313	9	0	14	
MYCO003317	6	0	17	
MYCO003318	70	0	32	
MYCO003319	22	0	19	
MYCO003328	112	0	26	
MYCO003329	16	0	37	
MYCO003330	149	0	25	
MYCO003336	7	0	17	
MYCO003340	10	0	28	
MYCO003341	195	0	28	
MYCO003356	4	0	19	
MYCO003392	19	1154	12	
MYCO003396	24	0	31	
MYCO003409	41	0	36	
MYCO003410	262	0	15	
MYCO003411	61	0	33	
MYCO003412	1	0	11	
MYCO003417	2	881	30	
MYCO003418	0	0	6	
MYCO003419	64	0	20	
MYCO003422	2	0	12	
MYCO003432	8	0	18	
MYCO003433	512	0	13	
MYCO003436	361	0	37	
MYCO003441	167	0	34	
MYCO003455	60	0	14	
MYCO003457	11	0	25	
MYCO003462	5	0	10	
MYCO003464	4	0	24	
MYCO003490	21	0	37	
MYCO003500	8	0	22	
MYCO003501	7	0	15	
MYCO003504	9	0	23	
MYCO003520	14	0	28	
MYCO003570	4	0	17	
MYCO003571	15	0	23	
MYCO003579	221	0	33	
MYCO003580	28	0	22	
MYCO003583	1	0	8	
MYCO003589	348	0	18	
MYCO003592	3	0	10	
MYCO003596	117	0	51	
MYCO003598	11	0	25	
MYCO003600	9	0	17	
MYCO003601	14	0	11	
MYCO003609	2	0	10	
MYCO003610	149	0	41	
MYCO003624	5	0	18	
MYCO003628	3	0	15	
MYCO003644	73	0	29	
MYCO003646	236	0	55	
MYCO003647	23	0	12	
MYCO003648	3	0	11	
MYCO003668	2	0	17	
MYCO003670	67	0	18	
MYCO003674	2	0	15	
MYCO003676	1	0	14	
MYCO003677	17	0	21	
MYCO003679	6	0	26	
MYCO003680	37	0	21	
MYCO003682	43	0	49	
MYCO003683	30	0	25	
MYCO003684	16	0	13	
MYCO003695	11	0	28	
MYCO003696	65	0	44	
MYCO003705	1	0	16	
MYCO003707	38	0	25	
MYCO003708	40	0	25	
MYCO003709	35	0	24	
MYCO003710	623	0	24	
MYCO003711	14	0	36	
MYCO003712	193	0	17	
MYCO003713	14	0	14	
MYCO003715	1	0	14	
MYCO003717	2	0	18	
MYCO003718	1	0	8	
MYCO003719	9	0	34	
MYCO003720	43	0	28	
MYCO003721	129	0	35	
MYCO003722	6	0	29	
MYCO003765	168	0	27	
MYCO003774	3	0	28	
MYCO003775	20	0	45	
MYCO003777	76	0	31	
MYCO003778	12	0	27	
MYCO003780	145	0	13	
MYCO003781	4	0	9	
MYCO003782	13	0	22	
MYCO003783	14	0	22	
MYCO003790	10	0	29	
MYCO003791	18	0	27	
MYCO003793	263	0	76	
MYCO003794	76	0	102	
MYCO003795	69	0	132	
MYCO003799	7	0	30	
MYCO003801	7	0	35	
MYCO003802	29	0	23	
MYCO003804	16	0	26	
MYCO003806	2	0	35	
MYCO003808	93	0	37	
MYCO003809	1	0	23	
MYCO003816	102	0	25	
MYCO003834	41	0	24	
MYCO003835	195	0	27	
MYCO003842	39	0	37	
MYCO003847	579	0	16	
MYCO003849	2	0	6	
MYCO003858	12	0	28	
MYCO003859	158	0	85	
MYCO003907	12	0	43	
MYCO003908	52	0	22	
MYCO003913	28	0	47	
MYCO003915	5	0	39	
MYCO003917	3	0	43	
MYCO003918	6	0	40	
MYCO003920	3	0	26	
MYCO003921	9	0	38	
MYCO013678	1	0	11	
MYCO000002	14	0	56	
MYCO000003	10	0	42	
MYCO000004	3	0	36	
MYCO000007	156	0	58	
MYCO000008	5	0	25	
MYCO000010	5	0	39	
MYCO000012	8	0	36	
MYCO000014	6	0	60	
MYCO000018	71	0	50	
MYCO000020	79	0	74	
MYCO000021	224	0	34	
MYCO000022	19	0	22	
MYCO000023	13	0	32	
MYCO000024	448	0	24	
MYCO000025	154	0	22	
MYCO000026	44	0	53	
MYCO000027	8	0	12	
MYCO000028	3	0	13	
MYCO000029	116	0	51	
MYCO000030	330	0	18	
MYCO000031	14	0	10	
MYCO000032	466	0	57	
MYCO000033	3	0	9	
MYCO000034	3	0	14	
MYCO000035	22	0	71	
MYCO000036	27	0	31	
MYCO000037	20	0	40	
MYCO000039	59	0	12	
MYCO000040	26	0	32	
MYCO000041	142	0	87	
MYCO000042	110	0	34	
MYCO000043	10	0	23	
MYCO000044	186	0	29	
MYCO000045	686	0	31	
MYCO000048	5	0	38	
MYCO000052	45	6	25	
MYCO000057	9	917	25	
MYCO000058	24	0	68	
MYCO000059	5	0	24	
MYCO000060	3	0	26	
MYCO000061	338	0	14	
MYCO000062	67	0	41	
MYCO000063	106	0	59	
MYCO000064	630	0	75	
MYCO000065	3	0	7	
MYCO000067	3	0	21	
MYCO000069	38	0	44	
MYCO000070	6	882	30	
MYCO000071	406	0	38	
MYCO000072	348	0	26	
MYCO000073	8	662	30	
MYCO000074	581	0	33	
MYCO000075	71	0	33	
MYCO000076	5	0	12	
MYCO000077	19	0	23	
MYCO000078	16	0	16	
MYCO000079	19	0	25	
MYCO000080	30	0	22	
MYCO000081	2	0	20	
MYCO000082	388	0	15	
MYCO000083	542	0	39	
MYCO000084	7	0	23	
MYCO000085	87	0	28	
MYCO000086	117	0	41	
MYCO000087	104	0	36	
MYCO000088	8	0	20	
MYCO000089	15	0	25	
MYCO000090	25	0	28	
MYCO000091	27	0	19	
MYCO000092	76	0	70	
MYCO000093	43	0	34	
MYCO000094	1483	23	21	
MYCO000095	655	0	100	
MYCO000096	158	0	39	
MYCO000097	4	0	12	
MYCO000098	5	0	15	
MYCO000099	444	0	37	
MYCO000100	3	0	6	
MYCO000101	57	0	176	
MYCO000102	44	0	49	
MYCO000103	66	0	55	
MYCO000104	465	0	44	
MYCO000106	27	0	29	
MYCO000107	1522	0	3	
MYCO000108	6	0	9	
MYCO000109	467	0	36	
MYCO000110	5	0	16	
MYCO000111	48	0	57	
MYCO000112	17	0	35	
MYCO000113	81	0	31	
MYCO000114	74	0	20	
MYCO000115	199	0	35	
MYCO000116	8	0	24	
MYCO000117	6	0	30	
MYCO000118	51	0	53	
MYCO000119	35	0	50	
MYCO000120	35	0	63	
MYCO000121	46	0	22	
MYCO000122	4	0	5	
MYCO000123	2	0	10	
MYCO000124	1492	0	2	
MYCO000125	74	0	28	
MYCO000126	12	0	46	
MYCO000127	12	0	30	
MYCO000128	15	0	20	
MYCO000130	3	0	18	
MYCO000131	10	0	33	
MYCO000132	57	0	23	
MYCO000133	173	0	25	
MYCO000134	494	0	17	
MYCO000135	2	0	11	
MYCO000136	153	0	48	
MYCO000137	183	0	16	
MYCO000138	170	0	18	
MYCO000139	8	0	28	
MYCO000140	3	0	11	
MYCO000141	4	0	16	
MYCO000142	239	0	28	
MYCO000143	97	0	48	
MYCO000144	96	0	21	
MYCO000145	84	0	25	
MYCO000146	273	0	28	
MYCO000147	56	0	46	
MYCO000148	15	0	16	
MYCO000149	291	0	26	
MYCO000150	11	0	11	
MYCO000151	101	0	54	
MYCO000152	25	0	51	
MYCO000153	27	0	23	
MYCO000154	15	0	22	
MYCO000155	41	0	20	
MYCO000156	1	0	11	
MYCO000157	117	0	31	
MYCO000158	4	0	21	
MYCO000159	115	0	43	
MYCO000160	15	0	40	
MYCO000161	42	0	41	
MYCO000162	73	0	29	
MYCO000163	1	0	18	
MYCO000164	3	0	14	
MYCO000165	751	0	7	
MYCO000166	24	0	47	
MYCO000167	2	761	18	
MYCO000168	30	0	30	
MYCO000169	35	0	48	
MYCO000170	5	0	23	
MYCO000171	398	0	39	
MYCO000172	76	0	40	
MYCO000173	4	0	28	
MYCO000174	27	0	41	
MYCO000175	25	0	30	
MYCO000176	50	0	34	
MYCO000177	1	0	10	
MYCO000178	4	0	23	
MYCO000179	80	0	28	
MYCO000180	183	0	45	
MYCO000181	3	0	22	
MYCO000182	119	0	43	
MYCO000185	26	0	11	
MYCO000186	81	0	54	
MYCO000187	22	0	23	
MYCO000188	6	0	14	
MYCO000190	0	0	8	
MYCO000191	144	0	21	
MYCO000192	349	0	20	
MYCO000193	20	0	52	
MYCO000194	115	0	100	
MYCO000195	263	0	17	
MYCO000196	19	0	17	
MYCO000197	1536	0	0	
MYCO000199	2	0	18	
MYCO000200	18	0	12	
MYCO000201	107	0	7	
MYCO000202	50	0	75	
MYCO000203	69	0	14	
MYCO000205	209	0	26	
MYCO000206	84	0	59	
MYCO000208	10	0	13	
MYCO000209	113	0	31	
MYCO000210	141	0	25	
MYCO000212	21	0	27	
MYCO000213	11	0	34	
MYCO000214	27	0	53	
MYCO000215	173	0	26	
MYCO000216	19	0	21	
MYCO000217	132	0	22	
MYCO000218	428	0	31	
MYCO000219	0	0	21	
MYCO000220	54	0	29	
MYCO000221	158	0	26	
MYCO000222	31	0	21	
MYCO000224	21	0	10	
MYCO000226	78	0	48	
MYCO000229	3	0	23	
MYCO000230	6	0	38	
MYCO000231	16	0	39	
MYCO000232	6	0	23	
MYCO000233	145	0	20	
MYCO000234	84	0	32	
MYCO000235	24	0	55	
MYCO000239	4	0	7	
MYCO000240	6	0	16	
MYCO000245	7	0	15	
MYCO000246	66	0	40	
MYCO000249	5	0	19	
MYCO000250	3	0	7	
MYCO000251	2	0	22	
MYCO000252	22	0	72	
MYCO000253	11	0	11	
MYCO000254	15	0	11	
MYCO000255	136	0	36	
MYCO000256	398	0	40	
MYCO000257	193	0	13	
MYCO000258	16	0	17	
MYCO000259	3	0	22	
MYCO000260	27	0	33	
MYCO000261	24	0	44	
MYCO000262	6	0	15	
MYCO000263	142	0	18	
MYCO000264	39	0	18	
MYCO000265	7	0	33	
MYCO000266	396	0	73	
MYCO000267	156	0	33	
MYCO000268	11	0	14	
MYCO000269	32	0	24	
MYCO000271	54	0	58	
MYCO000272	24	0	35	
MYCO000273	18	0	22	
MYCO000275	154	0	30	
MYCO000276	70	415	23	
MYCO000277	50	618	41	
MYCO000278	1534	0	1	
MYCO000279	1442	0	40	
MYCO000280	645	0	44	
MYCO000281	66	0	22	
MYCO000282	21	0	46	
MYCO000283	122	0	36	
MYCO000284	275	0	89	
MYCO000285	40	0	8	
MYCO000286	429	0	39	
MYCO000287	6	5	6	
MYCO000288	1	0	14	
MYCO000289	35	0	26	
MYCO000290	241	0	38	
MYCO000291	207	0	27	
MYCO000292	12	0	23	
MYCO000293	41	0	30	
MYCO000294	36	0	29	
MYCO000295	8	0	14	
MYCO000296	23	0	27	
MYCO000297	806	0	54	
MYCO000298	3	0	10	
MYCO000299	1	0	12	
MYCO000300	2	0	8	
MYCO000301	0	0	11	
MYCO000302	26	0	21	
MYCO000303	14	0	27	
MYCO000304	213	0	197	
MYCO000305	1509	0	6	
MYCO000306	8	0	18	
MYCO000307	7	0	18	
MYCO000308	3	0	23	
MYCO000309	10	0	9	
MYCO000310	1	0	10	
MYCO000311	9	0	35	
MYCO000312	121	0	43	
MYCO000313	1	0	13	
MYCO000314	54	0	22	
MYCO000315	352	0	23	
MYCO000316	124	0	17	
MYCO000317	21	0	21	
MYCO000318	11	0	16	
MYCO000319	17	0	19	
MYCO000320	3	0	16	
MYCO000323	162	0	20	
MYCO000324	4	0	17	
MYCO000325	738	0	3	
MYCO000326	81	0	15	
MYCO000327	91	0	33	
MYCO000328	5	0	12	
MYCO000329	42	0	19	
MYCO000330	12	0	24	
MYCO000331	88	0	40	
MYCO000332	12	0	22	
MYCO000333	1	0	13	
MYCO000335	197	0	11	
MYCO000336	1330	175	12	
MYCO000338	295	0	47	
MYCO000339	214	0	66	
MYCO000340	3	0	17	
MYCO000341	455	0	30	
MYCO000342	36	0	40	
MYCO000343	59	0	39	
MYCO000344	6	0	14	
MYCO000345	2	0	12	
MYCO000346	71	0	28	
MYCO000347	3	6	17	
MYCO000348	4	0	10	
MYCO000349	8	0	18	
MYCO000351	36	0	16	
MYCO000353	2	0	12	
MYCO000354	1535	0	1	
MYCO000355	925	0	161	
MYCO000356	119	0	21	
MYCO000358	402	0	14	
MYCO000359	18	0	24	
MYCO000361	4	0	18	
MYCO000362	9	0	41	
MYCO000363	14	0	28	
MYCO000364	4	0	23	
MYCO000365	41	0	26	
MYCO000366	21	0	17	
MYCO000367	8	0	11	
MYCO000368	59	0	32	
MYCO000369	5	0	13	
MYCO000370	8	0	32	
MYCO000371	9	0	12	
MYCO000372	34	0	26	
MYCO000373	55	0	68	
MYCO000374	6	0	17	
MYCO000375	147	0	20	
MYCO000376	121	0	34	
MYCO000377	113	0	28	
MYCO000378	204	0	6	
MYCO000379	5	0	8	
MYCO000380	24	0	17	
MYCO000381	16	0	21	
MYCO000382	5	0	8	
MYCO000385	2	0	19	
MYCO000386	129	0	83	
MYCO000387	532	0	11	
MYCO000388	1535	0	1	
MYCO000389	197	0	34	
MYCO000390	2	0	8	
MYCO000391	27	0	19	
MYCO000392	89	0	42	
MYCO000393	468	0	53	
MYCO000394	17	0	22	
MYCO000395	258	0	9	
MYCO000396	7	0	14	
MYCO000397	224	521	45	
MYCO000398	84	0	17	
MYCO000399	23	0	42	
MYCO000400	29	0	24	
MYCO000401	73	0	8	
MYCO000402	284	0	60	
MYCO000403	345	0	11	
MYCO000404	45	0	71	
MYCO000405	740	0	88	
MYCO000406	14	0	20	
MYCO000408	7	0	52	
MYCO000409	10	0	31	
MYCO000412	13	0	34	
MYCO000413	36	0	17	
MYCO000416	1	0	7	
MYCO000418	8	0	36	
MYCO000419	26	0	36	
MYCO000420	3	0	18	
MYCO000421	7	0	17	
MYCO000422	2	0	18	
MYCO000424	1	0	8	
MYCO000425	351	0	87	
MYCO000426	28	0	17	
MYCO000427	17	0	26	
MYCO000428	67	0	21	
MYCO000430	20	0	6	
MYCO000431	9	0	10	
MYCO000434	8	0	20	
MYCO000435	92	0	55	
MYCO000436	99	0	20	
MYCO000437	73	0	11	
MYCO000438	25	0	24	
MYCO000441	97	0	14	
MYCO000442	30	0	37	
MYCO000443	47	0	13	
MYCO000444	245	0	23	
MYCO000445	3	0	15	
MYCO000446	350	0	15	
MYCO000447	61	0	33	
MYCO000448	27	0	13	
MYCO000449	16	0	20	
MYCO000450	19	0	56	
MYCO000451	3	0	10	
MYCO000452	2	0	12	
MYCO000453	371	0	24	
MYCO000454	4	0	8	
MYCO000455	1	0	11	
MYCO000456	12	0	32	
MYCO000457	171	0	37	
MYCO000458	111	0	41	
MYCO000459	46	0	24	
MYCO000460	2	0	7	
MYCO000461	21	0	19	
MYCO000463	22	0	8	
MYCO000464	1	0	14	
MYCO000469	35	0	35	
MYCO000470	12	0	13	
MYCO000471	27	0	23	
MYCO000473	10	0	23	
MYCO000474	3	0	13	
MYCO000476	5	0	8	
MYCO000477	20	0	7	
MYCO000478	6	0	17	
MYCO000479	159	0	19	
MYCO000480	45	0	16	
MYCO000481	11	0	11	
MYCO000482	8	0	22	
MYCO000485	24	0	24	
MYCO000487	52	0	19	
MYCO000488	8	0	20	
MYCO000492	197	0	43	
MYCO000493	43	0	32	
MYCO000494	35	0	17	
MYCO000497	193	0	19	
MYCO000499	37	0	15	
MYCO000500	136	0	19	
MYCO000503	4	0	11	
MYCO000504	0	0	10	
MYCO000506	12	0	5	
MYCO000507	134	0	85	
MYCO000508	0	0	3	
MYCO000511	235	0	30	
MYCO000513	16	0	10	
MYCO000514	13	0	16	
MYCO000515	1330	101	13	
MYCO000516	1	0	10	
MYCO000517	35	0	30	
MYCO000518	3	0	15	
MYCO000519	165	0	20	
MYCO000520	11	0	9	
MYCO000521	2	0	11	
MYCO000522	4	0	26	
MYCO000523	80	0	12	
MYCO000525	131	0	22	
MYCO000526	15	0	12	
MYCO000530	124	0	36	
MYCO000531	179	0	10	
MYCO000532	1439	0	5	
MYCO000533	33	0	16	
MYCO000534	50	0	22	
MYCO000535	20	0	19	
MYCO000536	234	0	19	
MYCO000537	120	0	40	
MYCO000538	349	0	61	
MYCO000539	599	0	8	
MYCO000540	114	0	6	
MYCO000541	56	0	31	
MYCO000542	191	0	20	
MYCO000543	0	0	4	
MYCO000544	129	0	8	
MYCO000545	43	0	26	
MYCO000546	5	0	10	
MYCO000547	91	0	26	
MYCO000549	20	0	16	
MYCO000550	5	0	7	
MYCO000552	334	0	26	
MYCO000554	100	0	19	
MYCO000556	3	0	11	
MYCO000559	25	0	7	
MYCO000560	2	0	15	
MYCO000561	84	0	17	
MYCO000565	63	0	43	
MYCO000567	20	0	25	
MYCO000568	50	0	34	
MYCO000569	3	0	7	
MYCO000570	87	0	50	
MYCO000571	134	0	32	
MYCO000572	9	0	10	
MYCO000573	79	0	42	
MYCO000574	84	0	23	
MYCO000575	97	0	29	
MYCO000576	109	0	32	
MYCO000577	114	0	20	
MYCO000578	1154	0	59	
MYCO000579	79	0	23	
MYCO000580	10	0	17	
MYCO000581	46	0	11	
MYCO000582	6	0	10	
MYCO000583	34	0	19	
MYCO000584	16	0	59	
MYCO000585	45	0	56	
MYCO000586	5	460	16	
MYCO000587	41	0	37	
MYCO000588	68	0	23	
MYCO000589	15	0	31	
MYCO000590	742	0	12	
MYCO000591	107	0	39	
MYCO000592	262	0	31	
MYCO000593	18	0	32	
MYCO000594	91	0	45	
MYCO000595	7	0	11	
MYCO000596	13	0	5	
MYCO000597	7	0	23	
MYCO000598	4	0	14	
MYCO000599	2	842	8	
MYCO000600	61	0	12	
MYCO000601	57	0	19	
MYCO000602	181	0	26	
MYCO000603	269	0	6	
MYCO000604	63	0	29	
MYCO000605	7	0	13	
MYCO000606	29	0	22	
MYCO000607	1	0	7	
MYCO000608	1	0	6	
MYCO000609	9	0	12	
MYCO000610	175	0	19	
MYCO000611	5	0	11	
MYCO000612	187	0	12	
MYCO000613	407	0	47	
MYCO000614	50	0	24	
MYCO000615	14	0	7	
MYCO000616	11	0	8	
MYCO000617	2	0	15	
MYCO000618	186	0	12	
MYCO000619	1536	0	0	
MYCO000620	403	0	29	
MYCO000621	193	0	17	
MYCO000622	4	0	25	
MYCO000623	1	0	4	
MYCO000624	1	0	15	
MYCO000625	101	0	19	
MYCO000626	9	0	8	
MYCO000627	10	0	7	
MYCO000628	123	726	34	
MYCO000629	270	0	35	
MYCO000630	385	0	47	
MYCO000631	406	0	63	
MYCO000632	0	0	14	
MYCO000633	14	0	28	
MYCO000634	3	0	11	
MYCO000635	6	0	17	
MYCO000637	4	0	18	
MYCO000638	21	0	15	
MYCO000642	11	0	23	
MYCO000643	45	0	17	
MYCO000644	2	5	22	
MYCO000645	3	0	19	
MYCO000646	20	0	15	
MYCO000648	503	0	75	
MYCO000649	571	0	14	
MYCO000650	401	0	18	
MYCO000653	11	0	11	
MYCO000654	167	0	37	
MYCO000656	13	0	16	
MYCO000657	3	0	4	
MYCO000658	8	0	19	
MYCO000659	3	0	11	
MYCO000660	15	0	9	
MYCO000661	21	0	9	
MYCO000662	13	0	6	
MYCO000663	133	0	50	
MYCO000664	3	0	6	
MYCO000665	18	0	10	
MYCO000666	2	0	8	
MYCO000669	133	0	47	
MYCO000670	295	0	13	
MYCO000671	30	0	23	
MYCO000673	201	0	20	
MYCO000674	16	0	10	
MYCO000675	63	0	17	
MYCO000676	5	664	61	
MYCO000677	1	0	14	
MYCO000678	9	0	13	
MYCO000679	23	0	12	
MYCO000680	2	0	10	
MYCO000681	3	0	15	
MYCO000686	234	0	12	
MYCO000687	16	0	18	
MYCO000688	16	0	23	
MYCO000689	63	0	6	
MYCO000690	14	0	14	
MYCO000691	0	0	23	
MYCO000692	0	0	6	
MYCO000694	63	0	24	
MYCO000695	9	0	20	
MYCO000697	11	0	33	
MYCO000698	274	0	21	
MYCO000699	0	0	6	
MYCO000711	110	0	46	
MYCO000712	4	0	15	
MYCO000713	6	0	29	
MYCO000724	147	0	43	
MYCO000725	20	0	18	
MYCO000726	43	0	28	
MYCO000727	76	0	25	
MYCO000728	40	0	27	
MYCO000729	229	0	34	
MYCO000730	38	0	20	
MYCO000731	127	0	17	
MYCO000735	4	0	15	
MYCO000736	26	0	20	
MYCO000737	5	0	13	
MYCO000738	184	0	14	
MYCO000739	767	0	8	
MYCO000740	386	0	22	
MYCO000741	9	167	12	
MYCO000742	1536	0	0	
MYCO000743	5	0	14	
MYCO000744	69	0	17	
MYCO000745	198	0	20	
MYCO000746	1384	0	13	
MYCO000747	1384	0	20	
MYCO000748	144	0	11	
MYCO000749	50	716	34	
MYCO000750	355	548	20	
MYCO000751	53	0	21	
MYCO000752	41	0	32	
MYCO000753	79	0	32	
MYCO000754	397	0	39	
MYCO000755	183	0	59	
MYCO000756	41	0	20	
MYCO000759	0	0	6	
MYCO000760	57	0	9	
MYCO000761	13	0	20	
MYCO000762	5	0	13	
MYCO000763	2	0	7	
MYCO000764	5	0	35	
MYCO000765	33	0	14	
MYCO000766	386	0	22	
MYCO000767	104	0	15	
MYCO000768	20	0	34	
MYCO000769	4	0	16	
MYCO000770	88	0	19	
MYCO000771	24	0	12	
MYCO000773	28	0	49	
MYCO000774	51	0	28	
MYCO000775	18	0	18	
MYCO000776	65	0	19	
MYCO000778	80	0	23	
MYCO000779	471	0	11	
MYCO000781	1499	0	1	
MYCO000783	9	0	45	
MYCO000784	41	0	16	
MYCO000785	52	0	36	
MYCO000786	56	0	11	
MYCO000787	218	0	24	
MYCO000789	3	0	10	
MYCO000790	15	0	23	
MYCO000791	38	0	33	
MYCO000792	6	0	25	
MYCO000793	4	0	7	
MYCO000794	16	0	30	
MYCO000795	179	1	11	
MYCO000796	1536	0	0	
MYCO000797	1514	0	4	
MYCO000798	11	0	11	
MYCO000799	2	0	19	
MYCO000800	17	0	35	
MYCO000801	3	0	10	
MYCO000802	28	0	24	
MYCO000804	267	0	12	
MYCO000805	4	0	30	
MYCO000806	12	0	29	
MYCO000807	4	0	5	
MYCO000811	87	0	18	
MYCO000812	9	0	17	
MYCO000813	91	0	20	
MYCO000816	2	0	13	
MYCO000817	2	0	23	
MYCO000818	29	0	19	
MYCO000819	22	0	25	
MYCO000822	264	0	36	
MYCO000825	14	0	27	
MYCO000826	89	0	16	
MYCO000827	107	0	16	
MYCO000828	32	0	16	
MYCO000829	45	471	21	
MYCO000830	12	0	26	
MYCO000831	8	0	22	
MYCO000832	344	0	8	
MYCO000833	1217	0	32	
MYCO000834	909	0	44	
MYCO000835	132	0	25	
MYCO000836	758	0	9	
MYCO000837	42	0	22	
MYCO000838	17	0	18	
MYCO000839	22	0	13	
MYCO000840	27	0	17	
MYCO000841	15	0	10	
MYCO000842	75	0	32	
MYCO000843	6	0	30	
MYCO000844	30	0	24	
MYCO000845	19	0	35	
MYCO000846	64	0	34	
MYCO000847	185	0	11	
MYCO000848	21	0	31	
MYCO000849	216	0	37	
MYCO000850	7	0	3	
MYCO000851	101	0	18	
MYCO000852	10	0	26	
MYCO000853	54	0	40	
MYCO000854	5	0	16	
MYCO000855	44	0	26	
MYCO000856	3	0	11	
MYCO000857	6	0	11	
MYCO000858	77	0	35	
MYCO000862	128	0	60	
MYCO000863	4	0	4	
MYCO000864	8	0	14	
MYCO000865	11	0	7	
MYCO000866	115	0	12	
MYCO000867	749	0	44	
MYCO000868	11	0	8	
MYCO000869	99	0	27	
MYCO000870	5	0	14	
MYCO000872	660	0	40	
MYCO000873	25	0	29	
MYCO000874	124	732	32	
MYCO000875	11	0	14	
MYCO000877	7	0	17	
MYCO000878	1114	0	28	
MYCO000879	41	0	11	
MYCO000880	24	0	11	
MYCO000881	8	0	22	
MYCO000882	15	0	10	
MYCO000883	44	0	17	
MYCO000887	6	0	8	
MYCO000888	338	0	35	
MYCO000890	63	0	74	
MYCO000891	45	0	17	
MYCO000892	14	0	54	
MYCO000893	14	0	41	
MYCO000894	22	0	38	
MYCO000895	41	0	31	
MYCO000897	312	0	39	
MYCO000898	0	0	3	
MYCO000899	3	0	21	
MYCO000900	3	0	4	
MYCO000901	70	0	20	
MYCO000904	236	0	30	
MYCO000905	9	0	17	
MYCO000907	1535	0	1	
MYCO000908	9	0	50	
MYCO000909	13	0	6	
MYCO000910	4	0	13	
MYCO000911	90	0	24	
MYCO000912	2	0	13	
MYCO000913	47	0	29	
MYCO000914	48	0	44	
MYCO000915	237	0	31	
MYCO000916	6	0	11	
MYCO000917	40	0	35	
MYCO000918	17	0	18	
MYCO000919	0	0	12	
MYCO000920	20	0	33	
MYCO000921	12	0	18	
MYCO000922	48	0	47	
MYCO000923	5	0	36	
MYCO000924	120	0	26	
MYCO000925	19	0	15	
MYCO000928	25	0	15	
MYCO000930	21	0	9	
MYCO000931	53	0	61	
MYCO000932	27	0	40	
MYCO000933	10	0	20	
MYCO000934	201	0	23	
MYCO000935	21	0	29	
MYCO000936	17	0	15	
MYCO000937	1	0	17	
MYCO000938	11	0	58	
MYCO000939	31	0	48	
MYCO000940	3	0	21	
MYCO000941	7	0	23	
MYCO000942	3	0	6	
MYCO000943	19	0	31	
MYCO000944	13	0	18	
MYCO000945	34	0	24	
MYCO000947	6	0	12	
MYCO000948	0	0	9	
MYCO000950	50	0	32	
MYCO000954	36	0	33	
MYCO000955	309	0	23	
MYCO000956	142	0	18	
MYCO000958	188	0	32	
MYCO000959	248	0	49	
MYCO000960	12	0	10	
MYCO000961	17	944	6	
MYCO000962	79	0	16	
MYCO000963	91	0	20	
MYCO000964	12	0	10	
MYCO000965	5	0	16	
MYCO000966	157	0	16	
MYCO000967	10	0	9	
MYCO000968	13	0	12	
MYCO000969	348	0	54	
MYCO000970	2	0	16	
MYCO000971	151	0	18	
MYCO000972	21	0	41	
MYCO000973	94	0	57	
MYCO000974	58	0	39	
MYCO000975	134	0	27	
MYCO000976	185	0	34	
MYCO000977	894	0	52	
MYCO000978	1417	0	37	
MYCO000979	6	0	7	
MYCO000980	1478	0	29	
MYCO000982	53	0	30	
MYCO000984	12	0	7	
MYCO000985	2	0	16	
MYCO000986	49	0	24	
MYCO000987	88	0	92	
MYCO000988	43	0	48	
MYCO000989	21	0	43	
MYCO000990	36	0	20	
MYCO000991	2	0	7	
MYCO000992	67	0	18	
MYCO000996	6	0	31	
MYCO000997	1	0	14	
MYCO000998	37	0	21	
MYCO000999	18	0	14	
MYCO001000	12	0	10	
MYCO001003	79	0	18	
MYCO001004	567	0	36	
MYCO001005	376	0	11	
MYCO001006	26	0	40	
MYCO001012	173	0	7	
MYCO001016	6	0	8	
MYCO001019	1	0	12	
MYCO001021	8	0	17	
MYCO001024	107	0	14	
MYCO001025	21	0	10	
MYCO001027	8	0	16	
MYCO001028	416	0	49	
MYCO001029	16	0	47	
MYCO001030	14	0	54	
MYCO001031	24	0	10	
MYCO001032	29	0	36	
MYCO001033	12	0	15	
MYCO001034	210	0	11	
MYCO001035	232	0	18	
MYCO001036	35	0	11	
MYCO001037	125	710	99	
MYCO001038	865	139	71	
MYCO001039	313	0	23	
MYCO001040	154	0	19	
MYCO001041	56	10	29	
MYCO001042	24	1	17	
MYCO001043	7	0	24	
MYCO001044	0	0	12	
MYCO001045	302	0	17	
MYCO001046	1535	0	1	
MYCO001047	1496	13	7	
MYCO001048	6	0	40	
MYCO001049	10	0	15	
MYCO001050	57	0	18	
MYCO001051	11	0	28	
MYCO001052	9	0	12	
MYCO001053	3	0	9	
MYCO001054	2	0	9	
MYCO001055	0	0	3	
MYCO001056	14	44	21	
MYCO001057	11	0	35	
MYCO001058	40	0	27	
MYCO001059	21	0	37	
MYCO001060	4	0	13	
MYCO001061	3	0	22	
MYCO001062	85	0	17	
MYCO001063	27	0	34	
MYCO001064	90	0	11	
MYCO001065	33	0	14	
MYCO001066	169	0	7	
MYCO001067	1527	0	8	
MYCO001068	1479	0	12	
MYCO001069	39	0	43	
MYCO001073	39	0	28	
MYCO001074	32	0	28	
MYCO001075	48	0	34	
MYCO001076	17	0	26	
MYCO001078	365	0	12	
MYCO001081	17	0	14	
MYCO001083	1	0	6	
MYCO001084	521	0	22	
MYCO001085	14	0	17	
MYCO001087	1281	0	39	
MYCO001088	133	0	16	
MYCO001089	1536	0	0	
MYCO001090	19	0	12	
MYCO001091	1400	0	36	
MYCO001093	24	0	29	
MYCO001096	24	0	15	
MYCO001097	6	0	27	
MYCO001100	10	0	18	
MYCO001101	44	0	25	
MYCO001102	5	0	6	
MYCO001103	2	0	5	
MYCO001104	2	0	22	
MYCO001105	10	0	11	
MYCO001106	33	0	15	
MYCO001107	0	0	7	
MYCO001109	4	0	14	
MYCO001111	13	0	28	
MYCO001113	0	0	3	
MYCO001114	1	0	9	
MYCO001115	23	0	33	
MYCO001116	5	0	6	
MYCO001117	2	0	7	
MYCO001118	84	0	22	
MYCO001119	6	0	3	
MYCO001120	7	0	12	
MYCO001121	30	0	35	
MYCO001122	134	0	22	
MYCO001123	18	0	23	
MYCO001124	29	0	25	
MYCO001125	172	0	30	
MYCO001126	5	0	14	
MYCO001127	9	0	32	
MYCO001128	492	0	30	
MYCO001129	8	0	51	
MYCO001130	15	0	36	
MYCO001131	5	0	25	
MYCO001132	258	0	34	
MYCO001133	199	0	31	
MYCO001134	95	0	8	
MYCO001135	445	0	47	
MYCO001136	1	0	8	
MYCO001137	10	0	9	
MYCO001138	22	0	19	
MYCO001139	123	0	18	
MYCO001140	2	0	14	
MYCO001141	13	782	20	
MYCO001142	13	884	17	
MYCO001143	22	0	22	
MYCO001144	23	0	16	
MYCO001145	751	0	7	
MYCO001146	16	0	26	
MYCO001147	6	0	12	
MYCO001148	1487	6	16	
MYCO001149	24	1	17	
MYCO001150	1536	0	0	
MYCO001151	11	0	11	
MYCO001152	8	0	9	
MYCO001153	28	0	25	
MYCO001154	1	0	13	
MYCO001155	10	0	11	
MYCO001156	12	0	14	
MYCO001157	630	0	18	
MYCO001158	326	0	13	
MYCO001159	4	0	31	
MYCO001160	25	0	15	
MYCO001161	51	0	78	
MYCO001162	22	0	32	
MYCO001163	12	0	9	
MYCO001164	6	0	14	
MYCO001166	58	0	30	
MYCO001167	10	0	11	
MYCO001168	224	0	27	
MYCO001169	7	0	10	
MYCO001170	14	0	20	
MYCO001171	3	0	13	
MYCO001172	190	0	27	
MYCO001174	2	0	13	
MYCO001175	578	0	46	
MYCO001176	72	0	14	
MYCO001179	275	0	66	
MYCO001180	1534	0	1	
MYCO001181	84	0	101	
MYCO001182	10	0	22	
MYCO001183	12	0	68	
MYCO001184	9	0	24	
MYCO001185	19	0	33	
MYCO001186	114	0	41	
MYCO001187	160	0	29	
MYCO001188	78	0	28	
MYCO001189	28	0	21	
MYCO001190	187	0	16	
MYCO001191	256	0	21	
MYCO001192	160	0	13	
MYCO001194	16	0	32	
MYCO001195	4	0	5	
MYCO001196	754	108	190	
MYCO001197	865	153	73	
MYCO001198	125	717	98	
MYCO001199	1496	13	7	
MYCO001200	106	0	37	
MYCO001203	92	0	16	
MYCO001204	105	0	45	
MYCO001205	26	0	12	
MYCO001206	23	0	30	
MYCO001209	14	0	8	
MYCO001210	7	0	5	
MYCO001211	1	0	5	
MYCO001212	19	0	22	
MYCO001214	47	0	10	
MYCO001215	212	0	55	
MYCO001216	31	0	16	
MYCO001217	257	0	43	
MYCO001218	5	0	33	
MYCO001219	13	0	17	
MYCO001222	3	0	13	
MYCO001224	4	0	20	
MYCO001225	375	0	26	
MYCO001226	199	0	38	
MYCO001227	10	0	13	
MYCO001228	4	0	25	
MYCO001230	118	0	51	
MYCO001231	46	0	13	
MYCO001232	28	0	40	
MYCO001233	67	0	24	
MYCO001234	10	0	16	
MYCO001235	5	0	23	
MYCO001236	17	0	18	
MYCO001237	4	0	9	
MYCO001240	25	0	29	
MYCO001241	13	0	9	
MYCO001242	11	0	13	
MYCO001243	979	0	25	
MYCO001244	226	0	29	
MYCO001246	3	0	11	
MYCO001247	5	0	4	
MYCO001249	19	0	28	
MYCO001250	181	0	33	
MYCO001251	431	0	56	
MYCO001252	4	0	11	
MYCO001254	142	0	27	
MYCO001255	15	0	24	
MYCO001256	36	0	26	
MYCO001257	9	0	42	
MYCO001258	342	0	33	
MYCO001259	52	0	16	
MYCO001260	147	0	19	
MYCO001261	11	0	12	
MYCO001262	12	0	11	
MYCO001263	147	0	30	
MYCO001264	49	0	32	
MYCO001265	34	0	9	
MYCO001266	321	0	37	
MYCO001267	10	0	27	
MYCO001268	91	0	21	
MYCO001269	295	0	8	
MYCO001270	76	0	20	
MYCO001271	4	0	8	
MYCO001274	153	0	6	
MYCO001275	2	0	12	
MYCO001276	77	0	16	
MYCO001278	293	0	46	
MYCO001279	26	0	32	
MYCO001280	9	0	41	
MYCO001281	27	0	37	
MYCO001282	2	0	10	
MYCO001283	39	0	17	
MYCO001284	3	0	10	
MYCO001285	3	0	27	
MYCO001286	5	0	51	
MYCO001287	2	0	8	
MYCO001288	628	0	34	
MYCO001289	5	0	17	
MYCO001290	239	325	32	
MYCO001291	6	0	11	
MYCO001296	56	0	22	
MYCO001300	150	0	12	
MYCO001301	5	0	14	
MYCO001303	3	0	7	
MYCO001304	4	0	21	
MYCO001306	2	0	13	
MYCO001307	12	0	33	
MYCO001312	13	0	17	
MYCO001313	811	18	18	
MYCO001314	15	0	16	
MYCO001316	15	0	16	
MYCO001317	63	0	38	
MYCO001318	66	0	37	
MYCO001319	1149	0	33	
MYCO001320	65	0	49	
MYCO001322	66	0	7	
MYCO001324	157	0	25	
MYCO001325	971	0	36	
MYCO001329	182	0	36	
MYCO001330	93	0	41	
MYCO001331	5	0	5	
MYCO001332	3	0	14	
MYCO001333	69	0	23	
MYCO001334	51	0	11	
MYCO001335	42	0	10	
MYCO001336	125	0	17	
MYCO001337	2	0	16	
MYCO001339	9	0	20	
MYCO001341	13	0	10	
MYCO001342	7	0	8	
MYCO001343	8	0	14	
MYCO001344	1	0	8	
MYCO001345	17	0	39	
MYCO001346	3	0	13	
MYCO001347	1	0	20	
MYCO001348	92	0	50	
MYCO001349	37	0	36	
MYCO001350	7	0	14	
MYCO001351	7	0	12	
MYCO001352	3	0	16	
MYCO001353	56	0	18	
MYCO001354	76	0	56	
MYCO001355	240	0	67	
MYCO001356	68	0	24	
MYCO001357	13	0	23	
MYCO001358	454	0	61	
MYCO001359	28	0	16	
MYCO001360	43	0	19	
MYCO001361	727	107	202	
MYCO001362	10	0	16	
MYCO001363	117	0	24	
MYCO001364	124	0	33	
MYCO001365	11	0	12	
MYCO001366	101	0	14	
MYCO001367	107	0	36	
MYCO001368	41	0	25	
MYCO001369	1536	0	0	
MYCO001370	179	1	11	
MYCO001371	352	0	30	
MYCO001372	10	0	35	
MYCO001373	22	0	24	
MYCO001374	1	0	18	
MYCO001375	83	0	30	
MYCO001376	116	0	32	
MYCO001377	4	0	16	
MYCO001378	194	0	37	
MYCO001379	17	0	13	
MYCO001382	42	0	16	
MYCO001386	45	0	10	
MYCO001387	556	0	32	
MYCO001389	27	0	27	
MYCO001393	45	0	21	
MYCO001394	8	0	31	
MYCO001395	6	0	34	
MYCO001396	1046	0	35	
MYCO001397	8	0	10	
MYCO001398	2	0	6	
MYCO001399	27	0	32	
MYCO001400	55	0	22	
MYCO001401	46	0	20	
MYCO001403	93	0	21	
MYCO001404	1	0	8	
MYCO001405	5	0	21	
MYCO001406	114	0	25	
MYCO001409	187	0	20	
MYCO001411	1	0	16	
MYCO001413	3	0	18	
MYCO001414	3	0	14	
MYCO001417	5	0	16	
MYCO001418	5	0	13	
MYCO001419	5	0	15	
MYCO001422	72	0	16	
MYCO001423	84	0	23	
MYCO001424	18	0	22	
MYCO001425	9	0	33	
MYCO001426	24	0	34	
MYCO001427	70	0	35	
MYCO001428	2	0	22	
MYCO001429	69	0	37	
MYCO001430	172	0	31	
MYCO001431	13	0	56	
MYCO001432	151	0	21	
MYCO001433	4	0	17	
MYCO001434	9	0	3	
MYCO001435	317	0	20	
MYCO001439	2	412	11	
MYCO001441	815	0	52	
MYCO001442	75	0	68	
MYCO001443	8	0	13	
MYCO001444	11	0	13	
MYCO001446	234	0	28	
MYCO001450	1534	0	2	
MYCO001452	1428	0	40	
MYCO001453	31	0	32	
MYCO001454	12	0	26	
MYCO001455	41	0	17	
MYCO001456	48	0	27	
MYCO001459	134	0	32	
MYCO001460	222	0	15	
MYCO001461	27	0	58	
MYCO001468	762	0	25	
MYCO001469	123	0	47	
MYCO001470	2	0	6	
MYCO001471	9	0	6	
MYCO001472	17	0	31	
MYCO001476	0	0	14	
MYCO001477	39	0	35	
MYCO001478	24	0	15	
MYCO001482	8	0	25	
MYCO001486	8	0	27	
MYCO001487	6	0	13	
MYCO001488	21	0	19	
MYCO001489	4	0	13	
MYCO001490	14	0	45	
MYCO001491	2	0	20	
MYCO001492	154	0	43	
MYCO001494	2	0	8	
MYCO001495	2	0	8	
MYCO001496	10	0	23	
MYCO001497	43	0	34	
MYCO001498	19	0	27	
MYCO001499	10	0	11	
MYCO001500	23	0	28	
MYCO001501	20	0	21	
MYCO001502	33	0	33	
MYCO001503	1536	0	0	
MYCO001504	412	0	9	
MYCO001505	16	0	27	
MYCO001506	36	0	14	
MYCO001507	35	0	22	
MYCO001508	73	38	45	
MYCO001509	126	0	18	
MYCO001510	2	839	23	
MYCO001511	28	0	24	
MYCO001512	18	0	25	
MYCO001513	21	0	10	
MYCO001514	16	0	19	
MYCO001515	20	0	24	
MYCO001516	81	0	25	
MYCO001517	15	0	18	
MYCO001518	57	0	29	
MYCO001519	244	0	6	
MYCO001520	253	0	29	
MYCO001521	54	0	32	
MYCO001522	141	0	79	
MYCO001523	32	0	26	
MYCO001524	169	0	28	
MYCO001525	184	0	22	
MYCO001526	152	0	32	
MYCO001527	365	0	135	
MYCO001528	14	0	6	
MYCO001529	32	0	46	
MYCO001530	19	0	32	
MYCO001531	5	0	12	
MYCO001532	27	0	11	
MYCO001533	44	0	20	
MYCO001534	10	0	17	
MYCO001535	4	0	3	
MYCO001537	52	0	40	
MYCO001538	100	0	25	
MYCO001539	10	0	11	
MYCO001541	13	0	13	
MYCO001542	5	6	9	
MYCO001543	7	0	23	
MYCO001544	25	0	20	
MYCO001545	7	0	10	
MYCO001546	22	0	18	
MYCO001548	61	0	57	
MYCO001549	1521	0	2	
MYCO001550	177	0	31	
MYCO001551	353	0	39	
MYCO001552	43	0	55	
MYCO001553	63	0	14	
MYCO001554	3	0	13	
MYCO001555	4	0	8	
MYCO001556	8	0	19	
MYCO001558	8	0	10	
MYCO001560	1	0	4	
MYCO001561	4	0	11	
MYCO001562	153	0	36	
MYCO001563	102	0	41	
MYCO001565	212	0	36	
MYCO001566	51	0	26	
MYCO001567	2	0	11	
MYCO001570	163	0	13	
MYCO001571	143	0	9	
MYCO001572	1098	0	6	
MYCO001573	999	0	6	
MYCO001574	1063	0	10	
MYCO001575	1534	0	2	
MYCO001576	289	191	69	
MYCO001577	963	0	6	
MYCO001578	967	0	9	
MYCO001579	955	0	4	
MYCO001580	969	0	5	
MYCO001581	1174	0	4	
MYCO001582	964	0	14	
MYCO001583	115	255	15	
MYCO001584	1007	0	5	
MYCO001585	1080	0	14	
MYCO001586	987	0	22	
MYCO001587	1521	0	7	
MYCO001588	1479	1	26	
MYCO001590	5	0	7	
MYCO001591	7	0	27	
MYCO001592	7	0	33	
MYCO001596	7	0	15	
MYCO001597	12	0	20	
MYCO001598	11	0	10	
MYCO001602	2	0	16	
MYCO001604	5	0	22	
MYCO001606	7	0	10	
MYCO001607	21	0	17	
MYCO001608	1	0	8	
MYCO001610	181	0	17	
MYCO001613	4	0	20	
MYCO001614	12	0	28	
MYCO001615	3	0	11	
MYCO001616	3	0	8	
MYCO001618	4	0	19	
MYCO001619	68	0	30	
MYCO001620	224	0	24	
MYCO001621	204	0	27	
MYCO001622	9	0	29	
MYCO001623	6	0	38	
MYCO001624	5	0	20	
MYCO001625	71	0	32	
MYCO001628	24	0	10	
MYCO001631	25	0	31	
MYCO001632	18	0	11	
MYCO001634	19	0	33	
MYCO001635	24	0	35	
MYCO001636	2	0	12	
MYCO001637	80	0	18	
MYCO001639	305	484	31	
MYCO001640	31	0	83	
MYCO001644	117	0	23	
MYCO001645	161	0	25	
MYCO001646	138	0	22	
MYCO001647	398	0	18	
MYCO001648	7	0	22	
MYCO001650	238	0	60	
MYCO001651	839	0	65	
MYCO001660	231	0	20	
MYCO001661	436	0	119	
MYCO001662	387	0	118	
MYCO001663	43	0	46	
MYCO001664	103	0	71	
MYCO001665	64	0	26	
MYCO001666	52	0	24	
MYCO001667	19	0	18	
MYCO001668	1499	0	3	
MYCO001669	51	0	8	
MYCO001670	18	0	10	
MYCO001671	4	0	12	
MYCO001672	135	0	24	
MYCO001673	118	0	23	
MYCO001674	132	0	11	
MYCO001675	110	0	24	
MYCO001676	5	0	27	
MYCO001677	7	0	14	
MYCO001678	170	0	26	
MYCO001679	15	0	27	
MYCO001680	20	0	26	
MYCO001681	14	0	23	
MYCO001682	135	0	24	
MYCO001683	232	0	42	
MYCO001684	12	0	7	
MYCO001685	4	0	12	
MYCO001686	9	0	19	
MYCO001687	5	0	20	
MYCO001688	40	0	17	
MYCO001690	4	0	7	
MYCO001691	85	0	20	
MYCO001692	166	0	17	
MYCO001693	5	0	7	
MYCO001696	9	0	34	
MYCO001698	126	0	17	
MYCO001700	4	0	17	
MYCO001702	156	0	32	
MYCO001703	2	0	14	
MYCO001704	10	0	47	
MYCO001705	333	0	20	
MYCO001706	114	0	22	
MYCO001707	23	0	35	
MYCO001710	3	0	19	
MYCO001714	186	0	24	
MYCO001715	172	0	27	
MYCO001716	6	0	30	
MYCO001717	333	0	12	
MYCO001718	27	0	31	
MYCO001719	34	0	30	
MYCO001720	28	0	7	
MYCO001721	2	0	4	
MYCO001722	156	0	35	
MYCO001723	76	0	25	
MYCO001724	31	0	8	
MYCO001725	81	0	24	
MYCO001726	89	0	46	
MYCO001727	12	0	18	
MYCO001728	6	0	21	
MYCO001729	10	0	22	
MYCO001730	272	0	52	
MYCO001731	115	0	32	
MYCO001732	84	0	12	
MYCO001733	1	0	23	
MYCO001734	2	0	8	
MYCO001735	10	0	15	
MYCO001736	252	646	57	
MYCO001737	238	0	23	
MYCO001738	19	0	12	
MYCO001739	80	0	41	
MYCO001740	0	0	7	
MYCO001741	1	457	7	
MYCO001742	47	0	20	
MYCO001743	166	0	29	
MYCO001744	226	0	14	
MYCO001745	9	0	21	
MYCO001746	64	0	32	
MYCO001747	107	0	47	
MYCO001748	7	0	16	
MYCO001749	13	0	20	
MYCO001750	68	0	31	
MYCO001751	36	0	29	
MYCO001752	8	0	15	
MYCO001753	1523	0	11	
MYCO001754	666	0	28	
MYCO001755	1536	0	0	
MYCO001756	1536	0	0	
MYCO001757	179	1	11	
MYCO001758	1059	0	19	
MYCO001759	1433	0	21	
MYCO001760	814	0	28	
MYCO001761	802	0	14	
MYCO001762	816	0	16	
MYCO001763	179	1	11	
MYCO001764	1536	0	0	
MYCO001765	1533	0	2	
MYCO001766	5	0	5	
MYCO001767	6	0	10	
MYCO001768	720	0	38	
MYCO001769	116	0	36	
MYCO001770	84	0	33	
MYCO001771	2	0	37	
MYCO001772	9	0	5	
MYCO001773	5	0	23	
MYCO001774	30	0	41	
MYCO001775	405	0	14	
MYCO001776	10	0	17	
MYCO001777	106	0	38	
MYCO001778	166	0	9	
MYCO001779	141	0	55	
MYCO001780	6	0	13	
MYCO001781	169	0	59	
MYCO001782	35	0	25	
MYCO001783	73	0	67	
MYCO001785	8	0	19	
MYCO001786	1	0	5	
MYCO001787	1335	0	20	
MYCO001788	3	5	11	
MYCO001789	150	0	32	
MYCO001790	652	0	36	
MYCO001791	6	0	4	
MYCO001792	1536	0	0	
MYCO001793	125	563	78	
MYCO001794	1	0	16	
MYCO001795	160	0	31	
MYCO001796	59	0	52	
MYCO001797	4	0	38	
MYCO001798	14	0	31	
MYCO001799	133	0	5	
MYCO001800	60	0	62	
MYCO001801	404	0	31	
MYCO001802	276	0	34	
MYCO001803	421	0	44	
MYCO001804	6	0	11	
MYCO001805	1	0	12	
MYCO001806	5	0	8	
MYCO001807	1536	0	0	
MYCO001808	103	0	31	
MYCO001809	73	0	30	
MYCO001810	1	0	10	
MYCO001811	9	0	31	
MYCO001812	77	0	26	
MYCO001813	5	0	13	
MYCO001814	77	0	29	
MYCO001815	227	0	27	
MYCO001816	224	408	13	
MYCO001817	163	0	44	
MYCO001818	1014	0	35	
MYCO001819	54	0	28	
MYCO001820	39	0	35	
MYCO001822	5	0	16	
MYCO001823	36	0	23	
MYCO001824	1	0	12	
MYCO001825	5	0	22	
MYCO001826	1	0	10	
MYCO001828	7	0	10	
MYCO001831	15	0	7	
MYCO001833	6	0	21	
MYCO001834	12	0	18	
MYCO001835	66	0	53	
MYCO001836	96	0	49	
MYCO001838	4	0	11	
MYCO001839	1	0	7	
MYCO001840	712	0	33	
MYCO001841	24	0	22	
MYCO001845	269	0	16	
MYCO001846	14	0	15	
MYCO001847	17	0	21	
MYCO001848	22	0	6	
MYCO001849	1	0	4	
MYCO001850	100	0	46	
MYCO001851	136	0	21	
MYCO001852	28	0	12	
MYCO001853	7	0	16	
MYCO001855	18	0	27	
MYCO001856	228	0	21	
MYCO001857	5	0	20	
MYCO001858	8	0	12	
MYCO001859	27	0	30	
MYCO001860	231	0	26	
MYCO001861	2	0	13	
MYCO001862	10	0	21	
MYCO001863	14	0	22	
MYCO001864	6	0	14	
MYCO001865	4	0	15	
MYCO001866	36	0	52	
MYCO001867	78	0	31	
MYCO001868	117	0	51	
MYCO001869	60	0	22	
MYCO001870	170	0	16	
MYCO001871	59	0	14	
MYCO001872	12	0	38	
MYCO001873	19	0	18	
MYCO001874	10	0	24	
MYCO001875	10	0	17	
MYCO001876	16	0	14	
MYCO001877	70	0	52	
MYCO001878	93	0	29	
MYCO001879	65	0	27	
MYCO001880	17	0	42	
MYCO001881	13	0	16	
MYCO001882	7	0	24	
MYCO001883	9	0	17	
MYCO001884	4	0	12	
MYCO001885	10	0	23	
MYCO001887	74	0	30	
MYCO001888	1289	0	3	
MYCO001889	7	0	9	
MYCO001890	7	0	9	
MYCO001891	4	0	21	
MYCO001892	8	0	5	
MYCO001893	3	0	8	
MYCO001895	444	0	13	
MYCO001896	107	0	35	
MYCO001897	8	0	14	
MYCO001898	5	0	7	
MYCO001899	544	0	27	
MYCO001900	36	0	45	
MYCO001901	60	0	34	
MYCO001902	43	0	34	
MYCO001903	6	0	17	
MYCO001904	5	0	9	
MYCO001905	19	0	26	
MYCO001906	2	0	13	
MYCO001907	1071	0	24	
MYCO001908	47	0	72	
MYCO001909	2	0	12	
MYCO001910	46	0	17	
MYCO001911	52	0	17	
MYCO001912	459	0	16	
MYCO001913	5	0	19	
MYCO001914	1	0	13	
MYCO001915	932	0	13	
MYCO001916	25	0	19	
MYCO001917	1530	0	4	
MYCO001918	289	0	83	
MYCO001919	3	0	9	
MYCO001920	5	0	34	
MYCO001921	253	0	33	
MYCO001922	24	0	27	
MYCO001923	28	0	37	
MYCO001924	6	0	13	
MYCO001925	14	0	35	
MYCO001926	3	0	13	
MYCO001927	48	0	17	
MYCO001928	257	0	19	
MYCO001929	299	0	26	
MYCO001930	53	0	13	
MYCO001931	19	0	16	
MYCO001932	17	0	19	
MYCO001933	216	0	26	
MYCO001934	135	0	28	
MYCO001935	17	0	32	
MYCO001936	10	0	28	
MYCO001937	142	0	60	
MYCO001938	21	0	38	
MYCO001939	145	0	16	
MYCO001940	1249	0	9	
MYCO001941	21	0	19	
MYCO001942	3	0	6	
MYCO001943	7	0	12	
MYCO001944	8	0	29	
MYCO001945	1449	12	19	
MYCO001946	12	0	15	
MYCO001947	21	0	13	
MYCO001948	48	0	23	
MYCO001949	1536	0	0	
MYCO001950	4	0	5	
MYCO001951	64	0	5	
MYCO001952	5	0	5	
MYCO001953	4	0	13	
MYCO001954	19	0	17	
MYCO001955	10	0	9	
MYCO001956	15	0	17	
MYCO001957	8	0	17	
MYCO001958	19	0	24	
MYCO001959	0	0	9	
MYCO001960	1	0	7	
MYCO001961	23	0	19	
MYCO001962	3	0	11	
MYCO001963	29	0	17	
MYCO001964	61	0	12	
MYCO001965	62	0	29	
MYCO001966	41	0	33	
MYCO001967	40	0	33	
MYCO001968	459	0	30	
MYCO001969	52	0	34	
MYCO001970	28	0	22	
MYCO001971	135	0	35	
MYCO001972	29	0	23	
MYCO001973	56	0	10	
MYCO001974	25	0	12	
MYCO001975	190	0	19	
MYCO001976	43	0	13	
MYCO001977	186	0	17	
MYCO001978	308	0	17	
MYCO001979	47	0	34	
MYCO001980	12	0	19	
MYCO001982	5	0	15	
MYCO001983	401	0	41	
MYCO001984	69	0	18	
MYCO001985	47	0	18	
MYCO001986	18	0	21	
MYCO001987	13	0	10	
MYCO001988	31	0	17	
MYCO001989	13	0	15	
MYCO001990	0	0	7	
MYCO001991	2	0	7	
MYCO001992	517	0	41	
MYCO001993	307	0	13	
MYCO001994	229	0	9	
MYCO001995	305	0	22	
MYCO001996	298	0	22	
MYCO001997	674	0	42	
MYCO001998	18	0	20	
MYCO001999	118	0	39	
MYCO002000	34	0	41	
MYCO002001	6	0	22	
MYCO002002	13	0	16	
MYCO002003	31	0	28	
MYCO002004	56	0	34	
MYCO002005	10	0	21	
MYCO002006	75	0	89	
MYCO002007	1	0	3	
MYCO002008	8	0	37	
MYCO002009	3	0	6	
MYCO002010	6	0	12	
MYCO002011	0	0	10	
MYCO002012	4	0	21	
MYCO002013	140	0	13	
MYCO002014	33	0	16	
MYCO002015	421	0	42	
MYCO002016	355	0	14	
MYCO002017	31	0	28	
MYCO002018	39	0	12	
MYCO002019	138	0	9	
MYCO002020	66	0	9	
MYCO002021	40	0	6	
MYCO002022	51	0	21	
MYCO002023	96	0	8	
MYCO002024	1417	0	10	
MYCO002025	22	0	29	
MYCO002026	5	0	25	
MYCO002027	332	0	30	
MYCO002028	66	0	18	
MYCO002029	58	0	34	
MYCO002030	83	0	43	
MYCO002031	3	0	6	
MYCO002032	58	0	24	
MYCO002033	207	0	29	
MYCO002034	68	0	5	
MYCO002035	0	0	18	
MYCO002036	3	0	14	
MYCO002037	14	0	36	
MYCO002038	3	0	24	
MYCO002039	4	0	15	
MYCO002040	7	0	15	
MYCO002041	10	0	30	
MYCO002042	31	0	25	
MYCO002043	64	0	94	
MYCO002044	249	0	10	
MYCO002045	18	0	49	
MYCO002046	47	0	23	
MYCO002047	69	0	50	
MYCO002048	1519	0	10	
MYCO002049	6	0	5	
MYCO002051	100	0	52	
MYCO002052	228	0	36	
MYCO002053	4	0	20	
MYCO002054	15	0	18	
MYCO002059	96	0	52	
MYCO002060	73	0	13	
MYCO002061	11	0	14	
MYCO002062	303	0	76	
MYCO002063	1	0	5	
MYCO002064	232	0	22	
MYCO002065	237	0	16	
MYCO002066	179	0	43	
MYCO002067	24	0	32	
MYCO002068	5	0	24	
MYCO002069	37	0	16	
MYCO002070	563	0	14	
MYCO002071	19	0	36	
MYCO002072	89	0	25	
MYCO002073	67	0	19	
MYCO002074	37	0	9	
MYCO002075	76	0	35	
MYCO002076	1	0	6	
MYCO002077	33	0	25	
MYCO002078	3	0	17	
MYCO002079	349	0	35	
MYCO002080	8	0	15	
MYCO002081	908	0	9	
MYCO002082	724	0	61	
MYCO002083	112	0	27	
MYCO002084	768	0	12	
MYCO002085	8	0	7	
MYCO002086	4	0	14	
MYCO002087	6	0	6	
MYCO002088	481	0	30	
MYCO002091	15	0	19	
MYCO002094	1	0	10	
MYCO002095	179	0	28	
MYCO002098	1536	0	0	
MYCO002099	1536	0	0	
MYCO002100	299	0	37	
MYCO002101	303	0	63	
MYCO002102	68	0	12	
MYCO002103	19	0	12	
MYCO002104	2	0	9	
MYCO002105	179	1	11	
MYCO002106	1536	0	0	
MYCO002107	26	0	11	
MYCO002108	48	0	16	
MYCO002113	37	0	30	
MYCO002114	20	0	16	
MYCO002116	22	0	15	
MYCO002117	17	0	4	
MYCO002120	127	0	12	
MYCO002123	935	0	24	
MYCO002124	112	0	76	
MYCO002126	718	0	16	
MYCO002127	58	0	41	
MYCO002128	3	0	4	
MYCO002129	25	0	23	
MYCO002131	16	0	21	
MYCO002132	17	0	3	
MYCO002133	16	0	15	
MYCO002135	214	0	12	
MYCO002136	21	0	17	
MYCO002137	10	0	12	
MYCO002138	25	0	27	
MYCO002142	4	0	9	
MYCO002143	31	0	26	
MYCO002144	21	0	9	
MYCO002146	1	0	9	
MYCO002147	260	0	17	
MYCO002148	258	0	17	
MYCO002149	22	0	9	
MYCO002152	131	0	29	
MYCO002158	437	0	43	
MYCO002159	282	0	28	
MYCO002160	812	0	7	
MYCO002161	199	429	29	
MYCO002162	1098	0	36	
MYCO002164	144	0	32	
MYCO002165	7	0	32	
MYCO002167	1536	0	0	
MYCO002168	179	1	11	
MYCO002169	7	0	11	
MYCO002171	1	0	20	
MYCO002172	4	0	18	
MYCO002173	68	0	21	
MYCO002174	18	0	32	
MYCO002175	1	0	17	
MYCO002177	784	43	16	
MYCO002180	270	0	18	
MYCO002181	17	0	26	
MYCO002183	1	0	6	
MYCO002184	7	0	22	
MYCO002185	2	0	10	
MYCO002189	173	0	20	
MYCO002190	219	0	27	
MYCO002191	137	0	39	
MYCO002197	35	0	16	
MYCO002198	185	0	24	
MYCO002203	66	0	20	
MYCO002204	1	0	8	
MYCO002205	180	0	34	
MYCO002206	11	0	16	
MYCO002207	272	0	17	
MYCO002208	100	0	21	
MYCO002209	98	0	39	
MYCO002212	21	0	40	
MYCO002214	27	0	43	
MYCO002215	219	0	38	
MYCO002223	74	0	34	
MYCO002224	12	0	36	
MYCO002226	212	0	33	
MYCO002227	180	0	14	
MYCO002229	8	0	10	
MYCO002231	38	0	22	
MYCO002232	53	0	16	
MYCO002234	7	0	17	
MYCO002236	258	0	19	
MYCO002237	0	0	19	
MYCO002238	1	0	4	
MYCO002240	15	0	16	
MYCO002248	46	0	13	
MYCO002249	190	0	40	
MYCO002250	2	0	8	
MYCO002251	1535	0	1	
MYCO002252	4	0	28	
MYCO002253	10	0	16	
MYCO002254	10	0	17	
MYCO002255	6	0	11	
MYCO002256	2	0	7	
MYCO002258	138	0	29	
MYCO002260	3	0	15	
MYCO002261	9	0	12	
MYCO002262	1521	0	2	
MYCO002263	324	0	22	
MYCO002264	721	0	33	
MYCO002265	147	0	30	
MYCO002266	6	0	36	
MYCO002267	16	0	31	
MYCO002268	75	0	36	
MYCO002269	3	0	12	
MYCO002270	52	0	24	
MYCO002271	50	0	8	
MYCO002272	49	0	7	
MYCO002273	55	0	11	
MYCO002274	56	0	17	
MYCO002275	181	0	19	
MYCO002276	61	0	31	
MYCO002277	55	1439	24	
MYCO002278	179	1	11	
MYCO002279	1536	0	0	
MYCO002280	96	0	32	
MYCO002281	11	0	35	
MYCO002282	214	474	22	
MYCO002283	10	0	7	
MYCO002284	74	0	22	
MYCO002285	149	0	34	
MYCO002286	165	385	19	
MYCO002287	37	0	25	
MYCO002288	4	0	17	
MYCO002289	39	0	16	
MYCO002290	11	0	17	
MYCO002291	16	0	17	
MYCO002292	6	0	7	
MYCO002293	745	0	9	
MYCO002294	12	0	34	
MYCO002295	5	0	16	
MYCO002296	41	0	19	
MYCO002297	5	0	12	
MYCO002298	9	0	25	
MYCO002299	25	0	34	
MYCO002300	27	0	31	
MYCO002301	24	0	20	
MYCO002302	2	0	9	
MYCO002303	10	0	24	
MYCO002304	5	0	6	
MYCO002305	106	0	37	
MYCO002307	98	0	24	
MYCO002308	45	0	22	
MYCO002309	3	0	15	
MYCO002310	33	0	15	
MYCO002311	17	0	12	
MYCO002312	0	0	4	
MYCO002313	28	0	24	
MYCO002314	49	0	34	
MYCO002316	5	0	20	
MYCO002317	2	0	14	
MYCO002318	303	0	32	
MYCO002319	588	0	19	
MYCO002320	23	0	34	
MYCO002321	3	0	15	
MYCO002322	4	0	17	
MYCO002323	8	0	28	
MYCO002324	5	0	14	
MYCO002325	77	0	18	
MYCO002326	137	0	38	
MYCO002327	23	0	7	
MYCO002328	11	0	28	
MYCO002329	90	0	47	
MYCO002330	10	0	17	
MYCO002331	0	0	11	
MYCO002332	16	0	32	
MYCO002333	230	0	23	
MYCO002334	28	0	26	
MYCO002335	45	0	19	
MYCO002336	83	0	27	
MYCO002337	56	0	25	
MYCO002338	163	0	33	
MYCO002339	384	0	62	
MYCO002340	178	0	28	
MYCO002341	31	0	15	
MYCO002342	4	0	11	
MYCO002345	130	0	44	
MYCO002346	125	663	88	
MYCO002347	865	147	72	
MYCO002348	12	0	13	
MYCO002349	158	0	42	
MYCO002350	197	555	30	
MYCO002351	197	574	35	
MYCO002352	339	8	28	
MYCO002353	1502	0	4	
MYCO002354	179	1	11	
MYCO002355	1536	0	0	
MYCO002356	1143	0	25	
MYCO002358	1	0	9	
MYCO002359	2	0	24	
MYCO002360	3	0	17	
MYCO002363	401	0	12	
MYCO002365	144	0	7	
MYCO002369	10	0	11	
MYCO002370	13	0	44	
MYCO002371	50	0	4	
MYCO002372	44	0	19	
MYCO002375	2	0	6	
MYCO002376	26	0	22	
MYCO002377	6	0	5	
MYCO002378	27	0	22	
MYCO002379	126	0	65	
MYCO002380	265	0	103	
MYCO002381	102	0	57	
MYCO002382	51	0	30	
MYCO002383	226	196	74	
MYCO002384	113	0	28	
MYCO002385	29	0	26	
MYCO002386	50	0	33	
MYCO002387	4	0	27	
MYCO002388	40	0	24	
MYCO002389	7	0	11	
MYCO002390	19	0	13	
MYCO002391	3	0	31	
MYCO002392	30	0	16	
MYCO002393	52	957	20	
MYCO002394	43	0	52	
MYCO002395	131	0	39	
MYCO002396	846	0	22	
MYCO002397	32	0	23	
MYCO002398	1	0	22	
MYCO002401	2	0	9	
MYCO002403	20	0	11	
MYCO002405	6	0	18	
MYCO002406	43	0	12	
MYCO002407	76	0	20	
MYCO002408	91	0	19	
MYCO002414	113	0	39	
MYCO002415	34	0	23	
MYCO002416	39	0	25	
MYCO002417	265	0	18	
MYCO002418	68	0	15	
MYCO002419	35	0	20	
MYCO002422	8	0	7	
MYCO002423	9	0	29	
MYCO002424	1478	0	11	
MYCO002428	33	0	22	
MYCO002429	9	0	11	
MYCO002430	12	0	14	
MYCO002431	8	535	5	
MYCO002432	11	0	10	
MYCO002433	3	0	8	
MYCO002434	282	0	32	
MYCO002435	44	0	51	
MYCO002436	95	0	26	
MYCO002437	334	0	5	
MYCO002438	25	0	28	
MYCO002443	16	0	41	
MYCO002444	118	0	55	
MYCO002446	2	0	9	
MYCO002449	152	0	30	
MYCO002450	104	0	28	
MYCO002451	14	0	12	
MYCO002452	0	0	8	
MYCO002453	7	0	20	
MYCO002456	18	0	25	
MYCO002458	8	0	20	
MYCO002459	15	0	29	
MYCO002463	3	0	17	
MYCO002464	42	0	21	
MYCO002468	9	0	14	
MYCO002469	15	0	23	
MYCO002471	19	0	47	
MYCO002472	3	0	8	
MYCO002473	28	0	18	
MYCO002474	51	0	21	
MYCO002475	1	0	12	
MYCO002476	332	0	81	
MYCO002478	119	0	10	
MYCO002479	1536	0	0	
MYCO002480	179	1	11	
MYCO002481	56	0	14	
MYCO002482	71	0	59	
MYCO002483	17	0	31	
MYCO002484	10	0	43	
MYCO002485	32	0	33	
MYCO002486	57	0	14	
MYCO002487	883	0	48	
MYCO002488	298	0	68	
MYCO002489	29	0	7	
MYCO002490	1480	0	14	
MYCO002491	34	0	17	
MYCO002492	35	0	27	
MYCO002493	3	0	6	
MYCO002494	4	0	13	
MYCO002495	48	0	29	
MYCO002496	6	0	22	
MYCO002497	16	0	18	
MYCO002498	14	0	24	
MYCO002499	4	0	20	
MYCO002501	129	0	58	
MYCO002503	15	0	23	
MYCO002504	14	0	20	
MYCO002505	45	0	45	
MYCO002506	18	0	11	
MYCO002507	89	0	18	
MYCO002508	22	0	31	
MYCO002510	51	0	51	
MYCO002512	1496	13	7	
MYCO002513	7	0	10	
MYCO002514	13	0	14	
MYCO002515	9	0	30	
MYCO002516	5	0	17	
MYCO002517	13	0	5	
MYCO002519	193	0	43	
MYCO002520	1	0	8	
MYCO002522	134	0	45	
MYCO002525	83	0	17	
MYCO002526	426	0	3	
MYCO002527	7	0	14	
MYCO002528	7	0	22	
MYCO002529	134	0	29	
MYCO002530	2	0	11	
MYCO002531	39	0	65	
MYCO002532	8	0	17	
MYCO002535	73	0	18	
MYCO002536	6	0	15	
MYCO002537	2	0	10	
MYCO002539	153	0	5	
MYCO002541	625	0	7	
MYCO002542	173	0	40	
MYCO002543	544	425	33	
MYCO002544	544	441	44	
MYCO002545	329	0	8	
MYCO002546	3	0	13	
MYCO002547	4	0	13	
MYCO002548	5	0	12	
MYCO002549	23	0	11	
MYCO002550	0	0	8	
MYCO002551	96	0	10	
MYCO002552	93	0	28	
MYCO002553	50	0	27	
MYCO002554	40	0	5	
MYCO002556	1	0	9	
MYCO002557	5	0	23	
MYCO002558	10	0	12	
MYCO002560	40	0	27	
MYCO002561	1512	0	5	
MYCO002562	2	0	20	
MYCO002563	31	0	27	
MYCO002564	10	555	25	
MYCO002565	31	0	40	
MYCO002566	407	0	60	
MYCO002567	44	0	45	
MYCO002569	15	0	21	
MYCO002570	210	0	16	
MYCO002571	36	0	29	
MYCO002573	28	0	24	
MYCO002574	10	0	14	
MYCO002576	20	0	19	
MYCO002577	10	0	33	
MYCO002578	46	0	27	
MYCO002579	23	0	23	
MYCO002581	0	0	11	
MYCO002584	14	0	21	
MYCO002585	72	0	41	
MYCO002586	199	0	33	
MYCO002588	2	0	12	
MYCO002590	64	0	68	
MYCO002591	689	0	49	
MYCO002595	12	0	8	
MYCO002596	3	0	18	
MYCO002597	13	0	18	
MYCO002598	12	0	13	
MYCO002599	84	0	16	
MYCO002600	12	0	7	
MYCO002601	125	0	31	
MYCO002602	3	0	7	
MYCO002604	14	0	14	
MYCO002605	26	0	16	
MYCO002607	7	0	16	
MYCO002608	246	0	31	
MYCO002609	70	0	17	
MYCO002615	1433	0	38	
MYCO002616	16	0	17	
MYCO002617	0	0	10	
MYCO002618	82	0	16	
MYCO002619	1	0	6	
MYCO002620	2	0	8	
MYCO002621	101	0	24	
MYCO002622	11	0	21	
MYCO002623	30	0	20	
MYCO002624	86	0	24	
MYCO002625	17	0	28	
MYCO002626	4	0	9	
MYCO002627	25	0	34	
MYCO002628	28	0	24	
MYCO002629	144	0	17	
MYCO002630	5	0	20	
MYCO002631	28	0	35	
MYCO002632	2	0	6	
MYCO002633	5	0	18	
MYCO002634	836	0	36	
MYCO002635	5	0	7	
MYCO002636	10	0	21	
MYCO002637	81	468	18	
MYCO002638	25	0	13	
MYCO002639	12	0	8	
MYCO002640	13	0	12	
MYCO002641	5	0	9	
MYCO002642	7	0	9	
MYCO002643	76	0	50	
MYCO002644	13	0	10	
MYCO002645	358	0	8	
MYCO002646	244	0	24	
MYCO002647	165	0	8	
MYCO002648	179	1	11	
MYCO002649	1536	0	0	
MYCO002650	289	170	61	
MYCO002651	63	298	16	
MYCO002652	167	0	31	
MYCO002653	142	0	17	
MYCO002654	785	0	8	
MYCO002655	439	0	30	
MYCO002656	115	240	16	
MYCO002657	170	0	10	
MYCO002658	133	0	5	
MYCO002659	132	0	20	
MYCO002660	3	0	10	
MYCO002661	6	0	9	
MYCO002662	2	0	9	
MYCO002663	0	0	8	
MYCO002664	6	0	9	
MYCO002665	85	0	13	
MYCO002666	1502	0	7	
MYCO002667	16	0	8	
MYCO002668	128	0	10	
MYCO002669	8	0	8	
MYCO002671	25	0	16	
MYCO002672	89	0	34	
MYCO002674	0	0	10	
MYCO002675	5	0	26	
MYCO002677	426	0	19	
MYCO002679	29	0	18	
MYCO002680	168	0	15	
MYCO002681	196	0	21	
MYCO002683	3	0	15	
MYCO002684	7	107	36	
MYCO002685	103	0	28	
MYCO002686	7	0	16	
MYCO002687	11	0	16	
MYCO002688	27	0	24	
MYCO002689	36	0	26	
MYCO002690	39	0	27	
MYCO002691	3	0	18	
MYCO002692	9	0	12	
MYCO002693	6	0	13	
MYCO002694	1	0	14	
MYCO002695	134	0	12	
MYCO002698	3	0	10	
MYCO002700	943	0	13	
MYCO002701	7	0	24	
MYCO002704	3	0	9	
MYCO002705	3	0	8	
MYCO002706	27	0	4	
MYCO002707	7	0	22	
MYCO002709	134	0	20	
MYCO002712	87	0	31	
MYCO002713	32	0	41	
MYCO002716	2	0	17	
MYCO002717	57	0	11	
MYCO002718	2	0	7	
MYCO002719	132	0	19	
MYCO002721	333	0	42	
MYCO002722	3	0	9	
MYCO002723	15	0	26	
MYCO002728	22	0	16	
MYCO002729	15	0	22	
MYCO002730	3	0	15	
MYCO002732	23	0	24	
MYCO002734	7	0	24	
MYCO002735	237	0	26	
MYCO002736	47	0	15	
MYCO002737	5	0	43	
MYCO002738	96	0	6	
MYCO002739	402	0	17	
MYCO002740	6	0	19	
MYCO002741	998	0	39	
MYCO002742	63	0	19	
MYCO002743	109	0	19	
MYCO002745	2	0	11	
MYCO002746	45	0	17	
MYCO002747	10	0	10	
MYCO002749	10	0	10	
MYCO002751	8	0	21	
MYCO002752	33	0	64	
MYCO002755	5	0	5	
MYCO002756	15	0	45	
MYCO002757	17	0	12	
MYCO002758	2	0	9	
MYCO002759	12	0	8	
MYCO002760	30	0	9	
MYCO002761	9	0	33	
MYCO002762	88	0	12	
MYCO002763	10	0	7	
MYCO002765	86	0	22	
MYCO002766	19	0	19	
MYCO002767	5	0	9	
MYCO002768	145	0	39	
MYCO002769	247	0	30	
MYCO002770	51	0	30	
MYCO002771	8	0	11	
MYCO002772	11	0	13	
MYCO002774	292	0	5	
MYCO002775	33	0	12	
MYCO002776	10	0	23	
MYCO002777	142	0	17	
MYCO002778	10	0	16	
MYCO002779	6	0	21	
MYCO002780	50	0	18	
MYCO002781	222	0	26	
MYCO002784	2	0	12	
MYCO002786	3	0	19	
MYCO002787	88	0	48	
MYCO002789	14	0	23	
MYCO002790	115	0	28	
MYCO002791	30	758	32	
MYCO002792	31	0	20	
MYCO002793	149	0	18	
MYCO002796	15	0	18	
MYCO002797	75	0	25	
MYCO002798	2	0	8	
MYCO002799	26	0	24	
MYCO002800	283	0	34	
MYCO002801	10	0	8	
MYCO002802	296	0	26	
MYCO002803	12	0	15	
MYCO002804	22	0	18	
MYCO002805	18	0	13	
MYCO002806	12	0	5	
MYCO002807	416	0	21	
MYCO002808	86	0	5	
MYCO002809	19	0	8	
MYCO002810	1536	0	0	
MYCO002811	266	0	12	
MYCO002812	184	0	34	
MYCO002813	136	0	19	
MYCO002814	1536	0	0	
MYCO002815	179	1	11	
MYCO002816	356	0	6	
MYCO002817	382	0	21	
MYCO002818	412	0	15	
MYCO002819	372	0	19	
MYCO002820	346	0	26	
MYCO002821	20	0	14	
MYCO002822	6	0	10	
MYCO002823	24	0	50	
MYCO002824	10	0	28	
MYCO002825	1178	0	18	
MYCO002826	19	0	17	
MYCO002827	5	0	13	
MYCO002829	41	0	11	
MYCO002830	1	0	8	
MYCO002831	59	0	19	
MYCO002832	42	0	31	
MYCO002833	79	0	32	
MYCO002834	7	0	20	
MYCO002835	5	0	26	
MYCO002836	85	0	31	
MYCO002837	27	0	14	
MYCO002840	1	0	11	
MYCO002842	0	0	10	
MYCO002843	59	0	9	
MYCO002844	6	0	10	
MYCO002845	67	0	34	
MYCO002848	370	0	24	
MYCO002849	12	0	21	
MYCO002850	451	0	48	
MYCO002851	5	0	13	
MYCO002852	33	0	47	
MYCO002853	635	0	50	
MYCO002854	11	0	22	
MYCO002855	70	0	24	
MYCO002856	7	0	18	
MYCO002857	6	0	14	
MYCO002858	133	0	35	
MYCO002859	498	0	31	
MYCO002860	9	0	32	
MYCO002862	4	0	10	
MYCO002863	4	0	11	
MYCO002865	1	0	7	
MYCO002866	1	0	6	
MYCO002867	187	0	23	
MYCO002869	6	0	29	
MYCO002871	283	0	7	
MYCO002872	24	0	9	
MYCO002873	5	0	9	
MYCO002874	78	0	52	
MYCO002875	43	0	15	
MYCO002876	0	0	16	
MYCO002877	43	0	19	
MYCO002878	4	0	13	
MYCO002879	1536	0	0	
MYCO002880	1425	0	5	
MYCO002881	2	0	15	
MYCO002884	29	0	18	
MYCO002885	59	262	34	
MYCO002886	36	0	24	
MYCO002887	6	0	14	
MYCO002888	139	0	29	
MYCO002891	276	0	18	
MYCO002892	74	0	29	
MYCO002893	15	0	33	
MYCO002895	63	0	25	
MYCO002896	118	0	33	
MYCO002897	88	0	42	
MYCO002898	1	0	12	
MYCO002899	3	0	16	
MYCO002900	14	0	47	
MYCO002903	19	0	22	
MYCO002905	11	0	31	
MYCO002906	0	0	7	
MYCO002907	34	0	12	
MYCO002908	13	0	3	
MYCO002910	2	0	15	
MYCO002911	30	0	18	
MYCO002912	4	0	12	
MYCO002913	35	0	51	
MYCO002914	86	0	33	
MYCO002920	31	0	41	
MYCO002922	257	0	59	
MYCO002923	17	0	8	
MYCO002924	19	0	24	
MYCO002925	6	0	15	
MYCO002926	2	0	17	
MYCO002928	7	0	17	
MYCO002929	10	0	11	
MYCO002930	11	0	33	
MYCO002931	1376	0	51	
MYCO002932	426	0	75	
MYCO002933	355	0	76	
MYCO002934	417	0	81	
MYCO002935	205	0	64	
MYCO002936	10	0	18	
MYCO002937	4	0	17	
MYCO002938	4	0	16	
MYCO002939	7	711	20	
MYCO002940	79	0	116	
MYCO002941	11	0	36	
MYCO002942	32	0	55	
MYCO002943	55	0	26	
MYCO002944	10	0	22	
MYCO002945	1	0	14	
MYCO002946	273	0	88	
MYCO002947	772	0	18	
MYCO002948	31	0	55	
MYCO002949	27	0	26	
MYCO002950	51	0	41	
MYCO002951	41	0	24	
MYCO002952	9	0	19	
MYCO002953	13	0	27	
MYCO002954	10	0	23	
MYCO002955	49	0	33	
MYCO002956	10	0	23	
MYCO002957	20	0	21	
MYCO002958	56	0	34	
MYCO002959	213	0	24	
MYCO002960	5	0	14	
MYCO002961	7	0	7	
MYCO002962	172	0	27	
MYCO002963	201	0	21	
MYCO002964	26	0	23	
MYCO002966	47	0	6	
MYCO002968	4	0	10	
MYCO002969	8	0	14	
MYCO002970	26	0	21	
MYCO002971	29	0	20	
MYCO002972	9	0	23	
MYCO002973	59	0	26	
MYCO002974	176	0	34	
MYCO002975	741	0	6	
MYCO002977	85	0	17	
MYCO002978	30	647	31	
MYCO002979	5	0	16	
MYCO002980	131	0	19	
MYCO002983	167	0	21	
MYCO002985	17	0	30	
MYCO002986	16	0	14	
MYCO002987	4	0	11	
MYCO002989	138	0	13	
MYCO002990	9	0	20	
MYCO002991	7	0	13	
MYCO002994	157	0	30	
MYCO002997	136	0	27	
MYCO002998	3	0	12	
MYCO002999	9	0	24	
MYCO003000	10	0	13	
MYCO003002	1	0	5	
MYCO003004	9	0	9	
MYCO003005	9	0	16	
MYCO003007	132	0	10	
MYCO003008	13	0	18	
MYCO003012	2	0	6	
MYCO003013	111	0	10	
MYCO003015	80	0	30	
MYCO003016	10	0	15	
MYCO003017	157	0	10	
MYCO003018	1175	0	15	
MYCO003019	0	20	15	
MYCO003020	6	5	12	
MYCO003021	1529	0	3	
MYCO003022	1536	0	0	
MYCO003023	1496	13	7	
MYCO003026	19	0	29	
MYCO003030	39	0	15	
MYCO003033	6	0	12	
MYCO003035	69	0	14	
MYCO003036	2	0	14	
MYCO003037	83	0	28	
MYCO003039	29	0	19	
MYCO003040	67	0	17	
MYCO003041	6	0	15	
MYCO003044	106	0	35	
MYCO003046	6	0	7	
MYCO003047	44	0	11	
MYCO003050	6	0	21	
MYCO003055	4	459	12	
MYCO003056	16	0	27	
MYCO003058	1	0	10	
MYCO003059	21	0	30	
MYCO003060	250	0	45	
MYCO003061	160	0	46	
MYCO003062	415	0	32	
MYCO003063	50	0	64	
MYCO003064	29	0	9	
MYCO003065	45	0	7	
MYCO003066	69	0	19	
MYCO003067	8	0	17	
MYCO003068	21	0	33	
MYCO003069	1	0	9	
MYCO003070	3	0	4	
MYCO003071	43	0	27	
MYCO003072	4	0	19	
MYCO003073	4	0	17	
MYCO003074	448	538	29	
MYCO003075	6	0	17	
MYCO003076	2	0	13	
MYCO003077	93	0	53	
MYCO003078	8	0	11	
MYCO003079	132	0	14	
MYCO003080	160	0	68	
MYCO003081	51	0	25	
MYCO003082	8	0	25	
MYCO003083	81	0	37	
MYCO003084	183	0	23	
MYCO003086	39	0	15	
MYCO003087	82	0	32	
MYCO003088	45	0	37	
MYCO003089	62	0	34	
MYCO003090	49	336	30	
MYCO003091	60	0	33	
MYCO003092	162	0	34	
MYCO003093	357	0	14	
MYCO003094	154	0	29	
MYCO003095	1	0	11	
MYCO003096	12	0	28	
MYCO003097	26	0	34	
MYCO003098	7	0	14	
MYCO003099	26	0	22	
MYCO003103	8	0	9	
MYCO003104	10	0	23	
MYCO003106	21	0	28	
MYCO003107	17	0	38	
MYCO003108	8	0	17	
MYCO003109	32	0	29	
MYCO003110	7	0	8	
MYCO003111	12	0	29	
MYCO003112	13	0	8	
MYCO003113	372	0	24	
MYCO003114	29	0	16	
MYCO003115	1496	13	7	
MYCO003116	49	0	19	
MYCO003119	12	0	16	
MYCO003120	13	0	21	
MYCO003121	43	0	32	
MYCO003122	15	0	10	
MYCO003123	9	0	12	
MYCO003124	34	0	25	
MYCO003125	214	0	29	
MYCO003126	11	0	9	
MYCO003127	15	0	31	
MYCO003128	1536	0	0	
MYCO003129	131	0	7	
MYCO003130	22	0	37	
MYCO003131	17	0	18	
MYCO003132	37	0	42	
MYCO003133	2	0	8	
MYCO003134	11	0	24	
MYCO003135	927	0	4	
MYCO003136	28	0	25	
MYCO003137	6	0	22	
MYCO003138	24	0	34	
MYCO003141	60	0	21	
MYCO003142	221	0	8	
MYCO003143	1	0	9	
MYCO003144	244	0	35	
MYCO003145	5	0	5	
MYCO003146	1	0	15	
MYCO003147	10	0	7	
MYCO003148	7	0	20	
MYCO003149	17	0	18	
MYCO003150	152	0	24	
MYCO003151	302	0	38	
MYCO003152	3	0	21	
MYCO003153	25	0	22	
MYCO003154	5	0	16	
MYCO003155	2	0	7	
MYCO003156	18	0	34	
MYCO003157	29	0	38	
MYCO003158	6	0	38	
MYCO003159	783	0	33	
MYCO003160	2	0	11	
MYCO003161	114	0	41	
MYCO003162	15	0	5	
MYCO003163	7	0	23	
MYCO003164	12	0	16	
MYCO003165	33	0	7	
MYCO003166	152	0	21	
MYCO003167	7	0	18	
MYCO003168	58	0	41	
MYCO003169	186	0	24	
MYCO003170	143	0	27	
MYCO003171	8	0	31	
MYCO003172	2	0	19	
MYCO003173	3	0	18	
MYCO003174	7	0	29	
MYCO003175	409	0	32	
MYCO003176	25	0	32	
MYCO003177	17	0	18	
MYCO003178	11	0	11	
MYCO003179	125	0	32	
MYCO003180	11	0	12	
MYCO003181	36	0	12	
MYCO003182	9	0	4	
MYCO003183	54	0	10	
MYCO003184	179	1	11	
MYCO003185	1536	0	0	
MYCO003186	179	1	11	
MYCO003187	1536	0	0	
MYCO003188	9	0	9	
MYCO003189	18	0	18	
MYCO003190	46	0	29	
MYCO003191	16	0	26	
MYCO003192	19	0	17	
MYCO003196	19	0	25	
MYCO003199	125	0	21	
MYCO003200	5	0	33	
MYCO003201	264	0	68	
MYCO003202	202	0	66	
MYCO003203	8	0	20	
MYCO003204	0	0	11	
MYCO003209	4	0	12	
MYCO003210	4	0	15	
MYCO003212	181	0	31	
MYCO003215	5	0	26	
MYCO003216	1536	0	0	
MYCO003217	97	0	11	
MYCO003218	4	0	22	
MYCO003222	18	0	11	
MYCO003224	73	0	26	
MYCO003225	18	0	33	
MYCO003226	10	0	16	
MYCO003227	67	0	31	
MYCO003230	46	0	34	
MYCO003231	14	0	15	
MYCO003232	5	0	15	
MYCO003233	3	0	19	
MYCO003234	754	0	12	
MYCO003235	110	0	19	
MYCO003236	95	0	30	
MYCO003237	6	0	12	
MYCO003238	3	0	14	
MYCO003239	741	0	42	
MYCO003242	22	0	17	
MYCO003243	28	0	19	
MYCO003244	113	0	33	
MYCO003247	15	0	12	
MYCO003249	58	0	16	
MYCO003250	3	0	8	
MYCO003251	2	0	6	
MYCO003253	18	0	27	
MYCO003254	34	0	31	
MYCO003256	196	0	28	
MYCO003259	6	0	6	
MYCO003260	0	0	9	
MYCO003263	64	0	34	
MYCO003266	39	0	25	
MYCO003268	40	0	18	
MYCO003269	6	0	4	
MYCO003270	89	0	40	
MYCO003271	7	0	19	
MYCO003272	30	0	28	
MYCO003273	0	0	56	
MYCO003278	3	0	13	
MYCO003279	6	0	22	
MYCO003281	1472	0	5	
MYCO003282	4	0	26	
MYCO003283	7	0	25	
MYCO003284	12	0	17	
MYCO003286	166	0	13	
MYCO003287	5	0	7	
MYCO003288	2	0	10	
MYCO003289	13	0	11	
MYCO003291	5	0	12	
MYCO003292	68	0	31	
MYCO003293	185	0	26	
MYCO003294	4	0	19	
MYCO003295	5	0	16	
MYCO003297	26	0	21	
MYCO003298	83	0	10	
MYCO003299	239	0	73	
MYCO003300	10	0	22	
MYCO003301	6	0	18	
MYCO003307	53	0	20	
MYCO003308	178	0	32	
MYCO003309	5	0	15	
MYCO003310	10	0	17	
MYCO003311	16	0	30	
MYCO003312	8	0	26	
MYCO003314	35	0	23	
MYCO003315	3	0	13	
MYCO003316	1	0	4	
MYCO003320	14	0	11	
MYCO003321	2	0	4	
MYCO003322	3	0	18	
MYCO003323	84	0	19	
MYCO003324	86	0	13	
MYCO003325	179	1	11	
MYCO003326	1536	0	0	
MYCO003327	1524	0	3	
MYCO003331	142	0	34	
MYCO003332	105	0	35	
MYCO003333	360	0	14	
MYCO003334	2	0	10	
MYCO003335	24	0	26	
MYCO003337	169	0	12	
MYCO003338	16	0	25	
MYCO003339	32	0	23	
MYCO003342	98	0	10	
MYCO003343	1531	0	5	
MYCO003344	1536	0	0	
MYCO003345	1532	0	3	
MYCO003346	503	0	9	
MYCO003347	1178	0	106	
MYCO003348	40	0	14	
MYCO003349	808	0	19	
MYCO003350	1279	0	91	
MYCO003351	220	0	15	
MYCO003352	213	0	6	
MYCO003353	206	0	3	
MYCO003354	205	0	7	
MYCO003355	192	0	11	
MYCO003357	1	0	7	
MYCO003358	0	0	8	
MYCO003359	84	0	19	
MYCO003360	239	0	5	
MYCO003361	18	0	15	
MYCO003362	18	0	16	
MYCO003363	84	0	10	
MYCO003364	24	0	6	
MYCO003365	1381	0	14	
MYCO003366	13	0	18	
MYCO003367	669	0	36	
MYCO003368	37	0	14	
MYCO003369	51	0	11	
MYCO003370	330	0	50	
MYCO003371	137	0	35	
MYCO003372	77	0	22	
MYCO003373	172	0	13	
MYCO003374	2	0	7	
MYCO003375	57	0	43	
MYCO003376	5	0	19	
MYCO003377	112	0	39	
MYCO003378	47	0	31	
MYCO003379	19	0	43	
MYCO003380	1536	0	0	
MYCO003381	179	1	11	
MYCO003382	57	0	12	
MYCO003383	314	0	39	
MYCO003384	17	0	9	
MYCO003385	21	0	9	
MYCO003386	68	0	19	
MYCO003387	7	0	15	
MYCO003388	1140	0	27	
MYCO003389	102	0	26	
MYCO003390	9	0	27	
MYCO003391	85	0	48	
MYCO003393	28	0	29	
MYCO003394	439	0	27	
MYCO003395	30	0	20	
MYCO003397	11	0	16	
MYCO003398	35	0	34	
MYCO003399	14	0	15	
MYCO003400	39	0	13	
MYCO003401	163	0	55	
MYCO003402	50	0	29	
MYCO003403	25	0	50	
MYCO003404	17	0	21	
MYCO003405	0	0	18	
MYCO003406	50	0	23	
MYCO003407	5	0	4	
MYCO003408	1	0	7	
MYCO003413	115	0	16	
MYCO003414	5	0	15	
MYCO003415	115	0	21	
MYCO003416	17	0	11	
MYCO003420	27	0	14	
MYCO003421	359	0	23	
MYCO003423	9	0	34	
MYCO003424	107	0	16	
MYCO003425	73	401	32	
MYCO003426	1499	0	2	
MYCO003427	450	0	12	
MYCO003428	1458	0	4	
MYCO003429	73	332	31	
MYCO003430	103	0	44	
MYCO003431	23	0	19	
MYCO003434	79	0	30	
MYCO003435	5	0	24	
MYCO003437	62	0	15	
MYCO003438	18	0	26	
MYCO003439	261	0	37	
MYCO003440	16	0	12	
MYCO003444	6	0	13	
MYCO003445	10	0	11	
MYCO003446	265	0	31	
MYCO003447	132	0	73	
MYCO003448	63	0	37	
MYCO003449	55	0	33	
MYCO003450	217	0	37	
MYCO003451	28	0	28	
MYCO003452	187	0	16	
MYCO003453	923	0	4	
MYCO003454	16	0	34	
MYCO003463	39	0	20	
MYCO003465	4	0	17	
MYCO003466	1479	16	26	
MYCO003467	1487	23	17	
MYCO003468	22	0	27	
MYCO003469	15	0	25	
MYCO003470	67	0	50	
MYCO003471	5	0	13	
MYCO003472	11	0	17	
MYCO003473	12	0	18	
MYCO003474	179	1	11	
MYCO003475	1536	0	0	
MYCO003476	18	0	38	
MYCO003477	36	0	7	
MYCO003478	754	74	171	
MYCO003479	72	0	82	
MYCO003480	83	0	37	
MYCO003481	21	0	13	
MYCO003482	10	0	23	
MYCO003483	320	0	17	
MYCO003484	37	0	31	
MYCO003485	219	0	23	
MYCO003486	98	0	9	
MYCO003487	351	0	26	
MYCO003488	49	0	8	
MYCO003489	3	0	6	
MYCO003491	5	0	17	
MYCO003492	1	0	13	
MYCO003493	115	0	17	
MYCO003494	308	0	32	
MYCO003495	10	0	23	
MYCO003496	85	0	26	
MYCO003497	2	0	23	
MYCO003498	37	0	25	
MYCO003499	4	0	18	
MYCO003502	10	0	21	
MYCO003503	0	0	5	
MYCO003505	44	0	23	
MYCO003506	27	0	42	
MYCO003507	1416	0	46	
MYCO003508	1536	0	0	
MYCO003509	148	0	38	
MYCO003510	53	0	20	
MYCO003511	1534	0	2	
MYCO003512	1536	0	0	
MYCO003513	1453	0	9	
MYCO003514	1536	0	0	
MYCO003515	1366	0	15	
MYCO003516	241	0	19	
MYCO003517	333	0	17	
MYCO003518	44	0	26	
MYCO003519	6	0	22	
MYCO003521	11	0	19	
MYCO003522	2	0	25	
MYCO003523	119	0	16	
MYCO003524	13	0	30	
MYCO003525	82	0	12	
MYCO003526	2	0	19	
MYCO003527	0	0	18	
MYCO003528	23	0	29	
MYCO003529	169	0	31	
MYCO003530	12	550	18	
MYCO003531	37	0	38	
MYCO003532	126	0	33	
MYCO003533	442	0	42	
MYCO003534	19	0	15	
MYCO003535	369	0	16	
MYCO003536	3	0	24	
MYCO003537	8	0	31	
MYCO003538	1	0	20	
MYCO003539	191	0	31	
MYCO003540	127	0	25	
MYCO003541	0	0	10	
MYCO003542	39	0	19	
MYCO003543	33	0	22	
MYCO003544	13	0	21	
MYCO003545	14	0	40	
MYCO003546	28	0	27	
MYCO003547	16	0	19	
MYCO003548	6	0	15	
MYCO003549	53	0	18	
MYCO003550	19	0	14	
MYCO003551	16	0	17	
MYCO003552	1	0	13	
MYCO003553	151	0	19	
MYCO003554	25	0	54	
MYCO003555	221	0	17	
MYCO003556	35	0	15	
MYCO003557	0	0	10	
MYCO003558	361	0	33	
MYCO003559	82	0	18	
MYCO003560	50	0	26	
MYCO003561	228	0	31	
MYCO003562	18	0	32	
MYCO003563	51	0	29	
MYCO003564	198	0	17	
MYCO003565	29	0	37	
MYCO003566	44	0	22	
MYCO003567	16	0	12	
MYCO003568	175	0	11	
MYCO003569	124	0	21	
MYCO003572	12	0	14	
MYCO003573	141	0	42	
MYCO003574	22	0	14	
MYCO003575	40	0	20	
MYCO003576	20	0	20	
MYCO003577	17	0	17	
MYCO003578	104	0	35	
MYCO003581	4	0	10	
MYCO003582	7	0	18	
MYCO003584	6	0	10	
MYCO003585	16	0	37	
MYCO003586	4	0	28	
MYCO003587	62	0	21	
MYCO003588	20	0	9	
MYCO003590	1063	0	28	
MYCO003591	10	0	16	
MYCO003593	3	0	41	
MYCO003594	30	0	24	
MYCO003595	658	0	32	
MYCO003597	94	0	5	
MYCO003599	63	0	4	
MYCO003602	227	0	23	
MYCO003603	72	0	19	
MYCO003604	316	0	32	
MYCO003605	104	0	12	
MYCO003606	3	0	12	
MYCO003607	53	0	9	
MYCO003608	14	0	23	
MYCO003611	1521	0	3	
MYCO003612	18	0	8	
MYCO003613	2	0	4	
MYCO003614	4	0	23	
MYCO003615	4	0	8	
MYCO003616	18	0	41	
MYCO003617	33	0	22	
MYCO003618	33	0	24	
MYCO003619	125	710	99	
MYCO003620	865	154	71	
MYCO003621	224	0	29	
MYCO003622	41	0	4	
MYCO003623	75	0	16	
MYCO003625	86	0	22	
MYCO003626	117	0	32	
MYCO003627	13	0	41	
MYCO003629	13	0	25	
MYCO003630	2	361	35	
MYCO003631	3	0	15	
MYCO003632	1	0	5	
MYCO003633	30	0	23	
MYCO003634	45	0	18	
MYCO003635	50	0	46	
MYCO003636	2	0	10	
MYCO003637	22	0	19	
MYCO003638	4	0	18	
MYCO003639	151	0	23	
MYCO003640	52	0	33	
MYCO003641	6	0	17	
MYCO003642	2	0	6	
MYCO003643	1	0	6	
MYCO003645	307	0	39	
MYCO003649	220	0	62	
MYCO003650	30	0	8	
MYCO003651	134	0	23	
MYCO003652	376	0	12	
MYCO003653	887	0	18	
MYCO003654	182	0	13	
MYCO003655	1535	0	1	
MYCO003656	6	0	8	
MYCO003657	463	371	15	
MYCO003658	157	0	21	
MYCO003659	308	0	26	
MYCO003660	54	0	29	
MYCO003661	26	0	12	
MYCO003662	391	0	22	
MYCO003663	131	0	40	
MYCO003664	2	0	25	
MYCO003665	2	0	27	
MYCO003666	40	392	33	
MYCO003667	121	0	43	
MYCO003669	4	0	17	
MYCO003671	13	0	30	
MYCO003672	28	0	19	
MYCO003673	49	0	20	
MYCO003675	0	0	11	
MYCO003678	2	0	11	
MYCO003681	5	0	15	
MYCO003685	41	0	39	
MYCO003686	24	0	8	
MYCO003687	6	0	12	
MYCO003688	12	0	12	
MYCO003689	64	0	48	
MYCO003690	151	0	16	
MYCO003691	26	0	32	
MYCO003692	20	0	24	
MYCO003693	513	0	31	
MYCO003694	4	0	23	
MYCO003697	10	0	15	
MYCO003698	54	0	37	
MYCO003699	16	0	17	
MYCO003700	223	0	26	
MYCO003701	51	0	23	
MYCO003702	10	0	22	
MYCO003703	20	0	39	
MYCO003704	24	0	36	
MYCO003706	61	0	7	
MYCO003714	16	0	27	
MYCO003716	100	0	9	
MYCO003723	11	0	23	
MYCO003725	741	0	11	
MYCO003726	123	0	29	
MYCO003727	102	0	52	
MYCO003728	948	0	44	
MYCO003729	135	0	58	
MYCO003730	3	0	34	
MYCO003731	2	0	31	
MYCO003732	36	0	30	
MYCO003733	6	0	17	
MYCO003734	26	0	36	
MYCO003735	9	0	16	
MYCO003736	23	0	34	
MYCO003737	295	0	41	
MYCO003738	514	0	25	
MYCO003739	378	0	9	
MYCO003740	44	0	38	
MYCO003741	7	0	23	
MYCO003742	5	0	13	
MYCO003743	64	0	59	
MYCO003744	1	0	13	
MYCO003745	5	463	6	
MYCO003746	2	0	16	
MYCO003747	6	0	5	
MYCO003748	5	0	9	
MYCO003749	14	0	11	
MYCO003750	5	0	7	
MYCO003751	5	0	11	
MYCO003752	111	0	10	
MYCO003753	175	0	9	
MYCO003754	71	0	25	
MYCO003755	6	0	12	
MYCO003756	9	0	21	
MYCO003757	47	0	26	
MYCO003758	13	0	27	
MYCO003759	12	0	38	
MYCO003760	7	0	7	
MYCO003761	62	0	21	
MYCO003762	4	0	59	
MYCO003763	7	0	17	
MYCO003764	13	0	33	
MYCO003766	40	0	23	
MYCO003767	35	0	26	
MYCO003768	39	0	10	
MYCO003769	35	0	9	
MYCO003770	45	0	16	
MYCO003771	13	0	15	
MYCO003772	21	0	22	
MYCO003773	31	0	18	
MYCO003776	272	0	51	
MYCO003779	167	0	47	
MYCO003784	89	0	36	
MYCO003785	676	0	25	
MYCO003786	109	0	34	
MYCO003787	32	0	28	
MYCO003788	2	0	14	
MYCO003789	4	0	9	
MYCO003792	78	0	61	
MYCO003796	9	0	37	
MYCO003797	86	0	48	
MYCO003798	811	19	18	
MYCO003800	320	0	98	
MYCO003803	28	0	24	
MYCO003805	14	0	34	
MYCO003807	57	0	16	
MYCO003810	408	0	20	
MYCO003811	53	0	40	
MYCO003812	604	0	32	
MYCO003813	28	0	12	
MYCO003814	20	0	16	
MYCO003815	36	0	16	
MYCO003817	115	0	24	
MYCO003818	19	0	33	
MYCO003819	12	0	12	
MYCO003820	65	0	45	
MYCO003821	5	0	21	
MYCO003822	19	0	43	
MYCO003823	18	0	87	
MYCO003824	28	0	48	
MYCO003825	92	0	156	
MYCO003826	32	0	55	
MYCO003827	61	0	49	
MYCO003828	0	570	11	
MYCO003829	304	0	54	
MYCO003830	343	0	27	
MYCO003831	6	0	27	
MYCO003832	40	0	26	
MYCO003833	194	0	31	
MYCO003836	166	0	16	
MYCO003837	18	0	34	
MYCO003838	48	0	31	
MYCO003839	4	0	25	
MYCO003840	19	0	19	
MYCO003841	2	0	19	
MYCO003843	120	0	32	
MYCO003844	40	0	14	
MYCO003845	1117	0	4	
MYCO003846	4	0	16	
MYCO003848	39	0	36	
MYCO003850	23	0	26	
MYCO003851	28	0	9	
MYCO003852	14	0	13	
MYCO003853	1	0	11	
MYCO003854	65	0	78	
MYCO003855	6	0	27	
MYCO003856	31	0	26	
MYCO003857	8	0	4	
MYCO003860	166	0	46	
MYCO003861	47	0	17	
MYCO003862	16	0	35	
MYCO003863	59	0	39	
MYCO003864	42	0	42	
MYCO003865	16	0	10	
MYCO003866	53	0	18	
MYCO003867	32	0	11	
MYCO003868	79	0	37	
MYCO003869	201	0	56	
MYCO003870	19	0	84	
MYCO003871	117	0	53	
MYCO003872	75	0	5	
MYCO003873	64	0	28	
MYCO003874	11	0	8	
MYCO003875	4	0	8	
MYCO003876	679	0	46	
MYCO003877	17	0	57	
MYCO003878	156	0	27	
MYCO003879	618	0	66	
MYCO003880	1	0	13	
MYCO003881	160	0	63	
MYCO003882	194	0	68	
MYCO003883	20	0	46	
MYCO003884	74	0	56	
MYCO003885	53	0	63	
MYCO003886	499	0	36	
MYCO003887	151	0	50	
MYCO003888	50	0	56	
MYCO003889	103	0	42	
MYCO003890	31	0	9	
MYCO003891	7	0	18	
MYCO003892	334	0	37	
MYCO003893	38	0	12	
MYCO003894	419	0	112	
MYCO003895	408	0	46	
MYCO003896	89	0	38	
MYCO003897	1524	0	2	
MYCO003898	739	0	6	
MYCO003899	401	0	44	
MYCO003900	239	0	54	
MYCO003901	27	0	19	
MYCO003902	6	0	16	
MYCO003903	472	0	65	
MYCO003904	5	0	16	
MYCO003905	11	0	12	
MYCO003906	19	0	21	
MYCO003909	81	0	66	
MYCO003910	85	0	162	
MYCO003911	1532	0	4	
MYCO003912	51	0	36	
MYCO003914	1	0	10	
MYCO003916	1	0	35	
MYCO003919	78	0	119	
MYCO003922	1	0	20	
MYCO003923	2	0	21	
MYCO010064	1	0	7	
MYCO010078	6	0	23	
MYCO010157	2	0	5	
MYCO010186	15	0	5	
MYCO010192	340	0	3	
MYCO010236	10	0	2	
MYCO010277	1536	0	0	
MYCO010397	1	722	10	
MYCO010456	5	0	9	
MYCO010470	228	0	9	
MYCO010492	9	0	6	
MYCO010500	73	0	3	
MYCO010530	1	0	6	
MYCO010590	12	0	4	
MYCO010609	7	0	7	
MYCO010616	0	0	8	
MYCO010634	4	0	4	
MYCO010691	1	0	6	
MYCO010724	1536	0	0	
MYCO010749	8	0	6	
MYCO010755	27	0	4	
MYCO010787	16	0	3	
MYCO010959	2	0	3	
MYCO011028	0	0	4	
MYCO011087	12	0	6	
MYCO011089	2	0	8	
MYCO011116	7	0	6	
MYCO011135	1	0	15	
MYCO011159	0	0	5	
MYCO011290	10	0	6	
MYCO011322	4	0	12	
MYCO011366	7	0	5	
MYCO011473	8	0	6	
MYCO011489	41	0	5	
MYCO011498	23	0	9	
MYCO011507	30	0	21	
MYCO011508	13	0	6	
MYCO011638	104	0	8	
MYCO011706	1	0	5	
MYCO011765	16	0	8	
MYCO011888	1	0	7	
MYCO011954	5	0	5	
MYCO011962	0	902	11	
MYCO011982	3	0	4	
MYCO011990	20	0	14	
MYCO011991	1	0	3	
MYCO012023	22	0	23	
MYCO012063	36	0	11	
MYCO012077	48	0	8	
MYCO012142	0	0	8	
MYCO012160	824	0	5	
MYCO012219	2	0	8	
MYCO012231	14	0	12	
MYCO012237	8	0	6	
MYCO012250	1535	0	1	
MYCO012274	49	0	6	
MYCO012306	11	0	17	
MYCO012307	5	0	4	
MYCO012309	2	0	10	
MYCO012331	1	0	6	
MYCO012395	7	0	5	
MYCO012401	3	0	2	
MYCO012427	1536	0	0	
MYCO012438	1	0	6	
MYCO012468	0	0	6	
MYCO012530	2	0	10	
MYCO012548	0	0	9	
MYCO012601	0	0	5	
MYCO012614	183	0	8	
MYCO012737	3	0	6	
MYCO012801	0	0	2	
MYCO012828	271	0	7	
MYCO012862	1536	0	0	
MYCO012922	2	0	6	
MYCO012943	9	0	12	
MYCO012970	8	0	3	
MYCO012998	1	0	10	
MYCO013018	569	0	4	
MYCO013022	242	0	7	
MYCO013032	7	0	8	
MYCO013098	6	0	14	
MYCO013136	2	0	13	
MYCO013190	54	0	5	
MYCO013196	1	0	4	
MYCO013197	14	0	6	
MYCO013198	3	0	6	
MYCO013208	2	0	8	
MYCO013221	1	0	8	
MYCO013224	6	0	11	
MYCO013312	15	0	15	
MYCO013324	1536	0	0	
MYCO013395	50	0	13	
MYCO013566	2	0	9	
MYCO013697	16	0	9	
MYCO013705	12	0	15	
MYCO013724	167	0	4	
MYCO013770	2	0	5	
MYCO020078	1	0	10	
MYCO020456	1536	0	0	
MYCO020500	0	0	3	
MYCO022231	1107	0	9	
MYCO022306	27	0	10	
MYCO022307	28	0	13	
MYCO022395	16	0	7	
MYCO023224	8	0	6	
MYCO023724	177	0	15	
MYCO023770	2	0	7	
MYCO032307	0	0	8	
