GbGDiv simplified results table from 'accumulate-28.txt' records table.
Isolate records read from table: 7159

Locus	Missing	Paralogous	CountNuc
id	0	0	7159	
isolate	0	0	7159	
rMLST_database_accession	0	0	7159	
BACT000001	18	0	98	
BACT000002	204	0	37	
BACT000003	693	0	45	
BACT000004	38	0	31	
BACT000005	120	0	36	
BACT000006	6	0	18	
BACT000007	16	0	20	
BACT000008	29	0	28	
BACT000009	31	0	31	
BACT000010	3	0	14	
BACT000011	59	0	26	
BACT000012	4	0	23	
BACT000013	18	0	29	
BACT000014	3	6580	2	
BACT000015	9	0	9	
BACT000016	54	0	35	
BACT000017	22	0	21	
BACT000018	1	5593	4	
BACT000019	2	0	14	
BACT000020	7	0	16	
BACT000021	7158	0	1	
BACT000030	74	2001	34	
BACT000031	5	0	33	
BACT000032	16	0	28	
BACT000033	192	0	36	
BACT000034	13	0	29	
BACT000035	7	0	30	
BACT000036	456	0	24	
BACT000038	33	0	21	
BACT000039	27	0	28	
BACT000040	865	0	21	
BACT000042	11	0	30	
BACT000043	6	0	25	
BACT000044	39	0	24	
BACT000045	31	0	22	
BACT000046	8	0	37	
BACT000047	90	0	19	
BACT000048	2	0	21	
BACT000049	8	0	21	
BACT000050	41	0	17	
BACT000051	214	0	32	
BACT000052	3	0	17	
BACT000053	7	0	18	
BACT000056	11	0	13	
BACT000057	6	6930	6	
BACT000058	1	1	15	
BACT000059	0	0	14	
BACT000060	4	0	12	
BACT000061	21	0	18	
BACT000062	3	5967	8	
BACT000063	3	1	15	
BACT000064	4	0	15	
BACT000065	5	0	6	
MYCO000001	52	0	151	
MYCO000005	42	0	171	
MYCO000006	73	0	285	
MYCO000009	20	0	40	
MYCO000011	13	0	31	
MYCO000013	9	0	69	
MYCO000015	1591	0	93	
MYCO000016	112	0	107	
MYCO000017	94	0	106	
MYCO000019	12	0	41	
MYCO000038	459	0	42	
MYCO000046	21	0	77	
MYCO000047	25	0	40	
MYCO000049	47	0	32	
MYCO000050	769	0	176	
MYCO000051	590	0	129	
MYCO000054	276	0	33	
MYCO000066	35	0	147	
MYCO000068	194	0	95	
MYCO000129	66	0	42	
MYCO000183	376	0	63	
MYCO000184	426	0	42	
MYCO000189	941	0	74	
MYCO000198	80	0	130	
MYCO000204	219	0	63	
MYCO000207	23	0	51	
MYCO000211	84	0	128	
MYCO000223	714	0	89	
MYCO000225	49	0	49	
MYCO000227	793	0	69	
MYCO000228	168	0	74	
MYCO000236	1599	0	208	
MYCO000237	178	0	84	
MYCO000238	24	0	42	
MYCO000241	46	0	74	
MYCO000242	1179	0	79	
MYCO000243	649	0	79	
MYCO000244	146	3579	92	
MYCO000247	16	0	37	
MYCO000248	41	0	70	
MYCO000270	65	0	110	
MYCO000274	449	0	48	
MYCO000321	12	0	34	
MYCO000322	91	0	66	
MYCO000334	10	0	38	
MYCO000337	60	0	56	
MYCO000350	122	0	67	
MYCO000352	722	0	55	
MYCO000357	24	0	60	
MYCO000360	234	0	32	
MYCO000383	1329	0	40	
MYCO000384	892	0	103	
MYCO000407	329	0	60	
MYCO000410	226	0	120	
MYCO000411	198	0	54	
MYCO000414	1472	0	35	
MYCO000415	1555	0	51	
MYCO000417	490	1790	35	
MYCO000423	43	0	65	
MYCO000429	17	0	34	
MYCO000432	25	0	34	
MYCO000433	46	0	48	
MYCO000439	268	0	58	
MYCO000440	82	0	67	
MYCO000462	17	0	53	
MYCO000465	63	0	83	
MYCO000466	32	0	37	
MYCO000467	29	0	52	
MYCO000468	67	0	45	
MYCO000472	17	0	36	
MYCO000475	163	0	44	
MYCO000483	76	0	68	
MYCO000484	72	0	45	
MYCO000486	427	0	71	
MYCO000489	1050	0	33	
MYCO000490	88	0	47	
MYCO000491	10	0	21	
MYCO000495	21	0	49	
MYCO000496	92	0	47	
MYCO000498	124	0	54	
MYCO000501	35	0	61	
MYCO000502	55	0	48	
MYCO000505	1707	0	43	
MYCO000509	158	0	74	
MYCO000510	116	0	44	
MYCO000512	155	0	50	
MYCO000524	576	0	68	
MYCO000527	217	0	41	
MYCO000528	1089	0	69	
MYCO000529	265	0	57	
MYCO000548	49	0	45	
MYCO000551	244	0	102	
MYCO000553	671	0	49	
MYCO000555	660	0	66	
MYCO000557	84	0	96	
MYCO000558	350	0	32	
MYCO000562	34	0	55	
MYCO000563	146	0	52	
MYCO000564	89	0	65	
MYCO000566	24	0	25	
MYCO000636	13	0	28	
MYCO000639	273	0	29	
MYCO000647	256	0	73	
MYCO000655	37	0	58	
MYCO000667	345	0	307	
MYCO000668	271	0	303	
MYCO000672	298	0	108	
MYCO000684	97	0	108	
MYCO000685	29	0	37	
MYCO000693	687	0	51	
MYCO000696	112	0	76	
MYCO000732	19	0	69	
MYCO000733	13	0	25	
MYCO000734	735	0	35	
MYCO000757	13	0	38	
MYCO000758	190	0	185	
MYCO000772	216	0	61	
MYCO000777	76	0	47	
MYCO000780	28	0	45	
MYCO000782	6997	0	5	
MYCO000788	194	0	32	
MYCO000803	159	0	106	
MYCO000808	137	0	76	
MYCO000809	12	0	44	
MYCO000810	7	0	10	
MYCO000814	1429	26	13	
MYCO000815	111	7	48	
MYCO000820	22	0	31	
MYCO000821	36	0	23	
MYCO000823	139	0	69	
MYCO000824	14	0	29	
MYCO000859	105	0	86	
MYCO000860	417	0	128	
MYCO000861	73	0	83	
MYCO000871	21	0	15	
MYCO000876	13	0	83	
MYCO000884	25	0	56	
MYCO000885	95	0	42	
MYCO000886	1644	0	92	
MYCO000889	1403	0	66	
MYCO000896	99	0	65	
MYCO000902	55	0	40	
MYCO000903	18	0	15	
MYCO000906	1816	0	60	
MYCO000926	35	0	75	
MYCO000927	311	0	50	
MYCO000929	625	0	38	
MYCO000946	74	0	83	
MYCO000949	304	0	116	
MYCO000951	58	0	57	
MYCO000952	136	0	54	
MYCO000953	506	0	58	
MYCO000957	757	0	68	
MYCO000981	71	0	40	
MYCO000983	878	0	78	
MYCO000993	211	0	42	
MYCO000994	476	0	70	
MYCO000995	26	0	40	
MYCO001001	62	0	73	
MYCO001002	108	0	80	
MYCO001007	19	0	68	
MYCO001008	417	0	46	
MYCO001009	347	0	58	
MYCO001010	154	0	59	
MYCO001011	58	0	45	
MYCO001013	85	0	74	
MYCO001014	56	0	38	
MYCO001015	46	0	39	
MYCO001017	15	0	38	
MYCO001018	83	0	79	
MYCO001020	806	0	191	
MYCO001022	337	0	36	
MYCO001023	257	0	73	
MYCO001026	466	0	54	
MYCO001070	41	0	32	
MYCO001071	33	0	64	
MYCO001072	8	0	42	
MYCO001077	107	0	74	
MYCO001079	129	0	46	
MYCO001080	386	0	23	
MYCO001082	70	0	38	
MYCO001086	100	0	46	
MYCO001092	190	0	39	
MYCO001094	124	0	28	
MYCO001095	178	0	65	
MYCO001098	128	0	53	
MYCO001099	442	0	60	
MYCO001108	147	0	63	
MYCO001110	27	0	42	
MYCO001112	922	0	53	
MYCO001165	336	0	100	
MYCO001173	405	0	124	
MYCO001177	22	0	8	
MYCO001178	264	0	72	
MYCO001193	676	0	59	
MYCO001201	419	0	50	
MYCO001202	336	0	43	
MYCO001207	479	0	54	
MYCO001208	52	0	38	
MYCO001213	325	0	74	
MYCO001220	421	0	26	
MYCO001221	9	0	39	
MYCO001223	1161	0	87	
MYCO001229	204	0	63	
MYCO001238	81	0	49	
MYCO001239	30	0	55	
MYCO001245	140	0	52	
MYCO001248	790	0	173	
MYCO001253	315	0	97	
MYCO001272	537	0	86	
MYCO001273	28	0	93	
MYCO001277	763	0	51	
MYCO001292	56	0	87	
MYCO001293	96	0	62	
MYCO001294	131	0	59	
MYCO001295	95	0	52	
MYCO001297	589	0	75	
MYCO001299	64	0	33	
MYCO001302	21	0	48	
MYCO001305	12	0	11	
MYCO001308	106	0	63	
MYCO001309	27	0	50	
MYCO001310	34	0	55	
MYCO001311	31	0	28	
MYCO001315	50	0	50	
MYCO001321	110	0	35	
MYCO001323	153	0	63	
MYCO001326	92	0	112	
MYCO001327	126	0	93	
MYCO001328	251	0	137	
MYCO001338	178	0	38	
MYCO001340	97	0	36	
MYCO001380	80	0	42	
MYCO001381	765	0	56	
MYCO001383	72	0	60	
MYCO001384	654	0	192	
MYCO001385	1140	0	44	
MYCO001388	11	0	33	
MYCO001390	2	0	17	
MYCO001391	1238	0	68	
MYCO001392	681	0	75	
MYCO001402	2880	0	79	
MYCO001407	990	0	86	
MYCO001408	244	0	37	
MYCO001410	26	0	67	
MYCO001412	33	0	33	
MYCO001415	39	0	53	
MYCO001416	12	0	25	
MYCO001420	48	0	95	
MYCO001421	37	0	52	
MYCO001436	19	0	52	
MYCO001437	79	0	58	
MYCO001438	38	0	42	
MYCO001440	37	0	17	
MYCO001445	471	0	40	
MYCO001447	842	0	108	
MYCO001448	93	0	60	
MYCO001449	366	0	103	
MYCO001451	137	0	48	
MYCO001457	15	0	37	
MYCO001458	46	0	50	
MYCO001462	89	0	66	
MYCO001463	29	0	36	
MYCO001464	377	0	62	
MYCO001465	28	0	19	
MYCO001466	14	0	11	
MYCO001467	146	3643	73	
MYCO001473	65	0	68	
MYCO001474	212	0	22	
MYCO001475	41	0	110	
MYCO001479	157	0	61	
MYCO001480	232	0	48	
MYCO001481	43	0	50	
MYCO001483	193	0	27	
MYCO001484	57	0	41	
MYCO001485	214	0	39	
MYCO001493	1099	0	81	
MYCO001536	243	0	161	
MYCO001540	53	0	58	
MYCO001547	259	0	141	
MYCO001557	1192	0	69	
MYCO001559	1534	0	68	
MYCO001564	90	0	115	
MYCO001568	437	0	63	
MYCO001569	1342	0	43	
MYCO001589	27	0	47	
MYCO001593	13	0	37	
MYCO001594	84	0	62	
MYCO001595	771	0	82	
MYCO001599	652	0	61	
MYCO001600	15	0	58	
MYCO001601	2	0	36	
MYCO001603	19	0	45	
MYCO001605	31	0	42	
MYCO001609	171	0	88	
MYCO001611	126	0	29	
MYCO001612	20	0	65	
MYCO001617	91	0	76	
MYCO001626	38	0	34	
MYCO001627	215	0	51	
MYCO001629	257	0	159	
MYCO001633	920	0	112	
MYCO001638	326	0	146	
MYCO001641	7159	0	0	
MYCO001649	537	0	48	
MYCO001652	416	0	52	
MYCO001653	1240	0	47	
MYCO001654	188	0	36	
MYCO001655	797	0	63	
MYCO001656	591	0	48	
MYCO001657	653	0	28	
MYCO001658	219	0	64	
MYCO001659	648	0	69	
MYCO001689	27	0	57	
MYCO001694	255	0	47	
MYCO001695	9	0	44	
MYCO001697	11	0	39	
MYCO001699	40	0	120	
MYCO001701	118	0	36	
MYCO001708	37	0	37	
MYCO001709	10	0	53	
MYCO001711	8	0	43	
MYCO001712	46	0	39	
MYCO001713	322	0	74	
MYCO001821	72	0	118	
MYCO001827	13	0	22	
MYCO001829	78	0	24	
MYCO001830	39	0	75	
MYCO001832	196	0	152	
MYCO001837	176	0	122	
MYCO001842	148	0	86	
MYCO001843	175	0	90	
MYCO001844	94	0	102	
MYCO001854	82	0	74	
MYCO001886	134	0	60	
MYCO001894	310	0	72	
MYCO001981	29	0	32	
MYCO002050	8	0	13	
MYCO002089	539	0	69	
MYCO002090	7000	0	14	
MYCO002092	853	0	148	
MYCO002093	78	0	44	
MYCO002096	51	0	62	
MYCO002097	163	0	56	
MYCO002109	29	0	41	
MYCO002110	83	0	43	
MYCO002111	199	0	11	
MYCO002112	3083	0	65	
MYCO002115	68	0	93	
MYCO002118	33	0	31	
MYCO002119	45	0	57	
MYCO002121	98	0	38	
MYCO002122	7	0	22	
MYCO002125	63	0	41	
MYCO002130	888	0	46	
MYCO002134	36	0	30	
MYCO002139	151	0	54	
MYCO002140	3	0	29	
MYCO002141	118	0	73	
MYCO002145	107	0	34	
MYCO002150	430	0	36	
MYCO002151	489	0	36	
MYCO002153	1360	0	74	
MYCO002154	1486	0	50	
MYCO002155	1181	0	107	
MYCO002156	35	0	58	
MYCO002157	3105	0	61	
MYCO002163	318	0	89	
MYCO002166	27	0	17	
MYCO002170	857	0	38	
MYCO002176	188	0	64	
MYCO002178	41	0	42	
MYCO002179	136	0	21	
MYCO002182	51	0	34	
MYCO002186	7	0	19	
MYCO002187	2013	0	82	
MYCO002188	74	0	67	
MYCO002192	222	0	54	
MYCO002193	12	0	28	
MYCO002194	63	0	43	
MYCO002195	35	0	58	
MYCO002196	34	0	85	
MYCO002199	5	0	24	
MYCO002200	44	0	59	
MYCO002201	308	0	86	
MYCO002202	325	0	50	
MYCO002210	149	0	60	
MYCO002211	204	0	65	
MYCO002213	374	0	93	
MYCO002216	68	0	64	
MYCO002217	389	0	43	
MYCO002218	304	0	58	
MYCO002219	233	0	42	
MYCO002220	50	0	70	
MYCO002221	1552	0	120	
MYCO002222	78	0	61	
MYCO002225	231	0	50	
MYCO002228	104	0	58	
MYCO002230	472	0	61	
MYCO002235	126	0	55	
MYCO002239	5	0	24	
MYCO002241	882	0	89	
MYCO002242	328	0	49	
MYCO002243	755	0	48	
MYCO002244	8	0	12	
MYCO002245	128	0	56	
MYCO002246	86	0	52	
MYCO002247	299	0	59	
MYCO002257	78	0	48	
MYCO002259	363	0	55	
MYCO002315	1207	0	81	
MYCO002343	358	0	88	
MYCO002344	1079	0	54	
MYCO002357	22	0	43	
MYCO002361	23	0	32	
MYCO002362	196	0	34	
MYCO002364	18	0	48	
MYCO002366	27	0	75	
MYCO002367	14	0	20	
MYCO002368	68	0	57	
MYCO002373	108	0	60	
MYCO002374	235	0	63	
MYCO002399	97	0	51	
MYCO002400	75	0	65	
MYCO002402	117	0	122	
MYCO002404	56	0	104	
MYCO002409	28	0	37	
MYCO002410	14	0	33	
MYCO002411	176	0	88	
MYCO002413	264	0	43	
MYCO002420	312	0	28	
MYCO002421	6	0	20	
MYCO002425	581	0	55	
MYCO002426	2019	0	55	
MYCO002427	634	0	61	
MYCO002439	1088	0	41	
MYCO002440	174	0	82	
MYCO002445	47	0	19	
MYCO002447	130	0	82	
MYCO002448	303	0	122	
MYCO002454	48	0	60	
MYCO002455	118	0	86	
MYCO002457	46	0	43	
MYCO002460	10	0	21	
MYCO002461	13	0	30	
MYCO002462	447	0	60	
MYCO002465	116	0	23	
MYCO002466	68	0	32	
MYCO002467	161	0	125	
MYCO002470	15	0	27	
MYCO002477	43	0	77	
MYCO002500	19	0	61	
MYCO002502	89	0	84	
MYCO002509	22	0	53	
MYCO002511	26	0	27	
MYCO002518	850	0	54	
MYCO002521	5	0	30	
MYCO002523	67	0	15	
MYCO002524	2058	0	343	
MYCO002533	34	0	25	
MYCO002534	10	0	29	
MYCO002538	379	0	59	
MYCO002540	1542	0	67	
MYCO002555	137	0	100	
MYCO002559	615	0	58	
MYCO002568	90	0	52	
MYCO002572	251	0	83	
MYCO002575	113	0	49	
MYCO002580	336	0	49	
MYCO002582	56	0	44	
MYCO002583	191	0	102	
MYCO002587	1074	0	93	
MYCO002589	236	0	67	
MYCO002592	301	0	42	
MYCO002593	156	0	35	
MYCO002594	5	0	21	
MYCO002603	17	0	36	
MYCO002606	72	0	41	
MYCO002610	176	0	54	
MYCO002611	143	0	61	
MYCO002612	13	0	36	
MYCO002613	15	0	19	
MYCO002614	124	0	75	
MYCO002670	43	0	55	
MYCO002673	816	1822	56	
MYCO002676	39	0	28	
MYCO002678	635	0	52	
MYCO002682	160	0	76	
MYCO002696	186	0	49	
MYCO002697	18	0	21	
MYCO002699	0	0	13	
MYCO002702	18	0	53	
MYCO002703	246	0	61	
MYCO002708	7	0	20	
MYCO002710	125	0	47	
MYCO002711	50	0	36	
MYCO002714	51	0	46	
MYCO002715	929	0	70	
MYCO002720	27	0	52	
MYCO002724	74	0	81	
MYCO002725	189	0	77	
MYCO002726	96	0	43	
MYCO002727	365	0	54	
MYCO002731	794	0	59	
MYCO002733	1623	0	72	
MYCO002744	207	0	42	
MYCO002748	673	0	134	
MYCO002750	135	0	43	
MYCO002753	20	0	56	
MYCO002754	68	0	39	
MYCO002764	130	0	60	
MYCO002773	38	0	42	
MYCO002782	534	0	70	
MYCO002783	236	0	91	
MYCO002788	784	0	23	
MYCO002794	41	0	40	
MYCO002795	139	0	53	
MYCO002828	3234	869	56	
MYCO002838	134	0	30	
MYCO002839	2716	0	107	
MYCO002841	41	0	60	
MYCO002846	21	0	61	
MYCO002847	167	0	61	
MYCO002861	36	0	39	
MYCO002864	78	0	66	
MYCO002868	21	0	45	
MYCO002870	161	0	50	
MYCO002882	17	0	32	
MYCO002883	15	0	42	
MYCO002889	147	0	33	
MYCO002894	907	0	38	
MYCO002901	5	0	10	
MYCO002902	401	0	45	
MYCO002915	136	0	62	
MYCO002916	556	0	60	
MYCO002917	1128	0	82	
MYCO002918	426	0	129	
MYCO002919	11	0	18	
MYCO002921	243	0	72	
MYCO002927	38	0	37	
MYCO002965	4	0	17	
MYCO002967	462	0	115	
MYCO002976	117	0	40	
MYCO002981	309	0	64	
MYCO002982	43	0	54	
MYCO002984	98	0	78	
MYCO002988	170	0	53	
MYCO002992	211	0	80	
MYCO002993	16	0	37	
MYCO002995	255	0	54	
MYCO002996	457	0	77	
MYCO003001	33	0	44	
MYCO003003	322	0	79	
MYCO003006	248	0	48	
MYCO003009	36	0	74	
MYCO003010	655	0	47	
MYCO003011	1261	0	64	
MYCO003014	665	0	102	
MYCO003024	324	0	62	
MYCO003025	205	0	61	
MYCO003027	57	0	58	
MYCO003028	908	0	44	
MYCO003029	33	0	34	
MYCO003031	398	0	80	
MYCO003032	710	0	51	
MYCO003034	35	0	39	
MYCO003038	19	0	46	
MYCO003042	129	0	52	
MYCO003043	25	0	67	
MYCO003045	13	0	47	
MYCO003048	28	0	52	
MYCO003049	187	0	88	
MYCO003051	58	0	65	
MYCO003052	32	0	20	
MYCO003053	9	0	9	
MYCO003054	240	0	42	
MYCO003057	31	0	47	
MYCO003085	433	0	51	
MYCO003100	15	0	23	
MYCO003101	41	0	34	
MYCO003102	6	0	34	
MYCO003105	322	0	57	
MYCO003117	111	7	48	
MYCO003118	1429	26	13	
MYCO003139	33	0	81	
MYCO003140	35	0	72	
MYCO003193	106	0	156	
MYCO003194	8	0	43	
MYCO003195	555	0	88	
MYCO003197	44	0	71	
MYCO003198	510	0	89	
MYCO003205	71	0	43	
MYCO003206	48	0	73	
MYCO003207	25	0	44	
MYCO003208	90	0	33	
MYCO003211	546	0	98	
MYCO003213	28	0	52	
MYCO003214	51	0	44	
MYCO003219	9	0	9	
MYCO003220	39	0	61	
MYCO003221	0	0	14	
MYCO003223	6	0	35	
MYCO003228	677	0	51	
MYCO003229	40	0	86	
MYCO003240	755	0	114	
MYCO003241	324	0	36	
MYCO003245	29	0	70	
MYCO003246	19	0	20	
MYCO003248	82	0	89	
MYCO003252	349	0	67	
MYCO003255	195	0	50	
MYCO003257	348	0	60	
MYCO003258	480	0	25	
MYCO003261	28	0	51	
MYCO003262	407	0	65	
MYCO003264	29	0	43	
MYCO003265	178	0	48	
MYCO003267	480	0	53	
MYCO003274	11	0	58	
MYCO003275	224	0	28	
MYCO003276	183	0	64	
MYCO003277	14	0	34	
MYCO003280	56	0	68	
MYCO003285	229	0	71	
MYCO003290	41	0	52	
MYCO003296	2123	0	235	
MYCO003302	134	0	69	
MYCO003303	7096	0	2	
MYCO003304	77	0	18	
MYCO003305	137	0	53	
MYCO003306	434	0	65	
MYCO003313	45	0	34	
MYCO003317	27	0	31	
MYCO003318	374	0	74	
MYCO003319	96	0	45	
MYCO003328	545	0	63	
MYCO003329	80	0	82	
MYCO003330	704	0	67	
MYCO003336	21	0	44	
MYCO003340	35	0	57	
MYCO003341	926	0	60	
MYCO003356	41	0	38	
MYCO003392	71	5464	22	
MYCO003396	130	0	67	
MYCO003409	188	0	74	
MYCO003410	1241	0	55	
MYCO003411	315	0	80	
MYCO003412	15	0	20	
MYCO003417	21	4108	53	
MYCO003418	4	0	12	
MYCO003419	298	0	48	
MYCO003422	8	0	24	
MYCO003432	56	0	65	
MYCO003433	2521	0	53	
MYCO003436	1756	0	74	
MYCO003441	764	0	71	
MYCO003455	329	0	41	
MYCO003457	33	0	57	
MYCO003462	10	0	16	
MYCO003464	22	0	46	
MYCO003490	93	0	80	
MYCO003500	31	0	42	
MYCO003501	51	0	37	
MYCO003504	53	0	66	
MYCO003520	90	0	66	
MYCO003570	25	0	40	
MYCO003571	81	0	55	
MYCO003579	1020	0	69	
MYCO003580	141	0	53	
MYCO003583	6	0	25	
MYCO003589	1658	0	49	
MYCO003592	12	0	17	
MYCO003596	545	0	120	
MYCO003598	58	0	59	
MYCO003600	63	0	39	
MYCO003601	57	0	26	
MYCO003609	8	0	18	
MYCO003610	693	0	98	
MYCO003624	19	0	46	
MYCO003628	32	0	29	
MYCO003644	383	0	71	
MYCO003646	1061	0	124	
MYCO003647	107	0	30	
MYCO003648	12	0	34	
MYCO003668	16	0	35	
MYCO003670	363	0	52	
MYCO003674	16	0	37	
MYCO003676	14	0	29	
MYCO003677	97	0	48	
MYCO003679	38	0	63	
MYCO003680	175	0	57	
MYCO003682	240	0	115	
MYCO003683	123	0	58	
MYCO003684	103	0	39	
MYCO003695	55	0	61	
MYCO003696	291	0	112	
MYCO003705	13	0	43	
MYCO003707	205	0	54	
MYCO003708	212	0	51	
MYCO003709	118	0	57	
MYCO003710	2823	0	62	
MYCO003711	70	0	68	
MYCO003712	933	0	61	
MYCO003713	70	0	27	
MYCO003715	9	0	24	
MYCO003717	8	0	42	
MYCO003718	7	0	19	
MYCO003719	40	0	69	
MYCO003720	243	0	74	
MYCO003721	597	0	89	
MYCO003722	30	0	77	
MYCO003765	786	0	53	
MYCO003774	38	0	58	
MYCO003775	107	0	83	
MYCO003777	424	0	55	
MYCO003778	71	0	72	
MYCO003780	671	0	32	
MYCO003781	15	0	37	
MYCO003782	70	0	49	
MYCO003783	70	0	44	
MYCO003790	40	0	75	
MYCO003791	78	0	59	
MYCO003793	1176	0	202	
MYCO003794	381	0	228	
MYCO003795	333	0	308	
MYCO003799	34	0	82	
MYCO003801	76	0	84	
MYCO003802	139	0	55	
MYCO003804	73	0	59	
MYCO003806	25	0	94	
MYCO003808	439	0	87	
MYCO003809	13	0	54	
MYCO003816	521	0	50	
MYCO003834	207	0	69	
MYCO003835	928	0	80	
MYCO003842	186	0	83	
MYCO003847	2684	0	31	
MYCO003849	17	0	22	
MYCO003858	74	0	65	
MYCO003859	715	0	224	
MYCO003907	70	0	112	
MYCO003908	262	0	55	
MYCO003913	132	0	99	
MYCO003915	17	0	99	
MYCO003917	32	0	107	
MYCO003918	19	0	108	
MYCO003920	16	0	55	
MYCO003921	34	0	106	
MYCO013678	5	0	17	
MYCO000002	78	0	104	
MYCO000003	71	0	94	
MYCO000004	23	0	80	
MYCO000007	770	0	130	
MYCO000008	40	0	56	
MYCO000010	28	0	85	
MYCO000012	59	0	87	
MYCO000014	23	0	139	
MYCO000018	429	0	112	
MYCO000020	357	0	166	
MYCO000021	970	0	77	
MYCO000022	91	0	53	
MYCO000023	61	0	72	
MYCO000024	2191	0	68	
MYCO000025	776	0	47	
MYCO000026	238	0	121	
MYCO000027	40	0	22	
MYCO000028	23	0	27	
MYCO000029	538	0	107	
MYCO000030	1388	0	32	
MYCO000031	66	0	21	
MYCO000032	2187	0	147	
MYCO000033	27	0	17	
MYCO000034	18	0	30	
MYCO000035	116	0	163	
MYCO000036	149	0	67	
MYCO000037	96	0	99	
MYCO000039	313	0	33	
MYCO000040	112	0	80	
MYCO000041	636	0	204	
MYCO000042	482	0	90	
MYCO000043	64	0	61	
MYCO000044	881	0	61	
MYCO000045	3160	0	65	
MYCO000048	50	0	83	
MYCO000052	203	29	57	
MYCO000057	30	4258	68	
MYCO000058	111	0	165	
MYCO000059	31	0	60	
MYCO000060	16	0	63	
MYCO000061	1652	0	22	
MYCO000062	393	0	109	
MYCO000063	528	0	133	
MYCO000064	2919	0	183	
MYCO000065	17	0	18	
MYCO000067	24	0	42	
MYCO000069	158	0	91	
MYCO000070	38	4151	56	
MYCO000071	1977	0	77	
MYCO000072	1685	0	62	
MYCO000073	56	3046	60	
MYCO000074	2752	0	77	
MYCO000075	348	0	78	
MYCO000076	22	0	28	
MYCO000077	71	0	65	
MYCO000078	85	0	32	
MYCO000079	112	0	45	
MYCO000080	135	0	50	
MYCO000081	12	0	34	
MYCO000082	1887	0	31	
MYCO000083	2560	0	67	
MYCO000084	58	0	58	
MYCO000085	451	0	50	
MYCO000086	570	0	96	
MYCO000087	506	0	104	
MYCO000088	42	0	54	
MYCO000089	75	0	45	
MYCO000090	104	0	65	
MYCO000091	112	0	46	
MYCO000092	396	0	141	
MYCO000093	208	0	67	
MYCO000094	6912	97	44	
MYCO000095	3051	0	208	
MYCO000096	782	0	108	
MYCO000097	16	0	35	
MYCO000098	13	0	34	
MYCO000099	2013	0	84	
MYCO000100	9	0	9	
MYCO000101	284	0	434	
MYCO000102	170	0	136	
MYCO000103	301	0	141	
MYCO000104	2291	0	96	
MYCO000106	175	0	59	
MYCO000107	7096	0	6	
MYCO000108	23	0	17	
MYCO000109	2254	0	83	
MYCO000110	32	0	47	
MYCO000111	260	0	113	
MYCO000112	55	0	87	
MYCO000113	397	0	64	
MYCO000114	295	0	44	
MYCO000115	936	0	85	
MYCO000116	35	0	56	
MYCO000117	26	0	63	
MYCO000118	247	0	133	
MYCO000119	187	0	99	
MYCO000120	174	0	152	
MYCO000121	237	0	33	
MYCO000122	30	0	23	
MYCO000123	9	0	21	
MYCO000124	6962	0	7	
MYCO000125	406	0	65	
MYCO000126	64	0	117	
MYCO000127	66	0	70	
MYCO000128	69	0	42	
MYCO000130	11	0	48	
MYCO000131	53	0	78	
MYCO000132	303	0	60	
MYCO000133	826	0	50	
MYCO000134	2442	0	39	
MYCO000135	19	0	33	
MYCO000136	720	0	112	
MYCO000137	799	0	38	
MYCO000138	741	0	38	
MYCO000139	70	0	61	
MYCO000140	21	0	27	
MYCO000141	19	0	31	
MYCO000142	1104	0	69	
MYCO000143	422	0	108	
MYCO000144	476	0	48	
MYCO000145	342	0	76	
MYCO000146	1187	0	68	
MYCO000147	252	0	121	
MYCO000148	73	0	46	
MYCO000149	1278	0	58	
MYCO000150	53	0	23	
MYCO000151	514	0	134	
MYCO000152	157	0	124	
MYCO000153	131	0	51	
MYCO000154	80	0	61	
MYCO000155	205	0	59	
MYCO000156	8	0	19	
MYCO000157	537	0	77	
MYCO000158	19	0	40	
MYCO000159	580	0	110	
MYCO000160	69	0	114	
MYCO000161	213	0	92	
MYCO000162	389	0	77	
MYCO000163	9	0	38	
MYCO000164	16	0	28	
MYCO000165	3533	0	22	
MYCO000166	126	0	109	
MYCO000167	15	3582	31	
MYCO000168	104	0	63	
MYCO000169	197	0	102	
MYCO000170	18	0	50	
MYCO000171	1859	0	98	
MYCO000172	298	0	109	
MYCO000173	20	0	64	
MYCO000174	127	0	99	
MYCO000175	106	0	65	
MYCO000176	285	0	70	
MYCO000177	3	0	28	
MYCO000178	41	0	50	
MYCO000179	422	0	75	
MYCO000180	861	0	95	
MYCO000181	17	0	42	
MYCO000182	533	0	85	
MYCO000185	147	0	24	
MYCO000186	386	0	131	
MYCO000187	133	0	54	
MYCO000188	29	0	31	
MYCO000190	2	0	16	
MYCO000191	722	0	72	
MYCO000192	1653	0	60	
MYCO000193	65	0	136	
MYCO000194	556	0	239	
MYCO000195	1134	0	38	
MYCO000196	110	0	29	
MYCO000197	7156	0	3	
MYCO000199	11	0	36	
MYCO000200	112	0	36	
MYCO000201	548	0	27	
MYCO000202	263	0	165	
MYCO000203	307	0	25	
MYCO000205	910	0	53	
MYCO000206	451	0	140	
MYCO000208	45	0	36	
MYCO000209	536	0	70	
MYCO000210	642	0	78	
MYCO000212	90	0	64	
MYCO000213	41	0	79	
MYCO000214	112	0	108	
MYCO000215	850	0	55	
MYCO000216	102	0	57	
MYCO000217	639	0	63	
MYCO000218	2108	0	68	
MYCO000219	12	0	42	
MYCO000220	284	0	76	
MYCO000221	798	0	71	
MYCO000222	164	0	49	
MYCO000224	88	0	32	
MYCO000226	446	0	98	
MYCO000229	43	0	45	
MYCO000230	30	0	74	
MYCO000231	97	0	103	
MYCO000232	47	0	50	
MYCO000233	748	0	51	
MYCO000234	386	0	81	
MYCO000235	113	0	125	
MYCO000239	21	0	22	
MYCO000240	16	0	31	
MYCO000245	37	0	38	
MYCO000246	328	0	80	
MYCO000249	36	0	43	
MYCO000250	11	0	21	
MYCO000251	13	0	45	
MYCO000252	124	0	180	
MYCO000253	43	0	20	
MYCO000254	97	0	27	
MYCO000255	638	0	99	
MYCO000256	1942	0	102	
MYCO000257	919	0	36	
MYCO000258	77	0	31	
MYCO000259	14	0	50	
MYCO000260	112	0	79	
MYCO000261	98	0	105	
MYCO000262	34	0	34	
MYCO000263	650	0	53	
MYCO000264	145	0	43	
MYCO000265	42	0	73	
MYCO000266	1789	0	180	
MYCO000267	774	0	74	
MYCO000268	71	0	37	
MYCO000269	151	0	70	
MYCO000271	249	0	132	
MYCO000272	128	0	88	
MYCO000273	112	0	42	
MYCO000275	698	0	64	
MYCO000276	332	2002	61	
MYCO000277	223	3020	89	
MYCO000278	7144	0	6	
MYCO000279	6771	0	99	
MYCO000280	3061	0	93	
MYCO000281	366	0	55	
MYCO000282	98	0	102	
MYCO000283	614	0	91	
MYCO000284	1298	0	211	
MYCO000285	251	0	14	
MYCO000286	2055	0	87	
MYCO000287	31	26	17	
MYCO000288	3	0	31	
MYCO000289	159	0	76	
MYCO000290	1142	0	104	
MYCO000291	953	0	84	
MYCO000292	71	0	61	
MYCO000293	214	0	91	
MYCO000294	187	0	58	
MYCO000295	29	0	44	
MYCO000296	112	0	76	
MYCO000297	3733	0	126	
MYCO000298	13	0	19	
MYCO000299	11	0	26	
MYCO000300	8	0	11	
MYCO000301	9	0	30	
MYCO000302	116	0	43	
MYCO000303	82	0	68	
MYCO000304	980	0	485	
MYCO000305	7053	0	16	
MYCO000306	28	0	39	
MYCO000307	35	0	32	
MYCO000308	13	0	49	
MYCO000309	40	0	31	
MYCO000310	5	0	23	
MYCO000311	52	0	80	
MYCO000312	607	0	94	
MYCO000313	8	0	27	
MYCO000314	260	0	49	
MYCO000315	1690	0	46	
MYCO000316	685	0	38	
MYCO000317	106	0	57	
MYCO000318	43	0	47	
MYCO000319	95	0	45	
MYCO000320	26	0	41	
MYCO000323	741	0	48	
MYCO000324	43	0	41	
MYCO000325	3462	0	7	
MYCO000326	333	0	27	
MYCO000327	402	0	79	
MYCO000328	15	0	30	
MYCO000329	201	0	48	
MYCO000330	53	0	52	
MYCO000331	388	0	93	
MYCO000332	75	0	51	
MYCO000333	8	0	25	
MYCO000335	1017	0	32	
MYCO000336	6190	804	30	
MYCO000338	1332	0	121	
MYCO000339	1017	0	145	
MYCO000340	26	0	41	
MYCO000341	2174	0	69	
MYCO000342	254	0	96	
MYCO000343	296	0	94	
MYCO000344	37	0	29	
MYCO000345	14	0	32	
MYCO000346	323	0	72	
MYCO000347	14	30	35	
MYCO000348	12	0	27	
MYCO000349	34	0	40	
MYCO000351	187	0	35	
MYCO000353	10	0	26	
MYCO000354	7155	0	1	
MYCO000355	4350	0	453	
MYCO000356	616	0	52	
MYCO000358	1915	0	38	
MYCO000359	98	0	49	
MYCO000361	20	0	42	
MYCO000362	50	0	96	
MYCO000363	63	0	59	
MYCO000364	22	0	40	
MYCO000365	204	0	70	
MYCO000366	117	0	40	
MYCO000367	56	0	20	
MYCO000368	326	0	82	
MYCO000369	18	0	30	
MYCO000370	65	0	82	
MYCO000371	53	0	29	
MYCO000372	221	0	56	
MYCO000373	277	0	170	
MYCO000374	28	0	36	
MYCO000375	755	0	42	
MYCO000376	569	0	71	
MYCO000377	515	0	68	
MYCO000378	977	0	15	
MYCO000379	21	0	17	
MYCO000380	119	0	32	
MYCO000381	96	0	46	
MYCO000382	46	0	27	
MYCO000385	29	0	53	
MYCO000386	597	0	186	
MYCO000387	2583	0	31	
MYCO000388	7152	0	4	
MYCO000389	875	0	85	
MYCO000390	10	0	25	
MYCO000391	140	0	55	
MYCO000392	435	0	91	
MYCO000393	2223	0	124	
MYCO000394	84	0	46	
MYCO000395	1122	0	16	
MYCO000396	51	0	25	
MYCO000397	1091	2395	86	
MYCO000398	467	0	33	
MYCO000399	130	0	89	
MYCO000400	184	0	68	
MYCO000401	350	0	29	
MYCO000402	1219	0	149	
MYCO000403	1631	0	23	
MYCO000404	209	0	168	
MYCO000405	3440	0	196	
MYCO000406	99	0	48	
MYCO000408	45	0	119	
MYCO000409	50	0	61	
MYCO000412	49	0	75	
MYCO000413	217	0	33	
MYCO000416	2	0	9	
MYCO000418	64	0	86	
MYCO000419	148	0	96	
MYCO000420	9	0	42	
MYCO000421	46	0	43	
MYCO000422	36	0	42	
MYCO000424	4	0	19	
MYCO000425	1654	0	220	
MYCO000426	127	0	32	
MYCO000427	91	0	56	
MYCO000428	365	0	49	
MYCO000430	104	0	11	
MYCO000431	36	0	23	
MYCO000434	77	0	38	
MYCO000435	475	0	126	
MYCO000436	494	0	45	
MYCO000437	398	0	27	
MYCO000438	125	0	77	
MYCO000441	426	0	25	
MYCO000442	214	0	102	
MYCO000443	261	0	28	
MYCO000444	1065	0	42	
MYCO000445	25	0	25	
MYCO000446	1472	0	40	
MYCO000447	294	0	76	
MYCO000448	130	0	34	
MYCO000449	106	0	59	
MYCO000450	102	0	141	
MYCO000451	16	0	33	
MYCO000452	18	0	33	
MYCO000453	1847	0	58	
MYCO000454	28	0	25	
MYCO000455	4	0	26	
MYCO000456	89	0	62	
MYCO000457	846	0	100	
MYCO000458	523	0	100	
MYCO000459	210	0	44	
MYCO000460	7	0	14	
MYCO000461	77	0	41	
MYCO000463	122	0	14	
MYCO000464	7	0	27	
MYCO000469	119	0	68	
MYCO000470	55	0	37	
MYCO000471	141	0	41	
MYCO000473	54	0	66	
MYCO000474	12	0	23	
MYCO000476	20	0	14	
MYCO000477	97	0	25	
MYCO000478	43	0	42	
MYCO000479	708	0	40	
MYCO000480	229	0	47	
MYCO000481	37	0	31	
MYCO000482	69	0	48	
MYCO000485	125	0	65	
MYCO000487	218	0	45	
MYCO000488	38	0	35	
MYCO000492	927	0	111	
MYCO000493	282	0	67	
MYCO000494	188	0	43	
MYCO000497	859	0	46	
MYCO000499	180	0	47	
MYCO000500	586	0	42	
MYCO000503	14	0	39	
MYCO000504	8	0	21	
MYCO000506	41	0	13	
MYCO000507	578	0	210	
MYCO000508	0	0	14	
MYCO000511	1132	0	77	
MYCO000513	117	0	23	
MYCO000514	61	0	31	
MYCO000515	6190	491	29	
MYCO000516	35	0	24	
MYCO000517	167	0	80	
MYCO000518	38	0	39	
MYCO000519	841	0	47	
MYCO000520	76	0	20	
MYCO000521	9	0	20	
MYCO000522	44	0	58	
MYCO000523	335	0	24	
MYCO000525	689	0	46	
MYCO000526	100	0	39	
MYCO000530	577	0	92	
MYCO000531	930	0	19	
MYCO000532	6721	0	18	
MYCO000533	155	0	46	
MYCO000534	291	0	59	
MYCO000535	118	0	46	
MYCO000536	1089	0	49	
MYCO000537	536	0	92	
MYCO000538	1728	0	143	
MYCO000539	2826	0	27	
MYCO000540	607	0	31	
MYCO000541	256	0	76	
MYCO000542	916	0	60	
MYCO000543	0	0	12	
MYCO000544	649	0	21	
MYCO000545	266	0	69	
MYCO000546	24	0	26	
MYCO000547	427	0	54	
MYCO000549	97	0	27	
MYCO000550	38	0	17	
MYCO000552	1470	0	84	
MYCO000554	464	0	43	
MYCO000556	13	0	26	
MYCO000559	116	0	22	
MYCO000560	41	0	44	
MYCO000561	467	0	53	
MYCO000565	273	0	118	
MYCO000567	129	0	60	
MYCO000568	233	0	78	
MYCO000569	14	0	15	
MYCO000570	402	0	141	
MYCO000571	666	0	68	
MYCO000572	29	0	25	
MYCO000573	435	0	82	
MYCO000574	367	0	63	
MYCO000575	470	0	70	
MYCO000576	570	0	81	
MYCO000577	582	0	55	
MYCO000578	5404	0	155	
MYCO000579	349	0	53	
MYCO000580	45	0	33	
MYCO000581	235	0	18	
MYCO000582	29	0	19	
MYCO000583	187	0	47	
MYCO000584	90	0	169	
MYCO000585	245	0	135	
MYCO000586	30	2221	43	
MYCO000587	216	0	66	
MYCO000588	298	0	58	
MYCO000589	95	0	84	
MYCO000590	3472	0	33	
MYCO000591	556	0	101	
MYCO000592	1259	0	69	
MYCO000593	90	0	69	
MYCO000594	377	0	119	
MYCO000595	46	0	31	
MYCO000596	53	0	13	
MYCO000597	29	0	66	
MYCO000598	27	0	25	
MYCO000599	13	3982	18	
MYCO000600	360	0	28	
MYCO000601	324	0	44	
MYCO000602	871	0	50	
MYCO000603	1321	0	18	
MYCO000604	362	0	64	
MYCO000605	48	0	31	
MYCO000606	145	0	46	
MYCO000607	17	0	21	
MYCO000608	4	0	11	
MYCO000609	44	0	34	
MYCO000610	855	0	57	
MYCO000611	16	0	29	
MYCO000612	909	0	36	
MYCO000613	1900	0	130	
MYCO000614	252	0	58	
MYCO000615	104	0	15	
MYCO000616	50	0	29	
MYCO000617	21	0	26	
MYCO000618	934	0	38	
MYCO000619	7159	0	0	
MYCO000620	1866	0	68	
MYCO000621	969	0	53	
MYCO000622	27	0	55	
MYCO000623	18	0	15	
MYCO000624	19	0	28	
MYCO000625	505	0	44	
MYCO000626	47	0	15	
MYCO000627	50	0	22	
MYCO000628	605	3327	61	
MYCO000629	1230	0	97	
MYCO000630	1897	0	145	
MYCO000631	1909	0	146	
MYCO000632	10	0	33	
MYCO000633	53	0	57	
MYCO000634	16	0	36	
MYCO000635	15	0	29	
MYCO000637	8	0	38	
MYCO000638	106	0	35	
MYCO000642	42	0	52	
MYCO000643	181	0	52	
MYCO000644	11	25	40	
MYCO000645	8	0	39	
MYCO000646	113	0	53	
MYCO000648	2400	0	166	
MYCO000649	2740	0	41	
MYCO000650	1981	0	47	
MYCO000653	39	0	35	
MYCO000654	763	0	87	
MYCO000656	41	0	27	
MYCO000657	5	0	7	
MYCO000658	44	0	48	
MYCO000659	18	0	23	
MYCO000660	85	0	20	
MYCO000661	95	0	24	
MYCO000662	115	0	13	
MYCO000663	575	0	155	
MYCO000664	8	0	17	
MYCO000665	79	0	20	
MYCO000666	7	0	16	
MYCO000669	697	0	111	
MYCO000670	1232	0	30	
MYCO000671	147	0	50	
MYCO000673	955	0	54	
MYCO000674	93	0	33	
MYCO000675	328	0	42	
MYCO000676	33	3188	110	
MYCO000677	14	0	26	
MYCO000678	32	0	36	
MYCO000679	102	0	32	
MYCO000680	18	0	22	
MYCO000681	15	0	42	
MYCO000686	1068	0	42	
MYCO000687	95	0	37	
MYCO000688	72	0	59	
MYCO000689	337	0	18	
MYCO000690	92	0	44	
MYCO000691	4	0	41	
MYCO000692	10	0	19	
MYCO000694	403	0	53	
MYCO000695	92	0	37	
MYCO000697	32	0	77	
MYCO000698	1321	0	33	
MYCO000699	3	0	11	
MYCO000711	506	0	114	
MYCO000712	28	0	37	
MYCO000713	30	0	69	
MYCO000724	680	0	105	
MYCO000725	88	0	45	
MYCO000726	180	0	73	
MYCO000727	445	0	45	
MYCO000728	200	0	62	
MYCO000729	1040	0	81	
MYCO000730	216	0	41	
MYCO000731	579	0	53	
MYCO000735	21	0	36	
MYCO000736	162	0	50	
MYCO000737	33	0	24	
MYCO000738	881	0	35	
MYCO000739	3538	0	27	
MYCO000740	1759	0	44	
MYCO000741	35	865	24	
MYCO000742	7159	0	0	
MYCO000743	24	0	28	
MYCO000744	340	0	32	
MYCO000745	948	0	37	
MYCO000746	6497	0	32	
MYCO000747	6470	0	49	
MYCO000748	710	0	27	
MYCO000749	223	3421	63	
MYCO000750	1631	2664	28	
MYCO000751	256	0	48	
MYCO000752	186	0	69	
MYCO000753	360	0	79	
MYCO000754	1949	0	88	
MYCO000755	896	0	142	
MYCO000756	190	0	40	
MYCO000759	2	0	14	
MYCO000760	224	0	27	
MYCO000761	62	0	41	
MYCO000762	25	0	30	
MYCO000763	14	0	13	
MYCO000764	45	0	68	
MYCO000765	159	0	48	
MYCO000766	1699	0	63	
MYCO000767	534	0	42	
MYCO000768	80	0	88	
MYCO000769	15	0	44	
MYCO000770	427	0	46	
MYCO000771	97	0	30	
MYCO000773	138	0	95	
MYCO000774	298	0	59	
MYCO000775	128	0	44	
MYCO000776	296	0	40	
MYCO000778	389	0	67	
MYCO000779	2253	0	33	
MYCO000781	6996	0	2	
MYCO000783	64	0	109	
MYCO000784	208	0	43	
MYCO000785	216	0	77	
MYCO000786	264	0	27	
MYCO000787	1034	0	55	
MYCO000789	18	0	29	
MYCO000790	48	0	50	
MYCO000791	177	0	67	
MYCO000792	42	0	49	
MYCO000793	20	0	16	
MYCO000794	109	0	80	
MYCO000795	874	2	21	
MYCO000796	7159	0	0	
MYCO000797	7049	0	13	
MYCO000798	34	0	38	
MYCO000799	12	0	38	
MYCO000800	91	0	79	
MYCO000801	15	0	23	
MYCO000802	162	0	52	
MYCO000804	1240	0	29	
MYCO000805	24	0	66	
MYCO000806	33	0	77	
MYCO000807	29	0	15	
MYCO000811	461	0	56	
MYCO000812	35	0	45	
MYCO000813	534	0	45	
MYCO000816	14	0	33	
MYCO000817	12	0	40	
MYCO000818	161	0	35	
MYCO000819	104	0	57	
MYCO000822	1253	0	100	
MYCO000825	77	0	61	
MYCO000826	424	0	49	
MYCO000827	543	0	28	
MYCO000828	146	0	35	
MYCO000829	189	2267	40	
MYCO000830	39	0	62	
MYCO000831	50	0	43	
MYCO000832	1694	0	20	
MYCO000833	5737	0	80	
MYCO000834	4291	0	108	
MYCO000835	526	0	65	
MYCO000836	3566	0	19	
MYCO000837	253	0	62	
MYCO000838	85	0	46	
MYCO000839	109	0	36	
MYCO000840	129	0	44	
MYCO000841	77	0	23	
MYCO000842	350	0	80	
MYCO000843	43	0	66	
MYCO000844	192	0	50	
MYCO000845	88	0	76	
MYCO000846	309	0	76	
MYCO000847	903	0	19	
MYCO000848	117	0	75	
MYCO000849	933	0	84	
MYCO000850	40	0	20	
MYCO000851	539	0	41	
MYCO000852	51	0	55	
MYCO000853	270	0	92	
MYCO000854	17	0	33	
MYCO000855	192	0	61	
MYCO000856	16	0	29	
MYCO000857	30	0	24	
MYCO000858	395	0	83	
MYCO000862	629	0	137	
MYCO000863	15	0	15	
MYCO000864	35	0	30	
MYCO000865	58	0	19	
MYCO000866	538	0	31	
MYCO000867	3554	0	101	
MYCO000868	43	0	17	
MYCO000869	517	0	68	
MYCO000870	27	0	25	
MYCO000872	3232	0	100	
MYCO000873	96	0	111	
MYCO000874	606	3414	57	
MYCO000875	38	0	25	
MYCO000877	49	0	37	
MYCO000878	5201	0	54	
MYCO000879	175	0	25	
MYCO000880	93	0	24	
MYCO000881	42	0	47	
MYCO000882	66	0	23	
MYCO000883	247	0	34	
MYCO000887	26	0	19	
MYCO000888	1641	0	80	
MYCO000890	274	0	170	
MYCO000891	208	0	48	
MYCO000892	59	0	105	
MYCO000893	63	0	77	
MYCO000894	97	0	76	
MYCO000895	212	0	78	
MYCO000897	1493	0	91	
MYCO000898	9	0	15	
MYCO000899	29	0	43	
MYCO000900	21	0	8	
MYCO000901	382	0	35	
MYCO000904	1101	0	70	
MYCO000905	53	0	42	
MYCO000907	7155	0	1	
MYCO000908	44	0	126	
MYCO000909	60	0	16	
MYCO000910	28	0	31	
MYCO000911	410	0	51	
MYCO000912	14	0	27	
MYCO000913	190	0	93	
MYCO000914	253	0	92	
MYCO000915	1143	0	65	
MYCO000916	26	0	24	
MYCO000917	176	0	80	
MYCO000918	84	0	35	
MYCO000919	8	0	31	
MYCO000920	78	0	85	
MYCO000921	49	0	37	
MYCO000922	229	0	108	
MYCO000923	45	0	77	
MYCO000924	591	0	62	
MYCO000925	106	0	43	
MYCO000928	93	0	49	
MYCO000930	107	0	12	
MYCO000931	300	0	129	
MYCO000932	88	0	82	
MYCO000933	72	0	54	
MYCO000934	877	0	64	
MYCO000935	107	0	63	
MYCO000936	137	0	48	
MYCO000937	9	0	36	
MYCO000938	53	0	120	
MYCO000939	173	0	115	
MYCO000940	18	0	53	
MYCO000941	38	0	43	
MYCO000942	37	0	18	
MYCO000943	86	0	68	
MYCO000944	107	0	35	
MYCO000945	189	0	60	
MYCO000947	20	0	19	
MYCO000948	5	0	19	
MYCO000950	279	0	61	
MYCO000954	170	0	68	
MYCO000955	1530	0	61	
MYCO000956	667	0	32	
MYCO000958	900	0	74	
MYCO000959	1244	0	113	
MYCO000960	54	0	21	
MYCO000961	59	4432	24	
MYCO000962	385	0	33	
MYCO000963	446	0	58	
MYCO000964	44	0	28	
MYCO000965	14	0	37	
MYCO000966	774	0	32	
MYCO000967	46	0	17	
MYCO000968	70	0	21	
MYCO000969	1706	0	120	
MYCO000970	15	0	37	
MYCO000971	736	0	41	
MYCO000972	96	0	78	
MYCO000973	464	0	138	
MYCO000974	292	0	114	
MYCO000975	667	0	63	
MYCO000976	866	0	96	
MYCO000977	4284	0	110	
MYCO000978	6653	0	78	
MYCO000979	31	0	17	
MYCO000980	6897	0	70	
MYCO000982	292	0	77	
MYCO000984	64	0	21	
MYCO000985	26	0	39	
MYCO000986	230	0	62	
MYCO000987	345	0	248	
MYCO000988	158	0	116	
MYCO000989	86	0	83	
MYCO000990	227	0	48	
MYCO000991	9	0	21	
MYCO000992	359	0	41	
MYCO000996	33	0	60	
MYCO000997	10	0	28	
MYCO000998	226	0	56	
MYCO000999	75	0	42	
MYCO001000	60	0	30	
MYCO001003	370	0	57	
MYCO001004	2752	0	79	
MYCO001005	1852	0	35	
MYCO001006	151	0	87	
MYCO001012	829	0	14	
MYCO001016	44	0	30	
MYCO001019	7	0	25	
MYCO001021	49	0	45	
MYCO001024	565	0	32	
MYCO001025	97	0	26	
MYCO001027	57	0	47	
MYCO001028	1906	0	122	
MYCO001029	79	0	106	
MYCO001030	78	0	130	
MYCO001031	121	0	34	
MYCO001032	129	0	93	
MYCO001033	58	0	33	
MYCO001034	901	0	21	
MYCO001035	1126	0	36	
MYCO001036	162	0	22	
MYCO001037	634	3350	145	
MYCO001038	4022	752	123	
MYCO001039	1499	0	63	
MYCO001040	740	0	46	
MYCO001041	268	41	63	
MYCO001042	76	4	34	
MYCO001043	38	0	59	
MYCO001044	11	0	25	
MYCO001045	1465	0	38	
MYCO001046	7155	0	1	
MYCO001047	6972	56	9	
MYCO001048	31	0	90	
MYCO001049	35	0	35	
MYCO001050	310	0	47	
MYCO001051	59	0	61	
MYCO001052	75	0	23	
MYCO001053	32	0	17	
MYCO001054	15	0	19	
MYCO001055	2	0	9	
MYCO001056	57	231	40	
MYCO001057	55	0	85	
MYCO001058	192	0	69	
MYCO001059	118	0	71	
MYCO001060	49	0	27	
MYCO001061	39	0	46	
MYCO001062	442	0	42	
MYCO001063	127	0	65	
MYCO001064	483	0	28	
MYCO001065	132	0	40	
MYCO001066	783	0	19	
MYCO001067	7106	0	23	
MYCO001068	6947	0	23	
MYCO001069	173	0	108	
MYCO001073	146	0	63	
MYCO001074	157	0	58	
MYCO001075	227	0	72	
MYCO001076	78	0	69	
MYCO001078	1695	0	32	
MYCO001081	102	0	20	
MYCO001083	20	0	12	
MYCO001084	2505	0	78	
MYCO001085	57	0	32	
MYCO001087	5964	0	121	
MYCO001088	600	0	31	
MYCO001089	7159	0	0	
MYCO001090	64	0	32	
MYCO001091	6503	0	95	
MYCO001093	87	0	59	
MYCO001096	90	0	56	
MYCO001097	39	0	55	
MYCO001100	50	0	43	
MYCO001101	194	0	56	
MYCO001102	37	0	16	
MYCO001103	17	0	17	
MYCO001104	22	0	45	
MYCO001105	67	0	28	
MYCO001106	143	0	44	
MYCO001107	1	0	12	
MYCO001109	23	0	32	
MYCO001111	70	0	44	
MYCO001113	15	0	8	
MYCO001114	13	0	23	
MYCO001115	132	0	54	
MYCO001116	29	0	11	
MYCO001117	9	0	18	
MYCO001118	381	0	43	
MYCO001119	31	0	9	
MYCO001120	35	0	35	
MYCO001121	140	0	88	
MYCO001122	671	0	52	
MYCO001123	101	0	58	
MYCO001124	156	0	51	
MYCO001125	844	0	72	
MYCO001126	35	0	33	
MYCO001127	40	0	82	
MYCO001128	2386	0	73	
MYCO001129	48	0	129	
MYCO001130	96	0	89	
MYCO001131	23	0	61	
MYCO001132	1203	0	101	
MYCO001133	942	0	84	
MYCO001134	501	0	17	
MYCO001135	2211	0	114	
MYCO001136	8	0	23	
MYCO001137	40	0	15	
MYCO001138	84	0	55	
MYCO001139	519	0	38	
MYCO001140	21	0	38	
MYCO001141	80	3630	32	
MYCO001142	80	4073	28	
MYCO001143	97	0	47	
MYCO001144	98	0	44	
MYCO001145	3510	0	27	
MYCO001146	58	0	69	
MYCO001147	50	0	38	
MYCO001148	6921	59	41	
MYCO001149	76	2	34	
MYCO001150	7159	0	0	
MYCO001151	64	0	32	
MYCO001152	44	0	23	
MYCO001153	137	0	53	
MYCO001154	19	0	42	
MYCO001155	46	0	29	
MYCO001156	54	0	37	
MYCO001157	2931	0	49	
MYCO001158	1517	0	41	
MYCO001159	25	0	67	
MYCO001160	101	0	22	
MYCO001161	193	0	172	
MYCO001162	99	0	86	
MYCO001163	85	0	26	
MYCO001164	35	0	40	
MYCO001166	299	0	73	
MYCO001167	51	0	23	
MYCO001168	1017	0	69	
MYCO001169	22	0	19	
MYCO001170	74	0	48	
MYCO001171	26	0	31	
MYCO001172	950	0	55	
MYCO001174	11	0	26	
MYCO001175	2740	0	111	
MYCO001176	375	0	31	
MYCO001179	1301	0	170	
MYCO001180	7146	0	1	
MYCO001181	404	0	235	
MYCO001182	38	0	50	
MYCO001183	63	0	172	
MYCO001184	45	0	53	
MYCO001185	89	0	78	
MYCO001186	545	0	101	
MYCO001187	724	0	82	
MYCO001188	415	0	64	
MYCO001189	126	0	46	
MYCO001190	915	0	43	
MYCO001191	1228	0	47	
MYCO001192	718	0	37	
MYCO001194	122	0	89	
MYCO001195	40	0	18	
MYCO001196	3534	528	479	
MYCO001197	4021	814	128	
MYCO001198	634	3389	143	
MYCO001199	6972	56	10	
MYCO001200	535	0	77	
MYCO001203	531	0	38	
MYCO001204	518	0	85	
MYCO001205	123	0	36	
MYCO001206	121	0	76	
MYCO001209	100	0	20	
MYCO001210	50	0	21	
MYCO001211	15	0	8	
MYCO001212	86	0	58	
MYCO001214	216	0	23	
MYCO001215	973	0	107	
MYCO001216	122	0	43	
MYCO001217	1124	0	103	
MYCO001218	26	0	68	
MYCO001219	58	0	45	
MYCO001222	18	0	28	
MYCO001224	29	0	29	
MYCO001225	1847	0	49	
MYCO001226	934	0	99	
MYCO001227	44	0	44	
MYCO001228	26	0	43	
MYCO001230	643	0	90	
MYCO001231	216	0	33	
MYCO001232	190	0	82	
MYCO001233	265	0	42	
MYCO001234	58	0	28	
MYCO001235	37	0	61	
MYCO001236	87	0	57	
MYCO001237	25	0	38	
MYCO001240	127	0	56	
MYCO001241	70	0	17	
MYCO001242	63	0	26	
MYCO001243	4697	0	57	
MYCO001244	1059	0	58	
MYCO001246	12	0	20	
MYCO001247	11	0	10	
MYCO001249	134	0	53	
MYCO001250	829	0	91	
MYCO001251	1916	0	118	
MYCO001252	36	0	31	
MYCO001254	674	0	52	
MYCO001255	93	0	43	
MYCO001256	210	0	69	
MYCO001257	80	0	90	
MYCO001258	1731	0	67	
MYCO001259	280	0	44	
MYCO001260	753	0	42	
MYCO001261	38	0	26	
MYCO001262	42	0	30	
MYCO001263	673	0	82	
MYCO001264	213	0	89	
MYCO001265	174	0	30	
MYCO001266	1587	0	107	
MYCO001267	61	0	67	
MYCO001268	450	0	56	
MYCO001269	1438	0	27	
MYCO001270	335	0	42	
MYCO001271	33	0	21	
MYCO001274	700	0	28	
MYCO001275	18	0	37	
MYCO001276	369	0	35	
MYCO001278	1389	0	115	
MYCO001279	116	0	84	
MYCO001280	50	0	97	
MYCO001281	142	0	80	
MYCO001282	5	0	43	
MYCO001283	165	0	40	
MYCO001284	18	0	22	
MYCO001285	33	0	73	
MYCO001286	39	0	107	
MYCO001287	25	0	17	
MYCO001288	2783	0	84	
MYCO001289	23	0	44	
MYCO001290	1094	1526	83	
MYCO001291	27	0	22	
MYCO001296	319	0	50	
MYCO001300	650	0	52	
MYCO001301	24	0	31	
MYCO001303	16	0	24	
MYCO001304	26	0	46	
MYCO001306	20	0	26	
MYCO001307	75	0	76	
MYCO001312	52	0	27	
MYCO001313	3830	72	44	
MYCO001314	87	0	48	
MYCO001316	68	0	36	
MYCO001317	295	0	95	
MYCO001318	328	0	83	
MYCO001319	5373	0	76	
MYCO001320	355	0	110	
MYCO001322	356	0	23	
MYCO001324	730	0	49	
MYCO001325	4578	0	83	
MYCO001329	831	0	108	
MYCO001330	493	0	85	
MYCO001331	23	0	13	
MYCO001332	21	0	37	
MYCO001333	403	0	57	
MYCO001334	191	0	21	
MYCO001335	175	0	20	
MYCO001336	510	0	45	
MYCO001337	8	0	40	
MYCO001339	28	0	45	
MYCO001341	57	0	32	
MYCO001342	14	0	23	
MYCO001343	35	0	37	
MYCO001344	3	0	18	
MYCO001345	84	0	73	
MYCO001346	22	0	43	
MYCO001347	16	0	42	
MYCO001348	487	0	117	
MYCO001349	200	0	73	
MYCO001350	20	0	41	
MYCO001351	35	0	24	
MYCO001352	29	0	35	
MYCO001353	331	0	45	
MYCO001354	396	0	120	
MYCO001355	1100	0	149	
MYCO001356	394	0	55	
MYCO001357	65	0	59	
MYCO001358	1906	0	169	
MYCO001359	97	0	35	
MYCO001360	198	0	44	
MYCO001361	3433	549	503	
MYCO001362	51	0	37	
MYCO001363	591	0	44	
MYCO001364	556	0	102	
MYCO001365	42	0	25	
MYCO001366	435	0	46	
MYCO001367	526	0	71	
MYCO001368	141	0	48	
MYCO001369	7159	0	0	
MYCO001370	874	2	21	
MYCO001371	1739	0	58	
MYCO001372	47	0	81	
MYCO001373	164	0	58	
MYCO001374	10	0	38	
MYCO001375	385	0	90	
MYCO001376	604	0	71	
MYCO001377	17	0	31	
MYCO001378	932	0	84	
MYCO001379	75	0	23	
MYCO001382	220	0	37	
MYCO001386	215	0	26	
MYCO001387	2670	0	74	
MYCO001389	146	0	42	
MYCO001393	196	0	76	
MYCO001394	55	0	86	
MYCO001395	55	0	70	
MYCO001396	4873	0	63	
MYCO001397	25	0	26	
MYCO001398	10	0	19	
MYCO001399	198	0	64	
MYCO001400	219	0	55	
MYCO001401	260	0	43	
MYCO001403	405	0	49	
MYCO001404	15	0	26	
MYCO001405	40	0	54	
MYCO001406	521	0	51	
MYCO001409	901	0	38	
MYCO001411	16	0	44	
MYCO001413	33	0	41	
MYCO001414	22	0	25	
MYCO001417	13	0	34	
MYCO001418	27	0	36	
MYCO001419	25	0	33	
MYCO001422	372	0	48	
MYCO001423	477	0	59	
MYCO001424	90	0	53	
MYCO001425	54	0	76	
MYCO001426	121	0	88	
MYCO001427	337	0	88	
MYCO001428	14	0	52	
MYCO001429	308	0	79	
MYCO001430	826	0	77	
MYCO001431	91	0	123	
MYCO001432	689	0	56	
MYCO001433	15	0	46	
MYCO001434	38	0	10	
MYCO001435	1475	0	45	
MYCO001439	18	1875	24	
MYCO001441	3919	0	125	
MYCO001442	371	0	159	
MYCO001443	53	0	27	
MYCO001444	76	0	32	
MYCO001446	1045	0	63	
MYCO001450	7150	0	5	
MYCO001452	6695	0	112	
MYCO001453	137	0	80	
MYCO001454	59	0	64	
MYCO001455	169	0	59	
MYCO001456	198	0	61	
MYCO001459	606	0	101	
MYCO001460	1102	0	34	
MYCO001461	112	0	137	
MYCO001468	3633	0	50	
MYCO001469	597	0	102	
MYCO001470	20	0	20	
MYCO001471	39	0	19	
MYCO001472	72	0	62	
MYCO001476	6	0	34	
MYCO001477	170	0	67	
MYCO001478	83	0	36	
MYCO001482	67	0	53	
MYCO001486	48	0	52	
MYCO001487	17	0	25	
MYCO001488	91	0	48	
MYCO001489	22	0	22	
MYCO001490	69	0	92	
MYCO001491	15	0	50	
MYCO001492	806	0	93	
MYCO001494	14	0	13	
MYCO001495	16	0	24	
MYCO001496	70	0	51	
MYCO001497	235	0	82	
MYCO001498	95	0	46	
MYCO001499	54	0	24	
MYCO001500	126	0	73	
MYCO001501	78	0	45	
MYCO001502	152	0	72	
MYCO001503	7159	0	0	
MYCO001504	1899	0	23	
MYCO001505	86	0	54	
MYCO001506	189	0	35	
MYCO001507	148	0	49	
MYCO001508	306	197	116	
MYCO001509	606	0	47	
MYCO001510	33	3915	55	
MYCO001511	127	0	65	
MYCO001512	85	0	60	
MYCO001513	97	0	33	
MYCO001514	67	0	43	
MYCO001515	86	0	57	
MYCO001516	399	0	57	
MYCO001517	61	0	37	
MYCO001518	218	0	55	
MYCO001519	1044	0	16	
MYCO001520	1088	0	60	
MYCO001521	226	0	84	
MYCO001522	660	0	188	
MYCO001523	134	0	56	
MYCO001524	799	0	63	
MYCO001525	900	0	48	
MYCO001526	781	0	71	
MYCO001527	1736	0	342	
MYCO001528	65	0	23	
MYCO001529	124	0	109	
MYCO001530	99	0	80	
MYCO001531	30	0	28	
MYCO001532	121	0	28	
MYCO001533	231	0	50	
MYCO001534	40	0	39	
MYCO001535	8	0	14	
MYCO001537	244	0	87	
MYCO001538	512	0	60	
MYCO001539	34	0	34	
MYCO001541	55	0	29	
MYCO001542	32	27	23	
MYCO001543	25	0	56	
MYCO001544	144	0	49	
MYCO001545	38	0	15	
MYCO001546	114	0	38	
MYCO001548	277	0	124	
MYCO001549	7093	0	2	
MYCO001550	862	0	76	
MYCO001551	1720	0	91	
MYCO001552	216	0	110	
MYCO001553	266	0	32	
MYCO001554	17	0	22	
MYCO001555	14	0	21	
MYCO001556	45	0	42	
MYCO001558	40	0	22	
MYCO001560	6	0	9	
MYCO001561	18	0	31	
MYCO001562	763	0	86	
MYCO001563	544	0	129	
MYCO001565	880	0	97	
MYCO001566	319	0	50	
MYCO001567	10	0	29	
MYCO001570	804	0	35	
MYCO001571	692	0	33	
MYCO001572	5026	0	12	
MYCO001573	4565	0	12	
MYCO001574	4753	0	21	
MYCO001575	7153	0	3	
MYCO001576	1376	898	163	
MYCO001577	4339	0	22	
MYCO001578	4360	0	28	
MYCO001579	4314	0	24	
MYCO001580	4359	0	15	
MYCO001581	5284	0	10	
MYCO001582	4351	0	55	
MYCO001583	563	1245	33	
MYCO001584	4567	0	11	
MYCO001585	4853	0	27	
MYCO001586	4502	0	56	
MYCO001587	7088	0	14	
MYCO001588	6895	6	68	
MYCO001590	22	0	13	
MYCO001591	52	0	52	
MYCO001592	37	0	92	
MYCO001596	22	0	34	
MYCO001597	61	0	45	
MYCO001598	77	0	17	
MYCO001602	20	0	36	
MYCO001604	51	0	45	
MYCO001606	33	0	26	
MYCO001607	98	0	39	
MYCO001608	4	0	20	
MYCO001610	849	0	39	
MYCO001613	20	0	50	
MYCO001614	92	0	69	
MYCO001615	10	0	36	
MYCO001616	21	0	24	
MYCO001618	38	0	37	
MYCO001619	368	0	72	
MYCO001620	1109	0	73	
MYCO001621	948	0	77	
MYCO001622	36	0	59	
MYCO001623	18	0	74	
MYCO001624	33	0	44	
MYCO001625	344	0	85	
MYCO001628	109	0	21	
MYCO001631	102	0	62	
MYCO001632	124	0	23	
MYCO001634	122	0	72	
MYCO001635	104	0	81	
MYCO001636	7	0	29	
MYCO001637	416	0	55	
MYCO001639	1448	2224	74	
MYCO001640	172	0	181	
MYCO001644	490	0	51	
MYCO001645	738	0	66	
MYCO001646	671	0	61	
MYCO001647	1828	0	45	
MYCO001648	22	0	54	
MYCO001650	1085	0	147	
MYCO001651	4001	0	149	
MYCO001660	1187	0	62	
MYCO001661	2064	0	330	
MYCO001662	1748	0	313	
MYCO001663	230	0	108	
MYCO001664	590	0	189	
MYCO001665	347	0	73	
MYCO001666	258	0	69	
MYCO001667	113	0	37	
MYCO001668	6993	0	5	
MYCO001669	203	0	18	
MYCO001670	54	0	22	
MYCO001671	18	0	32	
MYCO001672	620	0	78	
MYCO001673	537	0	58	
MYCO001674	578	0	36	
MYCO001675	462	0	49	
MYCO001676	29	0	64	
MYCO001677	31	0	36	
MYCO001678	869	0	59	
MYCO001679	89	0	58	
MYCO001680	104	0	49	
MYCO001681	77	0	59	
MYCO001682	599	0	48	
MYCO001683	1055	0	129	
MYCO001684	57	0	15	
MYCO001685	29	0	36	
MYCO001686	36	0	47	
MYCO001687	37	0	58	
MYCO001688	230	0	44	
MYCO001690	27	0	20	
MYCO001691	404	0	56	
MYCO001692	782	0	45	
MYCO001693	16	0	15	
MYCO001696	61	0	86	
MYCO001698	687	0	39	
MYCO001700	13	0	40	
MYCO001702	782	0	84	
MYCO001703	24	0	31	
MYCO001704	55	0	101	
MYCO001705	1522	0	58	
MYCO001706	550	0	62	
MYCO001707	106	0	88	
MYCO001710	15	0	38	
MYCO001714	917	0	55	
MYCO001715	772	0	57	
MYCO001716	22	0	62	
MYCO001717	1399	0	27	
MYCO001718	140	0	62	
MYCO001719	231	0	66	
MYCO001720	114	0	24	
MYCO001721	9	0	9	
MYCO001722	749	0	93	
MYCO001723	372	0	76	
MYCO001724	115	0	17	
MYCO001725	394	0	50	
MYCO001726	483	0	115	
MYCO001727	94	0	40	
MYCO001728	23	0	44	
MYCO001729	54	0	53	
MYCO001730	1330	0	105	
MYCO001731	521	0	80	
MYCO001732	428	0	22	
MYCO001733	17	0	45	
MYCO001734	13	0	16	
MYCO001735	46	0	35	
MYCO001736	1124	3002	128	
MYCO001737	1150	0	61	
MYCO001738	93	0	27	
MYCO001739	417	0	99	
MYCO001740	16	0	13	
MYCO001741	9	2218	19	
MYCO001742	223	0	46	
MYCO001743	759	0	82	
MYCO001744	1077	0	30	
MYCO001745	55	0	39	
MYCO001746	364	0	89	
MYCO001747	508	0	109	
MYCO001748	35	0	50	
MYCO001749	53	0	39	
MYCO001750	282	0	93	
MYCO001751	181	0	75	
MYCO001752	36	0	34	
MYCO001753	7111	0	25	
MYCO001754	3115	0	59	
MYCO001755	7159	0	0	
MYCO001756	7159	0	0	
MYCO001757	874	2	21	
MYCO001758	4917	0	37	
MYCO001759	6744	0	44	
MYCO001760	3778	0	62	
MYCO001761	3723	0	21	
MYCO001762	3793	0	26	
MYCO001763	874	2	21	
MYCO001764	7159	0	0	
MYCO001765	7151	0	2	
MYCO001766	25	0	11	
MYCO001767	20	0	19	
MYCO001768	3407	0	88	
MYCO001769	444	0	71	
MYCO001770	429	0	84	
MYCO001771	17	0	76	
MYCO001772	24	0	17	
MYCO001773	34	0	42	
MYCO001774	117	0	102	
MYCO001775	1906	0	34	
MYCO001776	51	0	41	
MYCO001777	439	0	93	
MYCO001778	771	0	19	
MYCO001779	639	0	125	
MYCO001780	20	0	28	
MYCO001781	763	0	136	
MYCO001782	176	0	63	
MYCO001783	379	0	146	
MYCO001785	38	0	57	
MYCO001786	4	0	15	
MYCO001787	6281	0	47	
MYCO001788	22	20	26	
MYCO001789	729	0	74	
MYCO001790	3038	0	76	
MYCO001791	30	0	13	
MYCO001792	7159	0	0	
MYCO001793	634	2719	122	
MYCO001794	13	0	50	
MYCO001795	701	0	82	
MYCO001796	338	0	91	
MYCO001797	28	0	83	
MYCO001798	40	0	74	
MYCO001799	598	0	17	
MYCO001800	267	0	126	
MYCO001801	1922	0	95	
MYCO001802	1314	0	75	
MYCO001803	2059	0	97	
MYCO001804	49	0	24	
MYCO001805	11	0	35	
MYCO001806	21	0	22	
MYCO001807	7159	0	0	
MYCO001808	496	0	70	
MYCO001809	329	0	59	
MYCO001810	6	0	22	
MYCO001811	61	0	57	
MYCO001812	352	0	80	
MYCO001813	29	0	30	
MYCO001814	344	0	81	
MYCO001815	1021	0	59	
MYCO001816	979	2006	32	
MYCO001817	770	0	96	
MYCO001818	4712	0	72	
MYCO001819	247	0	76	
MYCO001820	236	0	86	
MYCO001822	34	0	39	
MYCO001823	199	0	56	
MYCO001824	28	0	23	
MYCO001825	35	0	50	
MYCO001826	2	0	17	
MYCO001828	31	0	37	
MYCO001831	62	0	16	
MYCO001833	36	0	55	
MYCO001834	65	0	42	
MYCO001835	394	0	116	
MYCO001836	451	0	113	
MYCO001838	22	0	21	
MYCO001839	5	0	10	
MYCO001840	3441	0	83	
MYCO001841	100	0	64	
MYCO001845	1284	0	43	
MYCO001846	57	0	38	
MYCO001847	79	0	39	
MYCO001848	97	0	22	
MYCO001849	6	0	12	
MYCO001850	399	0	96	
MYCO001851	709	0	40	
MYCO001852	141	0	34	
MYCO001853	43	0	36	
MYCO001855	103	0	60	
MYCO001856	991	0	41	
MYCO001857	14	0	39	
MYCO001858	42	0	29	
MYCO001859	121	0	59	
MYCO001860	1091	0	69	
MYCO001861	9	0	25	
MYCO001862	70	0	59	
MYCO001863	57	0	48	
MYCO001864	25	0	44	
MYCO001865	19	0	48	
MYCO001866	158	0	130	
MYCO001867	372	0	93	
MYCO001868	586	0	124	
MYCO001869	263	0	51	
MYCO001870	822	0	37	
MYCO001871	243	0	33	
MYCO001872	63	0	95	
MYCO001873	84	0	34	
MYCO001874	41	0	50	
MYCO001875	45	0	34	
MYCO001876	96	0	32	
MYCO001877	318	0	119	
MYCO001878	496	0	78	
MYCO001879	309	0	61	
MYCO001880	90	0	78	
MYCO001881	75	0	29	
MYCO001882	29	0	47	
MYCO001883	50	0	32	
MYCO001884	28	0	30	
MYCO001885	53	0	52	
MYCO001887	366	0	79	
MYCO001888	5966	0	7	
MYCO001889	43	0	19	
MYCO001890	39	0	37	
MYCO001891	18	0	34	
MYCO001892	36	0	17	
MYCO001893	17	0	18	
MYCO001895	2012	0	41	
MYCO001896	473	0	73	
MYCO001897	59	0	30	
MYCO001898	28	0	20	
MYCO001899	2618	0	66	
MYCO001900	202	0	98	
MYCO001901	250	0	89	
MYCO001902	206	0	77	
MYCO001903	34	0	31	
MYCO001904	25	0	30	
MYCO001905	82	0	64	
MYCO001906	24	0	29	
MYCO001907	5091	0	46	
MYCO001908	248	0	221	
MYCO001909	29	0	36	
MYCO001910	228	0	44	
MYCO001911	253	0	33	
MYCO001912	2115	0	39	
MYCO001913	39	0	45	
MYCO001914	23	0	32	
MYCO001915	4452	0	25	
MYCO001916	93	0	53	
MYCO001917	7130	0	13	
MYCO001918	1374	0	186	
MYCO001919	16	0	26	
MYCO001920	23	0	66	
MYCO001921	1119	0	69	
MYCO001922	116	0	60	
MYCO001923	145	0	93	
MYCO001924	30	0	29	
MYCO001925	82	0	89	
MYCO001926	20	0	30	
MYCO001927	207	0	59	
MYCO001928	1262	0	46	
MYCO001929	1406	0	54	
MYCO001930	255	0	41	
MYCO001931	78	0	49	
MYCO001932	73	0	32	
MYCO001933	1066	0	64	
MYCO001934	675	0	77	
MYCO001935	71	0	66	
MYCO001936	49	0	76	
MYCO001937	740	0	141	
MYCO001938	112	0	68	
MYCO001939	639	0	41	
MYCO001940	5892	0	24	
MYCO001941	113	0	47	
MYCO001942	7	0	22	
MYCO001943	27	0	25	
MYCO001944	59	0	45	
MYCO001945	6732	80	48	
MYCO001946	79	0	33	
MYCO001947	136	0	22	
MYCO001948	208	0	39	
MYCO001949	7159	0	0	
MYCO001950	30	0	11	
MYCO001951	313	0	18	
MYCO001952	23	0	11	
MYCO001953	28	0	31	
MYCO001954	69	0	33	
MYCO001955	53	0	21	
MYCO001956	77	0	42	
MYCO001957	37	0	35	
MYCO001958	97	0	53	
MYCO001959	6	0	17	
MYCO001960	7	0	13	
MYCO001961	204	0	40	
MYCO001962	18	0	27	
MYCO001963	188	0	57	
MYCO001964	256	0	41	
MYCO001965	246	0	50	
MYCO001966	200	0	76	
MYCO001967	198	0	80	
MYCO001968	2286	0	70	
MYCO001969	309	0	76	
MYCO001970	165	0	68	
MYCO001971	678	0	91	
MYCO001972	138	0	38	
MYCO001973	307	0	27	
MYCO001974	105	0	30	
MYCO001975	860	0	36	
MYCO001976	179	0	25	
MYCO001977	913	0	45	
MYCO001978	1297	0	49	
MYCO001979	176	0	78	
MYCO001980	44	0	45	
MYCO001982	52	0	38	
MYCO001983	1958	0	85	
MYCO001984	347	0	42	
MYCO001985	196	0	48	
MYCO001986	76	0	46	
MYCO001987	62	0	31	
MYCO001988	179	0	32	
MYCO001989	60	0	31	
MYCO001990	4	0	16	
MYCO001991	7	0	18	
MYCO001992	2258	0	107	
MYCO001993	1355	0	22	
MYCO001994	949	0	22	
MYCO001995	1321	0	43	
MYCO001996	1291	0	49	
MYCO001997	3142	0	128	
MYCO001998	87	0	55	
MYCO001999	525	0	89	
MYCO002000	176	0	109	
MYCO002001	39	0	60	
MYCO002002	69	0	40	
MYCO002003	156	0	63	
MYCO002004	247	0	78	
MYCO002005	26	0	43	
MYCO002006	360	0	239	
MYCO002007	10	0	12	
MYCO002008	46	0	85	
MYCO002009	9	0	12	
MYCO002010	33	0	17	
MYCO002011	8	0	28	
MYCO002012	22	0	43	
MYCO002013	664	0	26	
MYCO002014	163	0	40	
MYCO002015	2011	0	87	
MYCO002016	1691	0	27	
MYCO002017	136	0	64	
MYCO002018	200	0	29	
MYCO002019	629	0	27	
MYCO002020	269	0	20	
MYCO002021	161	0	20	
MYCO002022	196	0	54	
MYCO002023	483	0	17	
MYCO002024	6574	0	21	
MYCO002025	163	0	66	
MYCO002026	52	0	58	
MYCO002027	1667	0	61	
MYCO002028	318	0	41	
MYCO002029	244	0	60	
MYCO002030	452	0	123	
MYCO002031	17	0	28	
MYCO002032	291	0	61	
MYCO002033	960	0	56	
MYCO002034	352	0	19	
MYCO002035	12	0	34	
MYCO002036	32	0	37	
MYCO002037	80	0	71	
MYCO002038	14	0	56	
MYCO002039	12	0	42	
MYCO002040	19	0	33	
MYCO002041	33	0	75	
MYCO002042	160	0	51	
MYCO002043	279	0	203	
MYCO002044	1064	0	18	
MYCO002045	90	0	98	
MYCO002046	280	0	51	
MYCO002047	390	0	125	
MYCO002048	7093	0	37	
MYCO002049	41	0	14	
MYCO002051	444	0	133	
MYCO002052	1055	0	102	
MYCO002053	35	0	46	
MYCO002054	64	0	54	
MYCO002059	439	0	117	
MYCO002060	339	0	30	
MYCO002061	49	0	31	
MYCO002062	1411	0	205	
MYCO002063	5	0	15	
MYCO002064	1091	0	55	
MYCO002065	1185	0	34	
MYCO002066	867	0	103	
MYCO002067	78	0	69	
MYCO002068	31	0	55	
MYCO002069	175	0	24	
MYCO002070	2707	0	35	
MYCO002071	97	0	59	
MYCO002072	439	0	65	
MYCO002073	369	0	42	
MYCO002074	156	0	24	
MYCO002075	372	0	92	
MYCO002076	12	0	11	
MYCO002077	152	0	61	
MYCO002078	15	0	29	
MYCO002079	1693	0	96	
MYCO002080	45	0	43	
MYCO002081	4161	0	31	
MYCO002082	3407	0	142	
MYCO002083	515	0	67	
MYCO002084	3571	0	21	
MYCO002085	46	0	22	
MYCO002086	20	0	33	
MYCO002087	16	0	18	
MYCO002088	2239	0	77	
MYCO002091	86	0	44	
MYCO002094	2	0	14	
MYCO002095	870	0	54	
MYCO002098	7159	0	0	
MYCO002099	7159	0	0	
MYCO002100	1489	0	99	
MYCO002101	1418	0	153	
MYCO002102	379	0	36	
MYCO002103	76	0	30	
MYCO002104	5	0	20	
MYCO002105	874	2	21	
MYCO002106	7159	0	0	
MYCO002107	126	0	28	
MYCO002108	231	0	41	
MYCO002113	155	0	73	
MYCO002114	101	0	39	
MYCO002116	88	0	33	
MYCO002117	70	0	13	
MYCO002120	540	0	29	
MYCO002123	4215	0	48	
MYCO002124	522	0	189	
MYCO002126	3426	0	40	
MYCO002127	274	0	92	
MYCO002128	4	0	15	
MYCO002129	104	0	59	
MYCO002131	83	0	43	
MYCO002132	64	0	15	
MYCO002133	80	0	41	
MYCO002135	997	0	31	
MYCO002136	117	0	46	
MYCO002137	39	0	24	
MYCO002138	124	0	62	
MYCO002142	18	0	23	
MYCO002143	156	0	74	
MYCO002144	78	0	23	
MYCO002146	3	0	14	
MYCO002147	1286	0	38	
MYCO002148	1285	0	36	
MYCO002149	111	0	27	
MYCO002152	574	0	81	
MYCO002158	2021	0	92	
MYCO002159	1352	0	69	
MYCO002160	3797	0	15	
MYCO002161	939	2080	57	
MYCO002162	5192	0	80	
MYCO002164	688	0	66	
MYCO002165	46	0	70	
MYCO002167	7159	0	0	
MYCO002168	874	2	21	
MYCO002169	30	0	26	
MYCO002171	26	0	39	
MYCO002172	24	0	50	
MYCO002173	365	0	62	
MYCO002174	104	0	78	
MYCO002175	7	0	23	
MYCO002177	3715	232	50	
MYCO002180	1347	0	51	
MYCO002181	65	0	60	
MYCO002183	5	0	18	
MYCO002184	30	0	58	
MYCO002185	5	0	25	
MYCO002189	821	0	43	
MYCO002190	1076	0	51	
MYCO002191	640	0	105	
MYCO002197	161	0	40	
MYCO002198	937	0	65	
MYCO002203	347	0	40	
MYCO002204	8	0	24	
MYCO002205	883	0	74	
MYCO002206	31	0	47	
MYCO002207	1277	0	48	
MYCO002208	515	0	53	
MYCO002209	502	0	84	
MYCO002212	89	0	78	
MYCO002214	105	0	93	
MYCO002215	1034	0	89	
MYCO002223	365	0	88	
MYCO002224	71	0	76	
MYCO002226	931	0	88	
MYCO002227	885	0	30	
MYCO002229	37	0	32	
MYCO002231	176	0	58	
MYCO002232	268	0	47	
MYCO002234	30	0	28	
MYCO002236	1245	0	55	
MYCO002237	11	0	50	
MYCO002238	9	0	12	
MYCO002240	53	0	35	
MYCO002248	201	0	29	
MYCO002249	898	0	76	
MYCO002250	29	0	25	
MYCO002251	7154	0	2	
MYCO002252	36	0	61	
MYCO002253	60	0	34	
MYCO002254	38	0	34	
MYCO002255	40	0	20	
MYCO002256	8	0	24	
MYCO002258	696	0	61	
MYCO002260	18	0	35	
MYCO002261	56	0	24	
MYCO002262	7093	0	4	
MYCO002263	1560	0	51	
MYCO002264	3370	0	83	
MYCO002265	732	0	59	
MYCO002266	30	0	83	
MYCO002267	94	0	63	
MYCO002268	412	0	90	
MYCO002269	30	0	29	
MYCO002270	290	0	37	
MYCO002271	262	0	17	
MYCO002272	266	0	16	
MYCO002273	291	0	23	
MYCO002274	306	0	37	
MYCO002275	923	0	41	
MYCO002276	319	0	76	
MYCO002277	302	6654	57	
MYCO002278	874	2	21	
MYCO002279	7159	0	0	
MYCO002280	466	0	77	
MYCO002281	60	0	101	
MYCO002282	932	2339	48	
MYCO002283	48	0	15	
MYCO002284	350	0	48	
MYCO002285	654	0	64	
MYCO002286	703	1914	43	
MYCO002287	193	0	84	
MYCO002288	17	0	28	
MYCO002289	158	0	43	
MYCO002290	56	0	41	
MYCO002291	82	0	49	
MYCO002292	31	0	8	
MYCO002293	3479	0	20	
MYCO002294	60	0	79	
MYCO002295	33	0	43	
MYCO002296	172	0	53	
MYCO002297	18	0	30	
MYCO002298	39	0	64	
MYCO002299	102	0	87	
MYCO002300	122	0	57	
MYCO002301	101	0	50	
MYCO002302	10	0	17	
MYCO002303	32	0	70	
MYCO002304	16	0	9	
MYCO002305	567	0	80	
MYCO002307	494	0	54	
MYCO002308	231	0	54	
MYCO002309	32	0	33	
MYCO002310	138	0	29	
MYCO002311	97	0	28	
MYCO002312	8	0	14	
MYCO002313	109	0	54	
MYCO002314	220	0	76	
MYCO002316	18	0	47	
MYCO002317	24	0	34	
MYCO002318	1446	0	57	
MYCO002319	2766	0	49	
MYCO002320	84	0	78	
MYCO002321	18	0	37	
MYCO002322	28	0	38	
MYCO002323	43	0	65	
MYCO002324	15	0	39	
MYCO002325	438	0	44	
MYCO002326	618	0	95	
MYCO002327	130	0	24	
MYCO002328	86	0	65	
MYCO002329	372	0	101	
MYCO002330	27	0	34	
MYCO002331	15	0	25	
MYCO002332	74	0	80	
MYCO002333	1098	0	58	
MYCO002334	133	0	56	
MYCO002335	200	0	43	
MYCO002336	424	0	62	
MYCO002337	222	0	64	
MYCO002338	783	0	64	
MYCO002339	1886	0	142	
MYCO002340	844	0	79	
MYCO002341	139	0	26	
MYCO002342	37	0	21	
MYCO002345	620	0	114	
MYCO002346	634	3166	134	
MYCO002347	4022	784	126	
MYCO002348	44	0	23	
MYCO002349	758	0	96	
MYCO002350	868	2695	51	
MYCO002351	876	2743	58	
MYCO002352	1678	52	71	
MYCO002353	7003	0	5	
MYCO002354	874	2	21	
MYCO002355	7159	0	0	
MYCO002356	5260	0	52	
MYCO002358	19	0	20	
MYCO002359	3	0	53	
MYCO002360	19	0	29	
MYCO002363	1938	0	46	
MYCO002365	737	0	15	
MYCO002369	67	0	21	
MYCO002370	96	0	82	
MYCO002371	297	0	11	
MYCO002372	251	0	45	
MYCO002375	12	0	17	
MYCO002376	118	0	32	
MYCO002377	29	0	12	
MYCO002378	128	0	52	
MYCO002379	590	0	161	
MYCO002380	1242	0	228	
MYCO002381	518	0	129	
MYCO002382	266	0	58	
MYCO002383	1083	835	214	
MYCO002384	575	0	66	
MYCO002385	145	0	72	
MYCO002386	236	0	65	
MYCO002387	36	0	63	
MYCO002388	225	0	63	
MYCO002389	17	0	27	
MYCO002390	93	0	34	
MYCO002391	31	0	78	
MYCO002392	165	0	41	
MYCO002393	255	4422	42	
MYCO002394	219	0	119	
MYCO002395	564	0	101	
MYCO002396	4011	0	62	
MYCO002397	159	0	63	
MYCO002398	8	0	41	
MYCO002401	6	0	17	
MYCO002403	118	0	36	
MYCO002405	61	0	38	
MYCO002406	255	0	22	
MYCO002407	372	0	58	
MYCO002408	485	0	38	
MYCO002414	580	0	90	
MYCO002415	149	0	48	
MYCO002416	177	0	89	
MYCO002417	1294	0	44	
MYCO002418	287	0	39	
MYCO002419	178	0	37	
MYCO002422	27	0	17	
MYCO002423	54	0	62	
MYCO002424	6851	0	26	
MYCO002428	118	0	40	
MYCO002429	22	0	21	
MYCO002430	57	0	33	
MYCO002431	21	2543	19	
MYCO002432	50	0	25	
MYCO002433	20	0	17	
MYCO002434	1386	0	82	
MYCO002435	237	0	122	
MYCO002436	501	0	57	
MYCO002437	1646	0	17	
MYCO002438	127	0	95	
MYCO002443	64	0	91	
MYCO002444	602	0	144	
MYCO002446	16	0	21	
MYCO002449	759	0	73	
MYCO002450	525	0	51	
MYCO002451	72	0	27	
MYCO002452	1	0	18	
MYCO002453	77	0	36	
MYCO002456	102	0	57	
MYCO002458	55	0	42	
MYCO002459	85	0	84	
MYCO002463	26	0	50	
MYCO002464	186	0	60	
MYCO002468	57	0	27	
MYCO002469	80	0	42	
MYCO002471	106	0	97	
MYCO002472	11	0	20	
MYCO002473	144	0	42	
MYCO002474	250	0	41	
MYCO002475	11	0	19	
MYCO002476	1541	0	203	
MYCO002478	537	0	33	
MYCO002479	7159	0	0	
MYCO002480	874	2	21	
MYCO002481	329	0	24	
MYCO002482	355	0	141	
MYCO002483	89	0	84	
MYCO002484	60	0	102	
MYCO002485	182	0	86	
MYCO002486	346	0	37	
MYCO002487	4206	0	99	
MYCO002488	1454	0	169	
MYCO002489	137	0	20	
MYCO002490	6922	0	42	
MYCO002491	129	0	50	
MYCO002492	162	0	64	
MYCO002493	19	0	11	
MYCO002494	17	0	26	
MYCO002495	291	0	70	
MYCO002496	45	0	50	
MYCO002497	60	0	45	
MYCO002498	92	0	54	
MYCO002499	16	0	31	
MYCO002501	661	0	111	
MYCO002503	48	0	46	
MYCO002504	62	0	48	
MYCO002505	250	0	100	
MYCO002506	79	0	32	
MYCO002507	460	0	55	
MYCO002508	156	0	78	
MYCO002510	239	0	109	
MYCO002512	6972	56	10	
MYCO002513	35	0	32	
MYCO002514	69	0	35	
MYCO002515	46	0	69	
MYCO002516	29	0	36	
MYCO002517	56	0	11	
MYCO002519	946	0	93	
MYCO002520	1	0	17	
MYCO002522	662	0	94	
MYCO002525	385	0	30	
MYCO002526	2072	0	8	
MYCO002527	42	0	23	
MYCO002528	27	0	50	
MYCO002529	650	0	92	
MYCO002530	19	0	33	
MYCO002531	178	0	162	
MYCO002532	49	0	23	
MYCO002535	407	0	44	
MYCO002536	47	0	31	
MYCO002537	18	0	21	
MYCO002539	727	0	24	
MYCO002541	2944	0	19	
MYCO002542	815	0	84	
MYCO002543	2575	2022	68	
MYCO002544	2581	2061	86	
MYCO002545	1623	0	19	
MYCO002546	6	0	26	
MYCO002547	32	0	22	
MYCO002548	53	0	22	
MYCO002549	116	0	23	
MYCO002550	5	0	15	
MYCO002551	482	0	21	
MYCO002552	529	0	46	
MYCO002553	241	0	69	
MYCO002554	183	0	24	
MYCO002556	13	0	22	
MYCO002557	42	0	44	
MYCO002558	63	0	35	
MYCO002560	220	0	62	
MYCO002561	7061	0	7	
MYCO002562	6	0	35	
MYCO002563	162	0	68	
MYCO002564	58	2650	51	
MYCO002565	175	0	98	
MYCO002566	1954	0	152	
MYCO002567	182	0	124	
MYCO002569	83	0	41	
MYCO002570	901	0	29	
MYCO002571	229	0	87	
MYCO002573	183	0	53	
MYCO002574	57	0	43	
MYCO002576	88	0	34	
MYCO002577	73	0	84	
MYCO002578	230	0	58	
MYCO002579	133	0	48	
MYCO002581	7	0	27	
MYCO002584	68	0	41	
MYCO002585	377	0	95	
MYCO002586	914	0	82	
MYCO002588	4	0	23	
MYCO002590	298	0	184	
MYCO002591	3322	0	103	
MYCO002595	55	0	12	
MYCO002596	19	0	33	
MYCO002597	65	0	37	
MYCO002598	67	0	31	
MYCO002599	377	0	30	
MYCO002600	58	0	23	
MYCO002601	584	0	79	
MYCO002602	14	0	26	
MYCO002604	93	0	32	
MYCO002605	143	0	45	
MYCO002607	22	0	33	
MYCO002608	1152	0	79	
MYCO002609	386	0	60	
MYCO002615	6657	0	95	
MYCO002616	96	0	34	
MYCO002617	8	0	25	
MYCO002618	398	0	32	
MYCO002619	9	0	14	
MYCO002620	13	0	20	
MYCO002621	548	0	54	
MYCO002622	116	0	50	
MYCO002623	210	0	46	
MYCO002624	383	0	55	
MYCO002625	68	0	57	
MYCO002626	18	0	26	
MYCO002627	94	0	86	
MYCO002628	117	0	41	
MYCO002629	619	0	58	
MYCO002630	21	0	39	
MYCO002631	129	0	76	
MYCO002632	9	0	15	
MYCO002633	15	0	36	
MYCO002634	3994	0	100	
MYCO002635	15	0	20	
MYCO002636	74	0	57	
MYCO002637	347	2235	42	
MYCO002638	142	0	32	
MYCO002639	56	0	21	
MYCO002640	80	0	21	
MYCO002641	24	0	29	
MYCO002642	39	0	26	
MYCO002643	364	0	110	
MYCO002644	50	0	20	
MYCO002645	1749	0	21	
MYCO002646	1186	0	65	
MYCO002647	823	0	18	
MYCO002648	874	2	21	
MYCO002649	7159	0	0	
MYCO002650	1376	789	161	
MYCO002651	279	1455	48	
MYCO002652	818	0	62	
MYCO002653	696	0	38	
MYCO002654	3694	0	16	
MYCO002655	2055	0	71	
MYCO002656	563	1154	32	
MYCO002657	836	0	21	
MYCO002658	658	0	15	
MYCO002659	711	0	43	
MYCO002660	19	0	18	
MYCO002661	32	0	22	
MYCO002662	14	0	16	
MYCO002663	4	0	18	
MYCO002664	31	0	16	
MYCO002665	440	0	22	
MYCO002666	6997	0	14	
MYCO002667	68	0	30	
MYCO002668	665	0	30	
MYCO002669	43	0	28	
MYCO002671	113	0	37	
MYCO002672	453	0	87	
MYCO002674	12	0	21	
MYCO002675	33	0	66	
MYCO002677	2041	0	59	
MYCO002679	187	0	48	
MYCO002680	746	0	47	
MYCO002681	909	0	63	
MYCO002683	8	0	34	
MYCO002684	47	561	71	
MYCO002685	513	0	61	
MYCO002686	45	0	39	
MYCO002687	69	0	47	
MYCO002688	137	0	60	
MYCO002689	230	0	69	
MYCO002690	156	0	61	
MYCO002691	20	0	39	
MYCO002692	47	0	32	
MYCO002693	24	0	34	
MYCO002694	15	0	35	
MYCO002695	652	0	33	
MYCO002698	11	0	25	
MYCO002700	4413	0	25	
MYCO002701	72	0	64	
MYCO002704	21	0	22	
MYCO002705	17	0	21	
MYCO002706	137	0	19	
MYCO002707	50	0	49	
MYCO002709	639	0	42	
MYCO002712	420	0	80	
MYCO002713	144	0	89	
MYCO002716	30	0	36	
MYCO002717	269	0	23	
MYCO002718	18	0	20	
MYCO002719	618	0	42	
MYCO002721	1513	0	108	
MYCO002722	9	0	21	
MYCO002723	49	0	75	
MYCO002728	116	0	41	
MYCO002729	70	0	56	
MYCO002730	11	0	30	
MYCO002732	113	0	53	
MYCO002734	32	0	44	
MYCO002735	1017	0	52	
MYCO002736	195	0	37	
MYCO002737	32	0	100	
MYCO002738	478	0	12	
MYCO002739	1907	0	36	
MYCO002740	23	0	29	
MYCO002741	4759	0	77	
MYCO002742	299	0	45	
MYCO002743	528	0	46	
MYCO002745	8	0	31	
MYCO002746	269	0	34	
MYCO002747	36	0	22	
MYCO002749	38	0	16	
MYCO002751	46	0	45	
MYCO002752	150	0	146	
MYCO002755	16	0	12	
MYCO002756	77	0	91	
MYCO002757	77	0	29	
MYCO002758	11	0	17	
MYCO002759	57	0	24	
MYCO002760	174	0	21	
MYCO002761	39	0	74	
MYCO002762	431	0	35	
MYCO002763	57	0	22	
MYCO002765	404	0	41	
MYCO002766	83	0	37	
MYCO002767	28	0	30	
MYCO002768	632	0	77	
MYCO002769	1189	0	56	
MYCO002770	262	0	72	
MYCO002771	40	0	25	
MYCO002772	65	0	28	
MYCO002774	1262	0	19	
MYCO002775	157	0	28	
MYCO002776	44	0	49	
MYCO002777	721	0	51	
MYCO002778	24	0	30	
MYCO002779	74	0	40	
MYCO002780	243	0	59	
MYCO002781	1092	0	65	
MYCO002784	18	0	26	
MYCO002786	13	0	51	
MYCO002787	410	0	125	
MYCO002789	83	0	63	
MYCO002790	532	0	64	
MYCO002791	150	3555	65	
MYCO002792	149	0	40	
MYCO002793	708	0	39	
MYCO002796	63	0	44	
MYCO002797	371	0	75	
MYCO002798	9	0	20	
MYCO002799	158	0	52	
MYCO002800	1316	0	94	
MYCO002801	99	0	17	
MYCO002802	1368	0	72	
MYCO002803	75	0	23	
MYCO002804	164	0	40	
MYCO002805	105	0	28	
MYCO002806	48	0	10	
MYCO002807	1862	0	58	
MYCO002808	403	0	11	
MYCO002809	105	0	16	
MYCO002810	7159	0	0	
MYCO002811	1260	0	37	
MYCO002812	869	0	93	
MYCO002813	627	0	44	
MYCO002814	7159	0	0	
MYCO002815	874	2	21	
MYCO002816	1697	0	17	
MYCO002817	1814	0	50	
MYCO002818	2018	0	39	
MYCO002819	1812	0	54	
MYCO002820	1678	0	49	
MYCO002821	83	0	35	
MYCO002822	32	0	22	
MYCO002823	136	0	127	
MYCO002824	53	0	54	
MYCO002825	5525	0	38	
MYCO002826	75	0	44	
MYCO002827	39	0	34	
MYCO002829	183	0	25	
MYCO002830	9	0	19	
MYCO002831	301	0	40	
MYCO002832	219	0	78	
MYCO002833	415	0	82	
MYCO002834	55	0	48	
MYCO002835	35	0	57	
MYCO002836	429	0	77	
MYCO002837	185	0	44	
MYCO002840	10	0	21	
MYCO002842	7	0	31	
MYCO002843	291	0	22	
MYCO002844	33	0	27	
MYCO002845	298	0	74	
MYCO002848	1798	0	53	
MYCO002849	66	0	44	
MYCO002850	2182	0	117	
MYCO002851	31	0	23	
MYCO002852	178	0	84	
MYCO002853	3079	0	119	
MYCO002854	59	0	61	
MYCO002855	318	0	68	
MYCO002856	54	0	44	
MYCO002857	21	0	33	
MYCO002858	699	0	86	
MYCO002859	2187	0	63	
MYCO002860	57	0	67	
MYCO002862	28	0	32	
MYCO002863	15	0	15	
MYCO002865	15	0	14	
MYCO002866	12	0	15	
MYCO002867	826	0	49	
MYCO002869	44	0	62	
MYCO002871	1236	0	14	
MYCO002872	115	0	31	
MYCO002873	15	0	30	
MYCO002874	381	0	120	
MYCO002875	200	0	28	
MYCO002876	5	0	32	
MYCO002877	209	0	62	
MYCO002878	24	0	24	
MYCO002879	7159	0	0	
MYCO002880	6623	0	9	
MYCO002881	18	0	42	
MYCO002884	174	0	39	
MYCO002885	306	1231	87	
MYCO002886	183	0	47	
MYCO002887	41	0	20	
MYCO002888	599	0	71	
MYCO002891	1218	0	43	
MYCO002892	378	0	73	
MYCO002893	96	0	72	
MYCO002895	294	0	48	
MYCO002896	548	0	69	
MYCO002897	442	0	99	
MYCO002898	30	0	32	
MYCO002899	17	0	42	
MYCO002900	77	0	104	
MYCO002903	95	0	46	
MYCO002905	55	0	66	
MYCO002906	28	0	27	
MYCO002907	143	0	30	
MYCO002908	62	0	10	
MYCO002910	13	0	31	
MYCO002911	169	0	48	
MYCO002912	39	0	25	
MYCO002913	155	0	107	
MYCO002914	457	0	84	
MYCO002920	173	0	93	
MYCO002922	1280	0	140	
MYCO002923	72	0	27	
MYCO002924	109	0	40	
MYCO002925	34	0	35	
MYCO002926	13	0	39	
MYCO002928	32	0	34	
MYCO002929	30	0	21	
MYCO002930	68	0	78	
MYCO002931	6440	0	119	
MYCO002932	1987	0	216	
MYCO002933	1834	0	220	
MYCO002934	2045	0	212	
MYCO002935	974	0	190	
MYCO002936	49	0	48	
MYCO002937	22	0	34	
MYCO002938	19	0	35	
MYCO002939	32	3363	60	
MYCO002940	377	0	263	
MYCO002941	47	0	100	
MYCO002942	177	0	161	
MYCO002943	273	0	84	
MYCO002944	36	0	56	
MYCO002945	3	0	35	
MYCO002946	1333	0	241	
MYCO002947	3612	0	34	
MYCO002948	140	0	122	
MYCO002949	148	0	47	
MYCO002950	271	0	99	
MYCO002951	194	0	58	
MYCO002952	25	0	39	
MYCO002953	78	0	64	
MYCO002954	58	0	44	
MYCO002955	266	0	66	
MYCO002956	45	0	58	
MYCO002957	86	0	50	
MYCO002958	310	0	83	
MYCO002959	904	0	50	
MYCO002960	30	0	20	
MYCO002961	28	0	15	
MYCO002962	784	0	62	
MYCO002963	902	0	56	
MYCO002964	88	0	50	
MYCO002966	263	0	23	
MYCO002968	33	0	23	
MYCO002969	67	0	35	
MYCO002970	109	0	52	
MYCO002971	143	0	45	
MYCO002972	31	0	43	
MYCO002973	284	0	78	
MYCO002974	856	0	87	
MYCO002975	3461	0	10	
MYCO002977	441	0	36	
MYCO002978	149	3086	65	
MYCO002979	39	0	35	
MYCO002980	602	0	33	
MYCO002983	820	0	36	
MYCO002985	95	0	66	
MYCO002986	93	0	32	
MYCO002987	32	0	20	
MYCO002989	682	0	40	
MYCO002990	41	0	46	
MYCO002991	53	0	25	
MYCO002994	778	0	63	
MYCO002997	670	0	64	
MYCO002998	15	0	21	
MYCO002999	46	0	64	
MYCO003000	55	0	32	
MYCO003002	6	0	22	
MYCO003004	42	0	21	
MYCO003005	56	0	28	
MYCO003007	671	0	30	
MYCO003008	74	0	43	
MYCO003012	16	0	13	
MYCO003013	612	0	33	
MYCO003015	412	0	63	
MYCO003016	44	0	33	
MYCO003017	743	0	24	
MYCO003018	5445	0	39	
MYCO003019	1	126	36	
MYCO003020	31	24	23	
MYCO003021	7127	0	10	
MYCO003022	7159	0	0	
MYCO003023	6972	56	9	
MYCO003026	113	0	58	
MYCO003030	177	0	42	
MYCO003033	23	0	36	
MYCO003035	343	0	48	
MYCO003036	25	0	41	
MYCO003037	434	0	66	
MYCO003039	184	0	37	
MYCO003040	352	0	54	
MYCO003041	24	0	38	
MYCO003044	484	0	76	
MYCO003046	26	0	21	
MYCO003047	206	0	25	
MYCO003050	34	0	47	
MYCO003055	49	2228	36	
MYCO003056	61	0	73	
MYCO003058	12	0	31	
MYCO003059	87	0	64	
MYCO003060	1204	0	98	
MYCO003061	703	0	116	
MYCO003062	1932	0	85	
MYCO003063	264	0	163	
MYCO003064	133	0	30	
MYCO003065	189	0	24	
MYCO003066	325	0	35	
MYCO003067	35	0	30	
MYCO003068	101	0	91	
MYCO003069	8	0	21	
MYCO003070	10	0	15	
MYCO003071	194	0	67	
MYCO003072	40	0	40	
MYCO003073	25	0	27	
MYCO003074	2141	2557	72	
MYCO003075	40	0	38	
MYCO003076	20	0	23	
MYCO003077	466	0	123	
MYCO003078	47	0	25	
MYCO003079	660	0	32	
MYCO003080	806	0	187	
MYCO003081	247	0	59	
MYCO003082	45	0	54	
MYCO003083	432	0	107	
MYCO003084	875	0	51	
MYCO003086	216	0	46	
MYCO003087	422	0	99	
MYCO003088	252	0	87	
MYCO003089	287	0	77	
MYCO003090	244	1741	65	
MYCO003091	329	0	86	
MYCO003092	735	0	57	
MYCO003093	1733	0	43	
MYCO003094	753	0	66	
MYCO003095	8	0	29	
MYCO003096	63	0	72	
MYCO003097	135	0	84	
MYCO003098	37	0	31	
MYCO003099	129	0	52	
MYCO003103	41	0	29	
MYCO003104	40	0	50	
MYCO003106	95	0	77	
MYCO003107	125	0	87	
MYCO003108	39	0	32	
MYCO003109	124	0	85	
MYCO003110	28	0	15	
MYCO003111	43	0	47	
MYCO003112	48	0	18	
MYCO003113	1542	0	41	
MYCO003114	117	0	31	
MYCO003115	6972	56	9	
MYCO003116	200	0	71	
MYCO003119	56	0	30	
MYCO003120	71	0	36	
MYCO003121	182	0	75	
MYCO003122	77	0	25	
MYCO003123	43	0	32	
MYCO003124	133	0	53	
MYCO003125	1028	0	56	
MYCO003126	40	0	19	
MYCO003127	53	0	67	
MYCO003128	7159	0	0	
MYCO003129	667	0	13	
MYCO003130	83	0	83	
MYCO003131	90	0	45	
MYCO003132	181	0	89	
MYCO003133	11	0	18	
MYCO003134	56	0	51	
MYCO003135	4415	0	11	
MYCO003136	135	0	61	
MYCO003137	43	0	41	
MYCO003138	86	0	79	
MYCO003141	307	0	46	
MYCO003142	965	0	29	
MYCO003143	11	0	18	
MYCO003144	1173	0	64	
MYCO003145	29	0	16	
MYCO003146	7	0	27	
MYCO003147	54	0	16	
MYCO003148	41	0	56	
MYCO003149	65	0	36	
MYCO003150	652	0	49	
MYCO003151	1432	0	107	
MYCO003152	13	0	53	
MYCO003153	130	0	33	
MYCO003154	22	0	46	
MYCO003155	8	0	19	
MYCO003156	99	0	85	
MYCO003157	169	0	94	
MYCO003158	31	0	83	
MYCO003159	3637	0	98	
MYCO003160	24	0	26	
MYCO003161	543	0	90	
MYCO003162	90	0	18	
MYCO003163	34	0	57	
MYCO003164	33	0	31	
MYCO003165	142	0	22	
MYCO003166	749	0	53	
MYCO003167	65	0	42	
MYCO003168	264	0	84	
MYCO003169	906	0	65	
MYCO003170	741	0	66	
MYCO003171	55	0	72	
MYCO003172	14	0	31	
MYCO003173	18	0	40	
MYCO003174	26	0	62	
MYCO003175	1939	0	73	
MYCO003176	164	0	61	
MYCO003177	53	0	42	
MYCO003178	66	0	22	
MYCO003179	562	0	71	
MYCO003180	43	0	30	
MYCO003181	192	0	23	
MYCO003182	39	0	16	
MYCO003183	295	0	17	
MYCO003184	874	2	21	
MYCO003185	7159	0	0	
MYCO003186	874	2	21	
MYCO003187	7159	0	0	
MYCO003188	37	0	18	
MYCO003189	74	0	35	
MYCO003190	244	0	69	
MYCO003191	77	0	63	
MYCO003192	88	0	35	
MYCO003196	112	0	59	
MYCO003199	602	0	58	
MYCO003200	42	0	64	
MYCO003201	1224	0	138	
MYCO003202	962	0	178	
MYCO003203	49	0	47	
MYCO003204	3	0	22	
MYCO003209	18	0	38	
MYCO003210	20	0	32	
MYCO003212	827	0	70	
MYCO003215	47	0	67	
MYCO003216	7159	0	0	
MYCO003217	448	0	22	
MYCO003218	43	0	55	
MYCO003222	90	0	24	
MYCO003224	364	0	50	
MYCO003225	127	0	73	
MYCO003226	60	0	42	
MYCO003227	379	0	74	
MYCO003230	171	0	64	
MYCO003231	78	0	23	
MYCO003232	19	0	43	
MYCO003233	8	0	41	
MYCO003234	3532	0	30	
MYCO003235	537	0	42	
MYCO003236	412	0	68	
MYCO003237	17	0	34	
MYCO003238	29	0	42	
MYCO003239	3603	0	117	
MYCO003242	127	0	40	
MYCO003243	106	0	43	
MYCO003244	530	0	76	
MYCO003247	80	0	31	
MYCO003249	271	0	32	
MYCO003250	5	0	11	
MYCO003251	11	0	12	
MYCO003253	85	0	72	
MYCO003254	149	0	72	
MYCO003256	914	0	62	
MYCO003259	38	0	11	
MYCO003260	2	0	15	
MYCO003263	257	0	81	
MYCO003266	210	0	48	
MYCO003268	184	0	45	
MYCO003269	19	0	14	
MYCO003270	448	0	109	
MYCO003271	43	0	41	
MYCO003272	141	0	73	
MYCO003273	29	0	116	
MYCO003278	20	0	25	
MYCO003279	24	0	43	
MYCO003281	6873	0	10	
MYCO003282	32	0	50	
MYCO003283	36	0	57	
MYCO003284	68	0	23	
MYCO003286	724	0	50	
MYCO003287	19	0	17	
MYCO003288	7	0	22	
MYCO003289	57	0	28	
MYCO003291	41	0	16	
MYCO003292	324	0	74	
MYCO003293	879	0	81	
MYCO003294	29	0	46	
MYCO003295	36	0	31	
MYCO003297	139	0	50	
MYCO003298	400	0	37	
MYCO003299	1091	0	183	
MYCO003300	92	0	55	
MYCO003301	33	0	46	
MYCO003307	225	0	49	
MYCO003308	848	0	90	
MYCO003309	33	0	30	
MYCO003310	43	0	54	
MYCO003311	61	0	65	
MYCO003312	48	0	45	
MYCO003314	167	0	57	
MYCO003315	22	0	26	
MYCO003316	7	0	14	
MYCO003320	62	0	26	
MYCO003321	4	0	8	
MYCO003322	30	0	38	
MYCO003323	382	0	44	
MYCO003324	365	0	28	
MYCO003325	874	2	21	
MYCO003326	7159	0	0	
MYCO003327	7073	0	8	
MYCO003331	616	0	79	
MYCO003332	584	0	79	
MYCO003333	1717	0	47	
MYCO003334	15	0	30	
MYCO003335	139	0	41	
MYCO003337	813	0	24	
MYCO003338	73	0	46	
MYCO003339	96	0	62	
MYCO003342	503	0	24	
MYCO003343	7141	0	17	
MYCO003344	7159	0	0	
MYCO003345	7125	0	12	
MYCO003346	2212	1	22	
MYCO003347	5526	0	273	
MYCO003348	179	7	37	
MYCO003349	3715	0	33	
MYCO003350	5909	0	283	
MYCO003351	928	0	44	
MYCO003352	897	0	16	
MYCO003353	868	0	13	
MYCO003354	869	0	20	
MYCO003355	885	1	21	
MYCO003357	17	0	16	
MYCO003358	10	0	13	
MYCO003359	431	0	46	
MYCO003360	1036	0	18	
MYCO003361	92	0	39	
MYCO003362	83	0	46	
MYCO003363	403	0	23	
MYCO003364	96	0	21	
MYCO003365	6460	0	35	
MYCO003366	71	0	30	
MYCO003367	3272	0	101	
MYCO003368	172	0	37	
MYCO003369	232	0	21	
MYCO003370	1501	0	150	
MYCO003371	663	0	90	
MYCO003372	425	0	64	
MYCO003373	854	0	30	
MYCO003374	11	0	14	
MYCO003375	293	0	85	
MYCO003376	31	0	35	
MYCO003377	508	0	89	
MYCO003378	181	0	77	
MYCO003379	114	0	105	
MYCO003380	7159	0	0	
MYCO003381	874	2	21	
MYCO003382	267	0	44	
MYCO003383	1557	0	78	
MYCO003384	81	0	25	
MYCO003385	156	0	13	
MYCO003386	340	0	48	
MYCO003387	26	0	42	
MYCO003388	5332	0	75	
MYCO003389	561	0	71	
MYCO003390	37	0	56	
MYCO003391	437	0	122	
MYCO003393	135	0	42	
MYCO003394	2053	0	68	
MYCO003395	177	0	42	
MYCO003397	29	0	40	
MYCO003398	165	0	70	
MYCO003399	55	0	51	
MYCO003400	219	0	35	
MYCO003401	778	0	127	
MYCO003402	209	0	62	
MYCO003403	101	0	111	
MYCO003404	54	0	47	
MYCO003405	10	0	32	
MYCO003406	226	0	56	
MYCO003407	23	0	10	
MYCO003408	7	0	18	
MYCO003413	604	0	40	
MYCO003414	36	0	42	
MYCO003415	577	0	54	
MYCO003416	68	0	14	
MYCO003420	148	0	29	
MYCO003421	1725	0	51	
MYCO003423	77	0	90	
MYCO003424	469	5	31	
MYCO003425	314	1919	60	
MYCO003426	7004	0	4	
MYCO003427	1998	0	36	
MYCO003428	6776	0	8	
MYCO003429	314	1579	58	
MYCO003430	485	0	103	
MYCO003431	91	0	50	
MYCO003434	323	0	60	
MYCO003435	28	0	72	
MYCO003437	282	0	35	
MYCO003438	90	0	53	
MYCO003439	1245	0	76	
MYCO003440	79	0	27	
MYCO003444	23	0	21	
MYCO003445	43	0	22	
MYCO003446	1300	0	84	
MYCO003447	614	0	208	
MYCO003448	341	0	84	
MYCO003449	267	0	92	
MYCO003450	1044	0	95	
MYCO003451	114	0	60	
MYCO003452	822	0	45	
MYCO003453	4417	0	5	
MYCO003454	126	0	84	
MYCO003463	199	0	48	
MYCO003465	11	0	28	
MYCO003466	6894	71	61	
MYCO003467	6939	96	32	
MYCO003468	110	0	72	
MYCO003469	38	0	67	
MYCO003470	346	0	104	
MYCO003471	51	0	27	
MYCO003472	42	0	39	
MYCO003473	48	0	56	
MYCO003474	874	2	21	
MYCO003475	7159	0	0	
MYCO003476	80	0	79	
MYCO003477	166	0	18	
MYCO003478	3539	394	447	
MYCO003479	365	0	188	
MYCO003480	364	0	90	
MYCO003481	96	0	32	
MYCO003482	55	0	43	
MYCO003483	1583	0	42	
MYCO003484	175	0	75	
MYCO003485	933	0	58	
MYCO003486	446	0	25	
MYCO003487	1518	0	50	
MYCO003488	209	0	16	
MYCO003489	5	0	8	
MYCO003491	22	0	40	
MYCO003492	3	0	28	
MYCO003493	545	0	35	
MYCO003494	1500	0	76	
MYCO003495	57	0	53	
MYCO003496	465	0	57	
MYCO003497	23	0	58	
MYCO003498	156	0	55	
MYCO003499	21	0	55	
MYCO003502	53	0	39	
MYCO003503	0	0	10	
MYCO003505	217	0	60	
MYCO003506	149	0	107	
MYCO003507	6711	0	106	
MYCO003508	7154	0	3	
MYCO003509	710	0	94	
MYCO003510	247	0	48	
MYCO003511	7144	0	6	
MYCO003512	7159	0	0	
MYCO003513	6810	0	17	
MYCO003514	7157	0	1	
MYCO003515	6414	0	33	
MYCO003516	1045	0	38	
MYCO003517	1552	0	48	
MYCO003518	214	0	56	
MYCO003519	37	0	39	
MYCO003521	55	0	52	
MYCO003522	19	0	68	
MYCO003523	648	0	49	
MYCO003524	92	0	74	
MYCO003525	412	0	28	
MYCO003526	18	0	47	
MYCO003527	11	0	32	
MYCO003528	105	0	66	
MYCO003529	816	0	77	
MYCO003530	45	2606	52	
MYCO003531	152	0	74	
MYCO003532	576	0	82	
MYCO003533	2175	0	106	
MYCO003534	102	0	49	
MYCO003535	1778	0	40	
MYCO003536	28	0	44	
MYCO003537	46	0	71	
MYCO003538	15	0	44	
MYCO003539	901	0	87	
MYCO003540	597	0	56	
MYCO003541	3	0	24	
MYCO003542	171	0	45	
MYCO003543	156	0	53	
MYCO003544	74	0	55	
MYCO003545	41	0	89	
MYCO003546	159	0	53	
MYCO003547	82	0	38	
MYCO003548	38	0	35	
MYCO003549	233	0	44	
MYCO003550	101	0	40	
MYCO003551	99	0	43	
MYCO003552	16	0	31	
MYCO003553	730	0	46	
MYCO003554	134	0	132	
MYCO003555	1044	0	45	
MYCO003556	205	0	49	
MYCO003557	2	0	36	
MYCO003558	1673	0	89	
MYCO003559	434	0	49	
MYCO003560	224	0	63	
MYCO003561	1104	0	77	
MYCO003562	118	0	67	
MYCO003563	280	0	51	
MYCO003564	983	0	36	
MYCO003565	146	0	78	
MYCO003566	223	0	54	
MYCO003567	72	0	27	
MYCO003568	793	0	41	
MYCO003569	611	0	41	
MYCO003572	55	0	30	
MYCO003573	713	0	104	
MYCO003574	108	0	29	
MYCO003575	196	0	50	
MYCO003576	115	0	50	
MYCO003577	118	0	39	
MYCO003578	560	0	87	
MYCO003581	20	0	25	
MYCO003582	49	0	43	
MYCO003584	22	0	27	
MYCO003585	80	0	82	
MYCO003586	29	0	61	
MYCO003587	344	0	50	
MYCO003588	92	0	19	
MYCO003590	4931	0	69	
MYCO003591	52	0	61	
MYCO003593	6	0	88	
MYCO003594	123	0	56	
MYCO003595	3191	0	78	
MYCO003597	468	0	16	
MYCO003599	309	0	7	
MYCO003602	1091	0	57	
MYCO003603	381	0	54	
MYCO003604	1506	0	79	
MYCO003605	489	0	26	
MYCO003606	26	0	31	
MYCO003607	271	0	20	
MYCO003608	85	0	45	
MYCO003611	7091	0	7	
MYCO003612	75	0	23	
MYCO003613	5	0	8	
MYCO003614	9	0	51	
MYCO003615	11	0	17	
MYCO003616	110	0	82	
MYCO003617	177	0	53	
MYCO003618	166	0	60	
MYCO003619	634	3350	145	
MYCO003620	4021	798	123	
MYCO003621	1023	0	63	
MYCO003622	192	0	18	
MYCO003623	402	0	44	
MYCO003625	431	0	55	
MYCO003626	571	0	58	
MYCO003627	93	0	87	
MYCO003629	75	0	66	
MYCO003630	33	1725	67	
MYCO003631	18	0	34	
MYCO003632	6	0	12	
MYCO003633	107	0	62	
MYCO003634	205	0	42	
MYCO003635	247	0	105	
MYCO003636	19	0	24	
MYCO003637	120	0	38	
MYCO003638	28	0	50	
MYCO003639	638	0	46	
MYCO003640	275	0	71	
MYCO003641	29	0	34	
MYCO003642	11	0	15	
MYCO003643	8	0	13	
MYCO003645	1471	0	79	
MYCO003649	1048	0	146	
MYCO003650	152	0	19	
MYCO003651	679	0	58	
MYCO003652	1627	0	22	
MYCO003653	4197	0	40	
MYCO003654	865	0	28	
MYCO003655	7152	0	2	
MYCO003656	37	0	16	
MYCO003657	2159	1714	34	
MYCO003658	784	0	52	
MYCO003659	1421	0	64	
MYCO003660	315	0	74	
MYCO003661	102	0	35	
MYCO003662	1942	0	52	
MYCO003663	716	0	97	
MYCO003664	26	0	59	
MYCO003665	20	0	63	
MYCO003666	186	1912	79	
MYCO003667	525	0	116	
MYCO003669	13	0	31	
MYCO003671	33	0	71	
MYCO003672	113	0	45	
MYCO003673	255	0	43	
MYCO003675	3	0	25	
MYCO003678	20	0	27	
MYCO003681	34	0	31	
MYCO003685	191	0	90	
MYCO003686	129	0	18	
MYCO003687	28	0	29	
MYCO003688	42	0	36	
MYCO003689	362	0	111	
MYCO003690	663	0	31	
MYCO003691	141	0	68	
MYCO003692	116	0	57	
MYCO003693	2440	0	69	
MYCO003694	20	0	67	
MYCO003697	55	0	29	
MYCO003698	300	0	103	
MYCO003699	68	0	44	
MYCO003700	1083	0	64	
MYCO003701	236	0	56	
MYCO003702	57	0	52	
MYCO003703	119	0	91	
MYCO003704	118	0	74	
MYCO003706	335	0	20	
MYCO003714	110	0	64	
MYCO003716	503	0	26	
MYCO003723	40	0	45	
MYCO003725	3465	0	28	
MYCO003726	547	0	69	
MYCO003727	444	0	124	
MYCO003728	4539	0	120	
MYCO003729	673	0	154	
MYCO003730	21	0	63	
MYCO003731	23	0	69	
MYCO003732	198	0	70	
MYCO003733	22	0	33	
MYCO003734	124	0	87	
MYCO003735	28	0	44	
MYCO003736	138	0	81	
MYCO003737	1316	0	89	
MYCO003738	2437	0	51	
MYCO003739	1713	0	17	
MYCO003740	214	0	83	
MYCO003741	46	0	52	
MYCO003742	21	0	31	
MYCO003743	294	0	139	
MYCO003744	10	0	29	
MYCO003745	25	2232	14	
MYCO003746	22	0	27	
MYCO003747	46	0	17	
MYCO003748	36	0	23	
MYCO003749	50	0	32	
MYCO003750	32	0	22	
MYCO003751	29	0	16	
MYCO003752	556	0	20	
MYCO003753	834	0	21	
MYCO003754	418	0	51	
MYCO003755	25	0	35	
MYCO003756	35	0	51	
MYCO003757	273	0	55	
MYCO003758	78	0	59	
MYCO003759	50	0	82	
MYCO003760	50	0	13	
MYCO003761	292	0	52	
MYCO003762	44	0	126	
MYCO003763	56	0	35	
MYCO003764	76	0	74	
MYCO003766	209	0	47	
MYCO003767	192	0	60	
MYCO003768	181	0	21	
MYCO003769	170	0	26	
MYCO003770	198	0	38	
MYCO003771	72	0	32	
MYCO003772	107	0	61	
MYCO003773	182	0	38	
MYCO003776	1321	0	104	
MYCO003779	815	0	130	
MYCO003784	429	0	73	
MYCO003785	3097	0	52	
MYCO003786	572	0	71	
MYCO003787	160	0	70	
MYCO003788	22	0	27	
MYCO003789	8	0	23	
MYCO003792	370	0	134	
MYCO003796	53	0	77	
MYCO003797	363	0	121	
MYCO003798	3830	75	44	
MYCO003800	1520	0	252	
MYCO003803	112	0	63	
MYCO003805	64	0	104	
MYCO003807	282	0	26	
MYCO003810	1971	0	44	
MYCO003811	315	0	92	
MYCO003812	2722	0	76	
MYCO003813	185	0	45	
MYCO003814	77	0	37	
MYCO003815	221	0	51	
MYCO003817	577	0	52	
MYCO003818	102	0	81	
MYCO003819	57	0	26	
MYCO003820	322	0	99	
MYCO003821	32	0	52	
MYCO003822	128	0	100	
MYCO003823	95	0	217	
MYCO003824	139	0	127	
MYCO003825	407	0	385	
MYCO003826	137	0	129	
MYCO003827	303	0	116	
MYCO003828	6	2730	27	
MYCO003829	1499	0	118	
MYCO003830	1665	0	52	
MYCO003831	33	0	46	
MYCO003832	211	0	45	
MYCO003833	884	0	60	
MYCO003836	814	0	34	
MYCO003837	68	0	56	
MYCO003838	224	0	69	
MYCO003839	16	0	62	
MYCO003840	114	0	46	
MYCO003841	20	0	42	
MYCO003843	626	0	67	
MYCO003844	179	7	37	
MYCO003845	5264	0	14	
MYCO003846	16	0	35	
MYCO003848	172	0	87	
MYCO003850	117	0	49	
MYCO003851	101	0	19	
MYCO003852	90	0	28	
MYCO003853	9	0	25	
MYCO003854	332	0	187	
MYCO003855	13	0	49	
MYCO003856	148	0	82	
MYCO003857	16	0	11	
MYCO003860	819	0	113	
MYCO003861	213	0	38	
MYCO003862	113	0	95	
MYCO003863	331	0	80	
MYCO003864	214	0	106	
MYCO003865	91	0	24	
MYCO003866	226	0	57	
MYCO003867	164	0	42	
MYCO003868	329	0	102	
MYCO003869	923	0	117	
MYCO003870	85	0	176	
MYCO003871	532	0	140	
MYCO003872	340	0	22	
MYCO003873	362	0	75	
MYCO003874	70	0	19	
MYCO003875	16	0	25	
MYCO003876	3199	0	116	
MYCO003877	86	0	146	
MYCO003878	872	0	64	
MYCO003879	3106	0	189	
MYCO003880	11	0	27	
MYCO003881	779	0	148	
MYCO003882	889	0	144	
MYCO003883	84	0	121	
MYCO003884	390	0	132	
MYCO003885	263	0	155	
MYCO003886	2427	0	103	
MYCO003887	736	0	123	
MYCO003888	194	0	116	
MYCO003889	488	0	94	
MYCO003890	148	0	25	
MYCO003891	35	0	38	
MYCO003892	1625	0	108	
MYCO003893	136	0	26	
MYCO003894	2026	0	293	
MYCO003895	1920	0	105	
MYCO003896	403	0	88	
MYCO003897	7097	0	3	
MYCO003898	3479	0	14	
MYCO003899	2005	0	97	
MYCO003900	1120	0	128	
MYCO003901	125	0	44	
MYCO003902	36	0	55	
MYCO003903	2246	0	187	
MYCO003904	19	0	35	
MYCO003905	49	0	34	
MYCO003906	83	0	53	
MYCO003909	371	0	192	
MYCO003910	494	0	352	
MYCO003911	7146	0	5	
MYCO003912	349	0	99	
MYCO003914	10	0	32	
MYCO003916	6	0	80	
MYCO003919	396	0	265	
MYCO003922	6	0	42	
MYCO003923	14	0	46	
MYCO010064	19	0	15	
MYCO010078	17	0	48	
MYCO010157	4	0	10	
MYCO010186	67	0	9	
MYCO010192	1610	0	21	
MYCO010236	55	0	7	
MYCO010277	7159	0	0	
MYCO010397	8	3513	17	
MYCO010456	17	0	22	
MYCO010470	999	0	20	
MYCO010492	64	0	14	
MYCO010500	332	0	7	
MYCO010530	16	0	10	
MYCO010590	46	0	10	
MYCO010609	33	0	18	
MYCO010616	3	0	21	
MYCO010634	14	0	16	
MYCO010691	3	0	12	
MYCO010724	7159	0	0	
MYCO010749	14	0	10	
MYCO010755	127	0	10	
MYCO010787	59	0	9	
MYCO010959	10	0	10	
MYCO011028	4	0	8	
MYCO011087	54	0	11	
MYCO011089	10	0	11	
MYCO011116	32	0	14	
MYCO011135	6	0	24	
MYCO011159	12	0	15	
MYCO011290	64	0	18	
MYCO011322	18	0	35	
MYCO011366	27	0	14	
MYCO011473	56	0	16	
MYCO011489	193	0	11	
MYCO011498	107	0	15	
MYCO011507	121	0	44	
MYCO011508	57	0	16	
MYCO011638	457	0	16	
MYCO011706	10	0	11	
MYCO011765	64	0	19	
MYCO011888	3	0	17	
MYCO011954	28	0	13	
MYCO011962	1	4202	19	
MYCO011982	17	0	11	
MYCO011990	80	0	23	
MYCO011991	1	0	9	
MYCO012023	72	0	62	
MYCO012063	190	0	21	
MYCO012077	224	0	19	
MYCO012142	3	0	13	
MYCO012160	3844	0	15	
MYCO012219	10	0	26	
MYCO012231	57	0	32	
MYCO012237	47	0	14	
MYCO012250	7154	0	1	
MYCO012274	270	0	17	
MYCO012306	56	0	40	
MYCO012307	15	0	6	
MYCO012309	8	0	23	
MYCO012331	7	0	14	
MYCO012395	28	0	14	
MYCO012401	36	0	10	
MYCO012427	7159	0	0	
MYCO012438	12	0	22	
MYCO012468	4	0	13	
MYCO012530	5	0	16	
MYCO012548	17	0	17	
MYCO012601	6	0	13	
MYCO012614	817	0	18	
MYCO012737	19	0	12	
MYCO012801	7	0	11	
MYCO012828	1288	0	17	
MYCO012862	7159	0	0	
MYCO012922	26	0	17	
MYCO012943	31	0	40	
MYCO012970	30	0	6	
MYCO012998	10	0	18	
MYCO013018	2657	5	11	
MYCO013022	1131	0	22	
MYCO013032	37	0	22	
MYCO013098	27	0	21	
MYCO013136	10	0	32	
MYCO013190	277	0	12	
MYCO013196	6	0	8	
MYCO013197	81	0	15	
MYCO013198	11	0	16	
MYCO013208	12	0	20	
MYCO013221	5	0	16	
MYCO013224	28	0	20	
MYCO013312	89	0	24	
MYCO013324	7159	0	0	
MYCO013395	265	0	30	
MYCO013566	7	0	20	
MYCO013697	76	0	15	
MYCO013705	58	0	29	
MYCO013724	798	0	12	
MYCO013770	10	0	13	
MYCO020078	4	0	23	
MYCO020456	7159	0	0	
MYCO020500	1	0	6	
MYCO022231	5121	0	23	
MYCO022306	107	0	25	
MYCO022307	81	0	34	
MYCO022395	67	0	18	
MYCO023224	47	0	12	
MYCO023724	837	0	32	
MYCO023770	14	0	15	
MYCO032307	0	0	12	
