GbGDiv simplified results table from 'accumulate-8.txt' records table.
Isolate records read from table: 2048

Locus	Missing	Paralogous	CountNuc
id	0	0	2048	
isolate	0	0	2048	
rMLST_database_accession	0	0	2048	
BACT000001	6	0	48	
BACT000002	54	0	20	
BACT000003	180	0	25	
BACT000004	16	0	15	
BACT000005	34	0	17	
BACT000006	0	0	12	
BACT000007	5	0	12	
BACT000008	11	0	10	
BACT000009	5	0	21	
BACT000010	1	0	5	
BACT000011	12	0	10	
BACT000012	1	0	13	
BACT000013	3	0	11	
BACT000014	1	1866	2	
BACT000015	1	0	9	
BACT000016	20	0	19	
BACT000017	9	0	15	
BACT000018	0	1560	3	
BACT000019	0	0	8	
BACT000020	2	0	10	
BACT000021	2048	0	0	
BACT000030	17	557	19	
BACT000031	2	0	14	
BACT000032	4	0	13	
BACT000033	50	0	19	
BACT000034	5	0	18	
BACT000035	3	0	17	
BACT000036	125	0	14	
BACT000038	10	0	13	
BACT000039	7	0	16	
BACT000040	241	0	11	
BACT000042	3	0	16	
BACT000043	0	0	16	
BACT000044	11	0	10	
BACT000045	6	0	12	
BACT000046	2	0	23	
BACT000047	24	0	8	
BACT000048	0	0	14	
BACT000049	1	0	13	
BACT000050	7	0	11	
BACT000051	51	0	14	
BACT000052	1	0	7	
BACT000053	2	0	6	
BACT000056	2	0	8	
BACT000057	1	1986	3	
BACT000058	0	0	9	
BACT000059	0	0	4	
BACT000060	2	0	4	
BACT000061	4	0	11	
BACT000062	1	1722	7	
BACT000063	1	0	6	
BACT000064	0	0	8	
BACT000065	2	0	1	
MYCO000001	15	0	77	
MYCO000005	14	0	92	
MYCO000006	17	0	129	
MYCO000009	4	0	15	
MYCO000011	5	0	12	
MYCO000013	2	0	35	
MYCO000015	441	0	43	
MYCO000016	27	0	48	
MYCO000017	25	0	42	
MYCO000019	3	0	24	
MYCO000038	137	0	17	
MYCO000046	4	0	44	
MYCO000047	8	0	25	
MYCO000049	14	0	19	
MYCO000050	230	0	97	
MYCO000051	174	0	66	
MYCO000054	77	0	17	
MYCO000066	12	0	75	
MYCO000068	54	0	48	
MYCO000129	19	0	23	
MYCO000183	96	0	25	
MYCO000184	98	0	19	
MYCO000189	259	0	39	
MYCO000198	17	0	75	
MYCO000204	57	0	30	
MYCO000207	8	0	24	
MYCO000211	22	0	66	
MYCO000223	197	0	43	
MYCO000225	13	0	26	
MYCO000227	217	0	40	
MYCO000228	35	0	35	
MYCO000236	463	0	91	
MYCO000237	52	0	47	
MYCO000238	5	0	23	
MYCO000241	11	0	37	
MYCO000242	357	0	38	
MYCO000243	162	0	38	
MYCO000244	38	1013	47	
MYCO000247	5	0	19	
MYCO000248	9	0	39	
MYCO000270	20	0	64	
MYCO000274	135	0	25	
MYCO000321	4	0	12	
MYCO000322	17	0	32	
MYCO000334	4	0	19	
MYCO000337	17	0	29	
MYCO000350	26	0	32	
MYCO000352	210	0	28	
MYCO000357	8	0	29	
MYCO000360	79	0	18	
MYCO000383	380	0	19	
MYCO000384	265	0	57	
MYCO000407	80	0	26	
MYCO000410	61	0	61	
MYCO000411	41	0	24	
MYCO000414	431	0	19	
MYCO000415	442	0	28	
MYCO000417	133	499	23	
MYCO000423	16	0	31	
MYCO000429	6	0	16	
MYCO000432	3	0	17	
MYCO000433	10	0	27	
MYCO000439	75	0	25	
MYCO000440	23	0	28	
MYCO000462	5	0	25	
MYCO000465	19	0	49	
MYCO000466	8	0	17	
MYCO000467	7	0	27	
MYCO000468	20	0	17	
MYCO000472	3	0	17	
MYCO000475	52	0	23	
MYCO000483	23	0	26	
MYCO000484	21	0	26	
MYCO000486	108	0	37	
MYCO000489	294	0	18	
MYCO000490	22	0	28	
MYCO000491	5	0	11	
MYCO000495	6	0	24	
MYCO000496	24	0	26	
MYCO000498	27	0	28	
MYCO000501	12	0	27	
MYCO000502	13	0	19	
MYCO000505	486	0	23	
MYCO000509	44	0	44	
MYCO000510	36	0	25	
MYCO000512	39	0	27	
MYCO000524	162	0	29	
MYCO000527	49	0	19	
MYCO000528	300	0	31	
MYCO000529	61	0	33	
MYCO000548	14	0	19	
MYCO000551	70	0	51	
MYCO000553	187	0	25	
MYCO000555	193	0	28	
MYCO000557	26	0	47	
MYCO000558	97	0	17	
MYCO000562	8	0	31	
MYCO000563	38	0	27	
MYCO000564	26	0	35	
MYCO000566	4	0	15	
MYCO000636	5	0	17	
MYCO000639	84	0	13	
MYCO000647	75	0	34	
MYCO000655	13	0	29	
MYCO000667	111	0	155	
MYCO000668	74	0	151	
MYCO000672	83	0	62	
MYCO000684	33	0	53	
MYCO000685	10	0	16	
MYCO000693	179	0	28	
MYCO000696	32	0	39	
MYCO000732	6	0	34	
MYCO000733	3	0	14	
MYCO000734	209	0	12	
MYCO000757	5	0	20	
MYCO000758	45	0	81	
MYCO000772	59	0	38	
MYCO000777	19	0	24	
MYCO000780	6	0	21	
MYCO000782	1998	0	4	
MYCO000788	48	0	16	
MYCO000803	46	0	57	
MYCO000808	38	0	39	
MYCO000809	3	0	22	
MYCO000810	0	0	5	
MYCO000814	397	9	12	
MYCO000815	30	4	24	
MYCO000820	7	0	18	
MYCO000821	10	0	13	
MYCO000823	39	0	31	
MYCO000824	6	0	19	
MYCO000859	29	0	47	
MYCO000860	134	0	59	
MYCO000861	13	0	44	
MYCO000871	6	0	8	
MYCO000876	1	0	46	
MYCO000884	7	0	30	
MYCO000885	29	0	19	
MYCO000886	464	0	37	
MYCO000889	404	0	33	
MYCO000896	30	0	32	
MYCO000902	14	0	14	
MYCO000903	6	0	9	
MYCO000906	510	0	32	
MYCO000926	9	0	45	
MYCO000927	80	0	19	
MYCO000929	180	0	18	
MYCO000946	22	0	44	
MYCO000949	85	0	63	
MYCO000951	15	0	28	
MYCO000952	35	0	23	
MYCO000953	141	0	35	
MYCO000957	202	0	32	
MYCO000981	21	0	20	
MYCO000983	246	0	41	
MYCO000993	59	0	22	
MYCO000994	129	0	32	
MYCO000995	9	0	18	
MYCO001001	17	0	41	
MYCO001002	28	0	39	
MYCO001007	6	0	35	
MYCO001008	105	0	21	
MYCO001009	104	0	21	
MYCO001010	38	0	26	
MYCO001011	11	0	24	
MYCO001013	22	0	34	
MYCO001014	12	0	22	
MYCO001015	13	0	17	
MYCO001017	2	0	21	
MYCO001018	19	0	45	
MYCO001020	220	0	91	
MYCO001022	96	0	17	
MYCO001023	66	0	37	
MYCO001026	139	0	30	
MYCO001070	4	0	15	
MYCO001071	11	0	35	
MYCO001072	2	0	20	
MYCO001077	31	0	40	
MYCO001079	34	0	23	
MYCO001080	108	0	10	
MYCO001082	15	0	21	
MYCO001086	27	0	28	
MYCO001092	53	0	23	
MYCO001094	29	0	13	
MYCO001095	47	0	29	
MYCO001098	34	0	25	
MYCO001099	111	0	28	
MYCO001108	27	0	35	
MYCO001110	3	0	26	
MYCO001112	250	0	29	
MYCO001165	84	0	59	
MYCO001173	112	0	57	
MYCO001177	8	0	5	
MYCO001178	78	0	33	
MYCO001193	190	0	30	
MYCO001201	122	0	27	
MYCO001202	90	0	27	
MYCO001207	122	0	31	
MYCO001208	11	0	20	
MYCO001213	103	0	40	
MYCO001220	110	0	9	
MYCO001221	0	0	19	
MYCO001223	322	0	40	
MYCO001229	45	0	31	
MYCO001238	22	0	19	
MYCO001239	5	0	25	
MYCO001245	48	0	30	
MYCO001248	227	0	81	
MYCO001253	87	0	58	
MYCO001272	162	0	42	
MYCO001273	13	0	43	
MYCO001277	225	0	30	
MYCO001292	15	0	32	
MYCO001293	29	0	32	
MYCO001294	32	0	25	
MYCO001295	29	0	31	
MYCO001297	161	0	40	
MYCO001299	17	0	20	
MYCO001302	8	0	23	
MYCO001305	6	0	4	
MYCO001308	30	0	31	
MYCO001309	5	0	27	
MYCO001310	9	0	26	
MYCO001311	9	0	13	
MYCO001315	13	0	23	
MYCO001321	33	0	24	
MYCO001323	45	0	33	
MYCO001326	20	0	51	
MYCO001327	37	0	38	
MYCO001328	64	0	72	
MYCO001338	56	0	19	
MYCO001340	26	0	16	
MYCO001380	25	0	25	
MYCO001381	206	0	30	
MYCO001383	15	0	26	
MYCO001384	186	0	97	
MYCO001385	317	0	22	
MYCO001388	2	0	14	
MYCO001390	1	0	7	
MYCO001391	358	0	41	
MYCO001392	199	0	46	
MYCO001402	835	0	41	
MYCO001407	276	0	47	
MYCO001408	57	0	14	
MYCO001410	7	0	30	
MYCO001412	11	0	16	
MYCO001415	11	0	26	
MYCO001416	4	0	16	
MYCO001420	15	0	45	
MYCO001421	10	0	23	
MYCO001436	3	0	26	
MYCO001437	21	0	24	
MYCO001438	6	0	18	
MYCO001440	9	0	10	
MYCO001445	111	0	26	
MYCO001447	239	0	48	
MYCO001448	26	0	33	
MYCO001449	106	0	49	
MYCO001451	44	0	31	
MYCO001457	5	0	19	
MYCO001458	11	0	29	
MYCO001462	26	0	34	
MYCO001463	7	0	22	
MYCO001464	95	0	30	
MYCO001465	5	0	9	
MYCO001466	2	0	7	
MYCO001467	38	1016	37	
MYCO001473	17	0	34	
MYCO001474	63	0	14	
MYCO001475	8	0	52	
MYCO001479	42	0	25	
MYCO001480	61	0	27	
MYCO001481	10	0	25	
MYCO001483	51	0	10	
MYCO001484	13	0	23	
MYCO001485	61	0	18	
MYCO001493	322	0	45	
MYCO001536	61	0	80	
MYCO001540	9	0	28	
MYCO001547	72	0	66	
MYCO001557	329	0	39	
MYCO001559	432	0	43	
MYCO001564	26	0	52	
MYCO001568	115	0	33	
MYCO001569	395	0	22	
MYCO001589	7	0	19	
MYCO001593	3	0	16	
MYCO001594	23	0	27	
MYCO001595	220	0	44	
MYCO001599	173	0	26	
MYCO001600	3	0	33	
MYCO001601	0	0	16	
MYCO001603	3	0	20	
MYCO001605	8	0	20	
MYCO001609	46	0	41	
MYCO001611	32	0	19	
MYCO001612	5	0	33	
MYCO001617	26	0	35	
MYCO001626	11	0	12	
MYCO001627	59	0	22	
MYCO001629	66	0	75	
MYCO001633	266	0	63	
MYCO001638	92	0	69	
MYCO001641	2048	0	0	
MYCO001649	161	0	22	
MYCO001652	112	0	25	
MYCO001653	356	0	20	
MYCO001654	54	0	14	
MYCO001655	214	0	27	
MYCO001656	166	0	20	
MYCO001657	191	0	14	
MYCO001658	54	0	32	
MYCO001659	181	0	31	
MYCO001689	8	0	26	
MYCO001694	62	0	19	
MYCO001695	2	0	22	
MYCO001697	3	0	14	
MYCO001699	10	0	56	
MYCO001701	21	0	18	
MYCO001708	11	0	18	
MYCO001709	0	0	29	
MYCO001711	0	0	26	
MYCO001712	11	0	25	
MYCO001713	80	0	31	
MYCO001821	20	0	63	
MYCO001827	3	0	13	
MYCO001829	16	0	18	
MYCO001830	8	0	34	
MYCO001832	56	0	76	
MYCO001837	49	0	49	
MYCO001842	47	0	39	
MYCO001843	48	0	37	
MYCO001844	31	0	49	
MYCO001854	21	0	36	
MYCO001886	34	0	31	
MYCO001894	86	0	40	
MYCO001981	8	0	11	
MYCO002050	2	0	7	
MYCO002089	149	0	33	
MYCO002090	2003	0	5	
MYCO002092	237	0	71	
MYCO002093	25	0	23	
MYCO002096	11	0	31	
MYCO002097	38	0	25	
MYCO002109	11	0	24	
MYCO002110	21	0	27	
MYCO002111	50	0	9	
MYCO002112	872	0	34	
MYCO002115	17	0	50	
MYCO002118	4	0	16	
MYCO002119	11	0	32	
MYCO002121	24	0	18	
MYCO002122	1	0	9	
MYCO002125	24	0	16	
MYCO002130	247	0	20	
MYCO002134	11	0	16	
MYCO002139	36	0	25	
MYCO002140	1	0	13	
MYCO002141	42	0	41	
MYCO002145	30	0	18	
MYCO002150	130	0	24	
MYCO002151	129	0	14	
MYCO002153	400	0	34	
MYCO002154	429	0	25	
MYCO002155	326	0	46	
MYCO002156	10	0	31	
MYCO002157	875	0	32	
MYCO002163	87	0	41	
MYCO002166	10	0	10	
MYCO002170	235	0	19	
MYCO002176	54	0	30	
MYCO002178	9	0	22	
MYCO002179	37	0	9	
MYCO002182	13	0	16	
MYCO002186	2	0	8	
MYCO002187	556	0	33	
MYCO002188	18	0	38	
MYCO002192	53	0	25	
MYCO002193	5	0	10	
MYCO002194	17	0	24	
MYCO002195	10	0	30	
MYCO002196	10	0	38	
MYCO002199	0	0	9	
MYCO002200	14	0	22	
MYCO002201	71	0	35	
MYCO002202	95	0	27	
MYCO002210	40	0	30	
MYCO002211	48	0	36	
MYCO002213	101	0	54	
MYCO002216	17	0	41	
MYCO002217	98	0	26	
MYCO002218	83	0	29	
MYCO002219	54	0	18	
MYCO002220	15	0	33	
MYCO002221	439	0	69	
MYCO002222	24	0	36	
MYCO002225	62	0	32	
MYCO002228	29	0	31	
MYCO002230	118	0	31	
MYCO002235	36	0	26	
MYCO002239	1	0	10	
MYCO002241	256	0	47	
MYCO002242	82	0	27	
MYCO002243	217	0	22	
MYCO002244	2	0	2	
MYCO002245	39	0	26	
MYCO002246	23	0	24	
MYCO002247	88	0	34	
MYCO002257	21	0	27	
MYCO002259	97	0	24	
MYCO002315	352	0	37	
MYCO002343	94	0	45	
MYCO002344	308	0	31	
MYCO002357	9	0	22	
MYCO002361	4	0	14	
MYCO002362	49	0	19	
MYCO002364	5	0	25	
MYCO002366	6	0	35	
MYCO002367	2	0	15	
MYCO002368	27	0	28	
MYCO002373	33	0	29	
MYCO002374	56	0	30	
MYCO002399	26	0	23	
MYCO002400	29	0	31	
MYCO002402	28	0	66	
MYCO002404	14	0	49	
MYCO002409	8	0	21	
MYCO002410	6	0	16	
MYCO002411	59	0	43	
MYCO002413	78	0	25	
MYCO002420	81	0	18	
MYCO002421	0	0	11	
MYCO002425	158	0	26	
MYCO002426	590	0	36	
MYCO002427	166	0	25	
MYCO002439	299	0	22	
MYCO002440	47	0	49	
MYCO002445	8	0	8	
MYCO002447	27	0	41	
MYCO002448	95	0	69	
MYCO002454	11	0	30	
MYCO002455	33	0	33	
MYCO002457	17	0	27	
MYCO002460	2	0	14	
MYCO002461	3	0	11	
MYCO002462	142	0	31	
MYCO002465	24	0	11	
MYCO002466	18	0	21	
MYCO002467	45	0	66	
MYCO002470	5	0	15	
MYCO002477	10	0	35	
MYCO002500	7	0	28	
MYCO002502	22	0	48	
MYCO002509	7	0	29	
MYCO002511	9	0	12	
MYCO002518	247	0	29	
MYCO002521	1	0	12	
MYCO002523	16	0	8	
MYCO002524	576	0	158	
MYCO002533	7	0	14	
MYCO002534	0	0	13	
MYCO002538	96	0	32	
MYCO002540	457	0	31	
MYCO002555	38	0	48	
MYCO002559	165	0	28	
MYCO002568	19	0	35	
MYCO002572	62	0	35	
MYCO002575	37	0	31	
MYCO002580	87	0	27	
MYCO002582	19	0	20	
MYCO002583	54	0	48	
MYCO002587	312	0	36	
MYCO002589	50	0	37	
MYCO002592	80	0	24	
MYCO002593	39	0	18	
MYCO002594	1	0	10	
MYCO002603	3	0	20	
MYCO002606	18	0	20	
MYCO002610	48	0	30	
MYCO002611	31	0	30	
MYCO002612	3	0	20	
MYCO002613	3	0	9	
MYCO002614	33	0	43	
MYCO002670	8	0	26	
MYCO002673	239	506	25	
MYCO002676	13	0	14	
MYCO002678	167	0	28	
MYCO002682	40	0	37	
MYCO002696	48	0	24	
MYCO002697	3	0	12	
MYCO002699	0	0	6	
MYCO002702	7	0	30	
MYCO002703	57	0	33	
MYCO002708	3	0	8	
MYCO002710	39	0	20	
MYCO002711	12	0	20	
MYCO002714	12	0	24	
MYCO002715	296	0	30	
MYCO002720	9	0	28	
MYCO002724	31	0	49	
MYCO002725	57	0	27	
MYCO002726	21	0	23	
MYCO002727	116	0	29	
MYCO002731	217	0	27	
MYCO002733	467	0	33	
MYCO002744	57	0	18	
MYCO002748	187	0	62	
MYCO002750	30	0	26	
MYCO002753	11	0	34	
MYCO002754	14	0	20	
MYCO002764	36	0	27	
MYCO002773	9	0	16	
MYCO002782	146	0	38	
MYCO002783	68	0	48	
MYCO002788	200	0	12	
MYCO002794	10	0	20	
MYCO002795	41	0	27	
MYCO002828	922	250	33	
MYCO002838	28	0	10	
MYCO002839	791	0	45	
MYCO002841	11	0	29	
MYCO002846	4	0	36	
MYCO002847	46	0	34	
MYCO002861	10	0	16	
MYCO002864	26	0	30	
MYCO002868	6	0	29	
MYCO002870	38	0	21	
MYCO002882	6	0	21	
MYCO002883	2	0	18	
MYCO002889	36	0	17	
MYCO002894	253	0	16	
MYCO002901	1	0	7	
MYCO002902	110	0	19	
MYCO002915	36	0	37	
MYCO002916	155	0	31	
MYCO002917	308	0	42	
MYCO002918	121	0	67	
MYCO002919	2	0	10	
MYCO002921	61	0	24	
MYCO002927	13	0	22	
MYCO002965	2	0	8	
MYCO002967	119	0	55	
MYCO002976	33	0	25	
MYCO002981	94	0	31	
MYCO002982	10	0	32	
MYCO002984	23	0	35	
MYCO002988	44	0	28	
MYCO002992	64	0	45	
MYCO002993	5	0	21	
MYCO002995	70	0	31	
MYCO002996	124	0	45	
MYCO003001	15	0	22	
MYCO003003	87	0	40	
MYCO003006	59	0	16	
MYCO003009	12	0	34	
MYCO003010	190	0	23	
MYCO003011	371	0	24	
MYCO003014	178	0	50	
MYCO003024	86	0	33	
MYCO003025	54	0	25	
MYCO003027	19	0	27	
MYCO003028	244	0	19	
MYCO003029	9	0	20	
MYCO003031	98	0	38	
MYCO003032	201	0	24	
MYCO003034	7	0	16	
MYCO003038	4	0	21	
MYCO003042	29	0	24	
MYCO003043	6	0	29	
MYCO003045	3	0	23	
MYCO003048	9	0	25	
MYCO003049	48	0	49	
MYCO003051	17	0	36	
MYCO003052	9	0	8	
MYCO003053	1	0	3	
MYCO003054	69	0	22	
MYCO003057	8	0	23	
MYCO003085	122	0	27	
MYCO003100	5	0	16	
MYCO003101	9	0	22	
MYCO003102	2	0	20	
MYCO003105	83	0	27	
MYCO003117	30	4	24	
MYCO003118	397	9	12	
MYCO003139	10	0	39	
MYCO003140	9	0	38	
MYCO003193	35	0	71	
MYCO003194	1	0	23	
MYCO003195	172	0	45	
MYCO003197	15	0	30	
MYCO003198	133	0	49	
MYCO003205	17	0	20	
MYCO003206	8	0	34	
MYCO003207	12	0	22	
MYCO003208	27	0	20	
MYCO003211	147	0	48	
MYCO003213	7	0	23	
MYCO003214	10	0	25	
MYCO003219	2	0	6	
MYCO003220	11	0	31	
MYCO003221	0	0	11	
MYCO003223	0	0	21	
MYCO003228	182	0	28	
MYCO003229	16	0	46	
MYCO003240	213	0	57	
MYCO003241	98	0	20	
MYCO003245	5	0	39	
MYCO003246	6	0	12	
MYCO003248	16	0	36	
MYCO003252	92	0	29	
MYCO003255	40	0	26	
MYCO003257	105	0	27	
MYCO003258	128	0	6	
MYCO003261	6	0	28	
MYCO003262	107	0	26	
MYCO003264	11	0	24	
MYCO003265	51	0	22	
MYCO003267	148	0	26	
MYCO003274	1	0	26	
MYCO003275	49	0	18	
MYCO003276	44	0	27	
MYCO003277	4	0	18	
MYCO003280	16	0	39	
MYCO003285	62	0	36	
MYCO003290	11	0	27	
MYCO003296	608	0	109	
MYCO003302	34	0	36	
MYCO003303	2028	0	2	
MYCO003304	19	0	8	
MYCO003305	39	0	29	
MYCO003306	137	0	39	
MYCO003313	11	0	17	
MYCO003317	8	0	17	
MYCO003318	92	0	39	
MYCO003319	24	0	27	
MYCO003328	148	0	29	
MYCO003329	24	0	45	
MYCO003330	197	0	27	
MYCO003336	10	0	21	
MYCO003340	14	0	30	
MYCO003341	253	0	31	
MYCO003356	8	0	23	
MYCO003392	23	1536	14	
MYCO003396	34	0	38	
MYCO003409	52	0	39	
MYCO003410	354	0	19	
MYCO003411	79	0	39	
MYCO003412	3	0	13	
MYCO003417	4	1144	34	
MYCO003418	0	0	7	
MYCO003419	75	0	23	
MYCO003422	2	0	14	
MYCO003432	14	0	21	
MYCO003433	715	0	17	
MYCO003436	494	0	38	
MYCO003441	221	0	38	
MYCO003455	88	0	19	
MYCO003457	11	0	33	
MYCO003462	6	0	11	
MYCO003464	5	0	26	
MYCO003490	25	0	47	
MYCO003500	10	0	26	
MYCO003501	12	0	19	
MYCO003504	10	0	27	
MYCO003520	22	0	31	
MYCO003570	7	0	18	
MYCO003571	21	0	25	
MYCO003579	289	0	34	
MYCO003580	40	0	24	
MYCO003583	2	0	11	
MYCO003589	476	0	19	
MYCO003592	5	0	12	
MYCO003596	153	0	59	
MYCO003598	15	0	30	
MYCO003600	13	0	19	
MYCO003601	20	0	12	
MYCO003609	2	0	12	
MYCO003610	194	0	44	
MYCO003624	5	0	21	
MYCO003628	5	0	16	
MYCO003644	98	0	36	
MYCO003646	313	0	77	
MYCO003647	31	0	14	
MYCO003648	5	0	17	
MYCO003668	3	0	18	
MYCO003670	88	0	22	
MYCO003674	5	0	18	
MYCO003676	3	0	18	
MYCO003677	24	0	24	
MYCO003679	8	0	32	
MYCO003680	48	0	26	
MYCO003682	55	0	59	
MYCO003683	38	0	27	
MYCO003684	21	0	16	
MYCO003695	15	0	35	
MYCO003696	82	0	54	
MYCO003705	3	0	17	
MYCO003707	56	0	31	
MYCO003708	51	0	27	
MYCO003709	44	0	28	
MYCO003710	810	0	28	
MYCO003711	17	0	38	
MYCO003712	248	0	22	
MYCO003713	18	0	16	
MYCO003715	3	0	16	
MYCO003717	2	0	23	
MYCO003718	1	0	9	
MYCO003719	12	0	39	
MYCO003720	55	0	31	
MYCO003721	172	0	42	
MYCO003722	9	0	36	
MYCO003765	227	0	31	
MYCO003774	8	0	33	
MYCO003775	26	0	51	
MYCO003777	107	0	34	
MYCO003778	21	0	34	
MYCO003780	187	0	16	
MYCO003781	5	0	10	
MYCO003782	20	0	26	
MYCO003783	21	0	22	
MYCO003790	10	0	33	
MYCO003791	22	0	30	
MYCO003793	348	0	93	
MYCO003794	99	0	112	
MYCO003795	91	0	161	
MYCO003799	12	0	36	
MYCO003801	16	0	45	
MYCO003802	34	0	28	
MYCO003804	22	0	30	
MYCO003806	4	0	43	
MYCO003808	124	0	44	
MYCO003809	2	0	28	
MYCO003816	142	0	30	
MYCO003834	52	0	29	
MYCO003835	262	0	33	
MYCO003842	48	0	41	
MYCO003847	771	0	20	
MYCO003849	4	0	9	
MYCO003858	22	0	32	
MYCO003859	210	0	105	
MYCO003907	18	0	53	
MYCO003908	66	0	24	
MYCO003913	36	0	57	
MYCO003915	6	0	50	
MYCO003917	4	0	52	
MYCO003918	8	0	53	
MYCO003920	4	0	30	
MYCO003921	10	0	48	
MYCO013678	1	0	12	
MYCO000002	18	0	64	
MYCO000003	16	0	51	
MYCO000004	7	0	38	
MYCO000007	206	0	69	
MYCO000008	6	0	28	
MYCO000010	5	0	46	
MYCO000012	14	0	45	
MYCO000014	9	0	73	
MYCO000018	100	0	57	
MYCO000020	100	0	83	
MYCO000021	292	0	44	
MYCO000022	20	0	25	
MYCO000023	19	0	38	
MYCO000024	609	0	29	
MYCO000025	205	0	26	
MYCO000026	54	0	66	
MYCO000027	10	0	13	
MYCO000028	6	0	14	
MYCO000029	142	0	59	
MYCO000030	445	0	20	
MYCO000031	19	0	11	
MYCO000032	624	0	75	
MYCO000033	5	0	11	
MYCO000034	4	0	17	
MYCO000035	29	0	84	
MYCO000036	40	0	39	
MYCO000037	26	0	52	
MYCO000039	79	0	14	
MYCO000040	32	0	40	
MYCO000041	196	0	105	
MYCO000042	144	0	41	
MYCO000043	13	0	28	
MYCO000044	250	0	35	
MYCO000045	915	0	33	
MYCO000048	11	0	44	
MYCO000052	63	8	31	
MYCO000057	9	1187	33	
MYCO000058	31	0	81	
MYCO000059	8	0	29	
MYCO000060	5	0	28	
MYCO000061	460	0	15	
MYCO000062	92	0	49	
MYCO000063	153	0	71	
MYCO000064	846	0	88	
MYCO000065	5	0	9	
MYCO000067	6	0	24	
MYCO000069	44	0	47	
MYCO000070	8	1148	36	
MYCO000071	550	0	43	
MYCO000072	475	0	32	
MYCO000073	10	856	33	
MYCO000074	770	0	41	
MYCO000075	100	0	40	
MYCO000076	6	0	12	
MYCO000077	28	0	31	
MYCO000078	22	0	17	
MYCO000079	30	0	28	
MYCO000080	40	0	28	
MYCO000081	3	0	21	
MYCO000082	520	0	20	
MYCO000083	733	0	45	
MYCO000084	13	0	30	
MYCO000085	119	0	29	
MYCO000086	161	0	49	
MYCO000087	128	0	43	
MYCO000088	12	0	22	
MYCO000089	20	0	29	
MYCO000090	32	0	30	
MYCO000091	37	0	24	
MYCO000092	99	0	79	
MYCO000093	62	0	35	
MYCO000094	1977	30	26	
MYCO000095	879	0	122	
MYCO000096	217	0	50	
MYCO000097	5	0	14	
MYCO000098	6	0	18	
MYCO000099	599	0	42	
MYCO000100	4	0	6	
MYCO000101	80	0	217	
MYCO000102	57	0	62	
MYCO000103	90	0	65	
MYCO000104	622	0	49	
MYCO000106	35	0	33	
MYCO000107	2027	0	3	
MYCO000108	10	0	9	
MYCO000109	643	0	40	
MYCO000110	8	0	20	
MYCO000111	60	0	62	
MYCO000112	20	0	43	
MYCO000113	99	0	35	
MYCO000114	103	0	21	
MYCO000115	253	0	42	
MYCO000116	13	0	29	
MYCO000117	9	0	35	
MYCO000118	61	0	62	
MYCO000119	47	0	58	
MYCO000120	51	0	77	
MYCO000121	64	0	23	
MYCO000122	8	0	6	
MYCO000123	4	0	11	
MYCO000124	1991	0	2	
MYCO000125	104	0	35	
MYCO000126	19	0	56	
MYCO000127	16	0	33	
MYCO000128	22	0	22	
MYCO000130	4	0	23	
MYCO000131	13	0	38	
MYCO000132	73	0	25	
MYCO000133	236	0	32	
MYCO000134	659	0	20	
MYCO000135	3	0	15	
MYCO000136	204	0	56	
MYCO000137	248	0	18	
MYCO000138	229	0	19	
MYCO000139	14	0	33	
MYCO000140	5	0	13	
MYCO000141	6	0	18	
MYCO000142	312	0	30	
MYCO000143	120	0	58	
MYCO000144	122	0	24	
MYCO000145	110	0	29	
MYCO000146	360	0	31	
MYCO000147	75	0	54	
MYCO000148	20	0	20	
MYCO000149	381	0	30	
MYCO000150	17	0	14	
MYCO000151	135	0	66	
MYCO000152	35	0	60	
MYCO000153	36	0	29	
MYCO000154	20	0	24	
MYCO000155	50	0	26	
MYCO000156	1	0	13	
MYCO000157	166	0	37	
MYCO000158	7	0	23	
MYCO000159	151	0	52	
MYCO000160	22	0	48	
MYCO000161	60	0	45	
MYCO000162	99	0	37	
MYCO000163	1	0	22	
MYCO000164	3	0	15	
MYCO000165	995	0	9	
MYCO000166	33	0	56	
MYCO000167	2	994	21	
MYCO000168	33	0	35	
MYCO000169	53	0	55	
MYCO000170	6	0	26	
MYCO000171	535	0	43	
MYCO000172	97	0	52	
MYCO000173	5	0	35	
MYCO000174	33	0	48	
MYCO000175	28	0	32	
MYCO000176	65	0	39	
MYCO000177	2	0	14	
MYCO000178	6	0	26	
MYCO000179	113	0	34	
MYCO000180	252	0	50	
MYCO000181	5	0	24	
MYCO000182	154	0	50	
MYCO000185	32	0	13	
MYCO000186	102	0	69	
MYCO000187	32	0	28	
MYCO000188	9	0	15	
MYCO000190	0	0	10	
MYCO000191	198	0	35	
MYCO000192	456	0	30	
MYCO000193	23	0	61	
MYCO000194	155	0	118	
MYCO000195	342	0	19	
MYCO000196	24	0	19	
MYCO000197	2048	0	0	
MYCO000199	3	0	20	
MYCO000200	27	0	16	
MYCO000201	154	0	11	
MYCO000202	62	0	86	
MYCO000203	81	0	15	
MYCO000205	275	0	37	
MYCO000206	111	0	64	
MYCO000208	16	0	16	
MYCO000209	138	0	38	
MYCO000210	175	0	33	
MYCO000212	26	0	32	
MYCO000213	15	0	39	
MYCO000214	34	0	60	
MYCO000215	221	0	32	
MYCO000216	24	0	25	
MYCO000217	179	0	26	
MYCO000218	588	0	35	
MYCO000219	0	0	23	
MYCO000220	78	0	32	
MYCO000221	202	0	35	
MYCO000222	39	0	25	
MYCO000224	25	0	12	
MYCO000226	110	0	55	
MYCO000229	5	0	24	
MYCO000230	7	0	47	
MYCO000231	25	0	45	
MYCO000232	11	0	28	
MYCO000233	201	0	24	
MYCO000234	103	0	35	
MYCO000235	30	0	62	
MYCO000239	6	0	8	
MYCO000240	6	0	18	
MYCO000245	12	0	18	
MYCO000246	82	0	41	
MYCO000249	9	0	23	
MYCO000250	5	0	9	
MYCO000251	4	0	24	
MYCO000252	31	0	88	
MYCO000253	13	0	13	
MYCO000254	22	0	11	
MYCO000255	175	0	39	
MYCO000256	551	0	44	
MYCO000257	245	0	17	
MYCO000258	20	0	17	
MYCO000259	5	0	26	
MYCO000260	32	0	39	
MYCO000261	30	0	54	
MYCO000262	7	0	15	
MYCO000263	187	0	22	
MYCO000264	43	0	22	
MYCO000265	8	0	37	
MYCO000266	515	0	92	
MYCO000267	214	0	36	
MYCO000268	18	0	18	
MYCO000269	40	0	29	
MYCO000271	73	0	69	
MYCO000272	35	0	42	
MYCO000273	31	0	24	
MYCO000275	203	0	34	
MYCO000276	89	558	27	
MYCO000277	66	820	46	
MYCO000278	2044	0	3	
MYCO000279	1929	0	44	
MYCO000280	873	0	54	
MYCO000281	89	0	29	
MYCO000282	29	0	55	
MYCO000283	171	0	45	
MYCO000284	370	0	104	
MYCO000285	58	0	9	
MYCO000286	588	0	46	
MYCO000287	7	7	8	
MYCO000288	1	0	17	
MYCO000289	43	0	36	
MYCO000290	330	0	53	
MYCO000291	271	0	31	
MYCO000292	18	0	29	
MYCO000293	55	0	37	
MYCO000294	53	0	36	
MYCO000295	8	0	17	
MYCO000296	30	0	33	
MYCO000297	1079	0	62	
MYCO000298	5	0	12	
MYCO000299	4	0	14	
MYCO000300	3	0	8	
MYCO000301	2	0	13	
MYCO000302	35	0	23	
MYCO000303	20	0	33	
MYCO000304	285	0	236	
MYCO000305	2013	0	6	
MYCO000306	8	0	22	
MYCO000307	8	0	18	
MYCO000308	4	0	28	
MYCO000309	14	0	11	
MYCO000310	1	0	11	
MYCO000311	11	0	42	
MYCO000312	167	0	49	
MYCO000313	1	0	16	
MYCO000314	74	0	26	
MYCO000315	480	0	27	
MYCO000316	173	0	19	
MYCO000317	27	0	25	
MYCO000318	13	0	17	
MYCO000319	21	0	23	
MYCO000320	5	0	19	
MYCO000323	221	0	24	
MYCO000324	9	0	25	
MYCO000325	973	0	3	
MYCO000326	106	0	18	
MYCO000327	121	0	37	
MYCO000328	6	0	13	
MYCO000329	51	0	22	
MYCO000330	13	0	28	
MYCO000331	116	0	46	
MYCO000332	17	0	28	
MYCO000333	3	0	15	
MYCO000335	261	0	14	
MYCO000336	1790	219	14	
MYCO000338	388	0	60	
MYCO000339	284	0	79	
MYCO000340	4	0	20	
MYCO000341	620	0	31	
MYCO000342	48	0	46	
MYCO000343	77	0	46	
MYCO000344	8	0	17	
MYCO000345	2	0	15	
MYCO000346	85	0	31	
MYCO000347	3	8	20	
MYCO000348	4	0	13	
MYCO000349	9	0	20	
MYCO000351	48	0	17	
MYCO000353	2	0	13	
MYCO000354	2046	0	1	
MYCO000355	1230	0	198	
MYCO000356	160	0	25	
MYCO000358	543	0	20	
MYCO000359	24	0	29	
MYCO000361	7	0	23	
MYCO000362	13	0	50	
MYCO000363	19	0	33	
MYCO000364	7	0	25	
MYCO000365	53	0	33	
MYCO000366	30	0	17	
MYCO000367	11	0	13	
MYCO000368	83	0	42	
MYCO000369	7	0	13	
MYCO000370	14	0	42	
MYCO000371	15	0	15	
MYCO000372	39	0	29	
MYCO000373	78	0	83	
MYCO000374	7	0	19	
MYCO000375	206	0	22	
MYCO000376	162	0	38	
MYCO000377	152	0	37	
MYCO000378	278	0	6	
MYCO000379	8	0	11	
MYCO000380	28	0	18	
MYCO000381	22	0	25	
MYCO000382	9	0	8	
MYCO000385	3	0	23	
MYCO000386	175	0	98	
MYCO000387	732	0	15	
MYCO000388	2045	0	2	
MYCO000389	265	0	41	
MYCO000390	3	0	8	
MYCO000391	36	0	25	
MYCO000392	114	0	52	
MYCO000393	637	0	67	
MYCO000394	24	0	24	
MYCO000395	340	0	12	
MYCO000396	13	0	15	
MYCO000397	313	674	54	
MYCO000398	117	0	17	
MYCO000399	32	0	48	
MYCO000400	42	0	28	
MYCO000401	91	0	10	
MYCO000402	365	0	72	
MYCO000403	466	0	13	
MYCO000404	60	0	83	
MYCO000405	982	0	103	
MYCO000406	20	0	26	
MYCO000408	12	0	60	
MYCO000409	14	0	32	
MYCO000412	17	0	40	
MYCO000413	51	0	21	
MYCO000416	1	0	8	
MYCO000418	13	0	40	
MYCO000419	35	0	45	
MYCO000420	3	0	23	
MYCO000421	11	0	22	
MYCO000422	5	0	24	
MYCO000424	1	0	9	
MYCO000425	478	0	99	
MYCO000426	32	0	19	
MYCO000427	22	0	30	
MYCO000428	95	0	23	
MYCO000430	27	0	7	
MYCO000431	13	0	10	
MYCO000434	11	0	23	
MYCO000435	128	0	63	
MYCO000436	134	0	24	
MYCO000437	98	0	12	
MYCO000438	35	0	30	
MYCO000441	128	0	16	
MYCO000442	42	0	43	
MYCO000443	62	0	15	
MYCO000444	327	0	27	
MYCO000445	6	0	16	
MYCO000446	469	0	19	
MYCO000447	82	0	40	
MYCO000448	35	0	16	
MYCO000449	28	0	24	
MYCO000450	25	0	68	
MYCO000451	4	0	13	
MYCO000452	3	0	16	
MYCO000453	507	0	26	
MYCO000454	6	0	10	
MYCO000455	1	0	13	
MYCO000456	18	0	34	
MYCO000457	220	0	46	
MYCO000458	148	0	44	
MYCO000459	56	0	30	
MYCO000460	2	0	8	
MYCO000461	24	0	23	
MYCO000463	29	0	9	
MYCO000464	1	0	17	
MYCO000469	41	0	38	
MYCO000470	17	0	16	
MYCO000471	36	0	24	
MYCO000473	16	0	30	
MYCO000474	4	0	14	
MYCO000476	6	0	9	
MYCO000477	26	0	11	
MYCO000478	10	0	19	
MYCO000479	214	0	19	
MYCO000480	60	0	18	
MYCO000481	12	0	13	
MYCO000482	14	0	27	
MYCO000485	39	0	34	
MYCO000487	66	0	22	
MYCO000488	9	0	22	
MYCO000492	263	0	53	
MYCO000493	62	0	41	
MYCO000494	44	0	22	
MYCO000497	251	0	23	
MYCO000499	51	0	17	
MYCO000500	179	0	24	
MYCO000503	4	0	13	
MYCO000504	1	0	10	
MYCO000506	13	0	6	
MYCO000507	177	0	101	
MYCO000508	0	0	4	
MYCO000511	313	0	36	
MYCO000513	24	0	12	
MYCO000514	16	0	18	
MYCO000515	1790	130	15	
MYCO000516	2	0	11	
MYCO000517	47	0	39	
MYCO000518	4	0	19	
MYCO000519	232	0	25	
MYCO000520	18	0	10	
MYCO000521	2	0	13	
MYCO000522	8	0	30	
MYCO000523	106	0	14	
MYCO000525	178	0	25	
MYCO000526	24	0	15	
MYCO000530	155	0	41	
MYCO000531	249	0	12	
MYCO000532	1920	0	6	
MYCO000533	42	0	21	
MYCO000534	67	0	29	
MYCO000535	30	0	23	
MYCO000536	319	0	22	
MYCO000537	162	0	50	
MYCO000538	491	0	69	
MYCO000539	798	0	13	
MYCO000540	154	0	16	
MYCO000541	72	0	34	
MYCO000542	253	0	24	
MYCO000543	0	0	7	
MYCO000544	179	0	10	
MYCO000545	59	0	30	
MYCO000546	7	0	12	
MYCO000547	118	0	31	
MYCO000549	24	0	18	
MYCO000550	5	0	8	
MYCO000552	432	0	35	
MYCO000554	132	0	23	
MYCO000556	3	0	13	
MYCO000559	32	0	8	
MYCO000560	9	0	19	
MYCO000561	121	0	20	
MYCO000565	84	0	56	
MYCO000567	27	0	31	
MYCO000568	66	0	38	
MYCO000569	4	0	9	
MYCO000570	119	0	59	
MYCO000571	183	0	36	
MYCO000572	10	0	14	
MYCO000573	113	0	49	
MYCO000574	105	0	27	
MYCO000575	129	0	31	
MYCO000576	139	0	40	
MYCO000577	148	0	25	
MYCO000578	1556	0	72	
MYCO000579	108	0	29	
MYCO000580	11	0	17	
MYCO000581	58	0	11	
MYCO000582	6	0	10	
MYCO000583	46	0	22	
MYCO000584	24	0	76	
MYCO000585	57	0	66	
MYCO000586	8	613	22	
MYCO000587	55	0	45	
MYCO000588	86	0	28	
MYCO000589	20	0	37	
MYCO000590	981	0	12	
MYCO000591	140	0	47	
MYCO000592	356	0	35	
MYCO000593	25	0	36	
MYCO000594	121	0	49	
MYCO000595	11	0	12	
MYCO000596	14	0	6	
MYCO000597	7	0	30	
MYCO000598	6	0	16	
MYCO000599	2	1103	9	
MYCO000600	84	0	15	
MYCO000601	75	0	23	
MYCO000602	239	0	29	
MYCO000603	360	0	8	
MYCO000604	87	0	34	
MYCO000605	12	0	15	
MYCO000606	45	0	25	
MYCO000607	4	0	10	
MYCO000608	1	0	6	
MYCO000609	12	0	14	
MYCO000610	216	0	26	
MYCO000611	5	0	14	
MYCO000612	244	0	15	
MYCO000613	543	0	62	
MYCO000614	71	0	26	
MYCO000615	16	0	7	
MYCO000616	12	0	12	
MYCO000617	5	0	17	
MYCO000618	237	0	16	
MYCO000619	2048	0	0	
MYCO000620	535	0	32	
MYCO000621	243	0	23	
MYCO000622	4	0	30	
MYCO000623	3	0	5	
MYCO000624	3	0	16	
MYCO000625	131	0	22	
MYCO000626	11	0	10	
MYCO000627	14	0	7	
MYCO000628	161	938	41	
MYCO000629	363	0	47	
MYCO000630	529	0	60	
MYCO000631	555	0	75	
MYCO000632	2	0	16	
MYCO000633	19	0	31	
MYCO000634	3	0	14	
MYCO000635	7	0	18	
MYCO000637	4	0	25	
MYCO000638	28	0	18	
MYCO000642	13	0	28	
MYCO000643	56	0	23	
MYCO000644	3	7	23	
MYCO000645	3	0	24	
MYCO000646	27	0	19	
MYCO000648	693	0	86	
MYCO000649	768	0	24	
MYCO000650	553	0	21	
MYCO000653	14	0	13	
MYCO000654	215	0	45	
MYCO000656	15	0	17	
MYCO000657	3	0	4	
MYCO000658	11	0	27	
MYCO000659	4	0	12	
MYCO000660	20	0	10	
MYCO000661	28	0	11	
MYCO000662	19	0	8	
MYCO000663	172	0	64	
MYCO000664	3	0	8	
MYCO000665	26	0	11	
MYCO000666	4	0	8	
MYCO000669	184	0	58	
MYCO000670	394	0	15	
MYCO000671	40	0	26	
MYCO000673	268	0	23	
MYCO000674	22	0	10	
MYCO000675	84	0	19	
MYCO000676	7	884	70	
MYCO000677	1	0	16	
MYCO000678	11	0	14	
MYCO000679	31	0	13	
MYCO000680	3	0	14	
MYCO000681	3	0	18	
MYCO000686	308	0	16	
MYCO000687	21	0	25	
MYCO000688	23	0	28	
MYCO000689	85	0	9	
MYCO000690	21	0	18	
MYCO000691	0	0	27	
MYCO000692	2	0	7	
MYCO000694	84	0	30	
MYCO000695	13	0	22	
MYCO000697	15	0	39	
MYCO000698	352	0	23	
MYCO000699	0	0	7	
MYCO000711	149	0	57	
MYCO000712	5	0	19	
MYCO000713	9	0	35	
MYCO000724	190	0	46	
MYCO000725	25	0	21	
MYCO000726	58	0	32	
MYCO000727	100	0	28	
MYCO000728	53	0	32	
MYCO000729	290	0	40	
MYCO000730	50	0	22	
MYCO000731	175	0	23	
MYCO000735	9	0	18	
MYCO000736	33	0	23	
MYCO000737	8	0	16	
MYCO000738	249	0	18	
MYCO000739	1009	0	10	
MYCO000740	507	0	25	
MYCO000741	12	222	14	
MYCO000742	2048	0	0	
MYCO000743	8	0	17	
MYCO000744	101	0	19	
MYCO000745	267	0	24	
MYCO000746	1847	0	18	
MYCO000747	1855	0	27	
MYCO000748	186	0	13	
MYCO000749	66	935	36	
MYCO000750	471	723	20	
MYCO000751	69	0	24	
MYCO000752	54	0	39	
MYCO000753	100	0	38	
MYCO000754	554	0	45	
MYCO000755	249	0	70	
MYCO000756	51	0	21	
MYCO000759	0	0	6	
MYCO000760	68	0	11	
MYCO000761	14	0	24	
MYCO000762	8	0	14	
MYCO000763	5	0	7	
MYCO000764	11	0	37	
MYCO000765	44	0	20	
MYCO000766	522	0	31	
MYCO000767	148	0	17	
MYCO000768	23	0	43	
MYCO000769	7	0	18	
MYCO000770	121	0	20	
MYCO000771	32	0	17	
MYCO000773	35	0	55	
MYCO000774	68	0	31	
MYCO000775	25	0	21	
MYCO000776	84	0	24	
MYCO000778	112	0	29	
MYCO000779	631	0	13	
MYCO000781	1998	0	1	
MYCO000783	12	0	55	
MYCO000784	56	0	20	
MYCO000785	63	0	37	
MYCO000786	74	0	13	
MYCO000787	281	0	31	
MYCO000789	3	0	11	
MYCO000790	16	0	28	
MYCO000791	48	0	36	
MYCO000792	9	0	27	
MYCO000793	5	0	9	
MYCO000794	26	0	38	
MYCO000795	240	2	12	
MYCO000796	2048	0	0	
MYCO000797	2016	0	7	
MYCO000798	12	0	13	
MYCO000799	3	0	21	
MYCO000800	25	0	36	
MYCO000801	3	0	11	
MYCO000802	39	0	30	
MYCO000804	361	0	16	
MYCO000805	4	0	33	
MYCO000806	15	0	34	
MYCO000807	5	0	7	
MYCO000811	115	0	23	
MYCO000812	9	0	21	
MYCO000813	129	0	24	
MYCO000816	3	0	18	
MYCO000817	3	0	26	
MYCO000818	40	0	20	
MYCO000819	28	0	29	
MYCO000822	358	0	47	
MYCO000825	22	0	33	
MYCO000826	116	0	20	
MYCO000827	154	0	17	
MYCO000828	38	0	22	
MYCO000829	60	618	22	
MYCO000830	15	0	30	
MYCO000831	10	0	26	
MYCO000832	457	0	9	
MYCO000833	1626	0	38	
MYCO000834	1223	0	49	
MYCO000835	169	0	29	
MYCO000836	999	0	11	
MYCO000837	58	0	28	
MYCO000838	20	0	18	
MYCO000839	30	0	14	
MYCO000840	36	0	20	
MYCO000841	22	0	11	
MYCO000842	106	0	36	
MYCO000843	9	0	40	
MYCO000844	40	0	27	
MYCO000845	24	0	40	
MYCO000846	83	0	37	
MYCO000847	251	0	12	
MYCO000848	32	0	38	
MYCO000849	282	0	42	
MYCO000850	12	0	5	
MYCO000851	149	0	21	
MYCO000852	10	0	33	
MYCO000853	67	0	44	
MYCO000854	8	0	18	
MYCO000855	52	0	30	
MYCO000856	3	0	11	
MYCO000857	9	0	11	
MYCO000858	99	0	41	
MYCO000862	161	0	70	
MYCO000863	6	0	6	
MYCO000864	10	0	17	
MYCO000865	14	0	8	
MYCO000866	147	0	13	
MYCO000867	1024	0	50	
MYCO000868	11	0	8	
MYCO000869	136	0	35	
MYCO000870	7	0	16	
MYCO000872	912	0	52	
MYCO000873	35	0	39	
MYCO000874	162	943	38	
MYCO000875	12	0	15	
MYCO000877	11	0	19	
MYCO000878	1482	0	32	
MYCO000879	51	0	13	
MYCO000880	28	0	15	
MYCO000881	13	0	27	
MYCO000882	20	0	11	
MYCO000883	55	0	18	
MYCO000887	8	0	9	
MYCO000888	456	0	45	
MYCO000890	80	0	90	
MYCO000891	61	0	21	
MYCO000892	18	0	61	
MYCO000893	20	0	45	
MYCO000894	24	0	45	
MYCO000895	55	0	39	
MYCO000897	410	0	44	
MYCO000898	0	0	6	
MYCO000899	4	0	23	
MYCO000900	6	0	5	
MYCO000901	92	0	21	
MYCO000904	321	0	35	
MYCO000905	15	0	20	
MYCO000907	2046	0	1	
MYCO000908	13	0	63	
MYCO000909	15	0	8	
MYCO000910	8	0	14	
MYCO000911	124	0	27	
MYCO000912	2	0	13	
MYCO000913	61	0	35	
MYCO000914	62	0	46	
MYCO000915	319	0	34	
MYCO000916	6	0	13	
MYCO000917	52	0	39	
MYCO000918	24	0	19	
MYCO000919	2	0	14	
MYCO000920	26	0	39	
MYCO000921	16	0	21	
MYCO000922	57	0	58	
MYCO000923	9	0	38	
MYCO000924	166	0	35	
MYCO000925	26	0	18	
MYCO000928	32	0	16	
MYCO000930	30	0	9	
MYCO000931	74	0	67	
MYCO000932	36	0	48	
MYCO000933	16	0	24	
MYCO000934	257	0	24	
MYCO000935	27	0	36	
MYCO000936	31	0	20	
MYCO000937	2	0	18	
MYCO000938	16	0	64	
MYCO000939	45	0	60	
MYCO000940	4	0	23	
MYCO000941	8	0	26	
MYCO000942	6	0	8	
MYCO000943	21	0	35	
MYCO000944	20	0	20	
MYCO000945	41	0	30	
MYCO000947	8	0	13	
MYCO000948	1	0	9	
MYCO000950	63	0	38	
MYCO000954	44	0	38	
MYCO000955	418	0	26	
MYCO000956	186	0	20	
MYCO000958	253	0	39	
MYCO000959	340	0	64	
MYCO000960	17	0	13	
MYCO000961	19	1229	9	
MYCO000962	102	0	17	
MYCO000963	126	0	26	
MYCO000964	15	0	11	
MYCO000965	5	0	20	
MYCO000966	204	0	18	
MYCO000967	14	0	9	
MYCO000968	16	0	14	
MYCO000969	476	0	61	
MYCO000970	4	0	20	
MYCO000971	213	0	20	
MYCO000972	28	0	46	
MYCO000973	122	0	67	
MYCO000974	75	0	50	
MYCO000975	182	0	33	
MYCO000976	245	0	44	
MYCO000977	1212	0	60	
MYCO000978	1900	0	41	
MYCO000979	8	0	7	
MYCO000980	1969	0	34	
MYCO000982	71	0	32	
MYCO000984	14	0	9	
MYCO000985	6	0	20	
MYCO000986	70	0	30	
MYCO000987	111	0	113	
MYCO000988	57	0	58	
MYCO000989	23	0	49	
MYCO000990	54	0	23	
MYCO000991	2	0	7	
MYCO000992	89	0	20	
MYCO000996	10	0	31	
MYCO000997	1	0	18	
MYCO000998	58	0	22	
MYCO000999	22	0	18	
MYCO001000	19	0	11	
MYCO001003	102	0	27	
MYCO001004	783	0	43	
MYCO001005	504	0	14	
MYCO001006	33	0	45	
MYCO001012	220	0	9	
MYCO001016	9	0	11	
MYCO001019	1	0	13	
MYCO001021	11	0	24	
MYCO001024	150	0	17	
MYCO001025	29	0	14	
MYCO001027	16	0	20	
MYCO001028	538	0	55	
MYCO001029	24	0	55	
MYCO001030	23	0	63	
MYCO001031	29	0	12	
MYCO001032	39	0	45	
MYCO001033	14	0	17	
MYCO001034	281	0	14	
MYCO001035	320	0	21	
MYCO001036	48	0	13	
MYCO001037	169	943	107	
MYCO001038	1157	199	78	
MYCO001039	418	0	32	
MYCO001040	206	0	24	
MYCO001041	74	14	33	
MYCO001042	28	2	19	
MYCO001043	11	0	29	
MYCO001044	1	0	14	
MYCO001045	408	0	20	
MYCO001046	2046	0	1	
MYCO001047	1991	19	8	
MYCO001048	9	0	46	
MYCO001049	11	0	18	
MYCO001050	78	0	20	
MYCO001051	16	0	32	
MYCO001052	17	0	13	
MYCO001053	6	0	10	
MYCO001054	3	0	11	
MYCO001055	0	0	3	
MYCO001056	19	66	23	
MYCO001057	14	0	40	
MYCO001058	54	0	36	
MYCO001059	26	0	43	
MYCO001060	9	0	13	
MYCO001061	8	0	23	
MYCO001062	117	0	20	
MYCO001063	35	0	38	
MYCO001064	122	0	14	
MYCO001065	39	0	16	
MYCO001066	219	0	10	
MYCO001067	2033	0	11	
MYCO001068	1974	0	15	
MYCO001069	52	0	53	
MYCO001073	48	0	35	
MYCO001074	41	0	31	
MYCO001075	59	0	40	
MYCO001076	22	0	32	
MYCO001078	490	0	16	
MYCO001081	22	0	14	
MYCO001083	3	0	6	
MYCO001084	712	0	34	
MYCO001085	20	0	19	
MYCO001087	1719	0	49	
MYCO001088	176	0	16	
MYCO001089	2048	0	0	
MYCO001090	23	0	13	
MYCO001091	1869	0	43	
MYCO001093	28	0	34	
MYCO001096	29	0	23	
MYCO001097	8	0	35	
MYCO001100	17	0	22	
MYCO001101	54	0	30	
MYCO001102	7	0	7	
MYCO001103	3	0	6	
MYCO001104	6	0	26	
MYCO001105	16	0	13	
MYCO001106	41	0	18	
MYCO001107	0	0	7	
MYCO001109	6	0	17	
MYCO001111	18	0	30	
MYCO001113	0	0	3	
MYCO001114	1	0	10	
MYCO001115	34	0	35	
MYCO001116	7	0	7	
MYCO001117	3	0	7	
MYCO001118	108	0	25	
MYCO001119	7	0	5	
MYCO001120	8	0	15	
MYCO001121	41	0	40	
MYCO001122	187	0	24	
MYCO001123	22	0	27	
MYCO001124	39	0	28	
MYCO001125	232	0	35	
MYCO001126	7	0	16	
MYCO001127	10	0	39	
MYCO001128	665	0	36	
MYCO001129	13	0	60	
MYCO001130	22	0	47	
MYCO001131	6	0	31	
MYCO001132	355	0	40	
MYCO001133	267	0	40	
MYCO001134	129	0	10	
MYCO001135	607	0	59	
MYCO001136	1	0	11	
MYCO001137	12	0	11	
MYCO001138	29	0	25	
MYCO001139	157	0	23	
MYCO001140	8	0	17	
MYCO001141	19	1018	22	
MYCO001142	19	1145	18	
MYCO001143	28	0	25	
MYCO001144	27	0	19	
MYCO001145	992	0	10	
MYCO001146	19	0	36	
MYCO001147	10	0	16	
MYCO001148	1979	11	20	
MYCO001149	28	1	19	
MYCO001150	2048	0	0	
MYCO001151	15	0	13	
MYCO001152	11	0	11	
MYCO001153	39	0	28	
MYCO001154	5	0	22	
MYCO001155	13	0	15	
MYCO001156	18	0	17	
MYCO001157	856	0	21	
MYCO001158	445	0	18	
MYCO001159	8	0	36	
MYCO001160	30	0	16	
MYCO001161	68	0	94	
MYCO001162	30	0	42	
MYCO001163	16	0	11	
MYCO001164	9	0	17	
MYCO001166	73	0	36	
MYCO001167	13	0	14	
MYCO001168	305	0	30	
MYCO001169	7	0	13	
MYCO001170	18	0	24	
MYCO001171	6	0	14	
MYCO001172	258	0	29	
MYCO001174	2	0	13	
MYCO001175	780	0	58	
MYCO001176	98	0	18	
MYCO001179	369	0	78	
MYCO001180	2044	0	1	
MYCO001181	106	0	125	
MYCO001182	12	0	26	
MYCO001183	18	0	80	
MYCO001184	13	0	29	
MYCO001185	27	0	37	
MYCO001186	147	0	52	
MYCO001187	213	0	37	
MYCO001188	107	0	32	
MYCO001189	38	0	26	
MYCO001190	252	0	20	
MYCO001191	355	0	25	
MYCO001192	218	0	15	
MYCO001194	25	0	39	
MYCO001195	8	0	5	
MYCO001196	1003	142	233	
MYCO001197	1157	217	81	
MYCO001198	169	952	105	
MYCO001199	1991	20	9	
MYCO001200	148	0	42	
MYCO001203	134	0	18	
MYCO001204	132	0	47	
MYCO001205	33	0	14	
MYCO001206	33	0	36	
MYCO001209	23	0	9	
MYCO001210	9	0	9	
MYCO001211	5	0	5	
MYCO001212	27	0	30	
MYCO001214	64	0	10	
MYCO001215	281	0	64	
MYCO001216	40	0	19	
MYCO001217	335	0	49	
MYCO001218	6	0	40	
MYCO001219	17	0	22	
MYCO001222	3	0	15	
MYCO001224	8	0	21	
MYCO001225	507	0	29	
MYCO001226	267	0	44	
MYCO001227	11	0	14	
MYCO001228	5	0	28	
MYCO001230	155	0	55	
MYCO001231	62	0	18	
MYCO001232	42	0	49	
MYCO001233	89	0	27	
MYCO001234	16	0	17	
MYCO001235	9	0	25	
MYCO001236	23	0	23	
MYCO001237	5	0	12	
MYCO001240	32	0	31	
MYCO001241	18	0	13	
MYCO001242	15	0	16	
MYCO001243	1317	0	28	
MYCO001244	308	0	36	
MYCO001246	3	0	12	
MYCO001247	5	0	5	
MYCO001249	28	0	32	
MYCO001250	242	0	41	
MYCO001251	570	0	64	
MYCO001252	9	0	17	
MYCO001254	190	0	29	
MYCO001255	18	0	27	
MYCO001256	49	0	29	
MYCO001257	14	0	52	
MYCO001258	468	0	36	
MYCO001259	68	0	20	
MYCO001260	186	0	22	
MYCO001261	12	0	15	
MYCO001262	13	0	12	
MYCO001263	187	0	39	
MYCO001264	59	0	36	
MYCO001265	44	0	11	
MYCO001266	432	0	49	
MYCO001267	16	0	31	
MYCO001268	128	0	23	
MYCO001269	401	0	10	
MYCO001270	103	0	21	
MYCO001271	6	0	10	
MYCO001274	206	0	12	
MYCO001275	2	0	17	
MYCO001276	99	0	16	
MYCO001278	398	0	55	
MYCO001279	39	0	37	
MYCO001280	13	0	46	
MYCO001281	38	0	44	
MYCO001282	2	0	15	
MYCO001283	55	0	20	
MYCO001284	4	0	12	
MYCO001285	4	0	32	
MYCO001286	9	0	57	
MYCO001287	5	0	10	
MYCO001288	833	0	40	
MYCO001289	5	0	21	
MYCO001290	315	440	41	
MYCO001291	8	0	13	
MYCO001296	78	0	26	
MYCO001300	200	0	15	
MYCO001301	9	0	16	
MYCO001303	4	0	11	
MYCO001304	7	0	26	
MYCO001306	5	0	15	
MYCO001307	19	0	41	
MYCO001312	17	0	19	
MYCO001313	1080	24	19	
MYCO001314	22	0	24	
MYCO001316	23	0	19	
MYCO001317	82	0	48	
MYCO001318	88	0	43	
MYCO001319	1547	0	37	
MYCO001320	89	0	58	
MYCO001322	88	0	12	
MYCO001324	212	0	30	
MYCO001325	1308	0	45	
MYCO001329	242	0	49	
MYCO001330	120	0	47	
MYCO001331	8	0	7	
MYCO001332	5	0	15	
MYCO001333	99	0	29	
MYCO001334	61	0	11	
MYCO001335	53	0	11	
MYCO001336	158	0	22	
MYCO001337	3	0	18	
MYCO001339	10	0	22	
MYCO001341	15	0	13	
MYCO001342	7	0	9	
MYCO001343	10	0	16	
MYCO001344	1	0	10	
MYCO001345	25	0	47	
MYCO001346	7	0	17	
MYCO001347	4	0	23	
MYCO001348	120	0	60	
MYCO001349	49	0	42	
MYCO001350	8	0	17	
MYCO001351	9	0	13	
MYCO001352	6	0	17	
MYCO001353	85	0	28	
MYCO001354	107	0	67	
MYCO001355	328	0	81	
MYCO001356	100	0	28	
MYCO001357	18	0	29	
MYCO001358	603	0	72	
MYCO001359	35	0	20	
MYCO001360	61	0	21	
MYCO001361	970	146	245	
MYCO001362	14	0	18	
MYCO001363	162	0	28	
MYCO001364	165	0	46	
MYCO001365	13	0	14	
MYCO001366	134	0	17	
MYCO001367	141	0	39	
MYCO001368	48	0	27	
MYCO001369	2048	0	0	
MYCO001370	240	2	12	
MYCO001371	474	0	31	
MYCO001372	12	0	42	
MYCO001373	33	0	29	
MYCO001374	3	0	19	
MYCO001375	105	0	35	
MYCO001376	157	0	37	
MYCO001377	6	0	21	
MYCO001378	257	0	42	
MYCO001379	21	0	15	
MYCO001382	54	0	22	
MYCO001386	56	0	14	
MYCO001387	772	0	35	
MYCO001389	37	0	29	
MYCO001393	58	0	28	
MYCO001394	14	0	38	
MYCO001395	10	0	38	
MYCO001396	1410	0	38	
MYCO001397	9	0	11	
MYCO001398	2	0	8	
MYCO001399	40	0	36	
MYCO001400	70	0	29	
MYCO001401	65	0	25	
MYCO001403	116	0	26	
MYCO001404	3	0	8	
MYCO001405	11	0	27	
MYCO001406	145	0	29	
MYCO001409	250	0	22	
MYCO001411	2	0	23	
MYCO001413	5	0	20	
MYCO001414	6	0	17	
MYCO001417	5	0	17	
MYCO001418	7	0	15	
MYCO001419	6	0	16	
MYCO001422	98	0	18	
MYCO001423	118	0	31	
MYCO001424	22	0	25	
MYCO001425	12	0	34	
MYCO001426	30	0	40	
MYCO001427	82	0	42	
MYCO001428	4	0	30	
MYCO001429	84	0	42	
MYCO001430	234	0	40	
MYCO001431	22	0	69	
MYCO001432	195	0	29	
MYCO001433	5	0	19	
MYCO001434	10	0	3	
MYCO001435	419	0	23	
MYCO001439	2	538	11	
MYCO001441	1107	0	61	
MYCO001442	103	0	79	
MYCO001443	11	0	17	
MYCO001444	14	0	16	
MYCO001446	310	0	33	
MYCO001450	2045	0	3	
MYCO001452	1906	0	50	
MYCO001453	36	0	38	
MYCO001454	18	0	31	
MYCO001455	53	0	26	
MYCO001456	61	0	30	
MYCO001459	173	0	42	
MYCO001460	304	0	20	
MYCO001461	35	0	68	
MYCO001468	1030	0	27	
MYCO001469	165	0	52	
MYCO001470	2	0	8	
MYCO001471	12	0	6	
MYCO001472	23	0	36	
MYCO001476	1	0	16	
MYCO001477	60	0	38	
MYCO001478	30	0	18	
MYCO001482	13	0	27	
MYCO001486	10	0	30	
MYCO001487	6	0	15	
MYCO001488	25	0	23	
MYCO001489	5	0	13	
MYCO001490	19	0	55	
MYCO001491	2	0	21	
MYCO001492	207	0	56	
MYCO001494	5	0	12	
MYCO001495	5	0	9	
MYCO001496	18	0	28	
MYCO001497	65	0	38	
MYCO001498	26	0	31	
MYCO001499	15	0	11	
MYCO001500	33	0	38	
MYCO001501	23	0	26	
MYCO001502	40	0	35	
MYCO001503	2048	0	0	
MYCO001504	533	0	11	
MYCO001505	26	0	33	
MYCO001506	52	0	18	
MYCO001507	43	0	24	
MYCO001508	102	56	52	
MYCO001509	164	0	19	
MYCO001510	4	1088	26	
MYCO001511	36	0	28	
MYCO001512	25	0	31	
MYCO001513	26	0	17	
MYCO001514	22	0	22	
MYCO001515	30	0	28	
MYCO001516	109	0	29	
MYCO001517	22	0	19	
MYCO001518	72	0	35	
MYCO001519	316	0	10	
MYCO001520	331	0	37	
MYCO001521	65	0	41	
MYCO001522	193	0	97	
MYCO001523	43	0	29	
MYCO001524	214	0	32	
MYCO001525	236	0	24	
MYCO001526	195	0	38	
MYCO001527	489	0	160	
MYCO001528	17	0	8	
MYCO001529	36	0	54	
MYCO001530	26	0	38	
MYCO001531	7	0	15	
MYCO001532	31	0	14	
MYCO001533	59	0	23	
MYCO001534	12	0	19	
MYCO001535	5	0	3	
MYCO001537	69	0	43	
MYCO001538	135	0	31	
MYCO001539	13	0	15	
MYCO001541	18	0	15	
MYCO001542	6	7	14	
MYCO001543	10	0	29	
MYCO001544	35	0	26	
MYCO001545	10	0	10	
MYCO001546	29	0	21	
MYCO001548	75	0	67	
MYCO001549	2026	0	2	
MYCO001550	227	0	40	
MYCO001551	476	0	45	
MYCO001552	61	0	65	
MYCO001553	80	0	15	
MYCO001554	4	0	15	
MYCO001555	5	0	8	
MYCO001556	9	0	22	
MYCO001558	10	0	11	
MYCO001560	2	0	6	
MYCO001561	5	0	13	
MYCO001562	197	0	41	
MYCO001563	132	0	54	
MYCO001565	274	0	46	
MYCO001566	65	0	30	
MYCO001567	2	0	14	
MYCO001570	218	0	16	
MYCO001571	189	0	10	
MYCO001572	1467	0	7	
MYCO001573	1335	0	8	
MYCO001574	1406	0	12	
MYCO001575	2045	0	3	
MYCO001576	392	255	81	
MYCO001577	1285	0	9	
MYCO001578	1287	0	13	
MYCO001579	1277	0	6	
MYCO001580	1291	0	6	
MYCO001581	1565	0	4	
MYCO001582	1284	0	19	
MYCO001583	145	344	16	
MYCO001584	1339	0	5	
MYCO001585	1432	0	17	
MYCO001586	1320	0	27	
MYCO001587	2028	0	8	
MYCO001588	1972	2	33	
MYCO001590	6	0	8	
MYCO001591	12	0	33	
MYCO001592	8	0	39	
MYCO001596	8	0	18	
MYCO001597	16	0	23	
MYCO001598	15	0	11	
MYCO001602	4	0	21	
MYCO001604	10	0	25	
MYCO001606	10	0	11	
MYCO001607	28	0	19	
MYCO001608	1	0	9	
MYCO001610	241	0	18	
MYCO001613	5	0	23	
MYCO001614	18	0	33	
MYCO001615	4	0	15	
MYCO001616	5	0	8	
MYCO001618	6	0	23	
MYCO001619	91	0	34	
MYCO001620	298	0	30	
MYCO001621	276	0	30	
MYCO001622	10	0	30	
MYCO001623	8	0	41	
MYCO001624	6	0	20	
MYCO001625	92	0	40	
MYCO001628	28	0	14	
MYCO001631	29	0	36	
MYCO001632	26	0	13	
MYCO001634	24	0	38	
MYCO001635	30	0	42	
MYCO001636	2	0	13	
MYCO001637	109	0	23	
MYCO001639	411	624	37	
MYCO001640	44	0	99	
MYCO001644	150	0	32	
MYCO001645	221	0	28	
MYCO001646	177	0	24	
MYCO001647	527	0	19	
MYCO001648	10	0	24	
MYCO001650	309	0	79	
MYCO001651	1147	0	71	
MYCO001660	303	0	23	
MYCO001661	582	0	145	
MYCO001662	513	0	135	
MYCO001663	64	0	63	
MYCO001664	144	0	93	
MYCO001665	80	0	30	
MYCO001666	69	0	29	
MYCO001667	26	0	20	
MYCO001668	1997	0	3	
MYCO001669	59	0	10	
MYCO001670	20	0	12	
MYCO001671	4	0	16	
MYCO001672	182	0	32	
MYCO001673	158	0	28	
MYCO001674	175	0	13	
MYCO001675	146	0	30	
MYCO001676	7	0	32	
MYCO001677	10	0	17	
MYCO001678	234	0	30	
MYCO001679	21	0	31	
MYCO001680	25	0	29	
MYCO001681	20	0	26	
MYCO001682	178	0	30	
MYCO001683	312	0	52	
MYCO001684	14	0	7	
MYCO001685	6	0	16	
MYCO001686	12	0	25	
MYCO001687	7	0	24	
MYCO001688	52	0	20	
MYCO001690	6	0	8	
MYCO001691	110	0	26	
MYCO001692	217	0	22	
MYCO001693	7	0	9	
MYCO001696	17	0	39	
MYCO001698	179	0	25	
MYCO001700	6	0	22	
MYCO001702	217	0	41	
MYCO001703	5	0	15	
MYCO001704	14	0	54	
MYCO001705	434	0	23	
MYCO001706	145	0	26	
MYCO001707	32	0	43	
MYCO001710	5	0	21	
MYCO001714	247	0	25	
MYCO001715	230	0	31	
MYCO001716	7	0	33	
MYCO001717	444	0	13	
MYCO001718	32	0	40	
MYCO001719	47	0	32	
MYCO001720	37	0	11	
MYCO001721	2	0	5	
MYCO001722	206	0	45	
MYCO001723	101	0	31	
MYCO001724	35	0	10	
MYCO001725	98	0	27	
MYCO001726	113	0	59	
MYCO001727	20	0	21	
MYCO001728	7	0	25	
MYCO001729	19	0	27	
MYCO001730	370	0	61	
MYCO001731	148	0	39	
MYCO001732	105	0	13	
MYCO001733	2	0	26	
MYCO001734	4	0	8	
MYCO001735	15	0	19	
MYCO001736	329	845	68	
MYCO001737	322	0	26	
MYCO001738	21	0	16	
MYCO001739	122	0	46	
MYCO001740	3	0	8	
MYCO001741	4	611	9	
MYCO001742	57	0	26	
MYCO001743	220	0	34	
MYCO001744	308	0	15	
MYCO001745	14	0	23	
MYCO001746	92	0	44	
MYCO001747	138	0	56	
MYCO001748	9	0	21	
MYCO001749	15	0	21	
MYCO001750	89	0	38	
MYCO001751	46	0	37	
MYCO001752	10	0	18	
MYCO001753	2030	0	14	
MYCO001754	907	0	35	
MYCO001755	2048	0	0	
MYCO001756	2048	0	0	
MYCO001757	240	2	12	
MYCO001758	1420	0	22	
MYCO001759	1917	0	25	
MYCO001760	1095	0	32	
MYCO001761	1079	0	15	
MYCO001762	1097	0	17	
MYCO001763	240	2	12	
MYCO001764	2048	0	0	
MYCO001765	2043	0	2	
MYCO001766	11	0	7	
MYCO001767	6	0	12	
MYCO001768	981	0	44	
MYCO001769	145	0	39	
MYCO001770	107	0	40	
MYCO001771	2	0	42	
MYCO001772	9	0	6	
MYCO001773	6	0	29	
MYCO001774	36	0	54	
MYCO001775	547	0	19	
MYCO001776	12	0	21	
MYCO001777	145	0	45	
MYCO001778	227	0	12	
MYCO001779	183	0	68	
MYCO001780	6	0	13	
MYCO001781	228	0	67	
MYCO001782	48	0	29	
MYCO001783	95	0	76	
MYCO001785	10	0	26	
MYCO001786	1	0	7	
MYCO001787	1777	0	22	
MYCO001788	5	7	15	
MYCO001789	187	0	37	
MYCO001790	884	0	42	
MYCO001791	9	0	6	
MYCO001792	2048	0	0	
MYCO001793	169	745	81	
MYCO001794	1	0	20	
MYCO001795	212	0	37	
MYCO001796	79	0	57	
MYCO001797	5	0	43	
MYCO001798	15	0	37	
MYCO001799	177	0	5	
MYCO001800	73	0	75	
MYCO001801	549	0	38	
MYCO001802	368	0	41	
MYCO001803	580	0	51	
MYCO001804	10	0	13	
MYCO001805	1	0	15	
MYCO001806	5	0	10	
MYCO001807	2048	0	0	
MYCO001808	134	0	33	
MYCO001809	89	0	34	
MYCO001810	2	0	10	
MYCO001811	13	0	36	
MYCO001812	101	0	36	
MYCO001813	5	0	17	
MYCO001814	102	0	35	
MYCO001815	300	0	33	
MYCO001816	292	544	15	
MYCO001817	221	0	50	
MYCO001818	1342	0	41	
MYCO001819	69	0	33	
MYCO001820	54	0	40	
MYCO001822	7	0	18	
MYCO001823	47	0	29	
MYCO001824	6	0	13	
MYCO001825	8	0	27	
MYCO001826	2	0	10	
MYCO001828	9	0	14	
MYCO001831	18	0	8	
MYCO001833	8	0	28	
MYCO001834	17	0	22	
MYCO001835	88	0	61	
MYCO001836	122	0	56	
MYCO001838	5	0	13	
MYCO001839	1	0	8	
MYCO001840	969	0	40	
MYCO001841	27	0	32	
MYCO001845	366	0	22	
MYCO001846	17	0	18	
MYCO001847	22	0	23	
MYCO001848	28	0	7	
MYCO001849	1	0	6	
MYCO001850	126	0	55	
MYCO001851	183	0	22	
MYCO001852	34	0	13	
MYCO001853	8	0	19	
MYCO001855	26	0	31	
MYCO001856	300	0	24	
MYCO001857	5	0	25	
MYCO001858	11	0	15	
MYCO001859	32	0	31	
MYCO001860	311	0	32	
MYCO001861	3	0	16	
MYCO001862	11	0	25	
MYCO001863	18	0	24	
MYCO001864	7	0	16	
MYCO001865	7	0	15	
MYCO001866	45	0	68	
MYCO001867	106	0	44	
MYCO001868	146	0	60	
MYCO001869	72	0	24	
MYCO001870	213	0	19	
MYCO001871	75	0	15	
MYCO001872	17	0	45	
MYCO001873	25	0	19	
MYCO001874	15	0	27	
MYCO001875	12	0	22	
MYCO001876	23	0	18	
MYCO001877	94	0	65	
MYCO001878	127	0	35	
MYCO001879	87	0	29	
MYCO001880	28	0	49	
MYCO001881	18	0	16	
MYCO001882	8	0	30	
MYCO001883	12	0	20	
MYCO001884	6	0	13	
MYCO001885	12	0	27	
MYCO001887	93	0	36	
MYCO001888	1709	0	3	
MYCO001889	12	0	10	
MYCO001890	10	0	12	
MYCO001891	6	0	23	
MYCO001892	9	0	7	
MYCO001893	4	0	8	
MYCO001895	575	0	16	
MYCO001896	142	0	41	
MYCO001897	12	0	17	
MYCO001898	7	0	8	
MYCO001899	749	0	30	
MYCO001900	50	0	49	
MYCO001901	77	0	38	
MYCO001902	56	0	37	
MYCO001903	6	0	18	
MYCO001904	5	0	12	
MYCO001905	23	0	30	
MYCO001906	6	0	15	
MYCO001907	1432	0	26	
MYCO001908	56	0	86	
MYCO001909	3	0	16	
MYCO001910	62	0	20	
MYCO001911	68	0	17	
MYCO001912	594	0	21	
MYCO001913	6	0	25	
MYCO001914	3	0	16	
MYCO001915	1232	0	13	
MYCO001916	30	0	25	
MYCO001917	2040	0	5	
MYCO001918	392	0	96	
MYCO001919	4	0	15	
MYCO001920	8	0	38	
MYCO001921	332	0	35	
MYCO001922	34	0	31	
MYCO001923	37	0	50	
MYCO001924	8	0	15	
MYCO001925	21	0	41	
MYCO001926	6	0	16	
MYCO001927	61	0	25	
MYCO001928	337	0	22	
MYCO001929	394	0	31	
MYCO001930	68	0	15	
MYCO001931	22	0	22	
MYCO001932	22	0	23	
MYCO001933	291	0	35	
MYCO001934	180	0	32	
MYCO001935	22	0	37	
MYCO001936	14	0	34	
MYCO001937	194	0	68	
MYCO001938	28	0	45	
MYCO001939	198	0	22	
MYCO001940	1672	0	9	
MYCO001941	31	0	23	
MYCO001942	3	0	10	
MYCO001943	11	0	14	
MYCO001944	10	0	34	
MYCO001945	1925	19	24	
MYCO001946	17	0	17	
MYCO001947	37	0	14	
MYCO001948	63	0	25	
MYCO001949	2048	0	0	
MYCO001950	6	0	5	
MYCO001951	87	0	6	
MYCO001952	6	0	6	
MYCO001953	6	0	20	
MYCO001954	23	0	19	
MYCO001955	12	0	9	
MYCO001956	21	0	20	
MYCO001957	10	0	18	
MYCO001958	26	0	25	
MYCO001959	1	0	10	
MYCO001960	1	0	9	
MYCO001961	34	0	21	
MYCO001962	3	0	11	
MYCO001963	41	0	23	
MYCO001964	75	0	19	
MYCO001965	75	0	29	
MYCO001966	58	0	39	
MYCO001967	50	0	36	
MYCO001968	638	0	37	
MYCO001969	77	0	41	
MYCO001970	38	0	32	
MYCO001971	184	0	44	
MYCO001972	34	0	24	
MYCO001973	74	0	12	
MYCO001974	31	0	15	
MYCO001975	252	0	24	
MYCO001976	52	0	13	
MYCO001977	241	0	18	
MYCO001978	394	0	21	
MYCO001979	57	0	36	
MYCO001980	15	0	23	
MYCO001982	9	0	20	
MYCO001983	549	0	46	
MYCO001984	96	0	21	
MYCO001985	58	0	21	
MYCO001986	24	0	26	
MYCO001987	17	0	14	
MYCO001988	45	0	18	
MYCO001989	16	0	16	
MYCO001990	0	0	8	
MYCO001991	2	0	7	
MYCO001992	687	0	48	
MYCO001993	410	0	15	
MYCO001994	304	0	11	
MYCO001995	399	0	23	
MYCO001996	389	0	24	
MYCO001997	900	0	62	
MYCO001998	22	0	25	
MYCO001999	144	0	45	
MYCO002000	46	0	52	
MYCO002001	9	0	25	
MYCO002002	15	0	21	
MYCO002003	38	0	33	
MYCO002004	78	0	39	
MYCO002005	10	0	26	
MYCO002006	103	0	116	
MYCO002007	2	0	5	
MYCO002008	13	0	46	
MYCO002009	3	0	7	
MYCO002010	8	0	12	
MYCO002011	0	0	11	
MYCO002012	5	0	22	
MYCO002013	197	0	15	
MYCO002014	45	0	20	
MYCO002015	565	0	48	
MYCO002016	479	0	14	
MYCO002017	39	0	33	
MYCO002018	49	0	12	
MYCO002019	182	0	11	
MYCO002020	84	0	10	
MYCO002021	53	0	7	
MYCO002022	68	0	24	
MYCO002023	131	0	12	
MYCO002024	1882	0	13	
MYCO002025	31	0	32	
MYCO002026	8	0	29	
MYCO002027	453	0	33	
MYCO002028	86	0	22	
MYCO002029	70	0	36	
MYCO002030	107	0	54	
MYCO002031	5	0	13	
MYCO002032	79	0	28	
MYCO002033	277	0	34	
MYCO002034	92	0	6	
MYCO002035	3	0	22	
MYCO002036	5	0	18	
MYCO002037	20	0	42	
MYCO002038	4	0	29	
MYCO002039	4	0	21	
MYCO002040	7	0	19	
MYCO002041	11	0	38	
MYCO002042	40	0	29	
MYCO002043	85	0	110	
MYCO002044	321	0	11	
MYCO002045	21	0	56	
MYCO002046	65	0	26	
MYCO002047	92	0	56	
MYCO002048	2026	0	12	
MYCO002049	10	0	7	
MYCO002051	125	0	60	
MYCO002052	301	0	48	
MYCO002053	6	0	24	
MYCO002054	18	0	24	
MYCO002059	121	0	60	
MYCO002060	94	0	16	
MYCO002061	14	0	14	
MYCO002062	409	0	90	
MYCO002063	2	0	5	
MYCO002064	303	0	29	
MYCO002065	322	0	20	
MYCO002066	241	0	50	
MYCO002067	27	0	33	
MYCO002068	7	0	27	
MYCO002069	47	0	17	
MYCO002070	769	0	18	
MYCO002071	26	0	43	
MYCO002072	109	0	29	
MYCO002073	92	0	21	
MYCO002074	44	0	9	
MYCO002075	99	0	45	
MYCO002076	1	0	6	
MYCO002077	43	0	30	
MYCO002078	3	0	17	
MYCO002079	474	0	41	
MYCO002080	10	0	19	
MYCO002081	1191	0	16	
MYCO002082	973	0	73	
MYCO002083	135	0	33	
MYCO002084	1005	0	14	
MYCO002085	11	0	9	
MYCO002086	7	0	17	
MYCO002087	11	0	7	
MYCO002088	643	0	38	
MYCO002091	20	0	26	
MYCO002094	1	0	10	
MYCO002095	238	0	32	
MYCO002098	2048	0	0	
MYCO002099	2048	0	0	
MYCO002100	417	0	42	
MYCO002101	401	0	75	
MYCO002102	98	0	16	
MYCO002103	24	0	16	
MYCO002104	3	0	10	
MYCO002105	240	2	12	
MYCO002106	2048	0	0	
MYCO002107	32	0	13	
MYCO002108	58	0	21	
MYCO002113	44	0	35	
MYCO002114	27	0	18	
MYCO002116	26	0	19	
MYCO002117	21	0	5	
MYCO002120	166	0	13	
MYCO002123	1246	0	26	
MYCO002124	146	0	89	
MYCO002126	973	0	22	
MYCO002127	82	0	46	
MYCO002128	3	0	6	
MYCO002129	31	0	29	
MYCO002131	22	0	27	
MYCO002132	20	0	5	
MYCO002133	21	0	17	
MYCO002135	293	0	16	
MYCO002136	28	0	21	
MYCO002137	14	0	14	
MYCO002138	36	0	32	
MYCO002142	5	0	12	
MYCO002143	42	0	32	
MYCO002144	27	0	10	
MYCO002146	2	0	9	
MYCO002147	356	0	19	
MYCO002148	355	0	19	
MYCO002149	30	0	9	
MYCO002152	166	0	35	
MYCO002158	577	0	51	
MYCO002159	379	0	34	
MYCO002160	1076	0	7	
MYCO002161	265	572	35	
MYCO002162	1482	0	40	
MYCO002164	197	0	40	
MYCO002165	12	0	37	
MYCO002167	2048	0	0	
MYCO002168	240	2	12	
MYCO002169	9	0	13	
MYCO002171	4	0	23	
MYCO002172	8	0	25	
MYCO002173	92	0	26	
MYCO002174	26	0	38	
MYCO002175	4	0	18	
MYCO002177	1053	63	18	
MYCO002180	371	0	23	
MYCO002181	22	0	34	
MYCO002183	1	0	8	
MYCO002184	10	0	26	
MYCO002185	2	0	10	
MYCO002189	222	0	23	
MYCO002190	299	0	30	
MYCO002191	185	0	43	
MYCO002197	49	0	19	
MYCO002198	251	0	32	
MYCO002203	79	0	24	
MYCO002204	1	0	10	
MYCO002205	241	0	38	
MYCO002206	11	0	18	
MYCO002207	360	0	22	
MYCO002208	133	0	23	
MYCO002209	122	0	44	
MYCO002212	25	0	44	
MYCO002214	31	0	49	
MYCO002215	288	0	43	
MYCO002223	96	0	42	
MYCO002224	17	0	43	
MYCO002226	275	0	40	
MYCO002227	231	0	15	
MYCO002229	11	0	13	
MYCO002231	46	0	26	
MYCO002232	75	0	17	
MYCO002234	8	0	19	
MYCO002236	347	0	24	
MYCO002237	1	0	21	
MYCO002238	3	0	4	
MYCO002240	18	0	16	
MYCO002248	58	0	14	
MYCO002249	255	0	46	
MYCO002250	5	0	12	
MYCO002251	2046	0	1	
MYCO002252	8	0	30	
MYCO002253	17	0	16	
MYCO002254	14	0	20	
MYCO002255	9	0	12	
MYCO002256	2	0	8	
MYCO002258	188	0	34	
MYCO002260	5	0	17	
MYCO002261	11	0	16	
MYCO002262	2026	0	2	
MYCO002263	434	0	26	
MYCO002264	969	0	36	
MYCO002265	208	0	33	
MYCO002266	9	0	42	
MYCO002267	24	0	35	
MYCO002268	110	0	46	
MYCO002269	5	0	13	
MYCO002270	82	0	25	
MYCO002271	73	0	8	
MYCO002272	74	0	9	
MYCO002273	80	0	11	
MYCO002274	82	0	18	
MYCO002275	241	0	27	
MYCO002276	89	0	37	
MYCO002277	82	1906	30	
MYCO002278	240	2	12	
MYCO002279	2048	0	0	
MYCO002280	131	0	40	
MYCO002281	15	0	42	
MYCO002282	272	638	27	
MYCO002283	14	0	8	
MYCO002284	90	0	26	
MYCO002285	196	0	36	
MYCO002286	223	511	20	
MYCO002287	50	0	35	
MYCO002288	6	0	18	
MYCO002289	50	0	20	
MYCO002290	16	0	23	
MYCO002291	20	0	23	
MYCO002292	9	0	7	
MYCO002293	980	0	12	
MYCO002294	18	0	41	
MYCO002295	7	0	19	
MYCO002296	52	0	21	
MYCO002297	6	0	15	
MYCO002298	11	0	29	
MYCO002299	30	0	43	
MYCO002300	37	0	37	
MYCO002301	27	0	26	
MYCO002302	2	0	10	
MYCO002303	12	0	32	
MYCO002304	5	0	6	
MYCO002305	149	0	44	
MYCO002307	131	0	30	
MYCO002308	62	0	24	
MYCO002309	4	0	16	
MYCO002310	39	0	18	
MYCO002311	21	0	16	
MYCO002312	1	0	5	
MYCO002313	34	0	26	
MYCO002314	62	0	36	
MYCO002316	7	0	24	
MYCO002317	5	0	16	
MYCO002318	412	0	35	
MYCO002319	780	0	25	
MYCO002320	27	0	38	
MYCO002321	5	0	20	
MYCO002322	4	0	21	
MYCO002323	11	0	33	
MYCO002324	5	0	19	
MYCO002325	109	0	21	
MYCO002326	186	0	43	
MYCO002327	28	0	10	
MYCO002328	16	0	34	
MYCO002329	123	0	56	
MYCO002330	10	0	21	
MYCO002331	1	0	11	
MYCO002332	19	0	41	
MYCO002333	294	0	31	
MYCO002334	44	0	29	
MYCO002335	58	0	22	
MYCO002336	122	0	33	
MYCO002337	65	0	29	
MYCO002338	206	0	37	
MYCO002339	518	0	75	
MYCO002340	234	0	37	
MYCO002341	39	0	15	
MYCO002342	8	0	12	
MYCO002345	161	0	54	
MYCO002346	169	877	92	
MYCO002347	1157	208	80	
MYCO002348	15	0	13	
MYCO002349	205	0	49	
MYCO002350	260	728	35	
MYCO002351	261	748	37	
MYCO002352	472	10	33	
MYCO002353	2003	0	4	
MYCO002354	240	2	12	
MYCO002355	2048	0	0	
MYCO002356	1530	0	29	
MYCO002358	4	0	10	
MYCO002359	2	0	28	
MYCO002360	4	0	17	
MYCO002363	532	0	16	
MYCO002365	201	0	8	
MYCO002369	15	0	11	
MYCO002370	18	0	46	
MYCO002371	70	0	4	
MYCO002372	59	0	22	
MYCO002375	3	0	7	
MYCO002376	33	0	24	
MYCO002377	6	0	5	
MYCO002378	37	0	29	
MYCO002379	167	0	79	
MYCO002380	351	0	118	
MYCO002381	138	0	72	
MYCO002382	70	0	36	
MYCO002383	304	253	89	
MYCO002384	155	0	32	
MYCO002385	35	0	32	
MYCO002386	70	0	37	
MYCO002387	10	0	33	
MYCO002388	52	0	28	
MYCO002389	8	0	11	
MYCO002390	24	0	14	
MYCO002391	6	0	37	
MYCO002392	39	0	18	
MYCO002393	65	1247	23	
MYCO002394	60	0	58	
MYCO002395	175	0	45	
MYCO002396	1152	0	27	
MYCO002397	45	0	31	
MYCO002398	2	0	24	
MYCO002401	3	0	10	
MYCO002403	32	0	13	
MYCO002405	9	0	20	
MYCO002406	55	0	13	
MYCO002407	93	0	28	
MYCO002408	127	0	19	
MYCO002414	151	0	46	
MYCO002415	47	0	25	
MYCO002416	51	0	33	
MYCO002417	362	0	18	
MYCO002418	92	0	20	
MYCO002419	48	0	22	
MYCO002422	9	0	7	
MYCO002423	10	0	35	
MYCO002424	1965	0	14	
MYCO002428	42	0	23	
MYCO002429	11	0	14	
MYCO002430	16	0	17	
MYCO002431	8	711	7	
MYCO002432	18	0	14	
MYCO002433	4	0	8	
MYCO002434	384	0	40	
MYCO002435	61	0	64	
MYCO002436	126	0	30	
MYCO002437	453	0	7	
MYCO002438	37	0	36	
MYCO002443	21	0	46	
MYCO002444	160	0	71	
MYCO002446	3	0	10	
MYCO002449	209	0	35	
MYCO002450	146	0	30	
MYCO002451	17	0	13	
MYCO002452	0	0	9	
MYCO002453	10	0	22	
MYCO002456	26	0	29	
MYCO002458	15	0	23	
MYCO002459	24	0	33	
MYCO002463	6	0	21	
MYCO002464	50	0	25	
MYCO002468	16	0	16	
MYCO002469	21	0	27	
MYCO002471	25	0	58	
MYCO002472	4	0	8	
MYCO002473	42	0	22	
MYCO002474	74	0	26	
MYCO002475	1	0	13	
MYCO002476	452	0	92	
MYCO002478	148	0	16	
MYCO002479	2048	0	0	
MYCO002480	240	2	12	
MYCO002481	87	0	15	
MYCO002482	96	0	71	
MYCO002483	22	0	38	
MYCO002484	17	0	50	
MYCO002485	40	0	42	
MYCO002486	81	0	16	
MYCO002487	1190	0	55	
MYCO002488	398	0	82	
MYCO002489	36	0	10	
MYCO002490	1974	0	16	
MYCO002491	47	0	22	
MYCO002492	46	0	33	
MYCO002493	3	0	8	
MYCO002494	4	0	14	
MYCO002495	68	0	37	
MYCO002496	12	0	26	
MYCO002497	21	0	24	
MYCO002498	21	0	26	
MYCO002499	8	0	20	
MYCO002501	176	0	69	
MYCO002503	17	0	23	
MYCO002504	17	0	23	
MYCO002505	61	0	52	
MYCO002506	23	0	12	
MYCO002507	119	0	25	
MYCO002508	36	0	40	
MYCO002510	70	0	59	
MYCO002512	1991	20	9	
MYCO002513	9	0	13	
MYCO002514	18	0	15	
MYCO002515	13	0	37	
MYCO002516	7	0	19	
MYCO002517	18	0	7	
MYCO002519	260	0	51	
MYCO002520	1	0	9	
MYCO002522	173	0	50	
MYCO002525	112	0	19	
MYCO002526	577	0	4	
MYCO002527	10	0	16	
MYCO002528	10	0	26	
MYCO002529	173	0	38	
MYCO002530	4	0	17	
MYCO002531	47	0	74	
MYCO002532	12	0	17	
MYCO002535	104	0	20	
MYCO002536	8	0	17	
MYCO002537	3	0	10	
MYCO002539	209	0	8	
MYCO002541	843	0	8	
MYCO002542	229	0	46	
MYCO002543	717	564	36	
MYCO002544	717	578	46	
MYCO002545	449	0	11	
MYCO002546	3	0	15	
MYCO002547	6	0	16	
MYCO002548	11	0	14	
MYCO002549	31	0	13	
MYCO002550	0	0	9	
MYCO002551	126	0	11	
MYCO002552	127	0	30	
MYCO002553	65	0	32	
MYCO002554	50	0	8	
MYCO002556	2	0	10	
MYCO002557	9	0	26	
MYCO002558	17	0	14	
MYCO002560	51	0	30	
MYCO002561	2016	0	6	
MYCO002562	2	0	22	
MYCO002563	36	0	37	
MYCO002564	12	732	28	
MYCO002565	43	0	48	
MYCO002566	549	0	76	
MYCO002567	59	0	60	
MYCO002569	17	0	24	
MYCO002570	284	0	19	
MYCO002571	49	0	36	
MYCO002573	38	0	28	
MYCO002574	16	0	17	
MYCO002576	25	0	21	
MYCO002577	18	0	43	
MYCO002578	56	0	29	
MYCO002579	32	0	26	
MYCO002581	1	0	13	
MYCO002584	19	0	23	
MYCO002585	97	0	47	
MYCO002586	265	0	40	
MYCO002588	2	0	15	
MYCO002590	88	0	88	
MYCO002591	938	0	58	
MYCO002595	14	0	9	
MYCO002596	4	0	19	
MYCO002597	19	0	19	
MYCO002598	22	0	14	
MYCO002599	114	0	19	
MYCO002600	17	0	9	
MYCO002601	164	0	34	
MYCO002602	4	0	11	
MYCO002604	20	0	18	
MYCO002605	38	0	21	
MYCO002607	8	0	20	
MYCO002608	331	0	35	
MYCO002609	97	0	22	
MYCO002615	1907	0	45	
MYCO002616	18	0	18	
MYCO002617	0	0	11	
MYCO002618	111	0	19	
MYCO002619	1	0	8	
MYCO002620	5	0	9	
MYCO002621	143	0	26	
MYCO002622	19	0	23	
MYCO002623	47	0	25	
MYCO002624	109	0	30	
MYCO002625	21	0	31	
MYCO002626	5	0	12	
MYCO002627	30	0	39	
MYCO002628	35	0	25	
MYCO002629	194	0	23	
MYCO002630	7	0	23	
MYCO002631	42	0	41	
MYCO002632	3	0	6	
MYCO002633	7	0	26	
MYCO002634	1132	0	38	
MYCO002635	6	0	9	
MYCO002636	15	0	23	
MYCO002637	107	626	20	
MYCO002638	32	0	18	
MYCO002639	18	0	10	
MYCO002640	16	0	14	
MYCO002641	5	0	12	
MYCO002642	10	0	13	
MYCO002643	100	0	56	
MYCO002644	16	0	14	
MYCO002645	471	0	9	
MYCO002646	318	0	29	
MYCO002647	212	0	10	
MYCO002648	240	2	12	
MYCO002649	2048	0	0	
MYCO002650	392	225	73	
MYCO002651	79	394	24	
MYCO002652	213	0	32	
MYCO002653	177	0	20	
MYCO002654	1049	0	8	
MYCO002655	571	0	32	
MYCO002656	145	321	17	
MYCO002657	215	0	12	
MYCO002658	167	0	7	
MYCO002659	171	0	22	
MYCO002660	4	0	11	
MYCO002661	9	0	12	
MYCO002662	3	0	11	
MYCO002663	0	0	11	
MYCO002664	10	0	9	
MYCO002665	119	0	14	
MYCO002666	1997	0	8	
MYCO002667	21	0	9	
MYCO002668	171	0	14	
MYCO002669	10	0	12	
MYCO002671	34	0	18	
MYCO002672	115	0	41	
MYCO002674	1	0	12	
MYCO002675	9	0	30	
MYCO002677	587	0	24	
MYCO002679	42	0	24	
MYCO002680	226	0	20	
MYCO002681	258	0	28	
MYCO002683	4	0	17	
MYCO002684	12	150	38	
MYCO002685	133	0	36	
MYCO002686	14	0	18	
MYCO002687	17	0	19	
MYCO002688	35	0	28	
MYCO002689	51	0	31	
MYCO002690	50	0	32	
MYCO002691	6	0	21	
MYCO002692	10	0	14	
MYCO002693	7	0	16	
MYCO002694	3	0	21	
MYCO002695	178	0	16	
MYCO002698	3	0	13	
MYCO002700	1264	0	14	
MYCO002701	12	0	28	
MYCO002704	6	0	11	
MYCO002705	4	0	11	
MYCO002706	35	0	7	
MYCO002707	12	0	26	
MYCO002709	181	0	25	
MYCO002712	118	0	36	
MYCO002713	39	0	45	
MYCO002716	3	0	19	
MYCO002717	73	0	12	
MYCO002718	8	0	8	
MYCO002719	171	0	21	
MYCO002721	448	0	49	
MYCO002722	3	0	10	
MYCO002723	19	0	31	
MYCO002728	30	0	19	
MYCO002729	22	0	30	
MYCO002730	3	0	16	
MYCO002732	31	0	26	
MYCO002734	11	0	25	
MYCO002735	309	0	29	
MYCO002736	61	0	16	
MYCO002737	7	0	46	
MYCO002738	139	0	6	
MYCO002739	544	0	19	
MYCO002740	6	0	22	
MYCO002741	1350	0	41	
MYCO002742	82	0	19	
MYCO002743	148	0	23	
MYCO002745	2	0	15	
MYCO002746	69	0	17	
MYCO002747	13	0	13	
MYCO002749	11	0	11	
MYCO002751	11	0	23	
MYCO002752	40	0	73	
MYCO002755	6	0	6	
MYCO002756	22	0	57	
MYCO002757	20	0	13	
MYCO002758	3	0	10	
MYCO002759	15	0	8	
MYCO002760	37	0	9	
MYCO002761	13	0	38	
MYCO002762	120	0	19	
MYCO002763	12	0	9	
MYCO002765	117	0	25	
MYCO002766	23	0	22	
MYCO002767	7	0	10	
MYCO002768	190	0	42	
MYCO002769	330	0	32	
MYCO002770	69	0	37	
MYCO002771	12	0	12	
MYCO002772	15	0	15	
MYCO002774	383	0	7	
MYCO002775	45	0	13	
MYCO002776	14	0	27	
MYCO002777	187	0	21	
MYCO002778	12	0	19	
MYCO002779	12	0	21	
MYCO002780	65	0	27	
MYCO002781	301	0	31	
MYCO002784	2	0	13	
MYCO002786	4	0	25	
MYCO002787	112	0	59	
MYCO002789	22	0	32	
MYCO002790	153	0	33	
MYCO002791	42	981	38	
MYCO002792	39	0	24	
MYCO002793	198	0	21	
MYCO002796	20	0	26	
MYCO002797	94	0	30	
MYCO002798	3	0	9	
MYCO002799	36	0	27	
MYCO002800	371	0	43	
MYCO002801	14	0	10	
MYCO002802	398	0	29	
MYCO002803	17	0	17	
MYCO002804	36	0	21	
MYCO002805	25	0	13	
MYCO002806	16	0	6	
MYCO002807	545	0	30	
MYCO002808	110	0	7	
MYCO002809	26	0	10	
MYCO002810	2048	0	0	
MYCO002811	353	0	15	
MYCO002812	244	0	43	
MYCO002813	188	0	24	
MYCO002814	2048	0	0	
MYCO002815	240	2	12	
MYCO002816	478	0	7	
MYCO002817	514	0	23	
MYCO002818	557	0	17	
MYCO002819	503	0	25	
MYCO002820	469	0	29	
MYCO002821	22	0	14	
MYCO002822	8	0	13	
MYCO002823	35	0	63	
MYCO002824	14	0	31	
MYCO002825	1568	0	21	
MYCO002826	24	0	21	
MYCO002827	8	0	15	
MYCO002829	54	0	14	
MYCO002830	1	0	8	
MYCO002831	77	0	23	
MYCO002832	53	0	37	
MYCO002833	101	0	40	
MYCO002834	11	0	25	
MYCO002835	9	0	30	
MYCO002836	111	0	48	
MYCO002837	37	0	18	
MYCO002840	2	0	13	
MYCO002842	0	0	11	
MYCO002843	75	0	10	
MYCO002844	8	0	11	
MYCO002845	93	0	37	
MYCO002848	497	0	28	
MYCO002849	17	0	25	
MYCO002850	610	0	57	
MYCO002851	6	0	15	
MYCO002852	46	0	50	
MYCO002853	878	0	62	
MYCO002854	17	0	30	
MYCO002855	96	0	33	
MYCO002856	11	0	23	
MYCO002857	7	0	18	
MYCO002858	183	0	43	
MYCO002859	661	0	37	
MYCO002860	12	0	39	
MYCO002862	6	0	13	
MYCO002863	4	0	13	
MYCO002865	1	0	7	
MYCO002866	3	0	6	
MYCO002867	246	0	26	
MYCO002869	10	0	36	
MYCO002871	375	0	8	
MYCO002872	30	0	13	
MYCO002873	5	0	12	
MYCO002874	96	0	62	
MYCO002875	54	0	17	
MYCO002876	0	0	20	
MYCO002877	52	0	25	
MYCO002878	4	0	15	
MYCO002879	2048	0	0	
MYCO002880	1889	0	5	
MYCO002881	4	0	18	
MYCO002884	36	0	22	
MYCO002885	83	345	41	
MYCO002886	50	0	28	
MYCO002887	6	0	15	
MYCO002888	187	0	35	
MYCO002891	354	0	20	
MYCO002892	99	0	34	
MYCO002893	24	0	37	
MYCO002895	77	0	29	
MYCO002896	149	0	40	
MYCO002897	113	0	55	
MYCO002898	3	0	13	
MYCO002899	6	0	19	
MYCO002900	21	0	56	
MYCO002903	25	0	25	
MYCO002905	16	0	34	
MYCO002906	3	0	9	
MYCO002907	44	0	14	
MYCO002908	17	0	3	
MYCO002910	4	0	19	
MYCO002911	40	0	22	
MYCO002912	9	0	14	
MYCO002913	46	0	60	
MYCO002914	122	0	39	
MYCO002920	40	0	45	
MYCO002922	356	0	64	
MYCO002923	21	0	12	
MYCO002924	25	0	28	
MYCO002925	10	0	18	
MYCO002926	2	0	20	
MYCO002928	8	0	19	
MYCO002929	12	0	14	
MYCO002930	14	0	36	
MYCO002931	1838	0	57	
MYCO002932	569	0	85	
MYCO002933	503	0	89	
MYCO002934	575	0	99	
MYCO002935	285	0	86	
MYCO002936	12	0	26	
MYCO002937	5	0	19	
MYCO002938	4	0	18	
MYCO002939	8	933	22	
MYCO002940	102	0	147	
MYCO002941	15	0	43	
MYCO002942	44	0	71	
MYCO002943	73	0	33	
MYCO002944	13	0	26	
MYCO002945	1	0	18	
MYCO002946	361	0	108	
MYCO002947	1019	0	22	
MYCO002948	42	0	62	
MYCO002949	37	0	29	
MYCO002950	72	0	47	
MYCO002951	47	0	26	
MYCO002952	11	0	23	
MYCO002953	22	0	34	
MYCO002954	13	0	27	
MYCO002955	66	0	40	
MYCO002956	12	0	29	
MYCO002957	26	0	25	
MYCO002958	72	0	39	
MYCO002959	286	0	27	
MYCO002960	9	0	14	
MYCO002961	10	0	7	
MYCO002962	225	0	31	
MYCO002963	265	0	25	
MYCO002964	34	0	27	
MYCO002966	62	0	7	
MYCO002968	6	0	12	
MYCO002969	12	0	15	
MYCO002970	36	0	28	
MYCO002971	35	0	24	
MYCO002972	10	0	28	
MYCO002973	80	0	36	
MYCO002974	240	0	47	
MYCO002975	976	0	6	
MYCO002977	111	0	18	
MYCO002978	41	839	37	
MYCO002979	7	0	19	
MYCO002980	175	0	19	
MYCO002983	225	0	23	
MYCO002985	25	0	35	
MYCO002986	23	0	17	
MYCO002987	6	0	14	
MYCO002989	193	0	17	
MYCO002990	12	0	23	
MYCO002991	13	0	17	
MYCO002994	202	0	35	
MYCO002997	180	0	31	
MYCO002998	4	0	13	
MYCO002999	13	0	29	
MYCO003000	15	0	17	
MYCO003002	1	0	7	
MYCO003004	11	0	10	
MYCO003005	12	0	17	
MYCO003007	167	0	13	
MYCO003008	18	0	21	
MYCO003012	4	0	8	
MYCO003013	154	0	11	
MYCO003015	109	0	34	
MYCO003016	14	0	16	
MYCO003017	212	0	13	
MYCO003018	1564	0	20	
MYCO003019	0	31	16	
MYCO003020	7	7	14	
MYCO003021	2037	0	5	
MYCO003022	2048	0	0	
MYCO003023	1991	19	8	
MYCO003026	25	0	32	
MYCO003030	50	0	16	
MYCO003033	6	0	14	
MYCO003035	90	0	18	
MYCO003036	4	0	19	
MYCO003037	113	0	36	
MYCO003039	42	0	23	
MYCO003040	93	0	20	
MYCO003041	7	0	20	
MYCO003044	139	0	35	
MYCO003046	7	0	11	
MYCO003047	57	0	13	
MYCO003050	9	0	23	
MYCO003055	7	611	13	
MYCO003056	18	0	34	
MYCO003058	1	0	14	
MYCO003059	24	0	32	
MYCO003060	338	0	59	
MYCO003061	211	0	57	
MYCO003062	565	0	38	
MYCO003063	69	0	74	
MYCO003064	38	0	12	
MYCO003065	60	0	7	
MYCO003066	85	0	22	
MYCO003067	9	0	19	
MYCO003068	28	0	39	
MYCO003069	1	0	11	
MYCO003070	3	0	7	
MYCO003071	59	0	35	
MYCO003072	7	0	19	
MYCO003073	4	0	20	
MYCO003074	614	704	31	
MYCO003075	10	0	22	
MYCO003076	3	0	14	
MYCO003077	129	0	61	
MYCO003078	10	0	15	
MYCO003079	170	0	15	
MYCO003080	214	0	85	
MYCO003081	68	0	28	
MYCO003082	16	0	30	
MYCO003083	115	0	44	
MYCO003084	251	0	27	
MYCO003086	54	0	19	
MYCO003087	107	0	37	
MYCO003088	63	0	40	
MYCO003089	86	0	36	
MYCO003090	61	462	33	
MYCO003091	84	0	44	
MYCO003092	214	0	37	
MYCO003093	476	0	22	
MYCO003094	211	0	35	
MYCO003095	2	0	14	
MYCO003096	15	0	35	
MYCO003097	38	0	39	
MYCO003098	10	0	17	
MYCO003099	32	0	29	
MYCO003103	9	0	13	
MYCO003104	10	0	29	
MYCO003106	27	0	31	
MYCO003107	30	0	47	
MYCO003108	11	0	19	
MYCO003109	41	0	36	
MYCO003110	8	0	12	
MYCO003111	14	0	31	
MYCO003112	14	0	9	
MYCO003113	487	0	27	
MYCO003114	36	0	19	
MYCO003115	1991	19	8	
MYCO003116	65	0	25	
MYCO003119	15	0	16	
MYCO003120	20	0	22	
MYCO003121	56	0	36	
MYCO003122	19	0	11	
MYCO003123	15	0	14	
MYCO003124	46	0	29	
MYCO003125	286	0	33	
MYCO003126	13	0	10	
MYCO003127	20	0	38	
MYCO003128	2048	0	0	
MYCO003129	169	0	7	
MYCO003130	27	0	45	
MYCO003131	23	0	23	
MYCO003132	48	0	54	
MYCO003133	3	0	9	
MYCO003134	15	0	27	
MYCO003135	1223	0	5	
MYCO003136	35	0	28	
MYCO003137	8	0	25	
MYCO003138	30	0	44	
MYCO003141	83	0	23	
MYCO003142	288	0	10	
MYCO003143	2	0	10	
MYCO003144	324	0	40	
MYCO003145	8	0	5	
MYCO003146	3	0	16	
MYCO003147	13	0	9	
MYCO003148	9	0	25	
MYCO003149	18	0	24	
MYCO003150	193	0	27	
MYCO003151	404	0	47	
MYCO003152	4	0	27	
MYCO003153	35	0	22	
MYCO003154	6	0	18	
MYCO003155	3	0	9	
MYCO003156	24	0	39	
MYCO003157	43	0	55	
MYCO003158	10	0	45	
MYCO003159	1037	0	43	
MYCO003160	5	0	11	
MYCO003161	157	0	44	
MYCO003162	21	0	8	
MYCO003163	10	0	24	
MYCO003164	16	0	19	
MYCO003165	41	0	10	
MYCO003166	209	0	28	
MYCO003167	12	0	20	
MYCO003168	81	0	46	
MYCO003169	242	0	32	
MYCO003170	185	0	31	
MYCO003171	14	0	38	
MYCO003172	4	0	21	
MYCO003173	3	0	22	
MYCO003174	10	0	34	
MYCO003175	549	0	38	
MYCO003176	36	0	35	
MYCO003177	19	0	22	
MYCO003178	16	0	16	
MYCO003179	168	0	37	
MYCO003180	14	0	14	
MYCO003181	44	0	13	
MYCO003182	12	0	5	
MYCO003183	80	0	13	
MYCO003184	240	2	12	
MYCO003185	2048	0	0	
MYCO003186	240	2	12	
MYCO003187	2048	0	0	
MYCO003188	12	0	11	
MYCO003189	23	0	22	
MYCO003190	55	0	33	
MYCO003191	26	0	29	
MYCO003192	23	0	18	
MYCO003196	25	0	33	
MYCO003199	158	0	26	
MYCO003200	8	0	37	
MYCO003201	357	0	76	
MYCO003202	276	0	75	
MYCO003203	10	0	24	
MYCO003204	0	0	13	
MYCO003209	4	0	14	
MYCO003210	6	0	17	
MYCO003212	238	0	39	
MYCO003215	10	0	30	
MYCO003216	2048	0	0	
MYCO003217	122	0	12	
MYCO003218	6	0	25	
MYCO003222	24	0	14	
MYCO003224	107	0	29	
MYCO003225	30	0	36	
MYCO003226	14	0	22	
MYCO003227	92	0	38	
MYCO003230	56	0	41	
MYCO003231	18	0	16	
MYCO003232	6	0	19	
MYCO003233	4	0	20	
MYCO003234	991	0	16	
MYCO003235	149	0	21	
MYCO003236	128	0	35	
MYCO003237	7	0	16	
MYCO003238	6	0	17	
MYCO003239	1015	0	54	
MYCO003242	33	0	21	
MYCO003243	34	0	21	
MYCO003244	150	0	40	
MYCO003247	22	0	15	
MYCO003249	79	0	17	
MYCO003250	3	0	8	
MYCO003251	3	0	6	
MYCO003253	24	0	33	
MYCO003254	46	0	40	
MYCO003256	263	0	30	
MYCO003259	8	0	6	
MYCO003260	0	0	10	
MYCO003263	87	0	41	
MYCO003266	51	0	28	
MYCO003268	49	0	23	
MYCO003269	6	0	6	
MYCO003270	119	0	51	
MYCO003271	11	0	21	
MYCO003272	39	0	37	
MYCO003273	2	0	65	
MYCO003278	3	0	14	
MYCO003279	8	0	24	
MYCO003281	1971	0	5	
MYCO003282	7	0	27	
MYCO003283	9	0	26	
MYCO003284	17	0	17	
MYCO003286	217	0	21	
MYCO003287	7	0	8	
MYCO003288	2	0	12	
MYCO003289	17	0	13	
MYCO003291	10	0	12	
MYCO003292	90	0	35	
MYCO003293	247	0	32	
MYCO003294	5	0	24	
MYCO003295	7	0	17	
MYCO003297	35	0	30	
MYCO003298	112	0	15	
MYCO003299	316	0	84	
MYCO003300	17	0	28	
MYCO003301	7	0	21	
MYCO003307	70	0	23	
MYCO003308	236	0	40	
MYCO003309	7	0	15	
MYCO003310	12	0	23	
MYCO003311	22	0	37	
MYCO003312	12	0	28	
MYCO003314	43	0	27	
MYCO003315	3	0	14	
MYCO003316	3	0	5	
MYCO003320	19	0	13	
MYCO003321	2	0	5	
MYCO003322	6	0	21	
MYCO003323	111	0	21	
MYCO003324	110	0	16	
MYCO003325	240	2	12	
MYCO003326	2048	0	0	
MYCO003327	2028	0	4	
MYCO003331	181	0	41	
MYCO003332	150	0	43	
MYCO003333	489	0	20	
MYCO003334	2	0	11	
MYCO003335	34	0	28	
MYCO003337	214	0	17	
MYCO003338	22	0	27	
MYCO003339	35	0	32	
MYCO003342	134	0	11	
MYCO003343	2042	0	6	
MYCO003344	2048	0	0	
MYCO003345	2042	0	5	
MYCO003346	677	0	11	
MYCO003347	1577	0	126	
MYCO003348	56	3	18	
MYCO003349	1085	0	21	
MYCO003350	1706	0	113	
MYCO003351	295	0	20	
MYCO003352	288	0	8	
MYCO003353	278	0	5	
MYCO003354	275	0	9	
MYCO003355	257	0	13	
MYCO003357	2	0	8	
MYCO003358	1	0	8	
MYCO003359	118	0	21	
MYCO003360	312	0	8	
MYCO003361	24	0	17	
MYCO003362	26	0	23	
MYCO003363	119	0	12	
MYCO003364	28	0	10	
MYCO003365	1851	0	17	
MYCO003366	19	0	19	
MYCO003367	923	0	46	
MYCO003368	46	0	18	
MYCO003369	64	0	13	
MYCO003370	443	0	64	
MYCO003371	185	0	46	
MYCO003372	102	0	29	
MYCO003373	221	0	17	
MYCO003374	2	0	11	
MYCO003375	76	0	48	
MYCO003376	7	0	21	
MYCO003377	153	0	49	
MYCO003378	58	0	36	
MYCO003379	28	0	47	
MYCO003380	2048	0	0	
MYCO003381	240	2	12	
MYCO003382	73	0	19	
MYCO003383	426	0	43	
MYCO003384	24	0	10	
MYCO003385	32	0	9	
MYCO003386	93	0	24	
MYCO003387	12	0	22	
MYCO003388	1511	0	36	
MYCO003389	141	0	30	
MYCO003390	12	0	29	
MYCO003391	121	0	62	
MYCO003393	35	0	29	
MYCO003394	595	0	34	
MYCO003395	41	0	23	
MYCO003397	11	0	17	
MYCO003398	48	0	39	
MYCO003399	21	0	15	
MYCO003400	51	0	14	
MYCO003401	216	0	69	
MYCO003402	60	0	32	
MYCO003403	33	0	56	
MYCO003404	20	0	26	
MYCO003405	0	0	18	
MYCO003406	60	0	26	
MYCO003407	6	0	5	
MYCO003408	1	0	8	
MYCO003413	162	0	17	
MYCO003414	7	0	19	
MYCO003415	161	0	24	
MYCO003416	20	0	11	
MYCO003420	36	0	15	
MYCO003421	473	0	27	
MYCO003423	14	0	42	
MYCO003424	147	0	17	
MYCO003425	96	543	39	
MYCO003426	2000	0	3	
MYCO003427	589	0	16	
MYCO003428	1936	0	5	
MYCO003429	96	449	38	
MYCO003430	132	0	54	
MYCO003431	31	0	24	
MYCO003434	100	0	32	
MYCO003435	9	0	31	
MYCO003437	82	0	16	
MYCO003438	23	0	30	
MYCO003439	360	0	43	
MYCO003440	20	0	17	
MYCO003444	8	0	14	
MYCO003445	11	0	12	
MYCO003446	361	0	37	
MYCO003447	173	0	83	
MYCO003448	87	0	41	
MYCO003449	76	0	44	
MYCO003450	280	0	48	
MYCO003451	34	0	32	
MYCO003452	235	0	21	
MYCO003453	1221	0	4	
MYCO003454	30	0	36	
MYCO003463	51	0	23	
MYCO003465	6	0	19	
MYCO003466	1972	20	30	
MYCO003467	1983	29	21	
MYCO003468	27	0	32	
MYCO003469	16	0	30	
MYCO003470	87	0	54	
MYCO003471	13	0	15	
MYCO003472	16	0	21	
MYCO003473	15	0	27	
MYCO003474	240	2	12	
MYCO003475	2048	0	0	
MYCO003476	24	0	50	
MYCO003477	48	0	8	
MYCO003478	1004	105	212	
MYCO003479	96	0	100	
MYCO003480	105	0	49	
MYCO003481	24	0	14	
MYCO003482	14	0	27	
MYCO003483	432	0	21	
MYCO003484	47	0	42	
MYCO003485	292	0	27	
MYCO003486	133	0	12	
MYCO003487	456	0	31	
MYCO003488	61	0	9	
MYCO003489	3	0	6	
MYCO003491	8	0	19	
MYCO003492	1	0	15	
MYCO003493	154	0	21	
MYCO003494	418	0	38	
MYCO003495	10	0	25	
MYCO003496	117	0	27	
MYCO003497	5	0	31	
MYCO003498	44	0	31	
MYCO003499	5	0	24	
MYCO003502	14	0	25	
MYCO003503	0	0	6	
MYCO003505	59	0	28	
MYCO003506	36	0	49	
MYCO003507	1901	0	54	
MYCO003508	2047	0	1	
MYCO003509	203	0	46	
MYCO003510	67	0	22	
MYCO003511	2045	0	2	
MYCO003512	2048	0	0	
MYCO003513	1945	0	9	
MYCO003514	2047	0	1	
MYCO003515	1825	0	17	
MYCO003516	314	0	21	
MYCO003517	446	0	20	
MYCO003518	52	0	30	
MYCO003519	9	0	24	
MYCO003521	17	0	23	
MYCO003522	4	0	31	
MYCO003523	166	0	22	
MYCO003524	18	0	37	
MYCO003525	105	0	16	
MYCO003526	3	0	25	
MYCO003527	2	0	20	
MYCO003528	26	0	32	
MYCO003529	242	0	38	
MYCO003530	16	728	23	
MYCO003531	50	0	42	
MYCO003532	160	0	38	
MYCO003533	606	0	50	
MYCO003534	24	0	20	
MYCO003535	492	0	18	
MYCO003536	5	0	28	
MYCO003537	12	0	34	
MYCO003538	3	0	24	
MYCO003539	257	0	38	
MYCO003540	178	0	32	
MYCO003541	0	0	12	
MYCO003542	47	0	22	
MYCO003543	39	0	29	
MYCO003544	18	0	27	
MYCO003545	18	0	44	
MYCO003546	37	0	32	
MYCO003547	24	0	20	
MYCO003548	6	0	16	
MYCO003549	64	0	26	
MYCO003550	26	0	16	
MYCO003551	23	0	17	
MYCO003552	4	0	14	
MYCO003553	206	0	21	
MYCO003554	34	0	69	
MYCO003555	299	0	20	
MYCO003556	50	0	20	
MYCO003557	0	0	12	
MYCO003558	478	0	43	
MYCO003559	110	0	23	
MYCO003560	63	0	35	
MYCO003561	310	0	39	
MYCO003562	26	0	38	
MYCO003563	63	0	31	
MYCO003564	273	0	20	
MYCO003565	38	0	41	
MYCO003566	61	0	27	
MYCO003567	18	0	14	
MYCO003568	233	0	14	
MYCO003569	175	0	24	
MYCO003572	15	0	15	
MYCO003573	190	0	54	
MYCO003574	31	0	16	
MYCO003575	54	0	24	
MYCO003576	27	0	21	
MYCO003577	26	0	20	
MYCO003578	136	0	39	
MYCO003581	5	0	11	
MYCO003582	12	0	22	
MYCO003584	9	0	11	
MYCO003585	23	0	43	
MYCO003586	8	0	34	
MYCO003587	85	0	25	
MYCO003588	24	0	11	
MYCO003590	1423	0	33	
MYCO003591	15	0	24	
MYCO003593	3	0	47	
MYCO003594	42	0	27	
MYCO003595	904	0	37	
MYCO003597	126	0	7	
MYCO003599	83	0	5	
MYCO003602	310	0	27	
MYCO003603	95	0	24	
MYCO003604	420	0	37	
MYCO003605	137	0	13	
MYCO003606	5	0	15	
MYCO003607	72	0	12	
MYCO003608	21	0	23	
MYCO003611	2026	0	3	
MYCO003612	25	0	13	
MYCO003613	2	0	4	
MYCO003614	5	0	27	
MYCO003615	4	0	9	
MYCO003616	23	0	47	
MYCO003617	41	0	24	
MYCO003618	39	0	28	
MYCO003619	169	943	107	
MYCO003620	1157	218	78	
MYCO003621	285	0	36	
MYCO003622	52	0	8	
MYCO003623	102	0	20	
MYCO003625	109	0	28	
MYCO003626	164	0	36	
MYCO003627	22	0	50	
MYCO003629	21	0	30	
MYCO003630	4	478	41	
MYCO003631	3	0	17	
MYCO003632	1	0	7	
MYCO003633	40	0	31	
MYCO003634	56	0	20	
MYCO003635	70	0	54	
MYCO003636	5	0	11	
MYCO003637	29	0	23	
MYCO003638	6	0	25	
MYCO003639	201	0	24	
MYCO003640	73	0	36	
MYCO003641	9	0	20	
MYCO003642	4	0	8	
MYCO003643	1	0	6	
MYCO003645	414	0	46	
MYCO003649	291	0	73	
MYCO003650	41	0	11	
MYCO003651	170	0	28	
MYCO003652	505	0	15	
MYCO003653	1195	0	19	
MYCO003654	251	0	18	
MYCO003655	2046	0	1	
MYCO003656	8	0	9	
MYCO003657	633	491	16	
MYCO003658	209	0	27	
MYCO003659	409	0	30	
MYCO003660	74	0	39	
MYCO003661	33	0	14	
MYCO003662	541	0	28	
MYCO003663	180	0	52	
MYCO003664	5	0	30	
MYCO003665	2	0	30	
MYCO003666	54	526	38	
MYCO003667	162	0	53	
MYCO003669	5	0	19	
MYCO003671	16	0	39	
MYCO003672	34	0	22	
MYCO003673	61	0	21	
MYCO003675	0	0	13	
MYCO003678	4	0	14	
MYCO003681	9	0	17	
MYCO003685	57	0	44	
MYCO003686	35	0	10	
MYCO003687	9	0	12	
MYCO003688	12	0	15	
MYCO003689	88	0	62	
MYCO003690	202	0	18	
MYCO003691	33	0	40	
MYCO003692	32	0	30	
MYCO003693	682	0	34	
MYCO003694	6	0	28	
MYCO003697	13	0	17	
MYCO003698	70	0	46	
MYCO003699	21	0	22	
MYCO003700	304	0	30	
MYCO003701	67	0	31	
MYCO003702	16	0	24	
MYCO003703	32	0	47	
MYCO003704	34	0	40	
MYCO003706	85	0	9	
MYCO003714	24	0	31	
MYCO003716	130	0	12	
MYCO003723	12	0	26	
MYCO003725	977	0	15	
MYCO003726	163	0	37	
MYCO003727	141	0	63	
MYCO003728	1287	0	53	
MYCO003729	177	0	71	
MYCO003730	5	0	38	
MYCO003731	3	0	37	
MYCO003732	47	0	36	
MYCO003733	6	0	18	
MYCO003734	32	0	43	
MYCO003735	12	0	16	
MYCO003736	31	0	38	
MYCO003737	382	0	47	
MYCO003738	692	0	28	
MYCO003739	487	0	10	
MYCO003740	60	0	46	
MYCO003741	10	0	30	
MYCO003742	5	0	15	
MYCO003743	86	0	72	
MYCO003744	1	0	18	
MYCO003745	7	621	8	
MYCO003746	2	0	19	
MYCO003747	11	0	8	
MYCO003748	6	0	11	
MYCO003749	17	0	13	
MYCO003750	7	0	10	
MYCO003751	7	0	11	
MYCO003752	147	0	12	
MYCO003753	220	0	11	
MYCO003754	105	0	29	
MYCO003755	8	0	13	
MYCO003756	11	0	26	
MYCO003757	67	0	30	
MYCO003758	18	0	28	
MYCO003759	17	0	40	
MYCO003760	11	0	8	
MYCO003761	85	0	27	
MYCO003762	7	0	71	
MYCO003763	12	0	20	
MYCO003764	17	0	38	
MYCO003766	55	0	29	
MYCO003767	52	0	29	
MYCO003768	55	0	11	
MYCO003769	48	0	10	
MYCO003770	59	0	18	
MYCO003771	20	0	20	
MYCO003772	33	0	29	
MYCO003773	44	0	19	
MYCO003776	373	0	59	
MYCO003779	228	0	58	
MYCO003784	108	0	43	
MYCO003785	898	0	28	
MYCO003786	140	0	42	
MYCO003787	44	0	31	
MYCO003788	4	0	15	
MYCO003789	4	0	13	
MYCO003792	103	0	71	
MYCO003796	14	0	45	
MYCO003797	109	0	58	
MYCO003798	1080	26	19	
MYCO003800	439	0	120	
MYCO003803	35	0	30	
MYCO003805	22	0	42	
MYCO003807	73	0	16	
MYCO003810	554	0	23	
MYCO003811	76	0	45	
MYCO003812	796	0	38	
MYCO003813	41	0	17	
MYCO003814	24	0	18	
MYCO003815	50	0	20	
MYCO003817	158	0	29	
MYCO003818	26	0	41	
MYCO003819	15	0	13	
MYCO003820	87	0	52	
MYCO003821	7	0	28	
MYCO003822	28	0	50	
MYCO003823	26	0	109	
MYCO003824	42	0	63	
MYCO003825	123	0	185	
MYCO003826	44	0	65	
MYCO003827	83	0	58	
MYCO003828	0	758	15	
MYCO003829	413	0	64	
MYCO003830	463	0	31	
MYCO003831	9	0	29	
MYCO003832	50	0	29	
MYCO003833	255	0	36	
MYCO003836	213	0	20	
MYCO003837	21	0	35	
MYCO003838	60	0	38	
MYCO003839	6	0	25	
MYCO003840	24	0	23	
MYCO003841	2	0	23	
MYCO003843	160	0	38	
MYCO003844	56	3	18	
MYCO003845	1483	0	4	
MYCO003846	7	0	20	
MYCO003848	47	0	49	
MYCO003850	28	0	29	
MYCO003851	31	0	12	
MYCO003852	22	0	16	
MYCO003853	2	0	14	
MYCO003854	89	0	90	
MYCO003855	6	0	29	
MYCO003856	40	0	30	
MYCO003857	8	0	5	
MYCO003860	223	0	56	
MYCO003861	59	0	21	
MYCO003862	24	0	44	
MYCO003863	81	0	42	
MYCO003864	56	0	49	
MYCO003865	22	0	11	
MYCO003866	65	0	23	
MYCO003867	42	0	15	
MYCO003868	103	0	49	
MYCO003869	270	0	67	
MYCO003870	23	0	98	
MYCO003871	161	0	71	
MYCO003872	98	0	10	
MYCO003873	91	0	35	
MYCO003874	16	0	9	
MYCO003875	7	0	9	
MYCO003876	914	0	57	
MYCO003877	25	0	72	
MYCO003878	214	0	30	
MYCO003879	866	0	76	
MYCO003880	1	0	16	
MYCO003881	212	0	73	
MYCO003882	260	0	80	
MYCO003883	25	0	53	
MYCO003884	112	0	68	
MYCO003885	69	0	73	
MYCO003886	687	0	46	
MYCO003887	198	0	63	
MYCO003888	64	0	61	
MYCO003889	140	0	45	
MYCO003890	41	0	11	
MYCO003891	10	0	21	
MYCO003892	456	0	46	
MYCO003893	42	0	13	
MYCO003894	572	0	142	
MYCO003895	549	0	53	
MYCO003896	117	0	44	
MYCO003897	2029	0	2	
MYCO003898	980	0	8	
MYCO003899	550	0	50	
MYCO003900	312	0	64	
MYCO003901	35	0	25	
MYCO003902	9	0	21	
MYCO003903	641	0	78	
MYCO003904	7	0	20	
MYCO003905	14	0	15	
MYCO003906	25	0	29	
MYCO003909	109	0	84	
MYCO003910	115	0	187	
MYCO003911	2042	0	4	
MYCO003912	75	0	47	
MYCO003914	1	0	13	
MYCO003916	1	0	42	
MYCO003919	113	0	143	
MYCO003922	2	0	22	
MYCO003923	3	0	25	
MYCO010064	5	0	9	
MYCO010078	7	0	29	
MYCO010157	2	0	6	
MYCO010186	17	0	5	
MYCO010192	446	0	6	
MYCO010236	13	0	3	
MYCO010277	2048	0	0	
MYCO010397	1	951	10	
MYCO010456	6	0	10	
MYCO010470	298	0	12	
MYCO010492	14	0	7	
MYCO010500	102	0	4	
MYCO010530	1	0	8	
MYCO010590	15	0	5	
MYCO010609	9	0	7	
MYCO010616	0	0	10	
MYCO010634	5	0	6	
MYCO010691	1	0	8	
MYCO010724	2048	0	0	
MYCO010749	9	0	7	
MYCO010755	29	0	4	
MYCO010787	20	0	4	
MYCO010959	2	0	3	
MYCO011028	1	0	5	
MYCO011087	15	0	6	
MYCO011089	4	0	8	
MYCO011116	9	0	9	
MYCO011135	1	0	16	
MYCO011159	2	0	5	
MYCO011290	15	0	7	
MYCO011322	8	0	14	
MYCO011366	8	0	7	
MYCO011473	12	0	7	
MYCO011489	56	0	6	
MYCO011498	30	0	11	
MYCO011507	41	0	24	
MYCO011508	18	0	8	
MYCO011638	138	0	11	
MYCO011706	2	0	5	
MYCO011765	17	0	9	
MYCO011888	1	0	9	
MYCO011954	8	0	5	
MYCO011962	0	1168	12	
MYCO011982	5	0	6	
MYCO011990	23	0	15	
MYCO011991	1	0	3	
MYCO012023	24	0	30	
MYCO012063	53	0	12	
MYCO012077	62	0	10	
MYCO012142	0	0	10	
MYCO012160	1091	0	6	
MYCO012219	2	0	10	
MYCO012231	18	0	16	
MYCO012237	8	0	6	
MYCO012250	2046	0	1	
MYCO012274	73	0	10	
MYCO012306	20	0	20	
MYCO012307	5	0	4	
MYCO012309	6	0	11	
MYCO012331	1	0	9	
MYCO012395	7	0	6	
MYCO012401	8	0	2	
MYCO012427	2048	0	0	
MYCO012438	3	0	10	
MYCO012468	1	0	8	
MYCO012530	3	0	10	
MYCO012548	2	0	11	
MYCO012601	1	0	7	
MYCO012614	247	0	8	
MYCO012737	6	0	7	
MYCO012801	1	0	2	
MYCO012828	364	0	7	
MYCO012862	2048	0	0	
MYCO012922	6	0	8	
MYCO012943	9	0	16	
MYCO012970	11	0	3	
MYCO012998	1	0	13	
MYCO013018	763	0	5	
MYCO013022	325	0	10	
MYCO013032	9	0	8	
MYCO013098	8	0	15	
MYCO013136	2	0	14	
MYCO013190	82	0	5	
MYCO013196	3	0	4	
MYCO013197	16	0	8	
MYCO013198	3	0	8	
MYCO013208	5	0	9	
MYCO013221	1	0	8	
MYCO013224	8	0	13	
MYCO013312	23	0	17	
MYCO013324	2048	0	0	
MYCO013395	69	0	16	
MYCO013566	2	0	10	
MYCO013697	21	0	11	
MYCO013705	15	0	17	
MYCO013724	210	0	5	
MYCO013770	3	0	6	
MYCO020078	2	0	11	
MYCO020456	2048	0	0	
MYCO020500	0	0	3	
MYCO022231	1467	0	9	
MYCO022306	36	0	14	
MYCO022307	34	0	15	
MYCO022395	23	0	9	
MYCO023224	11	0	6	
MYCO023724	224	0	19	
MYCO023770	4	0	7	
MYCO032307	0	0	8	
