GbGDiv simplified results table from 'accumulate-1.txt' records table.
Isolate records read from table: 256

Locus	Missing	Paralogous	CountNuc
id	0	0	256	
isolate	0	0	256	
rMLST_database_accession	0	0	256	
BACT000001	1	0	14	
BACT000002	12	0	4	
BACT000003	32	0	5	
BACT000004	1	0	4	
BACT000005	9	0	5	
BACT000006	0	0	4	
BACT000007	3	0	6	
BACT000008	2	0	3	
BACT000009	1	0	7	
BACT000010	0	0	2	
BACT000011	4	0	6	
BACT000012	0	0	5	
BACT000013	0	0	5	
BACT000014	1	231	2	
BACT000015	0	0	3	
BACT000016	5	0	5	
BACT000017	4	0	2	
BACT000018	0	199	2	
BACT000019	0	0	1	
BACT000020	1	0	2	
BACT000021	256	0	0	
BACT000030	1	70	8	
BACT000031	0	0	4	
BACT000032	0	0	5	
BACT000033	12	0	5	
BACT000034	1	0	5	
BACT000035	0	0	5	
BACT000036	19	0	4	
BACT000038	1	0	4	
BACT000039	2	0	4	
BACT000040	33	0	4	
BACT000042	0	0	7	
BACT000043	0	0	6	
BACT000044	4	0	4	
BACT000045	0	0	3	
BACT000046	0	0	8	
BACT000047	3	0	2	
BACT000048	0	0	3	
BACT000049	1	0	6	
BACT000050	1	0	2	
BACT000051	15	0	5	
BACT000052	0	0	1	
BACT000053	1	0	3	
BACT000056	0	0	3	
BACT000057	1	244	2	
BACT000058	0	0	4	
BACT000059	0	0	2	
BACT000060	1	0	1	
BACT000061	0	0	4	
BACT000062	0	208	4	
BACT000063	0	0	3	
BACT000064	0	0	3	
BACT000065	0	0	1	
MYCO000001	5	0	11	
MYCO000005	3	0	21	
MYCO000006	4	0	44	
MYCO000009	2	0	6	
MYCO000011	0	0	5	
MYCO000013	0	0	10	
MYCO000015	67	0	9	
MYCO000016	6	0	12	
MYCO000017	0	0	10	
MYCO000019	0	0	6	
MYCO000038	23	0	2	
MYCO000046	2	0	9	
MYCO000047	2	0	4	
MYCO000049	3	0	7	
MYCO000050	31	0	27	
MYCO000051	28	0	15	
MYCO000054	7	0	8	
MYCO000066	1	0	21	
MYCO000068	5	0	15	
MYCO000129	2	0	9	
MYCO000183	10	0	3	
MYCO000184	15	0	6	
MYCO000189	40	0	10	
MYCO000198	4	0	14	
MYCO000204	12	0	4	
MYCO000207	1	0	6	
MYCO000211	6	0	16	
MYCO000223	26	0	9	
MYCO000225	2	0	7	
MYCO000227	34	0	10	
MYCO000228	7	0	12	
MYCO000236	65	0	25	
MYCO000237	11	0	13	
MYCO000238	0	0	5	
MYCO000241	4	0	9	
MYCO000242	49	0	10	
MYCO000243	26	0	9	
MYCO000244	8	122	21	
MYCO000247	2	0	4	
MYCO000248	1	0	8	
MYCO000270	3	0	22	
MYCO000274	14	0	6	
MYCO000321	0	0	2	
MYCO000322	4	0	8	
MYCO000334	2	0	3	
MYCO000337	6	0	8	
MYCO000350	7	0	10	
MYCO000352	30	0	14	
MYCO000357	0	0	6	
MYCO000360	14	0	6	
MYCO000383	61	0	3	
MYCO000384	39	0	8	
MYCO000407	19	0	8	
MYCO000410	7	0	14	
MYCO000411	12	0	10	
MYCO000414	65	0	3	
MYCO000415	64	0	8	
MYCO000417	23	60	7	
MYCO000423	4	0	5	
MYCO000429	1	0	2	
MYCO000432	0	0	5	
MYCO000433	2	0	5	
MYCO000439	12	0	4	
MYCO000440	5	0	10	
MYCO000462	1	0	9	
MYCO000465	1	0	14	
MYCO000466	0	0	6	
MYCO000467	0	0	8	
MYCO000468	4	0	4	
MYCO000472	1	0	5	
MYCO000475	10	0	6	
MYCO000483	7	0	7	
MYCO000484	2	0	7	
MYCO000486	17	0	10	
MYCO000489	45	0	6	
MYCO000490	1	0	9	
MYCO000491	0	0	2	
MYCO000495	1	0	6	
MYCO000496	5	0	8	
MYCO000498	5	0	10	
MYCO000501	2	0	5	
MYCO000502	1	0	3	
MYCO000505	73	0	5	
MYCO000509	8	0	12	
MYCO000510	11	0	7	
MYCO000512	7	0	8	
MYCO000524	28	0	5	
MYCO000527	9	0	4	
MYCO000528	47	0	10	
MYCO000529	11	0	9	
MYCO000548	2	0	5	
MYCO000551	12	0	9	
MYCO000553	30	0	4	
MYCO000555	32	0	5	
MYCO000557	6	0	13	
MYCO000558	15	0	5	
MYCO000562	1	0	9	
MYCO000563	10	0	10	
MYCO000564	4	0	12	
MYCO000566	2	0	6	
MYCO000636	2	0	5	
MYCO000639	15	0	5	
MYCO000647	13	0	5	
MYCO000655	3	0	12	
MYCO000667	13	0	36	
MYCO000668	13	0	47	
MYCO000672	12	0	14	
MYCO000684	8	0	15	
MYCO000685	2	0	2	
MYCO000693	25	0	6	
MYCO000696	10	0	13	
MYCO000732	1	0	9	
MYCO000733	0	0	3	
MYCO000734	28	0	5	
MYCO000757	1	0	6	
MYCO000758	8	0	18	
MYCO000772	10	0	6	
MYCO000777	3	0	3	
MYCO000780	1	0	6	
MYCO000782	250	0	2	
MYCO000788	13	0	4	
MYCO000803	6	0	20	
MYCO000808	4	0	16	
MYCO000809	0	0	11	
MYCO000810	0	0	2	
MYCO000814	58	0	4	
MYCO000815	2	0	5	
MYCO000820	0	0	5	
MYCO000821	1	0	5	
MYCO000823	6	0	11	
MYCO000824	1	0	7	
MYCO000859	7	0	15	
MYCO000860	24	0	17	
MYCO000861	1	0	22	
MYCO000871	1	0	2	
MYCO000876	0	0	10	
MYCO000884	1	0	6	
MYCO000885	3	0	6	
MYCO000886	58	0	8	
MYCO000889	56	0	8	
MYCO000896	4	0	4	
MYCO000902	4	0	6	
MYCO000903	3	0	4	
MYCO000906	71	0	11	
MYCO000926	2	0	11	
MYCO000927	15	0	4	
MYCO000929	30	0	5	
MYCO000946	5	0	10	
MYCO000949	12	0	15	
MYCO000951	4	0	8	
MYCO000952	8	0	13	
MYCO000953	25	0	7	
MYCO000957	34	0	7	
MYCO000981	4	0	7	
MYCO000983	35	0	14	
MYCO000993	12	0	7	
MYCO000994	22	0	10	
MYCO000995	2	0	8	
MYCO001001	3	0	8	
MYCO001002	6	0	9	
MYCO001007	2	0	10	
MYCO001008	19	0	11	
MYCO001009	22	0	5	
MYCO001010	7	0	8	
MYCO001011	2	0	8	
MYCO001013	4	0	12	
MYCO001014	2	0	7	
MYCO001015	2	0	6	
MYCO001017	0	0	8	
MYCO001018	3	0	9	
MYCO001020	33	0	20	
MYCO001022	14	0	8	
MYCO001023	12	0	14	
MYCO001026	18	0	8	
MYCO001070	1	0	4	
MYCO001071	1	0	12	
MYCO001072	0	0	11	
MYCO001077	7	0	12	
MYCO001079	3	0	10	
MYCO001080	9	0	2	
MYCO001082	1	0	6	
MYCO001086	5	0	7	
MYCO001092	11	0	8	
MYCO001094	9	0	4	
MYCO001095	8	0	7	
MYCO001098	5	0	8	
MYCO001099	20	0	7	
MYCO001108	7	0	10	
MYCO001110	1	0	10	
MYCO001112	33	0	9	
MYCO001165	12	0	13	
MYCO001173	15	0	12	
MYCO001177	2	0	1	
MYCO001178	9	0	9	
MYCO001193	29	0	8	
MYCO001201	12	0	9	
MYCO001202	14	0	6	
MYCO001207	27	0	6	
MYCO001208	3	0	7	
MYCO001213	16	0	12	
MYCO001220	13	0	1	
MYCO001221	0	0	8	
MYCO001223	55	0	10	
MYCO001229	7	0	7	
MYCO001238	3	0	8	
MYCO001239	0	0	5	
MYCO001245	12	0	8	
MYCO001248	40	0	22	
MYCO001253	12	0	15	
MYCO001272	24	0	9	
MYCO001273	1	0	10	
MYCO001277	34	0	8	
MYCO001292	2	0	11	
MYCO001293	6	0	3	
MYCO001294	10	0	8	
MYCO001295	4	0	10	
MYCO001297	26	0	6	
MYCO001299	4	0	3	
MYCO001302	1	0	3	
MYCO001305	2	0	2	
MYCO001308	6	0	8	
MYCO001309	1	0	7	
MYCO001310	2	0	6	
MYCO001311	2	0	3	
MYCO001315	0	0	6	
MYCO001321	7	0	8	
MYCO001323	6	0	9	
MYCO001326	4	0	13	
MYCO001327	8	0	11	
MYCO001328	13	0	19	
MYCO001338	10	0	7	
MYCO001340	2	0	5	
MYCO001380	8	0	7	
MYCO001381	30	0	8	
MYCO001383	1	0	11	
MYCO001384	24	0	24	
MYCO001385	51	0	7	
MYCO001388	1	0	7	
MYCO001390	1	0	4	
MYCO001391	53	0	10	
MYCO001392	34	0	21	
MYCO001402	103	0	12	
MYCO001407	40	0	19	
MYCO001408	9	0	4	
MYCO001410	0	0	6	
MYCO001412	1	0	7	
MYCO001415	1	0	10	
MYCO001416	0	0	5	
MYCO001420	4	0	12	
MYCO001421	3	0	3	
MYCO001436	0	0	14	
MYCO001437	7	0	4	
MYCO001438	2	0	5	
MYCO001440	3	0	3	
MYCO001445	19	0	8	
MYCO001447	40	0	9	
MYCO001448	4	0	7	
MYCO001449	14	0	10	
MYCO001451	3	0	15	
MYCO001457	1	0	5	
MYCO001458	4	0	10	
MYCO001462	5	0	15	
MYCO001463	0	0	9	
MYCO001464	15	0	9	
MYCO001465	0	0	3	
MYCO001466	0	0	4	
MYCO001467	8	122	16	
MYCO001473	3	0	7	
MYCO001474	12	0	4	
MYCO001475	3	0	15	
MYCO001479	9	0	8	
MYCO001480	10	0	8	
MYCO001481	3	0	7	
MYCO001483	10	0	3	
MYCO001484	1	0	8	
MYCO001485	12	0	8	
MYCO001493	51	0	10	
MYCO001536	8	0	29	
MYCO001540	2	0	5	
MYCO001547	13	0	22	
MYCO001557	49	0	12	
MYCO001559	65	0	7	
MYCO001564	3	0	14	
MYCO001568	18	0	9	
MYCO001569	52	0	8	
MYCO001589	0	0	6	
MYCO001593	0	0	2	
MYCO001594	4	0	6	
MYCO001595	31	0	9	
MYCO001599	23	0	5	
MYCO001600	0	0	5	
MYCO001601	0	0	8	
MYCO001603	0	0	4	
MYCO001605	0	0	8	
MYCO001609	5	0	8	
MYCO001611	6	0	3	
MYCO001612	1	0	8	
MYCO001617	5	0	8	
MYCO001626	2	0	4	
MYCO001627	12	0	13	
MYCO001629	11	0	20	
MYCO001633	33	0	21	
MYCO001638	16	0	18	
MYCO001641	256	0	0	
MYCO001649	28	0	6	
MYCO001652	14	0	10	
MYCO001653	50	0	5	
MYCO001654	12	0	6	
MYCO001655	37	0	5	
MYCO001656	22	0	5	
MYCO001657	29	0	3	
MYCO001658	9	0	9	
MYCO001659	26	0	12	
MYCO001689	1	0	8	
MYCO001694	14	0	8	
MYCO001695	0	0	7	
MYCO001697	2	0	6	
MYCO001699	2	0	13	
MYCO001701	7	0	5	
MYCO001708	2	0	6	
MYCO001709	0	0	9	
MYCO001711	0	0	8	
MYCO001712	0	0	8	
MYCO001713	15	0	7	
MYCO001821	1	0	22	
MYCO001827	0	0	1	
MYCO001829	3	0	5	
MYCO001830	0	0	7	
MYCO001832	11	0	16	
MYCO001837	9	0	9	
MYCO001842	8	0	11	
MYCO001843	10	0	10	
MYCO001844	2	0	14	
MYCO001854	2	0	8	
MYCO001886	6	0	6	
MYCO001894	13	0	9	
MYCO001981	2	0	4	
MYCO002050	0	0	1	
MYCO002089	22	0	12	
MYCO002090	254	0	1	
MYCO002092	33	0	21	
MYCO002093	4	0	8	
MYCO002096	1	0	8	
MYCO002097	7	0	11	
MYCO002109	1	0	10	
MYCO002110	5	0	8	
MYCO002111	11	0	3	
MYCO002112	119	0	13	
MYCO002115	4	0	12	
MYCO002118	1	0	4	
MYCO002119	2	0	5	
MYCO002121	6	0	4	
MYCO002122	1	0	6	
MYCO002125	3	0	7	
MYCO002130	33	0	8	
MYCO002134	2	0	5	
MYCO002139	9	0	8	
MYCO002140	0	0	5	
MYCO002141	7	0	8	
MYCO002145	5	0	6	
MYCO002150	17	0	9	
MYCO002151	18	0	1	
MYCO002153	59	0	7	
MYCO002154	60	0	5	
MYCO002155	50	0	15	
MYCO002156	0	0	8	
MYCO002157	119	0	11	
MYCO002163	21	0	13	
MYCO002166	1	0	5	
MYCO002170	38	0	3	
MYCO002176	7	0	11	
MYCO002178	1	0	6	
MYCO002179	6	0	2	
MYCO002182	2	0	4	
MYCO002186	1	0	1	
MYCO002187	67	0	14	
MYCO002188	4	0	15	
MYCO002192	10	0	4	
MYCO002193	0	0	5	
MYCO002194	3	0	7	
MYCO002195	3	0	7	
MYCO002196	3	0	9	
MYCO002199	0	0	5	
MYCO002200	1	0	6	
MYCO002201	15	0	10	
MYCO002202	16	0	9	
MYCO002210	9	0	8	
MYCO002211	10	0	8	
MYCO002213	17	0	14	
MYCO002216	3	0	12	
MYCO002217	15	0	6	
MYCO002218	15	0	8	
MYCO002219	11	0	5	
MYCO002220	3	0	8	
MYCO002221	69	0	15	
MYCO002222	3	0	7	
MYCO002225	11	0	6	
MYCO002228	4	0	7	
MYCO002230	13	0	13	
MYCO002235	10	0	10	
MYCO002239	0	0	5	
MYCO002241	40	0	15	
MYCO002242	14	0	6	
MYCO002243	31	0	8	
MYCO002244	1	0	2	
MYCO002245	11	0	7	
MYCO002246	2	0	6	
MYCO002247	16	0	8	
MYCO002257	5	0	6	
MYCO002259	17	0	9	
MYCO002315	53	0	6	
MYCO002343	15	0	14	
MYCO002344	46	0	12	
MYCO002357	3	0	12	
MYCO002361	1	0	5	
MYCO002362	9	0	3	
MYCO002364	1	0	4	
MYCO002366	0	0	10	
MYCO002367	0	0	7	
MYCO002368	3	0	6	
MYCO002373	6	0	6	
MYCO002374	10	0	10	
MYCO002399	3	0	6	
MYCO002400	5	0	8	
MYCO002402	5	0	14	
MYCO002404	3	0	11	
MYCO002409	1	0	7	
MYCO002410	1	0	5	
MYCO002411	8	0	10	
MYCO002413	9	0	10	
MYCO002420	12	0	4	
MYCO002421	0	0	4	
MYCO002425	21	0	5	
MYCO002426	85	0	6	
MYCO002427	26	0	8	
MYCO002439	47	0	10	
MYCO002440	8	0	16	
MYCO002445	2	0	1	
MYCO002447	7	0	9	
MYCO002448	17	0	15	
MYCO002454	2	0	10	
MYCO002455	6	0	8	
MYCO002457	4	0	7	
MYCO002460	0	0	5	
MYCO002461	2	0	4	
MYCO002462	22	0	10	
MYCO002465	7	0	1	
MYCO002466	2	0	2	
MYCO002467	10	0	16	
MYCO002470	1	0	3	
MYCO002477	1	0	11	
MYCO002500	0	0	9	
MYCO002502	4	0	14	
MYCO002509	1	0	8	
MYCO002511	3	0	4	
MYCO002518	31	0	5	
MYCO002521	0	0	5	
MYCO002523	6	0	5	
MYCO002524	85	0	30	
MYCO002533	1	0	3	
MYCO002534	0	0	6	
MYCO002538	13	0	4	
MYCO002540	71	0	6	
MYCO002555	4	0	12	
MYCO002559	24	0	9	
MYCO002568	4	0	12	
MYCO002572	11	0	17	
MYCO002575	5	0	7	
MYCO002580	15	0	11	
MYCO002582	6	0	10	
MYCO002583	8	0	14	
MYCO002587	51	0	10	
MYCO002589	11	0	6	
MYCO002592	13	0	9	
MYCO002593	6	0	2	
MYCO002594	0	0	3	
MYCO002603	0	0	5	
MYCO002606	2	0	7	
MYCO002610	8	0	11	
MYCO002611	8	0	6	
MYCO002612	1	0	4	
MYCO002613	0	0	4	
MYCO002614	7	0	10	
MYCO002670	1	0	6	
MYCO002673	38	62	7	
MYCO002676	5	0	6	
MYCO002678	27	0	10	
MYCO002682	11	0	6	
MYCO002696	11	0	7	
MYCO002697	0	0	5	
MYCO002699	0	0	2	
MYCO002702	0	0	12	
MYCO002703	13	0	10	
MYCO002708	2	0	3	
MYCO002710	6	0	7	
MYCO002711	2	0	6	
MYCO002714	2	0	7	
MYCO002715	31	0	6	
MYCO002720	3	0	10	
MYCO002724	8	0	12	
MYCO002725	12	0	9	
MYCO002726	7	0	4	
MYCO002727	24	0	12	
MYCO002731	28	0	8	
MYCO002733	73	0	7	
MYCO002744	8	0	4	
MYCO002748	31	0	16	
MYCO002750	7	0	7	
MYCO002753	2	0	8	
MYCO002754	3	0	5	
MYCO002764	7	0	9	
MYCO002773	2	0	2	
MYCO002782	25	0	8	
MYCO002783	9	0	12	
MYCO002788	29	0	5	
MYCO002794	1	0	6	
MYCO002795	5	0	10	
MYCO002828	115	31	13	
MYCO002838	5	0	6	
MYCO002839	105	0	12	
MYCO002841	1	0	9	
MYCO002846	0	0	7	
MYCO002847	9	0	13	
MYCO002861	2	0	7	
MYCO002864	6	0	11	
MYCO002868	0	0	8	
MYCO002870	12	0	3	
MYCO002882	1	0	6	
MYCO002883	0	0	4	
MYCO002889	10	0	7	
MYCO002894	44	0	4	
MYCO002901	1	0	4	
MYCO002902	23	0	6	
MYCO002915	10	0	8	
MYCO002916	17	0	12	
MYCO002917	52	0	13	
MYCO002918	14	0	18	
MYCO002919	1	0	2	
MYCO002921	8	0	6	
MYCO002927	0	0	8	
MYCO002965	1	0	1	
MYCO002967	19	0	11	
MYCO002976	5	0	7	
MYCO002981	13	0	11	
MYCO002982	1	0	12	
MYCO002984	4	0	14	
MYCO002988	8	0	9	
MYCO002992	9	0	14	
MYCO002993	1	0	4	
MYCO002995	12	0	9	
MYCO002996	16	0	13	
MYCO003001	1	0	6	
MYCO003003	13	0	8	
MYCO003006	11	0	5	
MYCO003009	4	0	6	
MYCO003010	24	0	9	
MYCO003011	53	0	7	
MYCO003014	23	0	12	
MYCO003024	18	0	10	
MYCO003025	13	0	5	
MYCO003027	5	0	7	
MYCO003028	37	0	2	
MYCO003029	4	0	8	
MYCO003031	14	0	14	
MYCO003032	33	0	6	
MYCO003034	2	0	4	
MYCO003038	3	0	4	
MYCO003042	4	0	7	
MYCO003043	0	0	7	
MYCO003045	0	0	6	
MYCO003048	2	0	5	
MYCO003049	6	0	8	
MYCO003051	5	0	9	
MYCO003052	3	0	1	
MYCO003053	0	0	2	
MYCO003054	8	0	5	
MYCO003057	0	0	10	
MYCO003085	9	0	7	
MYCO003100	1	0	5	
MYCO003101	2	0	5	
MYCO003102	1	0	5	
MYCO003105	15	0	7	
MYCO003117	2	0	5	
MYCO003118	58	0	4	
MYCO003139	4	0	11	
MYCO003140	2	0	12	
MYCO003193	10	0	20	
MYCO003194	0	0	6	
MYCO003195	31	0	9	
MYCO003197	1	0	13	
MYCO003198	20	0	12	
MYCO003205	3	0	6	
MYCO003206	2	0	12	
MYCO003207	5	0	8	
MYCO003208	3	0	8	
MYCO003211	18	0	12	
MYCO003213	1	0	8	
MYCO003214	1	0	5	
MYCO003219	0	0	4	
MYCO003220	2	0	12	
MYCO003221	0	0	6	
MYCO003223	0	0	4	
MYCO003228	25	0	6	
MYCO003229	2	0	9	
MYCO003240	31	0	9	
MYCO003241	12	0	3	
MYCO003245	2	0	12	
MYCO003246	1	0	2	
MYCO003248	3	0	11	
MYCO003252	19	0	8	
MYCO003255	9	0	8	
MYCO003257	14	0	8	
MYCO003258	18	0	2	
MYCO003261	2	0	10	
MYCO003262	16	0	5	
MYCO003264	1	0	8	
MYCO003265	12	0	5	
MYCO003267	25	0	8	
MYCO003274	0	0	11	
MYCO003275	9	0	7	
MYCO003276	9	0	8	
MYCO003277	1	0	5	
MYCO003280	2	0	9	
MYCO003285	16	0	7	
MYCO003290	2	0	8	
MYCO003296	87	0	29	
MYCO003302	5	0	9	
MYCO003303	253	0	1	
MYCO003304	3	0	2	
MYCO003305	5	0	11	
MYCO003306	20	0	11	
MYCO003313	3	0	6	
MYCO003317	1	0	11	
MYCO003318	12	0	9	
MYCO003319	4	0	6	
MYCO003328	17	0	8	
MYCO003329	3	0	12	
MYCO003330	25	0	4	
MYCO003336	4	0	8	
MYCO003340	1	0	7	
MYCO003341	31	0	6	
MYCO003356	1	0	6	
MYCO003392	2	197	9	
MYCO003396	9	0	11	
MYCO003409	10	0	11	
MYCO003410	53	0	9	
MYCO003411	18	0	13	
MYCO003412	0	0	5	
MYCO003417	1	149	10	
MYCO003418	0	0	2	
MYCO003419	15	0	7	
MYCO003422	1	0	3	
MYCO003432	1	0	9	
MYCO003433	96	0	4	
MYCO003436	65	0	10	
MYCO003441	35	0	16	
MYCO003455	11	0	4	
MYCO003457	4	0	9	
MYCO003462	2	0	3	
MYCO003464	0	0	7	
MYCO003490	4	0	12	
MYCO003500	4	0	10	
MYCO003501	1	0	5	
MYCO003504	3	0	8	
MYCO003520	5	0	12	
MYCO003570	0	0	12	
MYCO003571	4	0	8	
MYCO003579	37	0	12	
MYCO003580	5	0	9	
MYCO003583	0	0	2	
MYCO003589	65	0	6	
MYCO003592	1	0	3	
MYCO003596	24	0	15	
MYCO003598	6	0	11	
MYCO003600	2	0	6	
MYCO003601	2	0	4	
MYCO003609	1	0	5	
MYCO003610	31	0	12	
MYCO003624	1	0	7	
MYCO003628	3	0	4	
MYCO003644	15	0	10	
MYCO003646	47	0	20	
MYCO003647	7	0	5	
MYCO003648	2	0	5	
MYCO003668	0	0	5	
MYCO003670	14	0	7	
MYCO003674	0	0	6	
MYCO003676	0	0	9	
MYCO003677	2	0	8	
MYCO003679	3	0	12	
MYCO003680	8	0	7	
MYCO003682	11	0	16	
MYCO003683	7	0	7	
MYCO003684	5	0	5	
MYCO003695	3	0	15	
MYCO003696	14	0	14	
MYCO003705	0	0	8	
MYCO003707	14	0	5	
MYCO003708	10	0	8	
MYCO003709	10	0	10	
MYCO003710	109	0	9	
MYCO003711	4	0	15	
MYCO003712	37	0	7	
MYCO003713	4	0	5	
MYCO003715	0	0	6	
MYCO003717	0	0	6	
MYCO003718	0	0	5	
MYCO003719	4	0	11	
MYCO003720	8	0	12	
MYCO003721	23	0	12	
MYCO003722	1	0	10	
MYCO003765	32	0	6	
MYCO003774	1	0	11	
MYCO003775	7	0	17	
MYCO003777	14	0	10	
MYCO003778	3	0	7	
MYCO003780	31	0	7	
MYCO003781	1	0	2	
MYCO003782	4	0	10	
MYCO003783	5	0	6	
MYCO003790	3	0	9	
MYCO003791	4	0	9	
MYCO003793	49	0	26	
MYCO003794	19	0	27	
MYCO003795	17	0	43	
MYCO003799	1	0	13	
MYCO003801	2	0	12	
MYCO003802	7	0	6	
MYCO003804	3	0	6	
MYCO003806	0	0	11	
MYCO003808	19	0	12	
MYCO003809	0	0	12	
MYCO003816	21	0	4	
MYCO003834	13	0	8	
MYCO003835	40	0	10	
MYCO003842	12	0	14	
MYCO003847	114	0	5	
MYCO003849	0	0	1	
MYCO003858	3	0	15	
MYCO003859	35	0	20	
MYCO003907	4	0	7	
MYCO003908	14	0	5	
MYCO003913	4	0	19	
MYCO003915	1	0	12	
MYCO003917	0	0	13	
MYCO003918	1	0	11	
MYCO003920	1	0	10	
MYCO003921	3	0	10	
MYCO013678	0	0	4	
MYCO000002	3	0	14	
MYCO000003	2	0	15	
MYCO000004	1	0	12	
MYCO000007	31	0	15	
MYCO000008	1	0	9	
MYCO000010	1	0	17	
MYCO000012	3	0	12	
MYCO000014	0	0	23	
MYCO000018	13	0	17	
MYCO000020	15	0	24	
MYCO000021	47	0	11	
MYCO000022	6	0	9	
MYCO000023	5	0	12	
MYCO000024	85	0	8	
MYCO000025	33	0	5	
MYCO000026	14	0	28	
MYCO000027	1	0	6	
MYCO000028	0	0	7	
MYCO000029	20	0	20	
MYCO000030	47	0	8	
MYCO000031	1	0	1	
MYCO000032	92	0	19	
MYCO000033	0	0	3	
MYCO000034	0	0	6	
MYCO000035	5	0	22	
MYCO000036	9	0	14	
MYCO000037	6	0	23	
MYCO000039	15	0	4	
MYCO000040	10	0	11	
MYCO000041	31	0	32	
MYCO000042	17	0	10	
MYCO000043	1	0	8	
MYCO000044	39	0	7	
MYCO000045	127	0	9	
MYCO000048	1	0	13	
MYCO000052	10	1	8	
MYCO000057	1	159	8	
MYCO000058	7	0	19	
MYCO000059	3	0	10	
MYCO000060	1	0	7	
MYCO000061	60	0	4	
MYCO000062	12	0	11	
MYCO000063	16	0	19	
MYCO000064	108	0	23	
MYCO000065	1	0	4	
MYCO000067	1	0	7	
MYCO000069	9	0	20	
MYCO000070	2	143	10	
MYCO000071	78	0	14	
MYCO000072	63	0	7	
MYCO000073	2	114	14	
MYCO000074	110	0	7	
MYCO000075	14	0	9	
MYCO000076	0	0	2	
MYCO000077	2	0	6	
MYCO000078	3	0	6	
MYCO000079	6	0	8	
MYCO000080	5	0	12	
MYCO000081	1	0	13	
MYCO000082	58	0	7	
MYCO000083	99	0	9	
MYCO000084	2	0	4	
MYCO000085	15	0	7	
MYCO000086	21	0	12	
MYCO000087	18	0	7	
MYCO000088	1	0	7	
MYCO000089	1	0	9	
MYCO000090	3	0	9	
MYCO000091	4	0	3	
MYCO000092	20	0	25	
MYCO000093	6	0	9	
MYCO000094	248	4	8	
MYCO000095	117	0	33	
MYCO000096	29	0	13	
MYCO000097	1	0	5	
MYCO000098	2	0	8	
MYCO000099	80	0	10	
MYCO000100	1	0	1	
MYCO000101	13	0	51	
MYCO000102	10	0	14	
MYCO000103	13	0	13	
MYCO000104	85	0	17	
MYCO000106	7	0	12	
MYCO000107	252	0	1	
MYCO000108	0	0	2	
MYCO000109	95	0	9	
MYCO000110	1	0	7	
MYCO000111	16	0	20	
MYCO000112	5	0	14	
MYCO000113	11	0	13	
MYCO000114	14	0	7	
MYCO000115	31	0	14	
MYCO000116	0	0	8	
MYCO000117	1	0	8	
MYCO000118	11	0	18	
MYCO000119	12	0	22	
MYCO000120	4	0	24	
MYCO000121	7	0	11	
MYCO000122	2	0	3	
MYCO000123	1	0	4	
MYCO000124	250	0	1	
MYCO000125	17	0	4	
MYCO000126	5	0	12	
MYCO000127	5	0	15	
MYCO000128	4	0	5	
MYCO000130	0	0	6	
MYCO000131	3	0	11	
MYCO000132	15	0	12	
MYCO000133	32	0	5	
MYCO000134	89	0	6	
MYCO000135	1	0	3	
MYCO000136	31	0	19	
MYCO000137	30	0	8	
MYCO000138	25	0	7	
MYCO000139	2	0	11	
MYCO000140	1	0	3	
MYCO000141	2	0	6	
MYCO000142	47	0	7	
MYCO000143	24	0	17	
MYCO000144	19	0	7	
MYCO000145	9	0	9	
MYCO000146	60	0	8	
MYCO000147	11	0	6	
MYCO000148	4	0	5	
MYCO000149	62	0	8	
MYCO000150	3	0	3	
MYCO000151	21	0	14	
MYCO000152	5	0	15	
MYCO000153	10	0	7	
MYCO000154	4	0	7	
MYCO000155	12	0	8	
MYCO000156	1	0	5	
MYCO000157	20	0	7	
MYCO000158	2	0	9	
MYCO000159	19	0	12	
MYCO000160	5	0	16	
MYCO000161	13	0	14	
MYCO000162	20	0	8	
MYCO000163	0	0	7	
MYCO000164	1	0	6	
MYCO000165	143	0	2	
MYCO000166	4	0	11	
MYCO000167	1	131	9	
MYCO000168	7	0	10	
MYCO000169	11	0	16	
MYCO000170	2	0	8	
MYCO000171	82	0	10	
MYCO000172	18	0	15	
MYCO000173	3	0	11	
MYCO000174	4	0	13	
MYCO000175	5	0	16	
MYCO000176	12	0	7	
MYCO000177	0	0	5	
MYCO000178	0	0	4	
MYCO000179	15	0	8	
MYCO000180	31	0	16	
MYCO000181	0	0	7	
MYCO000182	23	0	13	
MYCO000185	6	0	6	
MYCO000186	14	0	16	
MYCO000187	6	0	6	
MYCO000188	2	0	4	
MYCO000190	0	0	4	
MYCO000191	26	0	9	
MYCO000192	67	0	10	
MYCO000193	6	0	20	
MYCO000194	23	0	39	
MYCO000195	58	0	6	
MYCO000196	4	0	5	
MYCO000197	256	0	0	
MYCO000199	1	0	5	
MYCO000200	7	0	5	
MYCO000201	21	0	5	
MYCO000202	10	0	19	
MYCO000203	16	0	5	
MYCO000205	44	0	5	
MYCO000206	18	0	16	
MYCO000208	5	0	5	
MYCO000209	23	0	8	
MYCO000210	28	0	8	
MYCO000212	3	0	10	
MYCO000213	2	0	10	
MYCO000214	8	0	16	
MYCO000215	29	0	10	
MYCO000216	3	0	6	
MYCO000217	27	0	7	
MYCO000218	83	0	7	
MYCO000219	0	0	9	
MYCO000220	12	0	12	
MYCO000221	27	0	11	
MYCO000222	6	0	7	
MYCO000224	8	0	4	
MYCO000226	15	0	10	
MYCO000229	0	0	7	
MYCO000230	2	0	16	
MYCO000231	4	0	10	
MYCO000232	3	0	4	
MYCO000233	25	0	4	
MYCO000234	18	0	11	
MYCO000235	6	0	19	
MYCO000239	2	0	3	
MYCO000240	1	0	6	
MYCO000245	1	0	5	
MYCO000246	15	0	9	
MYCO000249	3	0	8	
MYCO000250	1	0	2	
MYCO000251	0	0	1	
MYCO000252	8	0	20	
MYCO000253	1	0	3	
MYCO000254	1	0	4	
MYCO000255	34	0	10	
MYCO000256	74	0	13	
MYCO000257	33	0	5	
MYCO000258	3	0	5	
MYCO000259	2	0	7	
MYCO000260	4	0	9	
MYCO000261	4	0	9	
MYCO000262	1	0	6	
MYCO000263	23	0	9	
MYCO000264	6	0	6	
MYCO000265	3	0	10	
MYCO000266	67	0	28	
MYCO000267	22	0	14	
MYCO000268	3	0	4	
MYCO000269	8	0	8	
MYCO000271	11	0	14	
MYCO000272	7	0	6	
MYCO000273	4	0	8	
MYCO000275	29	0	9	
MYCO000276	17	70	9	
MYCO000277	11	99	16	
MYCO000278	256	0	0	
MYCO000279	240	0	13	
MYCO000280	113	0	14	
MYCO000281	16	0	7	
MYCO000282	4	0	16	
MYCO000283	25	0	11	
MYCO000284	54	0	25	
MYCO000285	11	0	4	
MYCO000286	81	0	8	
MYCO000287	1	1	2	
MYCO000288	0	0	6	
MYCO000289	4	0	9	
MYCO000290	49	0	12	
MYCO000291	42	0	8	
MYCO000292	5	0	6	
MYCO000293	10	0	10	
MYCO000294	7	0	15	
MYCO000295	2	0	4	
MYCO000296	6	0	10	
MYCO000297	132	0	19	
MYCO000298	0	0	5	
MYCO000299	0	0	2	
MYCO000300	0	0	3	
MYCO000301	0	0	4	
MYCO000302	7	0	3	
MYCO000303	2	0	6	
MYCO000304	36	0	59	
MYCO000305	252	0	2	
MYCO000306	1	0	7	
MYCO000307	1	0	8	
MYCO000308	0	0	8	
MYCO000309	3	0	8	
MYCO000310	0	0	4	
MYCO000311	5	0	12	
MYCO000312	24	0	17	
MYCO000313	1	0	4	
MYCO000314	13	0	7	
MYCO000315	73	0	7	
MYCO000316	27	0	8	
MYCO000317	3	0	6	
MYCO000318	2	0	9	
MYCO000319	4	0	7	
MYCO000320	0	0	5	
MYCO000323	32	0	6	
MYCO000324	1	0	5	
MYCO000325	140	0	1	
MYCO000326	15	0	4	
MYCO000327	20	0	14	
MYCO000328	4	0	1	
MYCO000329	5	0	6	
MYCO000330	4	0	8	
MYCO000331	19	0	14	
MYCO000332	5	0	8	
MYCO000333	0	0	6	
MYCO000335	37	0	3	
MYCO000336	220	32	7	
MYCO000338	63	0	17	
MYCO000339	40	0	19	
MYCO000340	0	0	8	
MYCO000341	88	0	7	
MYCO000342	9	0	15	
MYCO000343	9	0	15	
MYCO000344	4	0	5	
MYCO000345	0	0	6	
MYCO000346	16	0	7	
MYCO000347	1	1	7	
MYCO000348	2	0	2	
MYCO000349	3	0	8	
MYCO000351	10	0	4	
MYCO000353	0	0	5	
MYCO000354	256	0	0	
MYCO000355	157	0	38	
MYCO000356	25	0	7	
MYCO000358	80	0	3	
MYCO000359	5	0	11	
MYCO000361	1	0	5	
MYCO000362	1	0	10	
MYCO000363	4	0	9	
MYCO000364	1	0	9	
MYCO000365	10	0	11	
MYCO000366	5	0	5	
MYCO000367	4	0	6	
MYCO000368	11	0	15	
MYCO000369	2	0	5	
MYCO000370	2	0	9	
MYCO000371	2	0	2	
MYCO000372	9	0	7	
MYCO000373	8	0	26	
MYCO000374	1	0	5	
MYCO000375	29	0	8	
MYCO000376	20	0	11	
MYCO000377	20	0	12	
MYCO000378	35	0	2	
MYCO000379	1	0	6	
MYCO000380	6	0	11	
MYCO000381	4	0	8	
MYCO000382	3	0	3	
MYCO000385	0	0	4	
MYCO000386	27	0	18	
MYCO000387	99	0	5	
MYCO000388	256	0	0	
MYCO000389	40	0	10	
MYCO000390	0	0	3	
MYCO000391	7	0	3	
MYCO000392	15	0	13	
MYCO000393	87	0	14	
MYCO000394	5	0	3	
MYCO000395	55	0	3	
MYCO000396	2	0	6	
MYCO000397	44	85	18	
MYCO000398	14	0	8	
MYCO000399	3	0	14	
MYCO000400	10	0	9	
MYCO000401	20	0	1	
MYCO000402	59	0	18	
MYCO000403	56	0	3	
MYCO000404	14	0	26	
MYCO000405	134	0	30	
MYCO000406	5	0	7	
MYCO000408	4	0	15	
MYCO000409	4	0	10	
MYCO000412	4	0	16	
MYCO000413	15	0	7	
MYCO000416	0	0	4	
MYCO000418	1	0	10	
MYCO000419	6	0	14	
MYCO000420	2	0	4	
MYCO000421	2	0	5	
MYCO000422	1	0	6	
MYCO000424	0	0	6	
MYCO000425	70	0	26	
MYCO000426	6	0	6	
MYCO000427	6	0	8	
MYCO000428	16	0	9	
MYCO000430	5	0	4	
MYCO000431	1	0	3	
MYCO000434	1	0	7	
MYCO000435	16	0	15	
MYCO000436	16	0	7	
MYCO000437	18	0	4	
MYCO000438	9	0	10	
MYCO000441	20	0	8	
MYCO000442	3	0	12	
MYCO000443	8	0	4	
MYCO000444	48	0	8	
MYCO000445	1	0	4	
MYCO000446	49	0	5	
MYCO000447	12	0	10	
MYCO000448	8	0	3	
MYCO000449	5	0	6	
MYCO000450	5	0	18	
MYCO000451	1	0	1	
MYCO000452	0	0	4	
MYCO000453	81	0	13	
MYCO000454	3	0	3	
MYCO000455	1	0	6	
MYCO000456	0	0	11	
MYCO000457	35	0	14	
MYCO000458	23	0	16	
MYCO000459	11	0	9	
MYCO000460	1	0	2	
MYCO000461	5	0	6	
MYCO000463	6	0	5	
MYCO000464	0	0	4	
MYCO000469	10	0	12	
MYCO000470	2	0	6	
MYCO000471	7	0	8	
MYCO000473	2	0	7	
MYCO000474	1	0	5	
MYCO000476	0	0	1	
MYCO000477	4	0	3	
MYCO000478	2	0	8	
MYCO000479	30	0	6	
MYCO000480	12	0	6	
MYCO000481	2	0	4	
MYCO000482	5	0	7	
MYCO000485	8	0	6	
MYCO000487	10	0	9	
MYCO000488	1	0	5	
MYCO000492	39	0	16	
MYCO000493	9	0	9	
MYCO000494	11	0	4	
MYCO000497	40	0	7	
MYCO000499	5	0	8	
MYCO000500	26	0	10	
MYCO000503	2	0	7	
MYCO000504	0	0	5	
MYCO000506	3	0	1	
MYCO000507	21	0	29	
MYCO000508	0	0	3	
MYCO000511	52	0	10	
MYCO000513	4	0	4	
MYCO000514	5	0	5	
MYCO000515	220	13	6	
MYCO000516	0	0	4	
MYCO000517	7	0	11	
MYCO000518	1	0	8	
MYCO000519	29	0	9	
MYCO000520	5	0	2	
MYCO000521	0	0	4	
MYCO000522	1	0	8	
MYCO000523	17	0	5	
MYCO000525	27	0	7	
MYCO000526	3	0	4	
MYCO000530	29	0	13	
MYCO000531	39	0	3	
MYCO000532	244	0	2	
MYCO000533	8	0	5	
MYCO000534	13	0	6	
MYCO000535	4	0	5	
MYCO000536	50	0	5	
MYCO000537	23	0	15	
MYCO000538	63	0	18	
MYCO000539	103	0	3	
MYCO000540	29	0	3	
MYCO000541	16	0	12	
MYCO000542	41	0	8	
MYCO000543	0	0	3	
MYCO000544	28	0	5	
MYCO000545	9	0	5	
MYCO000546	1	0	6	
MYCO000547	19	0	7	
MYCO000549	2	0	5	
MYCO000550	2	0	1	
MYCO000552	52	0	11	
MYCO000554	21	0	9	
MYCO000556	0	0	7	
MYCO000559	7	0	2	
MYCO000560	0	0	4	
MYCO000561	17	0	4	
MYCO000565	14	0	14	
MYCO000567	5	0	9	
MYCO000568	13	0	14	
MYCO000569	2	0	3	
MYCO000570	19	0	16	
MYCO000571	26	0	12	
MYCO000572	2	0	3	
MYCO000573	18	0	10	
MYCO000574	19	0	7	
MYCO000575	15	0	10	
MYCO000576	17	0	12	
MYCO000577	21	0	11	
MYCO000578	196	0	23	
MYCO000579	19	0	8	
MYCO000580	0	0	5	
MYCO000581	8	0	1	
MYCO000582	1	0	3	
MYCO000583	9	0	6	
MYCO000584	6	0	19	
MYCO000585	10	0	11	
MYCO000586	0	81	6	
MYCO000587	8	0	9	
MYCO000588	14	0	11	
MYCO000589	2	0	9	
MYCO000590	142	0	3	
MYCO000591	25	0	11	
MYCO000592	61	0	4	
MYCO000593	6	0	9	
MYCO000594	16	0	17	
MYCO000595	2	0	6	
MYCO000596	1	0	3	
MYCO000597	2	0	5	
MYCO000598	2	0	6	
MYCO000599	1	145	4	
MYCO000600	16	0	4	
MYCO000601	13	0	7	
MYCO000602	38	0	6	
MYCO000603	58	0	1	
MYCO000604	14	0	7	
MYCO000605	2	0	5	
MYCO000606	4	0	5	
MYCO000607	0	0	2	
MYCO000608	0	0	1	
MYCO000609	4	0	4	
MYCO000610	33	0	8	
MYCO000611	0	0	4	
MYCO000612	33	0	4	
MYCO000613	74	0	16	
MYCO000614	12	0	9	
MYCO000615	2	0	4	
MYCO000616	3	0	3	
MYCO000617	1	0	5	
MYCO000618	32	0	5	
MYCO000619	256	0	0	
MYCO000620	73	0	5	
MYCO000621	36	0	5	
MYCO000622	1	0	9	
MYCO000623	0	0	1	
MYCO000624	0	0	5	
MYCO000625	18	0	9	
MYCO000626	1	0	4	
MYCO000627	1	0	1	
MYCO000628	23	122	14	
MYCO000629	56	0	8	
MYCO000630	78	0	16	
MYCO000631	71	0	19	
MYCO000632	0	0	6	
MYCO000633	4	0	12	
MYCO000634	1	0	3	
MYCO000635	2	0	8	
MYCO000637	2	0	2	
MYCO000638	6	0	5	
MYCO000642	3	0	7	
MYCO000643	10	0	2	
MYCO000644	0	0	11	
MYCO000645	2	0	8	
MYCO000646	8	0	5	
MYCO000648	97	0	21	
MYCO000649	107	0	2	
MYCO000650	79	0	5	
MYCO000653	4	0	5	
MYCO000654	37	0	11	
MYCO000656	3	0	9	
MYCO000657	1	0	2	
MYCO000658	3	0	10	
MYCO000659	0	0	5	
MYCO000660	1	0	5	
MYCO000661	4	0	2	
MYCO000662	3	0	2	
MYCO000663	19	0	19	
MYCO000664	0	0	3	
MYCO000665	7	0	3	
MYCO000666	0	0	2	
MYCO000669	21	0	13	
MYCO000670	42	0	3	
MYCO000671	6	0	7	
MYCO000673	38	0	11	
MYCO000674	3	0	5	
MYCO000675	13	0	4	
MYCO000676	2	112	25	
MYCO000677	0	0	2	
MYCO000678	1	0	2	
MYCO000679	6	0	4	
MYCO000680	1	0	4	
MYCO000681	0	0	7	
MYCO000686	42	0	4	
MYCO000687	5	0	3	
MYCO000688	6	0	10	
MYCO000689	15	0	3	
MYCO000690	5	0	7	
MYCO000691	0	0	6	
MYCO000692	0	0	2	
MYCO000694	12	0	13	
MYCO000695	2	0	11	
MYCO000697	3	0	11	
MYCO000698	43	0	12	
MYCO000699	0	0	3	
MYCO000711	19	0	13	
MYCO000712	1	0	3	
MYCO000713	1	0	9	
MYCO000724	30	0	12	
MYCO000725	3	0	7	
MYCO000726	11	0	11	
MYCO000727	17	0	8	
MYCO000728	8	0	12	
MYCO000729	49	0	10	
MYCO000730	8	0	5	
MYCO000731	30	0	6	
MYCO000735	2	0	6	
MYCO000736	10	0	11	
MYCO000737	1	0	4	
MYCO000738	36	0	5	
MYCO000739	143	0	3	
MYCO000740	73	0	12	
MYCO000741	1	23	10	
MYCO000742	256	0	0	
MYCO000743	0	0	2	
MYCO000744	11	0	4	
MYCO000745	40	0	6	
MYCO000746	234	0	5	
MYCO000747	240	0	3	
MYCO000748	28	0	5	
MYCO000749	11	114	15	
MYCO000750	63	89	12	
MYCO000751	10	0	8	
MYCO000752	6	0	12	
MYCO000753	21	0	10	
MYCO000754	75	0	17	
MYCO000755	34	0	26	
MYCO000756	8	0	11	
MYCO000759	0	0	2	
MYCO000760	12	0	3	
MYCO000761	4	0	5	
MYCO000762	0	0	3	
MYCO000763	0	0	4	
MYCO000764	1	0	9	
MYCO000765	9	0	6	
MYCO000766	62	0	5	
MYCO000767	25	0	5	
MYCO000768	6	0	12	
MYCO000769	2	0	3	
MYCO000770	15	0	12	
MYCO000771	4	0	5	
MYCO000773	4	0	16	
MYCO000774	11	0	10	
MYCO000775	6	0	8	
MYCO000776	14	0	7	
MYCO000778	15	0	7	
MYCO000779	83	0	3	
MYCO000781	250	0	1	
MYCO000783	4	0	12	
MYCO000784	12	0	3	
MYCO000785	9	0	8	
MYCO000786	15	0	4	
MYCO000787	42	0	6	
MYCO000789	0	0	3	
MYCO000790	0	0	9	
MYCO000791	6	0	8	
MYCO000792	0	0	10	
MYCO000793	0	0	1	
MYCO000794	5	0	6	
MYCO000795	27	0	2	
MYCO000796	256	0	0	
MYCO000797	251	0	2	
MYCO000798	4	0	3	
MYCO000799	0	0	8	
MYCO000800	3	0	11	
MYCO000801	0	0	3	
MYCO000802	10	0	10	
MYCO000804	57	0	3	
MYCO000805	0	0	6	
MYCO000806	2	0	8	
MYCO000807	1	0	3	
MYCO000811	17	0	5	
MYCO000812	3	0	7	
MYCO000813	18	0	6	
MYCO000816	0	0	8	
MYCO000817	1	0	6	
MYCO000818	11	0	8	
MYCO000819	5	0	9	
MYCO000822	44	0	9	
MYCO000825	2	0	14	
MYCO000826	24	0	7	
MYCO000827	27	0	7	
MYCO000828	8	0	5	
MYCO000829	8	76	10	
MYCO000830	5	0	15	
MYCO000831	1	0	9	
MYCO000832	61	0	4	
MYCO000833	204	0	15	
MYCO000834	149	0	14	
MYCO000835	19	0	10	
MYCO000836	144	0	3	
MYCO000837	5	0	10	
MYCO000838	1	0	7	
MYCO000839	3	0	4	
MYCO000840	1	0	9	
MYCO000841	6	0	3	
MYCO000842	15	0	10	
MYCO000843	0	0	9	
MYCO000844	7	0	12	
MYCO000845	2	0	14	
MYCO000846	17	0	11	
MYCO000847	35	0	4	
MYCO000848	6	0	12	
MYCO000849	36	0	8	
MYCO000850	2	0	2	
MYCO000851	13	0	9	
MYCO000852	4	0	7	
MYCO000853	13	0	13	
MYCO000854	1	0	2	
MYCO000855	9	0	11	
MYCO000856	0	0	4	
MYCO000857	1	0	8	
MYCO000858	18	0	11	
MYCO000862	29	0	20	
MYCO000863	2	0	2	
MYCO000864	2	0	4	
MYCO000865	2	0	2	
MYCO000866	25	0	4	
MYCO000867	129	0	13	
MYCO000868	3	0	3	
MYCO000869	16	0	9	
MYCO000870	1	0	7	
MYCO000872	119	0	11	
MYCO000873	6	0	10	
MYCO000874	24	124	11	
MYCO000875	4	0	4	
MYCO000877	3	0	4	
MYCO000878	182	0	13	
MYCO000879	9	0	2	
MYCO000880	5	0	6	
MYCO000881	4	0	5	
MYCO000882	5	0	2	
MYCO000883	11	0	4	
MYCO000887	0	0	3	
MYCO000888	63	0	8	
MYCO000890	14	0	21	
MYCO000891	10	0	7	
MYCO000892	3	0	15	
MYCO000893	3	0	14	
MYCO000894	6	0	12	
MYCO000895	8	0	10	
MYCO000897	66	0	11	
MYCO000898	0	0	1	
MYCO000899	1	0	8	
MYCO000900	1	0	2	
MYCO000901	16	0	9	
MYCO000904	42	0	7	
MYCO000905	3	0	5	
MYCO000907	256	0	0	
MYCO000908	4	0	13	
MYCO000909	1	0	3	
MYCO000910	1	0	3	
MYCO000911	21	0	9	
MYCO000912	1	0	5	
MYCO000913	10	0	11	
MYCO000914	13	0	13	
MYCO000915	48	0	14	
MYCO000916	1	0	4	
MYCO000917	5	0	10	
MYCO000918	4	0	7	
MYCO000919	0	0	5	
MYCO000920	4	0	8	
MYCO000921	2	0	5	
MYCO000922	8	0	19	
MYCO000923	0	0	12	
MYCO000924	23	0	6	
MYCO000925	2	0	5	
MYCO000928	7	0	7	
MYCO000930	4	0	6	
MYCO000931	13	0	19	
MYCO000932	6	0	12	
MYCO000933	1	0	10	
MYCO000934	25	0	6	
MYCO000935	5	0	6	
MYCO000936	4	0	6	
MYCO000937	0	0	4	
MYCO000938	3	0	21	
MYCO000939	8	0	14	
MYCO000940	1	0	6	
MYCO000941	5	0	11	
MYCO000942	0	0	2	
MYCO000943	5	0	9	
MYCO000944	4	0	11	
MYCO000945	12	0	7	
MYCO000947	3	0	3	
MYCO000948	0	0	3	
MYCO000950	13	0	11	
MYCO000954	6	0	15	
MYCO000955	57	0	7	
MYCO000956	26	0	8	
MYCO000958	39	0	14	
MYCO000959	52	0	15	
MYCO000960	3	0	2	
MYCO000961	1	167	3	
MYCO000962	14	0	7	
MYCO000963	24	0	4	
MYCO000964	5	0	3	
MYCO000965	2	0	5	
MYCO000966	31	0	9	
MYCO000967	3	0	3	
MYCO000968	5	0	3	
MYCO000969	68	0	20	
MYCO000970	1	0	3	
MYCO000971	29	0	4	
MYCO000972	1	0	16	
MYCO000973	17	0	14	
MYCO000974	14	0	12	
MYCO000975	26	0	7	
MYCO000976	36	0	10	
MYCO000977	152	0	13	
MYCO000978	234	0	14	
MYCO000979	2	0	4	
MYCO000980	246	0	8	
MYCO000982	11	0	8	
MYCO000984	5	0	2	
MYCO000985	0	0	10	
MYCO000986	11	0	10	
MYCO000987	12	0	32	
MYCO000988	5	0	16	
MYCO000989	1	0	14	
MYCO000990	7	0	8	
MYCO000991	0	0	3	
MYCO000992	18	0	5	
MYCO000996	2	0	10	
MYCO000997	0	0	5	
MYCO000998	8	0	5	
MYCO000999	6	0	5	
MYCO001000	4	0	3	
MYCO001003	14	0	5	
MYCO001004	107	0	12	
MYCO001005	65	0	4	
MYCO001006	10	0	10	
MYCO001012	31	0	4	
MYCO001016	1	0	4	
MYCO001019	0	0	4	
MYCO001021	2	0	5	
MYCO001024	22	0	7	
MYCO001025	4	0	4	
MYCO001027	1	0	7	
MYCO001028	73	0	15	
MYCO001029	3	0	20	
MYCO001030	3	0	20	
MYCO001031	5	0	7	
MYCO001032	7	0	13	
MYCO001033	2	0	5	
MYCO001034	30	0	4	
MYCO001035	48	0	9	
MYCO001036	8	0	3	
MYCO001037	26	115	51	
MYCO001038	151	26	37	
MYCO001039	58	0	4	
MYCO001040	34	0	7	
MYCO001041	11	1	10	
MYCO001042	5	0	6	
MYCO001043	2	0	7	
MYCO001044	0	0	4	
MYCO001045	58	0	6	
MYCO001046	256	0	0	
MYCO001047	251	3	4	
MYCO001048	0	0	11	
MYCO001049	3	0	4	
MYCO001050	12	0	5	
MYCO001051	1	0	7	
MYCO001052	1	0	3	
MYCO001053	1	0	4	
MYCO001054	0	0	4	
MYCO001055	0	0	3	
MYCO001056	4	6	9	
MYCO001057	1	0	10	
MYCO001058	9	0	10	
MYCO001059	6	0	9	
MYCO001060	0	0	5	
MYCO001061	2	0	7	
MYCO001062	18	0	9	
MYCO001063	11	0	15	
MYCO001064	14	0	4	
MYCO001065	11	0	6	
MYCO001066	34	0	2	
MYCO001067	256	0	0	
MYCO001068	252	0	2	
MYCO001069	8	0	15	
MYCO001073	3	0	9	
MYCO001074	7	0	3	
MYCO001075	11	0	10	
MYCO001076	2	0	9	
MYCO001078	71	0	4	
MYCO001081	7	0	5	
MYCO001083	0	0	1	
MYCO001084	92	0	4	
MYCO001085	5	0	6	
MYCO001087	212	0	14	
MYCO001088	22	0	7	
MYCO001089	256	0	0	
MYCO001090	2	0	5	
MYCO001091	233	0	10	
MYCO001093	11	0	11	
MYCO001096	10	0	7	
MYCO001097	3	0	11	
MYCO001100	3	0	8	
MYCO001101	6	0	7	
MYCO001102	2	0	4	
MYCO001103	0	0	2	
MYCO001104	0	0	11	
MYCO001105	2	0	3	
MYCO001106	12	0	8	
MYCO001107	0	0	5	
MYCO001109	2	0	4	
MYCO001111	2	0	8	
MYCO001113	0	0	2	
MYCO001114	1	0	6	
MYCO001115	9	0	13	
MYCO001116	1	0	1	
MYCO001117	1	0	3	
MYCO001118	11	0	7	
MYCO001119	0	0	1	
MYCO001120	0	0	3	
MYCO001121	8	0	12	
MYCO001122	22	0	8	
MYCO001123	4	0	9	
MYCO001124	10	0	9	
MYCO001125	34	0	11	
MYCO001126	1	0	4	
MYCO001127	2	0	13	
MYCO001128	98	0	12	
MYCO001129	1	0	16	
MYCO001130	5	0	12	
MYCO001131	2	0	11	
MYCO001132	37	0	16	
MYCO001133	38	0	12	
MYCO001134	19	0	3	
MYCO001135	88	0	11	
MYCO001136	0	0	2	
MYCO001137	1	0	6	
MYCO001138	2	0	5	
MYCO001139	24	0	4	
MYCO001140	0	0	5	
MYCO001141	2	135	9	
MYCO001142	2	153	8	
MYCO001143	4	0	8	
MYCO001144	4	0	6	
MYCO001145	143	0	3	
MYCO001146	5	0	14	
MYCO001147	1	0	6	
MYCO001148	251	0	5	
MYCO001149	5	0	6	
MYCO001150	256	0	0	
MYCO001151	5	0	3	
MYCO001152	4	0	5	
MYCO001153	8	0	6	
MYCO001154	0	0	5	
MYCO001155	3	0	5	
MYCO001156	1	0	8	
MYCO001157	117	0	5	
MYCO001158	64	0	7	
MYCO001159	1	0	10	
MYCO001160	9	0	6	
MYCO001161	13	0	19	
MYCO001162	6	0	9	
MYCO001163	4	0	5	
MYCO001164	0	0	3	
MYCO001166	13	0	10	
MYCO001167	2	0	6	
MYCO001168	49	0	6	
MYCO001169	1	0	4	
MYCO001170	4	0	8	
MYCO001171	1	0	5	
MYCO001172	43	0	10	
MYCO001174	1	0	4	
MYCO001175	99	0	15	
MYCO001176	19	0	6	
MYCO001179	50	0	24	
MYCO001180	255	0	1	
MYCO001181	21	0	30	
MYCO001182	3	0	7	
MYCO001183	4	0	22	
MYCO001184	3	0	11	
MYCO001185	7	0	12	
MYCO001186	24	0	18	
MYCO001187	35	0	9	
MYCO001188	19	0	10	
MYCO001189	7	0	6	
MYCO001190	36	0	5	
MYCO001191	53	0	12	
MYCO001192	34	0	5	
MYCO001194	4	0	10	
MYCO001195	1	0	1	
MYCO001196	136	17	66	
MYCO001197	151	31	39	
MYCO001198	26	117	53	
MYCO001199	251	3	4	
MYCO001200	23	0	7	
MYCO001203	19	0	3	
MYCO001204	20	0	17	
MYCO001205	7	0	3	
MYCO001206	5	0	10	
MYCO001209	4	0	3	
MYCO001210	0	0	1	
MYCO001211	0	0	2	
MYCO001212	3	0	6	
MYCO001214	14	0	5	
MYCO001215	46	0	12	
MYCO001216	5	0	6	
MYCO001217	47	0	18	
MYCO001218	1	0	9	
MYCO001219	2	0	5	
MYCO001222	1	0	5	
MYCO001224	0	0	5	
MYCO001225	72	0	10	
MYCO001226	49	0	13	
MYCO001227	4	0	5	
MYCO001228	0	0	6	
MYCO001230	29	0	12	
MYCO001231	9	0	7	
MYCO001232	6	0	11	
MYCO001233	13	0	7	
MYCO001234	4	0	7	
MYCO001235	1	0	6	
MYCO001236	4	0	8	
MYCO001237	1	0	5	
MYCO001240	8	0	8	
MYCO001241	4	0	5	
MYCO001242	3	0	2	
MYCO001243	178	0	9	
MYCO001244	39	0	9	
MYCO001246	0	0	5	
MYCO001247	2	0	2	
MYCO001249	8	0	9	
MYCO001250	33	0	12	
MYCO001251	84	0	21	
MYCO001252	1	0	6	
MYCO001254	31	0	12	
MYCO001255	2	0	7	
MYCO001256	5	0	15	
MYCO001257	1	0	12	
MYCO001258	68	0	9	
MYCO001259	11	0	4	
MYCO001260	25	0	10	
MYCO001261	1	0	7	
MYCO001262	3	0	5	
MYCO001263	25	0	6	
MYCO001264	7	0	13	
MYCO001265	9	0	2	
MYCO001266	62	0	11	
MYCO001267	4	0	8	
MYCO001268	17	0	8	
MYCO001269	56	0	2	
MYCO001270	17	0	9	
MYCO001271	1	0	2	
MYCO001274	31	0	4	
MYCO001275	0	0	4	
MYCO001276	16	0	7	
MYCO001278	56	0	12	
MYCO001279	4	0	8	
MYCO001280	2	0	11	
MYCO001281	7	0	11	
MYCO001282	1	0	3	
MYCO001283	9	0	6	
MYCO001284	0	0	3	
MYCO001285	0	0	9	
MYCO001286	0	0	19	
MYCO001287	0	0	3	
MYCO001288	122	0	14	
MYCO001289	1	0	6	
MYCO001290	43	52	11	
MYCO001291	1	0	5	
MYCO001296	13	0	11	
MYCO001300	31	0	3	
MYCO001301	1	0	7	
MYCO001303	1	0	4	
MYCO001304	1	0	5	
MYCO001306	1	0	1	
MYCO001307	5	0	13	
MYCO001312	1	0	7	
MYCO001313	132	3	10	
MYCO001314	2	0	4	
MYCO001316	1	0	6	
MYCO001317	17	0	10	
MYCO001318	14	0	13	
MYCO001319	195	0	14	
MYCO001320	10	0	19	
MYCO001322	16	0	1	
MYCO001324	23	0	12	
MYCO001325	165	0	14	
MYCO001329	38	0	10	
MYCO001330	19	0	12	
MYCO001331	2	0	4	
MYCO001332	0	0	4	
MYCO001333	15	0	12	
MYCO001334	10	0	2	
MYCO001335	8	0	4	
MYCO001336	24	0	7	
MYCO001337	0	0	4	
MYCO001339	1	0	7	
MYCO001341	2	0	5	
MYCO001342	2	0	2	
MYCO001343	3	0	8	
MYCO001344	0	0	4	
MYCO001345	2	0	10	
MYCO001346	1	0	5	
MYCO001347	0	0	6	
MYCO001348	17	0	16	
MYCO001349	11	0	6	
MYCO001350	3	0	4	
MYCO001351	1	0	6	
MYCO001352	1	0	5	
MYCO001353	14	0	9	
MYCO001354	22	0	13	
MYCO001355	47	0	22	
MYCO001356	18	0	7	
MYCO001357	4	0	12	
MYCO001358	71	0	18	
MYCO001359	9	0	6	
MYCO001360	11	0	4	
MYCO001361	132	17	66	
MYCO001362	2	0	9	
MYCO001363	24	0	9	
MYCO001364	19	0	11	
MYCO001365	0	0	4	
MYCO001366	12	0	7	
MYCO001367	17	0	13	
MYCO001368	7	0	8	
MYCO001369	256	0	0	
MYCO001370	27	0	2	
MYCO001371	62	0	8	
MYCO001372	3	0	10	
MYCO001373	4	0	8	
MYCO001374	0	0	7	
MYCO001375	17	0	8	
MYCO001376	23	0	12	
MYCO001377	1	0	5	
MYCO001378	37	0	9	
MYCO001379	5	0	5	
MYCO001382	13	0	5	
MYCO001386	11	0	3	
MYCO001387	107	0	7	
MYCO001389	9	0	11	
MYCO001393	8	0	11	
MYCO001394	4	0	11	
MYCO001395	1	0	8	
MYCO001396	173	0	12	
MYCO001397	3	0	6	
MYCO001398	1	0	3	
MYCO001399	8	0	10	
MYCO001400	11	0	8	
MYCO001401	9	0	6	
MYCO001403	20	0	10	
MYCO001404	1	0	4	
MYCO001405	1	0	10	
MYCO001406	26	0	6	
MYCO001409	40	0	8	
MYCO001411	0	0	5	
MYCO001413	2	0	6	
MYCO001414	0	0	4	
MYCO001417	1	0	9	
MYCO001418	1	0	7	
MYCO001419	1	0	5	
MYCO001422	16	0	6	
MYCO001423	14	0	9	
MYCO001424	5	0	7	
MYCO001425	1	0	14	
MYCO001426	4	0	8	
MYCO001427	22	0	11	
MYCO001428	0	0	8	
MYCO001429	16	0	14	
MYCO001430	38	0	12	
MYCO001431	4	0	17	
MYCO001432	31	0	7	
MYCO001433	2	0	3	
MYCO001434	1	0	2	
MYCO001435	57	0	6	
MYCO001439	0	71	5	
MYCO001441	137	0	20	
MYCO001442	19	0	24	
MYCO001443	1	0	6	
MYCO001444	0	0	2	
MYCO001446	38	0	13	
MYCO001450	256	0	0	
MYCO001452	240	0	6	
MYCO001453	7	0	10	
MYCO001454	5	0	11	
MYCO001455	12	0	6	
MYCO001456	15	0	5	
MYCO001459	24	0	13	
MYCO001460	50	0	7	
MYCO001461	7	0	23	
MYCO001468	136	0	9	
MYCO001469	25	0	11	
MYCO001470	0	0	2	
MYCO001471	2	0	1	
MYCO001472	4	0	13	
MYCO001476	0	0	5	
MYCO001477	12	0	8	
MYCO001478	5	0	4	
MYCO001482	3	0	9	
MYCO001486	2	0	11	
MYCO001487	0	0	5	
MYCO001488	3	0	7	
MYCO001489	1	0	4	
MYCO001490	3	0	13	
MYCO001491	1	0	5	
MYCO001492	29	0	7	
MYCO001494	0	0	4	
MYCO001495	0	0	5	
MYCO001496	4	0	8	
MYCO001497	8	0	7	
MYCO001498	1	0	8	
MYCO001499	3	0	3	
MYCO001500	4	0	11	
MYCO001501	4	0	8	
MYCO001502	9	0	9	
MYCO001503	256	0	0	
MYCO001504	82	0	6	
MYCO001505	2	0	9	
MYCO001506	8	0	4	
MYCO001507	6	0	9	
MYCO001508	11	5	16	
MYCO001509	21	0	4	
MYCO001510	1	137	15	
MYCO001511	7	0	9	
MYCO001512	6	0	6	
MYCO001513	5	0	6	
MYCO001514	2	0	7	
MYCO001515	2	0	5	
MYCO001516	18	0	7	
MYCO001517	6	0	7	
MYCO001518	13	0	8	
MYCO001519	53	0	2	
MYCO001520	55	0	13	
MYCO001521	10	0	10	
MYCO001522	26	0	19	
MYCO001523	7	0	11	
MYCO001524	33	0	14	
MYCO001525	32	0	7	
MYCO001526	29	0	10	
MYCO001527	71	0	37	
MYCO001528	2	0	3	
MYCO001529	4	0	13	
MYCO001530	5	0	9	
MYCO001531	1	0	4	
MYCO001532	4	0	6	
MYCO001533	13	0	9	
MYCO001534	1	0	6	
MYCO001535	2	0	2	
MYCO001537	15	0	10	
MYCO001538	24	0	9	
MYCO001539	2	0	6	
MYCO001541	2	0	3	
MYCO001542	0	1	2	
MYCO001543	2	0	8	
MYCO001544	7	0	6	
MYCO001545	2	0	2	
MYCO001546	7	0	5	
MYCO001548	13	0	17	
MYCO001549	253	0	1	
MYCO001550	28	0	11	
MYCO001551	67	0	17	
MYCO001552	12	0	19	
MYCO001553	8	0	7	
MYCO001554	2	0	7	
MYCO001555	1	0	3	
MYCO001556	2	0	5	
MYCO001558	4	0	2	
MYCO001560	0	0	2	
MYCO001561	1	0	4	
MYCO001562	33	0	10	
MYCO001563	23	0	15	
MYCO001565	49	0	11	
MYCO001566	13	0	13	
MYCO001567	0	0	4	
MYCO001570	35	0	4	
MYCO001571	24	0	5	
MYCO001572	175	0	2	
MYCO001573	164	0	3	
MYCO001574	174	0	4	
MYCO001575	256	0	0	
MYCO001576	61	32	21	
MYCO001577	156	0	3	
MYCO001578	158	0	3	
MYCO001579	155	0	3	
MYCO001580	155	0	2	
MYCO001581	203	0	1	
MYCO001582	159	0	2	
MYCO001583	20	43	8	
MYCO001584	168	0	1	
MYCO001585	181	0	3	
MYCO001586	158	0	4	
MYCO001587	254	0	2	
MYCO001588	248	0	7	
MYCO001590	0	0	3	
MYCO001591	2	0	13	
MYCO001592	0	0	11	
MYCO001596	2	0	4	
MYCO001597	3	0	7	
MYCO001598	2	0	4	
MYCO001602	0	0	5	
MYCO001604	1	0	8	
MYCO001606	3	0	4	
MYCO001607	7	0	7	
MYCO001608	0	0	1	
MYCO001610	36	0	6	
MYCO001613	1	0	11	
MYCO001614	6	0	13	
MYCO001615	0	0	4	
MYCO001616	1	0	2	
MYCO001618	1	0	9	
MYCO001619	14	0	11	
MYCO001620	47	0	4	
MYCO001621	40	0	6	
MYCO001622	4	0	8	
MYCO001623	2	0	10	
MYCO001624	3	0	12	
MYCO001625	12	0	11	
MYCO001628	4	0	3	
MYCO001631	7	0	13	
MYCO001632	6	0	3	
MYCO001634	5	0	12	
MYCO001635	8	0	12	
MYCO001636	1	0	5	
MYCO001637	17	0	5	
MYCO001639	55	88	15	
MYCO001640	14	0	30	
MYCO001644	26	0	8	
MYCO001645	31	0	9	
MYCO001646	26	0	5	
MYCO001647	78	0	6	
MYCO001648	1	0	5	
MYCO001650	44	0	20	
MYCO001651	150	0	22	
MYCO001660	45	0	6	
MYCO001661	83	0	36	
MYCO001662	80	0	32	
MYCO001663	8	0	14	
MYCO001664	17	0	23	
MYCO001665	11	0	9	
MYCO001666	14	0	9	
MYCO001667	5	0	5	
MYCO001668	250	0	1	
MYCO001669	8	0	4	
MYCO001670	1	0	5	
MYCO001671	0	0	5	
MYCO001672	23	0	10	
MYCO001673	17	0	9	
MYCO001674	20	0	3	
MYCO001675	17	0	11	
MYCO001676	0	0	12	
MYCO001677	1	0	7	
MYCO001678	38	0	10	
MYCO001679	3	0	7	
MYCO001680	3	0	5	
MYCO001681	3	0	5	
MYCO001682	19	0	9	
MYCO001683	48	0	10	
MYCO001684	4	0	3	
MYCO001685	3	0	6	
MYCO001686	3	0	9	
MYCO001687	2	0	6	
MYCO001688	11	0	9	
MYCO001690	0	0	3	
MYCO001691	18	0	9	
MYCO001692	36	0	5	
MYCO001693	1	0	2	
MYCO001696	1	0	13	
MYCO001698	29	0	4	
MYCO001700	0	0	9	
MYCO001702	33	0	9	
MYCO001703	1	0	5	
MYCO001704	3	0	13	
MYCO001705	66	0	9	
MYCO001706	28	0	6	
MYCO001707	7	0	9	
MYCO001710	0	0	3	
MYCO001714	37	0	10	
MYCO001715	39	0	7	
MYCO001716	1	0	13	
MYCO001717	48	0	3	
MYCO001718	6	0	12	
MYCO001719	10	0	14	
MYCO001720	9	0	4	
MYCO001721	0	0	3	
MYCO001722	27	0	13	
MYCO001723	16	0	5	
MYCO001724	5	0	3	
MYCO001725	10	0	9	
MYCO001726	18	0	10	
MYCO001727	3	0	3	
MYCO001728	1	0	5	
MYCO001729	2	0	12	
MYCO001730	52	0	20	
MYCO001731	30	0	8	
MYCO001732	17	0	2	
MYCO001733	0	0	9	
MYCO001734	2	0	1	
MYCO001735	2	0	5	
MYCO001736	47	108	12	
MYCO001737	50	0	7	
MYCO001738	5	0	4	
MYCO001739	12	0	13	
MYCO001740	0	0	7	
MYCO001741	0	81	4	
MYCO001742	5	0	7	
MYCO001743	31	0	5	
MYCO001744	54	0	2	
MYCO001745	2	0	10	
MYCO001746	17	0	5	
MYCO001747	17	0	20	
MYCO001748	1	0	4	
MYCO001749	2	0	6	
MYCO001750	15	0	9	
MYCO001751	10	0	9	
MYCO001752	3	0	3	
MYCO001753	256	0	0	
MYCO001754	109	0	7	
MYCO001755	256	0	0	
MYCO001756	256	0	0	
MYCO001757	27	0	2	
MYCO001758	178	0	7	
MYCO001759	239	0	6	
MYCO001760	132	0	12	
MYCO001761	131	0	6	
MYCO001762	135	0	7	
MYCO001763	27	0	2	
MYCO001764	256	0	0	
MYCO001765	256	0	0	
MYCO001766	0	0	1	
MYCO001767	0	0	2	
MYCO001768	131	0	7	
MYCO001769	20	0	10	
MYCO001770	20	0	15	
MYCO001771	1	0	9	
MYCO001772	3	0	4	
MYCO001773	0	0	11	
MYCO001774	6	0	15	
MYCO001775	75	0	6	
MYCO001776	2	0	6	
MYCO001777	20	0	15	
MYCO001778	31	0	5	
MYCO001779	26	0	12	
MYCO001780	1	0	3	
MYCO001781	31	0	13	
MYCO001782	11	0	11	
MYCO001783	14	0	21	
MYCO001785	2	0	6	
MYCO001786	0	0	1	
MYCO001787	221	0	10	
MYCO001788	2	1	3	
MYCO001789	22	0	10	
MYCO001790	107	0	9	
MYCO001791	2	0	2	
MYCO001792	256	0	0	
MYCO001793	26	89	41	
MYCO001794	0	0	6	
MYCO001795	34	0	12	
MYCO001796	14	0	21	
MYCO001797	2	0	12	
MYCO001798	5	0	5	
MYCO001799	22	0	4	
MYCO001800	12	0	15	
MYCO001801	79	0	13	
MYCO001802	51	0	9	
MYCO001803	82	0	6	
MYCO001804	0	0	6	
MYCO001805	0	0	4	
MYCO001806	0	0	3	
MYCO001807	256	0	0	
MYCO001808	18	0	10	
MYCO001809	22	0	10	
MYCO001810	0	0	4	
MYCO001811	1	0	11	
MYCO001812	13	0	10	
MYCO001813	2	0	5	
MYCO001814	18	0	10	
MYCO001815	44	0	13	
MYCO001816	50	66	7	
MYCO001817	36	0	13	
MYCO001818	179	0	7	
MYCO001819	9	0	16	
MYCO001820	13	0	9	
MYCO001822	3	0	6	
MYCO001823	8	0	6	
MYCO001824	0	0	5	
MYCO001825	1	0	6	
MYCO001826	1	0	4	
MYCO001828	1	0	2	
MYCO001831	7	0	2	
MYCO001833	4	0	5	
MYCO001834	1	0	8	
MYCO001835	9	0	23	
MYCO001836	22	0	12	
MYCO001838	2	0	6	
MYCO001839	0	0	4	
MYCO001840	123	0	8	
MYCO001841	2	0	11	
MYCO001845	54	0	6	
MYCO001846	1	0	5	
MYCO001847	4	0	7	
MYCO001848	3	0	3	
MYCO001849	0	0	3	
MYCO001850	23	0	11	
MYCO001851	23	0	5	
MYCO001852	10	0	3	
MYCO001853	2	0	5	
MYCO001855	2	0	7	
MYCO001856	35	0	5	
MYCO001857	0	0	4	
MYCO001858	4	0	3	
MYCO001859	8	0	10	
MYCO001860	41	0	11	
MYCO001861	0	0	2	
MYCO001862	4	0	10	
MYCO001863	3	0	8	
MYCO001864	0	0	3	
MYCO001865	1	0	5	
MYCO001866	9	0	15	
MYCO001867	14	0	10	
MYCO001868	23	0	19	
MYCO001869	10	0	6	
MYCO001870	30	0	5	
MYCO001871	10	0	4	
MYCO001872	2	0	19	
MYCO001873	8	0	6	
MYCO001874	2	0	10	
MYCO001875	3	0	1	
MYCO001876	4	0	3	
MYCO001877	15	0	16	
MYCO001878	15	0	9	
MYCO001879	11	0	8	
MYCO001880	4	0	11	
MYCO001881	1	0	7	
MYCO001882	0	0	9	
MYCO001883	1	0	7	
MYCO001884	0	0	5	
MYCO001885	3	0	4	
MYCO001887	18	0	10	
MYCO001888	219	0	2	
MYCO001889	3	0	4	
MYCO001890	2	0	2	
MYCO001891	0	0	6	
MYCO001892	1	0	2	
MYCO001893	0	0	4	
MYCO001895	85	0	5	
MYCO001896	16	0	13	
MYCO001897	2	0	6	
MYCO001898	1	0	2	
MYCO001899	100	0	8	
MYCO001900	9	0	17	
MYCO001901	13	0	9	
MYCO001902	6	0	6	
MYCO001903	1	0	9	
MYCO001904	1	0	4	
MYCO001905	3	0	9	
MYCO001906	1	0	3	
MYCO001907	185	0	5	
MYCO001908	8	0	16	
MYCO001909	0	0	6	
MYCO001910	9	0	5	
MYCO001911	13	0	6	
MYCO001912	92	0	7	
MYCO001913	3	0	6	
MYCO001914	1	0	5	
MYCO001915	176	0	3	
MYCO001916	6	0	7	
MYCO001917	256	0	0	
MYCO001918	56	0	23	
MYCO001919	1	0	2	
MYCO001920	2	0	14	
MYCO001921	54	0	13	
MYCO001922	7	0	10	
MYCO001923	6	0	10	
MYCO001924	1	0	3	
MYCO001925	3	0	15	
MYCO001926	1	0	7	
MYCO001927	11	0	5	
MYCO001928	39	0	6	
MYCO001929	52	0	6	
MYCO001930	14	0	4	
MYCO001931	4	0	5	
MYCO001932	4	0	5	
MYCO001933	34	0	9	
MYCO001934	24	0	13	
MYCO001935	6	0	14	
MYCO001936	2	0	9	
MYCO001937	29	0	21	
MYCO001938	5	0	14	
MYCO001939	30	0	5	
MYCO001940	216	0	1	
MYCO001941	7	0	6	
MYCO001942	0	0	2	
MYCO001943	1	0	4	
MYCO001944	1	0	10	
MYCO001945	241	0	6	
MYCO001946	5	0	6	
MYCO001947	7	0	5	
MYCO001948	16	0	9	
MYCO001949	256	0	0	
MYCO001950	0	0	2	
MYCO001951	10	0	3	
MYCO001952	0	0	3	
MYCO001953	0	0	6	
MYCO001954	4	0	9	
MYCO001955	2	0	3	
MYCO001956	2	0	3	
MYCO001957	1	0	4	
MYCO001958	5	0	7	
MYCO001959	0	0	3	
MYCO001960	0	0	4	
MYCO001961	7	0	6	
MYCO001962	2	0	3	
MYCO001963	13	0	3	
MYCO001964	12	0	7	
MYCO001965	8	0	12	
MYCO001966	9	0	12	
MYCO001967	6	0	11	
MYCO001968	87	0	7	
MYCO001969	11	0	11	
MYCO001970	5	0	7	
MYCO001971	27	0	17	
MYCO001972	5	0	6	
MYCO001973	10	0	3	
MYCO001974	3	0	6	
MYCO001975	36	0	5	
MYCO001976	9	0	6	
MYCO001977	35	0	6	
MYCO001978	63	0	6	
MYCO001979	10	0	12	
MYCO001980	2	0	9	
MYCO001982	1	0	6	
MYCO001983	78	0	13	
MYCO001984	20	0	5	
MYCO001985	10	0	8	
MYCO001986	5	0	13	
MYCO001987	3	0	4	
MYCO001988	7	0	4	
MYCO001989	2	0	5	
MYCO001990	0	0	2	
MYCO001991	0	0	4	
MYCO001992	96	0	14	
MYCO001993	46	0	2	
MYCO001994	32	0	3	
MYCO001995	48	0	8	
MYCO001996	43	0	6	
MYCO001997	119	0	12	
MYCO001998	2	0	8	
MYCO001999	24	0	8	
MYCO002000	8	0	13	
MYCO002001	2	0	5	
MYCO002002	2	0	10	
MYCO002003	11	0	11	
MYCO002004	9	0	10	
MYCO002005	4	0	8	
MYCO002006	14	0	29	
MYCO002007	0	0	1	
MYCO002008	0	0	9	
MYCO002009	0	0	1	
MYCO002010	3	0	5	
MYCO002011	0	0	4	
MYCO002012	1	0	9	
MYCO002013	33	0	4	
MYCO002014	8	0	7	
MYCO002015	79	0	19	
MYCO002016	65	0	4	
MYCO002017	3	0	4	
MYCO002018	3	0	5	
MYCO002019	17	0	3	
MYCO002020	13	0	4	
MYCO002021	6	0	2	
MYCO002022	9	0	6	
MYCO002023	17	0	3	
MYCO002024	240	0	4	
MYCO002025	6	0	12	
MYCO002026	1	0	6	
MYCO002027	60	0	12	
MYCO002028	14	0	8	
MYCO002029	12	0	13	
MYCO002030	16	0	13	
MYCO002031	1	0	4	
MYCO002032	17	0	9	
MYCO002033	34	0	9	
MYCO002034	13	0	2	
MYCO002035	0	0	6	
MYCO002036	2	0	9	
MYCO002037	2	0	16	
MYCO002038	1	0	9	
MYCO002039	2	0	5	
MYCO002040	2	0	6	
MYCO002041	1	0	10	
MYCO002042	8	0	10	
MYCO002043	5	0	27	
MYCO002044	53	0	4	
MYCO002045	4	0	11	
MYCO002046	15	0	8	
MYCO002047	15	0	12	
MYCO002048	254	0	2	
MYCO002049	2	0	3	
MYCO002051	32	0	13	
MYCO002052	50	0	11	
MYCO002053	3	0	6	
MYCO002054	2	0	6	
MYCO002059	19	0	19	
MYCO002060	15	0	5	
MYCO002061	4	0	8	
MYCO002062	56	0	19	
MYCO002063	1	0	2	
MYCO002064	48	0	8	
MYCO002065	52	0	6	
MYCO002066	36	0	13	
MYCO002067	6	0	12	
MYCO002068	1	0	5	
MYCO002069	6	0	6	
MYCO002070	104	0	7	
MYCO002071	5	0	10	
MYCO002072	17	0	10	
MYCO002073	15	0	5	
MYCO002074	4	0	3	
MYCO002075	16	0	8	
MYCO002076	0	0	2	
MYCO002077	7	0	10	
MYCO002078	1	0	6	
MYCO002079	66	0	14	
MYCO002080	1	0	6	
MYCO002081	170	0	2	
MYCO002082	132	0	21	
MYCO002083	25	0	9	
MYCO002084	149	0	2	
MYCO002085	1	0	2	
MYCO002086	0	0	2	
MYCO002087	4	0	4	
MYCO002088	92	0	12	
MYCO002091	2	0	7	
MYCO002094	1	0	5	
MYCO002095	36	0	7	
MYCO002098	256	0	0	
MYCO002099	256	0	0	
MYCO002100	62	0	8	
MYCO002101	54	0	19	
MYCO002102	17	0	4	
MYCO002103	2	0	5	
MYCO002104	0	0	5	
MYCO002105	27	0	2	
MYCO002106	256	0	0	
MYCO002107	6	0	2	
MYCO002108	7	0	5	
MYCO002113	9	0	7	
MYCO002114	2	0	6	
MYCO002116	6	0	6	
MYCO002117	7	0	1	
MYCO002120	33	0	3	
MYCO002123	165	0	6	
MYCO002124	14	0	24	
MYCO002126	122	0	3	
MYCO002127	13	0	14	
MYCO002128	1	0	2	
MYCO002129	7	0	11	
MYCO002131	7	0	3	
MYCO002132	2	0	1	
MYCO002133	8	0	3	
MYCO002135	44	0	3	
MYCO002136	5	0	9	
MYCO002137	2	0	4	
MYCO002138	8	0	5	
MYCO002142	0	0	2	
MYCO002143	9	0	8	
MYCO002144	3	0	3	
MYCO002146	0	0	3	
MYCO002147	50	0	9	
MYCO002148	50	0	7	
MYCO002149	7	0	1	
MYCO002152	30	0	11	
MYCO002158	90	0	14	
MYCO002159	64	0	6	
MYCO002160	153	0	4	
MYCO002161	43	77	12	
MYCO002162	183	0	14	
MYCO002164	29	0	10	
MYCO002165	3	0	14	
MYCO002167	256	0	0	
MYCO002168	27	0	2	
MYCO002169	3	0	5	
MYCO002171	1	0	4	
MYCO002172	1	0	7	
MYCO002173	16	0	4	
MYCO002174	7	0	8	
MYCO002175	0	0	5	
MYCO002177	120	7	10	
MYCO002180	50	0	10	
MYCO002181	3	0	8	
MYCO002183	1	0	2	
MYCO002184	1	0	9	
MYCO002185	0	0	4	
MYCO002189	38	0	8	
MYCO002190	47	0	11	
MYCO002191	23	0	11	
MYCO002197	8	0	6	
MYCO002198	34	0	6	
MYCO002203	15	0	6	
MYCO002204	0	0	2	
MYCO002205	30	0	11	
MYCO002206	2	0	6	
MYCO002207	49	0	4	
MYCO002208	17	0	7	
MYCO002209	21	0	17	
MYCO002212	6	0	15	
MYCO002214	9	0	10	
MYCO002215	47	0	8	
MYCO002223	15	0	6	
MYCO002224	3	0	14	
MYCO002226	45	0	11	
MYCO002227	29	0	4	
MYCO002229	3	0	6	
MYCO002231	7	0	6	
MYCO002232	12	0	7	
MYCO002234	1	0	8	
MYCO002236	49	0	7	
MYCO002237	0	0	7	
MYCO002238	1	0	2	
MYCO002240	4	0	6	
MYCO002248	6	0	8	
MYCO002249	37	0	15	
MYCO002250	2	0	3	
MYCO002251	256	0	0	
MYCO002252	0	0	8	
MYCO002253	3	0	6	
MYCO002254	3	0	5	
MYCO002255	2	0	5	
MYCO002256	0	0	4	
MYCO002258	19	0	9	
MYCO002260	0	0	3	
MYCO002261	1	0	4	
MYCO002262	253	0	1	
MYCO002263	61	0	8	
MYCO002264	141	0	9	
MYCO002265	29	0	9	
MYCO002266	2	0	9	
MYCO002267	6	0	15	
MYCO002268	20	0	7	
MYCO002269	2	0	5	
MYCO002270	14	0	10	
MYCO002271	13	0	4	
MYCO002272	14	0	4	
MYCO002273	14	0	4	
MYCO002274	15	0	3	
MYCO002275	38	0	8	
MYCO002276	17	0	7	
MYCO002277	14	236	6	
MYCO002278	27	0	2	
MYCO002279	256	0	0	
MYCO002280	24	0	18	
MYCO002281	4	0	14	
MYCO002282	43	82	6	
MYCO002283	2	0	2	
MYCO002284	16	0	2	
MYCO002285	23	0	8	
MYCO002286	27	71	10	
MYCO002287	9	0	9	
MYCO002288	0	0	5	
MYCO002289	8	0	5	
MYCO002290	1	0	5	
MYCO002291	3	0	6	
MYCO002292	1	0	3	
MYCO002293	143	0	3	
MYCO002294	4	0	7	
MYCO002295	2	0	5	
MYCO002296	10	0	7	
MYCO002297	2	0	3	
MYCO002298	0	0	9	
MYCO002299	4	0	5	
MYCO002300	5	0	6	
MYCO002301	7	0	7	
MYCO002302	0	0	5	
MYCO002303	2	0	7	
MYCO002304	1	0	1	
MYCO002305	18	0	11	
MYCO002307	22	0	11	
MYCO002308	10	0	7	
MYCO002309	1	0	6	
MYCO002310	9	0	7	
MYCO002311	3	0	4	
MYCO002312	0	0	2	
MYCO002313	4	0	8	
MYCO002314	8	0	16	
MYCO002316	2	0	9	
MYCO002317	0	0	5	
MYCO002318	56	0	14	
MYCO002319	111	0	10	
MYCO002320	5	0	12	
MYCO002321	0	0	4	
MYCO002322	1	0	9	
MYCO002323	3	0	7	
MYCO002324	1	0	5	
MYCO002325	18	0	6	
MYCO002326	29	0	11	
MYCO002327	5	0	2	
MYCO002328	3	0	9	
MYCO002329	21	0	19	
MYCO002330	5	0	9	
MYCO002331	0	0	2	
MYCO002332	2	0	8	
MYCO002333	45	0	9	
MYCO002334	3	0	10	
MYCO002335	11	0	6	
MYCO002336	20	0	12	
MYCO002337	10	0	5	
MYCO002338	29	0	13	
MYCO002339	73	0	15	
MYCO002340	37	0	9	
MYCO002341	8	0	7	
MYCO002342	1	0	5	
MYCO002345	30	0	11	
MYCO002346	26	101	47	
MYCO002347	151	27	38	
MYCO002348	0	0	4	
MYCO002349	31	0	12	
MYCO002350	31	90	11	
MYCO002351	31	95	16	
MYCO002352	67	0	13	
MYCO002353	250	0	3	
MYCO002354	27	0	2	
MYCO002355	256	0	0	
MYCO002356	188	0	9	
MYCO002358	0	0	1	
MYCO002359	1	0	3	
MYCO002360	0	0	3	
MYCO002363	76	0	4	
MYCO002365	30	0	1	
MYCO002369	6	0	4	
MYCO002370	1	0	15	
MYCO002371	9	0	4	
MYCO002372	10	0	9	
MYCO002375	0	0	1	
MYCO002376	7	0	4	
MYCO002377	0	0	2	
MYCO002378	8	0	6	
MYCO002379	24	0	22	
MYCO002380	58	0	33	
MYCO002381	21	0	14	
MYCO002382	12	0	10	
MYCO002383	48	32	18	
MYCO002384	24	0	10	
MYCO002385	8	0	10	
MYCO002386	10	0	12	
MYCO002387	0	0	11	
MYCO002388	7	0	8	
MYCO002389	1	0	5	
MYCO002390	0	0	6	
MYCO002391	1	0	11	
MYCO002392	8	0	3	
MYCO002393	11	165	4	
MYCO002394	11	0	14	
MYCO002395	26	0	16	
MYCO002396	144	0	7	
MYCO002397	9	0	9	
MYCO002398	1	0	4	
MYCO002401	1	0	4	
MYCO002403	4	0	2	
MYCO002405	4	0	8	
MYCO002406	5	0	4	
MYCO002407	15	0	6	
MYCO002408	22	0	5	
MYCO002414	25	0	11	
MYCO002415	12	0	7	
MYCO002416	7	0	6	
MYCO002417	52	0	4	
MYCO002418	15	0	6	
MYCO002419	8	0	8	
MYCO002422	3	0	3	
MYCO002423	2	0	9	
MYCO002424	246	0	5	
MYCO002428	4	0	6	
MYCO002429	2	0	4	
MYCO002430	3	0	7	
MYCO002431	4	92	3	
MYCO002432	0	0	4	
MYCO002433	0	0	5	
MYCO002434	52	0	15	
MYCO002435	14	0	20	
MYCO002436	23	0	9	
MYCO002437	61	0	1	
MYCO002438	7	0	8	
MYCO002443	2	0	13	
MYCO002444	25	0	15	
MYCO002446	1	0	4	
MYCO002449	31	0	13	
MYCO002450	17	0	12	
MYCO002451	3	0	3	
MYCO002452	0	0	5	
MYCO002453	4	0	8	
MYCO002456	7	0	9	
MYCO002458	2	0	10	
MYCO002459	4	0	8	
MYCO002463	1	0	9	
MYCO002464	6	0	10	
MYCO002468	5	0	4	
MYCO002469	4	0	9	
MYCO002471	4	0	15	
MYCO002472	0	0	5	
MYCO002473	7	0	7	
MYCO002474	8	0	3	
MYCO002475	0	0	2	
MYCO002476	60	0	23	
MYCO002478	25	0	2	
MYCO002479	256	0	0	
MYCO002480	27	0	2	
MYCO002481	16	0	4	
MYCO002482	15	0	16	
MYCO002483	2	0	12	
MYCO002484	4	0	9	
MYCO002485	10	0	10	
MYCO002486	14	0	4	
MYCO002487	145	0	10	
MYCO002488	57	0	21	
MYCO002489	8	0	4	
MYCO002490	248	0	3	
MYCO002491	9	0	5	
MYCO002492	2	0	10	
MYCO002493	0	0	5	
MYCO002494	1	0	6	
MYCO002495	8	0	12	
MYCO002496	2	0	8	
MYCO002497	3	0	6	
MYCO002498	3	0	7	
MYCO002499	0	0	5	
MYCO002501	29	0	19	
MYCO002503	3	0	13	
MYCO002504	7	0	6	
MYCO002505	8	0	16	
MYCO002506	3	0	3	
MYCO002507	14	0	8	
MYCO002508	6	0	15	
MYCO002510	7	0	16	
MYCO002512	251	3	4	
MYCO002513	2	0	4	
MYCO002514	3	0	4	
MYCO002515	1	0	10	
MYCO002516	0	0	8	
MYCO002517	2	0	1	
MYCO002519	43	0	14	
MYCO002520	0	0	4	
MYCO002522	26	0	11	
MYCO002525	14	0	7	
MYCO002526	82	0	1	
MYCO002527	2	0	4	
MYCO002528	2	0	5	
MYCO002529	23	0	11	
MYCO002530	1	0	3	
MYCO002531	10	0	26	
MYCO002532	3	0	2	
MYCO002535	14	0	5	
MYCO002536	2	0	8	
MYCO002537	1	0	3	
MYCO002539	32	0	2	
MYCO002541	111	0	2	
MYCO002542	31	0	12	
MYCO002543	98	58	11	
MYCO002544	99	75	17	
MYCO002545	60	0	3	
MYCO002546	1	0	9	
MYCO002547	2	0	6	
MYCO002548	1	0	6	
MYCO002549	8	0	3	
MYCO002550	0	0	2	
MYCO002551	20	0	2	
MYCO002552	21	0	14	
MYCO002553	12	0	9	
MYCO002554	11	0	4	
MYCO002556	0	0	3	
MYCO002557	2	0	12	
MYCO002558	3	0	2	
MYCO002560	11	0	10	
MYCO002561	251	0	2	
MYCO002562	0	0	5	
MYCO002563	9	0	10	
MYCO002564	2	97	10	
MYCO002565	7	0	15	
MYCO002566	75	0	26	
MYCO002567	8	0	19	
MYCO002569	5	0	7	
MYCO002570	29	0	4	
MYCO002571	10	0	6	
MYCO002573	9	0	8	
MYCO002574	1	0	4	
MYCO002576	6	0	4	
MYCO002577	2	0	4	
MYCO002578	8	0	12	
MYCO002579	3	0	9	
MYCO002581	0	0	4	
MYCO002584	4	0	6	
MYCO002585	20	0	13	
MYCO002586	42	0	12	
MYCO002588	0	0	5	
MYCO002590	13	0	19	
MYCO002591	117	0	21	
MYCO002595	2	0	4	
MYCO002596	0	0	4	
MYCO002597	2	0	8	
MYCO002598	3	0	4	
MYCO002599	21	0	7	
MYCO002600	5	0	4	
MYCO002601	29	0	10	
MYCO002602	1	0	3	
MYCO002604	7	0	5	
MYCO002605	8	0	7	
MYCO002607	2	0	5	
MYCO002608	55	0	12	
MYCO002609	16	0	8	
MYCO002615	236	0	13	
MYCO002616	4	0	10	
MYCO002617	0	0	4	
MYCO002618	16	0	4	
MYCO002619	0	0	1	
MYCO002620	0	0	2	
MYCO002621	21	0	9	
MYCO002622	5	0	10	
MYCO002623	5	0	7	
MYCO002624	15	0	7	
MYCO002625	1	0	8	
MYCO002626	1	0	4	
MYCO002627	4	0	12	
MYCO002628	3	0	12	
MYCO002629	27	0	6	
MYCO002630	0	0	11	
MYCO002631	4	0	12	
MYCO002632	0	0	2	
MYCO002633	0	0	7	
MYCO002634	142	0	15	
MYCO002635	0	0	2	
MYCO002636	1	0	7	
MYCO002637	13	83	7	
MYCO002638	7	0	5	
MYCO002639	5	0	3	
MYCO002640	7	0	6	
MYCO002641	2	0	3	
MYCO002642	2	0	4	
MYCO002643	18	0	13	
MYCO002644	4	0	2	
MYCO002645	69	0	2	
MYCO002646	42	0	7	
MYCO002647	28	0	4	
MYCO002648	27	0	2	
MYCO002649	256	0	0	
MYCO002650	61	30	22	
MYCO002651	10	57	7	
MYCO002652	33	0	15	
MYCO002653	24	0	7	
MYCO002654	141	0	4	
MYCO002655	83	0	10	
MYCO002656	20	43	9	
MYCO002657	34	0	4	
MYCO002658	24	0	2	
MYCO002659	21	0	7	
MYCO002660	0	0	5	
MYCO002661	1	0	2	
MYCO002662	0	0	5	
MYCO002663	0	0	6	
MYCO002664	1	0	3	
MYCO002665	21	0	3	
MYCO002666	251	0	3	
MYCO002667	5	0	4	
MYCO002668	24	0	5	
MYCO002669	4	0	3	
MYCO002671	3	0	1	
MYCO002672	19	0	8	
MYCO002674	0	0	5	
MYCO002675	1	0	12	
MYCO002677	79	0	9	
MYCO002679	8	0	7	
MYCO002680	32	0	6	
MYCO002681	41	0	8	
MYCO002683	1	0	5	
MYCO002684	2	13	12	
MYCO002685	16	0	8	
MYCO002686	1	0	5	
MYCO002687	2	0	5	
MYCO002688	4	0	7	
MYCO002689	6	0	7	
MYCO002690	10	0	11	
MYCO002691	0	0	9	
MYCO002692	3	0	7	
MYCO002693	2	0	7	
MYCO002694	0	0	8	
MYCO002695	27	0	5	
MYCO002698	2	0	4	
MYCO002700	159	0	4	
MYCO002701	2	0	7	
MYCO002704	1	0	2	
MYCO002705	0	0	3	
MYCO002706	4	0	4	
MYCO002707	2	0	3	
MYCO002709	26	0	9	
MYCO002712	20	0	8	
MYCO002713	8	0	13	
MYCO002716	1	0	7	
MYCO002717	9	0	6	
MYCO002718	0	0	3	
MYCO002719	25	0	9	
MYCO002721	61	0	13	
MYCO002722	1	0	3	
MYCO002723	2	0	9	
MYCO002728	7	0	5	
MYCO002729	3	0	3	
MYCO002730	2	0	7	
MYCO002732	6	0	8	
MYCO002734	2	0	8	
MYCO002735	54	0	7	
MYCO002736	10	0	3	
MYCO002737	0	0	15	
MYCO002738	18	0	3	
MYCO002739	76	0	7	
MYCO002740	0	0	6	
MYCO002741	163	0	8	
MYCO002742	16	0	7	
MYCO002743	23	0	9	
MYCO002745	0	0	4	
MYCO002746	9	0	6	
MYCO002747	2	0	3	
MYCO002749	3	0	2	
MYCO002751	3	0	8	
MYCO002752	6	0	17	
MYCO002755	0	0	5	
MYCO002756	3	0	19	
MYCO002757	5	0	4	
MYCO002758	0	0	3	
MYCO002759	2	0	3	
MYCO002760	7	0	2	
MYCO002761	1	0	11	
MYCO002762	18	0	2	
MYCO002763	3	0	3	
MYCO002765	16	0	10	
MYCO002766	5	0	6	
MYCO002767	0	0	1	
MYCO002768	25	0	14	
MYCO002769	44	0	11	
MYCO002770	10	0	13	
MYCO002771	2	0	4	
MYCO002772	3	0	7	
MYCO002774	52	0	2	
MYCO002775	4	0	5	
MYCO002776	3	0	4	
MYCO002777	29	0	4	
MYCO002778	2	0	5	
MYCO002779	0	0	8	
MYCO002780	8	0	5	
MYCO002781	45	0	12	
MYCO002784	1	0	3	
MYCO002786	0	0	5	
MYCO002787	20	0	19	
MYCO002789	3	0	6	
MYCO002790	26	0	11	
MYCO002791	7	132	10	
MYCO002792	8	0	5	
MYCO002793	29	0	4	
MYCO002796	2	0	8	
MYCO002797	15	0	4	
MYCO002798	0	0	2	
MYCO002799	5	0	11	
MYCO002800	51	0	12	
MYCO002801	3	0	4	
MYCO002802	62	0	7	
MYCO002803	4	0	4	
MYCO002804	4	0	4	
MYCO002805	3	0	3	
MYCO002806	2	0	3	
MYCO002807	85	0	6	
MYCO002808	19	0	3	
MYCO002809	4	0	3	
MYCO002810	256	0	0	
MYCO002811	52	0	2	
MYCO002812	35	0	11	
MYCO002813	28	0	12	
MYCO002814	256	0	0	
MYCO002815	27	0	2	
MYCO002816	65	0	3	
MYCO002817	69	0	8	
MYCO002818	69	0	10	
MYCO002819	75	0	6	
MYCO002820	65	0	11	
MYCO002821	6	0	7	
MYCO002822	1	0	3	
MYCO002823	4	0	20	
MYCO002824	2	0	11	
MYCO002825	201	0	11	
MYCO002826	5	0	8	
MYCO002827	3	0	6	
MYCO002829	8	0	3	
MYCO002830	0	0	3	
MYCO002831	16	0	6	
MYCO002832	10	0	10	
MYCO002833	16	0	10	
MYCO002834	3	0	4	
MYCO002835	2	0	13	
MYCO002836	17	0	6	
MYCO002837	7	0	5	
MYCO002840	0	0	3	
MYCO002842	0	0	3	
MYCO002843	13	0	3	
MYCO002844	3	0	5	
MYCO002845	16	0	10	
MYCO002848	67	0	7	
MYCO002849	3	0	9	
MYCO002850	88	0	14	
MYCO002851	1	0	4	
MYCO002852	7	0	16	
MYCO002853	116	0	16	
MYCO002854	3	0	9	
MYCO002855	7	0	9	
MYCO002856	1	0	6	
MYCO002857	2	0	7	
MYCO002858	32	0	14	
MYCO002859	89	0	8	
MYCO002860	1	0	14	
MYCO002862	1	0	3	
MYCO002863	0	0	5	
MYCO002865	0	0	3	
MYCO002866	0	0	3	
MYCO002867	36	0	8	
MYCO002869	2	0	10	
MYCO002871	62	0	5	
MYCO002872	6	0	4	
MYCO002873	1	0	3	
MYCO002874	13	0	12	
MYCO002875	11	0	4	
MYCO002876	0	0	7	
MYCO002877	12	0	9	
MYCO002878	1	0	7	
MYCO002879	256	0	0	
MYCO002880	241	0	2	
MYCO002881	0	0	6	
MYCO002884	7	0	3	
MYCO002885	15	35	10	
MYCO002886	4	0	7	
MYCO002887	2	0	5	
MYCO002888	29	0	10	
MYCO002891	54	0	9	
MYCO002892	17	0	8	
MYCO002893	4	0	15	
MYCO002895	17	0	11	
MYCO002896	20	0	14	
MYCO002897	21	0	12	
MYCO002898	1	0	5	
MYCO002899	2	0	7	
MYCO002900	6	0	15	
MYCO002903	4	0	8	
MYCO002905	4	0	14	
MYCO002906	0	0	1	
MYCO002907	9	0	2	
MYCO002908	4	0	2	
MYCO002910	0	0	7	
MYCO002911	6	0	11	
MYCO002912	3	0	5	
MYCO002913	5	0	20	
MYCO002914	16	0	5	
MYCO002920	4	0	13	
MYCO002922	54	0	13	
MYCO002923	3	0	6	
MYCO002924	4	0	7	
MYCO002925	0	0	2	
MYCO002926	0	0	6	
MYCO002928	2	0	5	
MYCO002929	2	0	4	
MYCO002930	4	0	14	
MYCO002931	235	0	14	
MYCO002932	85	0	18	
MYCO002933	73	0	19	
MYCO002934	76	0	22	
MYCO002935	37	0	24	
MYCO002936	2	0	7	
MYCO002937	2	0	5	
MYCO002938	2	0	8	
MYCO002939	3	122	9	
MYCO002940	18	0	31	
MYCO002941	4	0	15	
MYCO002942	6	0	15	
MYCO002943	11	0	8	
MYCO002944	4	0	6	
MYCO002945	1	0	4	
MYCO002946	51	0	27	
MYCO002947	146	0	6	
MYCO002948	5	0	13	
MYCO002949	7	0	9	
MYCO002950	9	0	14	
MYCO002951	12	0	6	
MYCO002952	3	0	7	
MYCO002953	1	0	6	
MYCO002954	1	0	9	
MYCO002955	11	0	12	
MYCO002956	3	0	6	
MYCO002957	4	0	9	
MYCO002958	11	0	11	
MYCO002959	32	0	5	
MYCO002960	0	0	2	
MYCO002961	4	0	2	
MYCO002962	23	0	11	
MYCO002963	42	0	8	
MYCO002964	8	0	12	
MYCO002966	8	0	2	
MYCO002968	1	0	3	
MYCO002969	3	0	4	
MYCO002970	8	0	5	
MYCO002971	6	0	9	
MYCO002972	1	0	7	
MYCO002973	14	0	8	
MYCO002974	37	0	8	
MYCO002975	140	0	3	
MYCO002977	20	0	7	
MYCO002978	7	115	14	
MYCO002979	0	0	5	
MYCO002980	25	0	5	
MYCO002983	31	0	9	
MYCO002985	2	0	12	
MYCO002986	4	0	4	
MYCO002987	2	0	4	
MYCO002989	27	0	3	
MYCO002990	2	0	9	
MYCO002991	1	0	6	
MYCO002994	32	0	9	
MYCO002997	22	0	10	
MYCO002998	0	0	5	
MYCO002999	2	0	6	
MYCO003000	2	0	7	
MYCO003002	1	0	3	
MYCO003004	2	0	2	
MYCO003005	2	0	4	
MYCO003007	23	0	5	
MYCO003008	1	0	6	
MYCO003012	0	0	3	
MYCO003013	21	0	2	
MYCO003015	17	0	8	
MYCO003016	2	0	6	
MYCO003017	24	0	3	
MYCO003018	189	0	7	
MYCO003019	0	3	5	
MYCO003020	1	1	3	
MYCO003021	255	0	1	
MYCO003022	256	0	0	
MYCO003023	251	3	4	
MYCO003026	6	0	7	
MYCO003030	8	0	8	
MYCO003033	1	0	6	
MYCO003035	18	0	4	
MYCO003036	1	0	5	
MYCO003037	15	0	8	
MYCO003039	8	0	10	
MYCO003040	18	0	6	
MYCO003041	1	0	6	
MYCO003044	24	0	13	
MYCO003046	1	0	5	
MYCO003047	5	0	6	
MYCO003050	1	0	6	
MYCO003055	0	80	4	
MYCO003056	1	0	12	
MYCO003058	1	0	4	
MYCO003059	3	0	16	
MYCO003060	51	0	13	
MYCO003061	25	0	10	
MYCO003062	80	0	9	
MYCO003063	11	0	21	
MYCO003064	7	0	4	
MYCO003065	9	0	3	
MYCO003066	19	0	6	
MYCO003067	2	0	7	
MYCO003068	7	0	8	
MYCO003069	1	0	4	
MYCO003070	0	0	2	
MYCO003071	15	0	8	
MYCO003072	1	0	7	
MYCO003073	0	0	4	
MYCO003074	92	79	8	
MYCO003075	2	0	4	
MYCO003076	1	0	4	
MYCO003077	25	0	16	
MYCO003078	1	0	6	
MYCO003079	23	0	4	
MYCO003080	36	0	18	
MYCO003081	14	0	10	
MYCO003082	1	0	7	
MYCO003083	11	0	13	
MYCO003084	33	0	7	
MYCO003086	9	0	3	
MYCO003087	14	0	11	
MYCO003088	12	0	13	
MYCO003089	12	0	6	
MYCO003090	11	51	14	
MYCO003091	14	0	9	
MYCO003092	34	0	9	
MYCO003093	67	0	5	
MYCO003094	29	0	7	
MYCO003095	0	0	4	
MYCO003096	6	0	8	
MYCO003097	6	0	15	
MYCO003098	1	0	5	
MYCO003099	11	0	4	
MYCO003103	3	0	6	
MYCO003104	2	0	9	
MYCO003106	5	0	10	
MYCO003107	7	0	8	
MYCO003108	3	0	5	
MYCO003109	9	0	11	
MYCO003110	1	0	3	
MYCO003111	2	0	11	
MYCO003112	2	0	2	
MYCO003113	55	0	8	
MYCO003114	8	0	7	
MYCO003115	251	3	4	
MYCO003116	12	0	7	
MYCO003119	3	0	7	
MYCO003120	2	0	9	
MYCO003121	7	0	10	
MYCO003122	3	0	6	
MYCO003123	3	0	3	
MYCO003124	6	0	7	
MYCO003125	44	0	8	
MYCO003126	4	0	2	
MYCO003127	4	0	9	
MYCO003128	256	0	0	
MYCO003129	24	0	1	
MYCO003130	6	0	10	
MYCO003131	6	0	6	
MYCO003132	9	0	15	
MYCO003133	2	0	5	
MYCO003134	5	0	10	
MYCO003135	173	0	1	
MYCO003136	10	0	6	
MYCO003137	2	0	8	
MYCO003138	5	0	15	
MYCO003141	13	0	8	
MYCO003142	51	0	3	
MYCO003143	1	0	2	
MYCO003144	51	0	10	
MYCO003145	1	0	3	
MYCO003146	0	0	6	
MYCO003147	4	0	1	
MYCO003148	2	0	6	
MYCO003149	4	0	6	
MYCO003150	30	0	8	
MYCO003151	59	0	15	
MYCO003152	1	0	9	
MYCO003153	3	0	9	
MYCO003154	1	0	3	
MYCO003155	1	0	2	
MYCO003156	3	0	6	
MYCO003157	8	0	12	
MYCO003158	0	0	15	
MYCO003159	146	0	15	
MYCO003160	0	0	5	
MYCO003161	20	0	16	
MYCO003162	4	0	1	
MYCO003163	2	0	9	
MYCO003164	2	0	7	
MYCO003165	9	0	4	
MYCO003166	31	0	6	
MYCO003167	5	0	7	
MYCO003168	11	0	15	
MYCO003169	36	0	10	
MYCO003170	25	0	8	
MYCO003171	2	0	8	
MYCO003172	0	0	7	
MYCO003173	2	0	4	
MYCO003174	0	0	14	
MYCO003175	77	0	12	
MYCO003176	8	0	11	
MYCO003177	4	0	3	
MYCO003178	5	0	4	
MYCO003179	18	0	12	
MYCO003180	1	0	6	
MYCO003181	8	0	2	
MYCO003182	1	0	1	
MYCO003183	11	0	2	
MYCO003184	27	0	2	
MYCO003185	256	0	0	
MYCO003186	27	0	2	
MYCO003187	256	0	0	
MYCO003188	1	0	4	
MYCO003189	2	0	9	
MYCO003190	11	0	12	
MYCO003191	2	0	8	
MYCO003192	5	0	4	
MYCO003196	5	0	12	
MYCO003199	25	0	8	
MYCO003200	2	0	11	
MYCO003201	54	0	19	
MYCO003202	42	0	16	
MYCO003203	1	0	6	
MYCO003204	0	0	5	
MYCO003209	2	0	7	
MYCO003210	3	0	6	
MYCO003212	36	0	8	
MYCO003215	1	0	7	
MYCO003216	256	0	0	
MYCO003217	20	0	5	
MYCO003218	2	0	9	
MYCO003222	6	0	3	
MYCO003224	12	0	7	
MYCO003225	4	0	9	
MYCO003226	3	0	5	
MYCO003227	14	0	10	
MYCO003230	13	0	11	
MYCO003231	4	0	5	
MYCO003232	1	0	5	
MYCO003233	0	0	9	
MYCO003234	143	0	5	
MYCO003235	20	0	8	
MYCO003236	23	0	9	
MYCO003237	2	0	2	
MYCO003238	1	0	5	
MYCO003239	133	0	12	
MYCO003242	3	0	5	
MYCO003243	10	0	6	
MYCO003244	26	0	9	
MYCO003247	4	0	4	
MYCO003249	13	0	8	
MYCO003250	0	0	3	
MYCO003251	0	0	3	
MYCO003253	4	0	10	
MYCO003254	7	0	13	
MYCO003256	43	0	9	
MYCO003259	2	0	1	
MYCO003260	0	0	2	
MYCO003263	13	0	9	
MYCO003266	8	0	9	
MYCO003268	9	0	5	
MYCO003269	2	0	2	
MYCO003270	18	0	12	
MYCO003271	2	0	6	
MYCO003272	9	0	11	
MYCO003273	0	0	20	
MYCO003278	2	0	5	
MYCO003279	1	0	12	
MYCO003281	249	0	2	
MYCO003282	1	0	10	
MYCO003283	2	0	5	
MYCO003284	1	0	4	
MYCO003286	37	0	2	
MYCO003287	3	0	4	
MYCO003288	2	0	2	
MYCO003289	4	0	5	
MYCO003291	1	0	4	
MYCO003292	17	0	11	
MYCO003293	37	0	9	
MYCO003294	2	0	7	
MYCO003295	1	0	6	
MYCO003297	9	0	11	
MYCO003298	22	0	2	
MYCO003299	52	0	21	
MYCO003300	5	0	6	
MYCO003301	1	0	6	
MYCO003307	11	0	5	
MYCO003308	33	0	10	
MYCO003309	0	0	5	
MYCO003310	2	0	6	
MYCO003311	4	0	8	
MYCO003312	2	0	8	
MYCO003314	10	0	7	
MYCO003315	1	0	3	
MYCO003316	0	0	3	
MYCO003320	5	0	4	
MYCO003321	0	0	2	
MYCO003322	2	0	5	
MYCO003323	19	0	7	
MYCO003324	20	0	3	
MYCO003325	27	0	2	
MYCO003326	256	0	0	
MYCO003327	252	0	3	
MYCO003331	35	0	9	
MYCO003332	21	0	13	
MYCO003333	73	0	6	
MYCO003334	0	0	2	
MYCO003335	7	0	9	
MYCO003337	27	0	6	
MYCO003338	6	0	6	
MYCO003339	11	0	7	
MYCO003342	27	0	3	
MYCO003343	256	0	0	
MYCO003344	256	0	0	
MYCO003345	255	0	1	
MYCO003346	87	0	3	
MYCO003347	199	0	27	
MYCO003348	9	0	8	
MYCO003349	135	0	7	
MYCO003350	226	0	17	
MYCO003351	35	0	6	
MYCO003352	30	0	2	
MYCO003353	30	0	3	
MYCO003354	28	0	3	
MYCO003355	43	0	5	
MYCO003357	1	0	2	
MYCO003358	0	0	2	
MYCO003359	20	0	5	
MYCO003360	52	0	3	
MYCO003361	5	0	5	
MYCO003362	4	0	6	
MYCO003363	19	0	1	
MYCO003364	4	0	2	
MYCO003365	240	0	5	
MYCO003366	5	0	7	
MYCO003367	120	0	11	
MYCO003368	9	0	10	
MYCO003369	13	0	3	
MYCO003370	62	0	17	
MYCO003371	21	0	15	
MYCO003372	17	0	10	
MYCO003373	31	0	6	
MYCO003374	1	0	3	
MYCO003375	15	0	14	
MYCO003376	2	0	9	
MYCO003377	17	0	14	
MYCO003378	9	0	10	
MYCO003379	5	0	9	
MYCO003380	256	0	0	
MYCO003381	27	0	2	
MYCO003382	16	0	5	
MYCO003383	58	0	12	
MYCO003384	5	0	3	
MYCO003385	6	0	5	
MYCO003386	15	0	6	
MYCO003387	1	0	5	
MYCO003388	193	0	8	
MYCO003389	21	0	9	
MYCO003390	1	0	15	
MYCO003391	14	0	19	
MYCO003393	5	0	10	
MYCO003394	83	0	5	
MYCO003395	7	0	8	
MYCO003397	3	0	5	
MYCO003398	10	0	8	
MYCO003399	2	0	12	
MYCO003400	13	0	3	
MYCO003401	33	0	16	
MYCO003402	6	0	11	
MYCO003403	5	0	14	
MYCO003404	4	0	10	
MYCO003405	0	0	4	
MYCO003406	7	0	7	
MYCO003407	1	0	2	
MYCO003408	0	0	4	
MYCO003413	21	0	6	
MYCO003414	1	0	8	
MYCO003415	17	0	9	
MYCO003416	2	0	3	
MYCO003420	7	0	4	
MYCO003421	73	0	6	
MYCO003423	4	0	8	
MYCO003424	20	0	8	
MYCO003425	18	82	16	
MYCO003426	250	0	1	
MYCO003427	57	0	2	
MYCO003428	243	0	2	
MYCO003429	18	69	14	
MYCO003430	26	0	15	
MYCO003431	3	0	8	
MYCO003434	15	0	6	
MYCO003435	0	0	8	
MYCO003437	13	0	4	
MYCO003438	5	0	6	
MYCO003439	53	0	13	
MYCO003440	6	0	8	
MYCO003444	2	0	5	
MYCO003445	5	0	5	
MYCO003446	51	0	8	
MYCO003447	27	0	25	
MYCO003448	15	0	9	
MYCO003449	16	0	10	
MYCO003450	37	0	12	
MYCO003451	4	0	12	
MYCO003452	41	0	4	
MYCO003453	173	0	1	
MYCO003454	5	0	17	
MYCO003463	13	0	7	
MYCO003465	1	0	8	
MYCO003466	248	1	8	
MYCO003467	250	4	6	
MYCO003468	4	0	8	
MYCO003469	3	0	2	
MYCO003470	14	0	12	
MYCO003471	2	0	3	
MYCO003472	5	0	4	
MYCO003473	3	0	4	
MYCO003474	27	0	2	
MYCO003475	256	0	0	
MYCO003476	4	0	11	
MYCO003477	9	0	3	
MYCO003478	136	13	61	
MYCO003479	11	0	26	
MYCO003480	22	0	10	
MYCO003481	3	0	4	
MYCO003482	2	0	8	
MYCO003483	64	0	5	
MYCO003484	9	0	8	
MYCO003485	38	0	10	
MYCO003486	15	0	6	
MYCO003487	68	0	11	
MYCO003488	17	0	4	
MYCO003489	1	0	2	
MYCO003491	3	0	6	
MYCO003492	1	0	5	
MYCO003493	22	0	5	
MYCO003494	60	0	8	
MYCO003495	2	0	9	
MYCO003496	19	0	10	
MYCO003497	1	0	9	
MYCO003498	9	0	7	
MYCO003499	1	0	8	
MYCO003502	1	0	5	
MYCO003503	0	0	2	
MYCO003505	10	0	8	
MYCO003506	7	0	14	
MYCO003507	236	0	19	
MYCO003508	256	0	0	
MYCO003509	30	0	10	
MYCO003510	10	0	6	
MYCO003511	256	0	0	
MYCO003512	256	0	0	
MYCO003513	244	0	3	
MYCO003514	256	0	0	
MYCO003515	225	0	8	
MYCO003516	52	0	4	
MYCO003517	67	0	5	
MYCO003518	6	0	5	
MYCO003519	0	0	7	
MYCO003521	4	0	8	
MYCO003522	0	0	8	
MYCO003523	31	0	8	
MYCO003524	4	0	11	
MYCO003525	16	0	5	
MYCO003526	1	0	8	
MYCO003527	0	0	10	
MYCO003528	3	0	8	
MYCO003529	36	0	9	
MYCO003530	1	100	7	
MYCO003531	7	0	11	
MYCO003532	26	0	14	
MYCO003533	86	0	14	
MYCO003534	7	0	8	
MYCO003535	73	0	5	
MYCO003536	2	0	9	
MYCO003537	3	0	15	
MYCO003538	0	0	6	
MYCO003539	36	0	11	
MYCO003540	32	0	9	
MYCO003541	0	0	2	
MYCO003542	8	0	6	
MYCO003543	10	0	12	
MYCO003544	5	0	11	
MYCO003545	3	0	17	
MYCO003546	9	0	7	
MYCO003547	3	0	5	
MYCO003548	1	0	5	
MYCO003549	11	0	4	
MYCO003550	6	0	7	
MYCO003551	4	0	5	
MYCO003552	0	0	4	
MYCO003553	36	0	6	
MYCO003554	8	0	17	
MYCO003555	47	0	6	
MYCO003556	10	0	6	
MYCO003557	0	0	2	
MYCO003558	73	0	16	
MYCO003559	18	0	9	
MYCO003560	12	0	9	
MYCO003561	45	0	10	
MYCO003562	4	0	9	
MYCO003563	9	0	10	
MYCO003564	37	0	9	
MYCO003565	5	0	11	
MYCO003566	9	0	9	
MYCO003567	4	0	6	
MYCO003568	36	0	2	
MYCO003569	21	0	8	
MYCO003572	4	0	4	
MYCO003573	30	0	11	
MYCO003574	4	0	4	
MYCO003575	11	0	10	
MYCO003576	2	0	7	
MYCO003577	3	0	5	
MYCO003578	23	0	15	
MYCO003581	2	0	5	
MYCO003582	1	0	9	
MYCO003584	0	0	4	
MYCO003585	3	0	12	
MYCO003586	1	0	10	
MYCO003587	13	0	6	
MYCO003588	7	0	3	
MYCO003590	184	0	8	
MYCO003591	2	0	6	
MYCO003593	2	0	14	
MYCO003594	7	0	8	
MYCO003595	115	0	11	
MYCO003597	17	0	1	
MYCO003599	13	0	2	
MYCO003602	46	0	8	
MYCO003603	17	0	8	
MYCO003604	64	0	8	
MYCO003605	26	0	4	
MYCO003606	1	0	5	
MYCO003607	7	0	4	
MYCO003608	2	0	8	
MYCO003611	256	0	0	
MYCO003612	3	0	5	
MYCO003613	0	0	1	
MYCO003614	2	0	7	
MYCO003615	1	0	2	
MYCO003616	7	0	10	
MYCO003617	5	0	7	
MYCO003618	4	0	12	
MYCO003619	26	115	51	
MYCO003620	151	28	39	
MYCO003621	44	0	8	
MYCO003622	9	0	2	
MYCO003623	14	0	6	
MYCO003625	17	0	6	
MYCO003626	25	0	9	
MYCO003627	6	0	14	
MYCO003629	0	0	9	
MYCO003630	1	58	12	
MYCO003631	0	0	3	
MYCO003632	0	0	2	
MYCO003633	7	0	8	
MYCO003634	11	0	3	
MYCO003635	11	0	17	
MYCO003636	1	0	3	
MYCO003637	6	0	6	
MYCO003638	0	0	6	
MYCO003639	25	0	5	
MYCO003640	12	0	8	
MYCO003641	0	0	8	
MYCO003642	2	0	2	
MYCO003643	0	0	1	
MYCO003645	56	0	13	
MYCO003649	53	0	14	
MYCO003650	8	0	4	
MYCO003651	24	0	8	
MYCO003652	57	0	3	
MYCO003653	150	0	8	
MYCO003654	35	0	4	
MYCO003655	256	0	0	
MYCO003656	0	0	3	
MYCO003657	89	58	7	
MYCO003658	33	0	8	
MYCO003659	61	0	8	
MYCO003660	12	0	12	
MYCO003661	7	0	2	
MYCO003662	79	0	9	
MYCO003663	26	0	12	
MYCO003664	0	0	10	
MYCO003665	1	0	12	
MYCO003666	9	70	9	
MYCO003667	22	0	15	
MYCO003669	0	0	7	
MYCO003671	6	0	13	
MYCO003672	8	0	7	
MYCO003673	10	0	6	
MYCO003675	0	0	3	
MYCO003678	2	0	3	
MYCO003681	0	0	6	
MYCO003685	10	0	14	
MYCO003686	5	0	4	
MYCO003687	0	0	3	
MYCO003688	2	0	6	
MYCO003689	14	0	8	
MYCO003690	30	0	8	
MYCO003691	6	0	11	
MYCO003692	4	0	11	
MYCO003693	89	0	7	
MYCO003694	0	0	10	
MYCO003697	2	0	4	
MYCO003698	15	0	14	
MYCO003699	3	0	6	
MYCO003700	41	0	13	
MYCO003701	12	0	8	
MYCO003702	1	0	4	
MYCO003703	9	0	14	
MYCO003704	5	0	15	
MYCO003706	13	0	4	
MYCO003714	4	0	12	
MYCO003716	22	0	5	
MYCO003723	3	0	11	
MYCO003725	142	0	6	
MYCO003726	27	0	6	
MYCO003727	23	0	16	
MYCO003728	164	0	10	
MYCO003729	30	0	24	
MYCO003730	2	0	7	
MYCO003731	1	0	10	
MYCO003732	10	0	7	
MYCO003733	3	0	5	
MYCO003734	3	0	11	
MYCO003735	1	0	4	
MYCO003736	6	0	13	
MYCO003737	62	0	17	
MYCO003738	104	0	8	
MYCO003739	76	0	5	
MYCO003740	10	0	11	
MYCO003741	2	0	9	
MYCO003742	1	0	2	
MYCO003743	10	0	19	
MYCO003744	0	0	5	
MYCO003745	0	81	4	
MYCO003746	0	0	4	
MYCO003747	1	0	2	
MYCO003748	1	0	4	
MYCO003749	2	0	1	
MYCO003750	1	0	3	
MYCO003751	2	0	4	
MYCO003752	23	0	3	
MYCO003753	31	0	5	
MYCO003754	14	0	9	
MYCO003755	1	0	5	
MYCO003756	3	0	8	
MYCO003757	13	0	6	
MYCO003758	2	0	9	
MYCO003759	5	0	11	
MYCO003760	1	0	3	
MYCO003761	13	0	9	
MYCO003762	0	0	16	
MYCO003763	4	0	9	
MYCO003764	5	0	10	
MYCO003766	8	0	9	
MYCO003767	6	0	7	
MYCO003768	6	0	4	
MYCO003769	5	0	4	
MYCO003770	10	0	8	
MYCO003771	4	0	3	
MYCO003772	4	0	5	
MYCO003773	5	0	7	
MYCO003776	51	0	17	
MYCO003779	35	0	14	
MYCO003784	15	0	13	
MYCO003785	126	0	8	
MYCO003786	23	0	12	
MYCO003787	10	0	7	
MYCO003788	2	0	5	
MYCO003789	1	0	4	
MYCO003792	19	0	21	
MYCO003796	2	0	12	
MYCO003797	20	0	11	
MYCO003798	132	3	10	
MYCO003800	58	0	30	
MYCO003803	9	0	5	
MYCO003805	3	0	11	
MYCO003807	11	0	4	
MYCO003810	79	0	8	
MYCO003811	13	0	13	
MYCO003812	104	0	9	
MYCO003813	4	0	5	
MYCO003814	7	0	4	
MYCO003815	11	0	6	
MYCO003817	25	0	7	
MYCO003818	5	0	13	
MYCO003819	5	0	3	
MYCO003820	18	0	18	
MYCO003821	2	0	6	
MYCO003822	5	0	18	
MYCO003823	5	0	25	
MYCO003824	6	0	20	
MYCO003825	19	0	37	
MYCO003826	5	0	13	
MYCO003827	18	0	14	
MYCO003828	0	101	6	
MYCO003829	54	0	21	
MYCO003830	66	0	5	
MYCO003831	3	0	12	
MYCO003832	11	0	10	
MYCO003833	45	0	12	
MYCO003836	27	0	8	
MYCO003837	3	0	11	
MYCO003838	12	0	9	
MYCO003839	0	0	11	
MYCO003840	3	0	3	
MYCO003841	1	0	9	
MYCO003843	28	0	10	
MYCO003844	9	0	8	
MYCO003845	194	0	2	
MYCO003846	2	0	6	
MYCO003848	10	0	9	
MYCO003850	5	0	5	
MYCO003851	10	0	2	
MYCO003852	2	0	2	
MYCO003853	0	0	4	
MYCO003854	9	0	22	
MYCO003855	0	0	4	
MYCO003856	9	0	8	
MYCO003857	1	0	1	
MYCO003860	27	0	19	
MYCO003861	11	0	9	
MYCO003862	2	0	15	
MYCO003863	18	0	10	
MYCO003864	7	0	14	
MYCO003865	5	0	4	
MYCO003866	11	0	6	
MYCO003867	5	0	2	
MYCO003868	19	0	14	
MYCO003869	43	0	12	
MYCO003870	2	0	22	
MYCO003871	20	0	12	
MYCO003872	10	0	3	
MYCO003873	11	0	9	
MYCO003874	4	0	5	
MYCO003875	1	0	4	
MYCO003876	116	0	13	
MYCO003877	4	0	22	
MYCO003878	30	0	6	
MYCO003879	119	0	18	
MYCO003880	0	0	3	
MYCO003881	28	0	17	
MYCO003882	39	0	31	
MYCO003883	5	0	13	
MYCO003884	21	0	12	
MYCO003885	12	0	19	
MYCO003886	99	0	12	
MYCO003887	30	0	17	
MYCO003888	10	0	15	
MYCO003889	23	0	13	
MYCO003890	5	0	2	
MYCO003891	3	0	6	
MYCO003892	73	0	12	
MYCO003893	8	0	4	
MYCO003894	81	0	35	
MYCO003895	75	0	14	
MYCO003896	19	0	12	
MYCO003897	253	0	1	
MYCO003898	141	0	2	
MYCO003899	74	0	13	
MYCO003900	46	0	22	
MYCO003901	10	0	6	
MYCO003902	4	0	5	
MYCO003903	92	0	17	
MYCO003904	2	0	6	
MYCO003905	2	0	6	
MYCO003906	5	0	10	
MYCO003909	17	0	25	
MYCO003910	18	0	53	
MYCO003911	256	0	0	
MYCO003912	10	0	16	
MYCO003914	0	0	3	
MYCO003916	0	0	14	
MYCO003919	12	0	35	
MYCO003922	1	0	6	
MYCO003923	0	0	7	
MYCO010064	0	0	2	
MYCO010078	4	0	5	
MYCO010157	0	0	2	
MYCO010186	2	0	2	
MYCO010192	66	0	2	
MYCO010236	3	0	1	
MYCO010277	256	0	0	
MYCO010397	0	118	6	
MYCO010456	2	0	1	
MYCO010470	53	0	3	
MYCO010492	2	0	3	
MYCO010500	10	0	1	
MYCO010530	0	0	2	
MYCO010590	4	0	3	
MYCO010609	2	0	5	
MYCO010616	0	0	4	
MYCO010634	1	0	3	
MYCO010691	0	0	2	
MYCO010724	256	0	0	
MYCO010749	1	0	4	
MYCO010755	5	0	3	
MYCO010787	2	0	1	
MYCO010959	0	0	1	
MYCO011028	0	0	2	
MYCO011087	4	0	3	
MYCO011089	0	0	4	
MYCO011116	1	0	2	
MYCO011135	0	0	5	
MYCO011159	0	0	3	
MYCO011290	1	0	3	
MYCO011322	0	0	5	
MYCO011366	0	0	2	
MYCO011473	2	0	2	
MYCO011489	12	0	3	
MYCO011498	3	0	3	
MYCO011507	7	0	9	
MYCO011508	4	0	3	
MYCO011638	20	0	4	
MYCO011706	0	0	2	
MYCO011765	4	0	1	
MYCO011888	1	0	3	
MYCO011954	1	0	3	
MYCO011962	0	156	6	
MYCO011982	1	0	2	
MYCO011990	3	0	3	
MYCO011991	0	0	2	
MYCO012023	4	0	9	
MYCO012063	11	0	5	
MYCO012077	12	0	2	
MYCO012142	0	0	3	
MYCO012160	155	0	3	
MYCO012219	1	0	4	
MYCO012231	3	0	5	
MYCO012237	3	0	2	
MYCO012250	256	0	0	
MYCO012274	14	0	5	
MYCO012306	3	0	4	
MYCO012307	1	0	2	
MYCO012309	1	0	3	
MYCO012331	0	0	3	
MYCO012395	2	0	3	
MYCO012401	1	0	2	
MYCO012427	256	0	0	
MYCO012438	0	0	1	
MYCO012468	0	0	2	
MYCO012530	0	0	3	
MYCO012548	0	0	1	
MYCO012601	0	0	2	
MYCO012614	39	0	4	
MYCO012737	2	0	2	
MYCO012801	0	0	2	
MYCO012828	55	0	5	
MYCO012862	256	0	0	
MYCO012922	1	0	4	
MYCO012943	2	0	4	
MYCO012970	2	0	1	
MYCO012998	0	0	4	
MYCO013018	107	0	3	
MYCO013022	46	0	4	
MYCO013032	3	0	4	
MYCO013098	1	0	3	
MYCO013136	1	0	5	
MYCO013190	7	0	1	
MYCO013196	0	0	2	
MYCO013197	4	0	1	
MYCO013198	1	0	3	
MYCO013208	0	0	2	
MYCO013221	0	0	2	
MYCO013224	2	0	5	
MYCO013312	3	0	6	
MYCO013324	256	0	0	
MYCO013395	12	0	6	
MYCO013566	1	0	3	
MYCO013697	3	0	5	
MYCO013705	5	0	6	
MYCO013724	29	0	2	
MYCO013770	1	0	2	
MYCO020078	1	0	5	
MYCO020456	256	0	0	
MYCO020500	0	0	3	
MYCO022231	197	0	2	
MYCO022306	6	0	4	
MYCO022307	7	0	4	
MYCO022395	3	0	3	
MYCO023224	3	0	1	
MYCO023724	30	0	9	
MYCO023770	1	0	2	
MYCO032307	0	0	4	
