GbGDiv simplified results table from 'accumulate-22.txt' records table.
Isolate records read from table: 5629

Locus	Missing	Paralogous	CountNuc
id	0	0	5629	
isolate	0	0	5629	
rMLST_database_accession	0	0	5629	
BACT000001	13	0	87	
BACT000002	164	0	34	
BACT000003	554	0	40	
BACT000004	34	0	29	
BACT000005	94	0	31	
BACT000006	5	0	18	
BACT000007	13	0	18	
BACT000008	25	0	26	
BACT000009	26	0	29	
BACT000010	1	0	11	
BACT000011	47	0	22	
BACT000012	3	0	22	
BACT000013	13	0	25	
BACT000014	3	5157	2	
BACT000015	6	0	9	
BACT000016	49	0	29	
BACT000017	18	0	21	
BACT000018	1	4391	4	
BACT000019	1	0	13	
BACT000020	6	0	16	
BACT000021	5628	0	1	
BACT000030	52	1580	29	
BACT000031	3	0	27	
BACT000032	13	0	25	
BACT000033	157	0	31	
BACT000034	12	0	25	
BACT000035	4	0	27	
BACT000036	366	0	23	
BACT000038	22	0	21	
BACT000039	19	0	27	
BACT000040	691	0	17	
BACT000042	8	0	28	
BACT000043	4	0	24	
BACT000044	32	0	21	
BACT000045	23	0	19	
BACT000046	6	0	34	
BACT000047	72	0	17	
BACT000048	1	0	17	
BACT000049	5	0	20	
BACT000050	32	0	16	
BACT000051	172	0	27	
BACT000052	2	0	15	
BACT000053	5	0	17	
BACT000056	9	0	13	
BACT000057	2	5457	4	
BACT000058	1	1	14	
BACT000059	0	0	13	
BACT000060	3	0	10	
BACT000061	17	0	16	
BACT000062	1	4699	8	
BACT000063	2	1	14	
BACT000064	3	0	14	
BACT000065	4	0	4	
MYCO000001	37	0	136	
MYCO000005	36	0	150	
MYCO000006	60	0	245	
MYCO000009	16	0	35	
MYCO000011	10	0	30	
MYCO000013	6	0	62	
MYCO000015	1260	0	79	
MYCO000016	91	0	97	
MYCO000017	75	0	93	
MYCO000019	9	0	34	
MYCO000038	366	0	39	
MYCO000046	18	0	68	
MYCO000047	21	0	36	
MYCO000049	34	0	31	
MYCO000050	616	0	155	
MYCO000051	468	0	116	
MYCO000054	220	0	32	
MYCO000066	26	0	135	
MYCO000068	155	0	86	
MYCO000129	50	0	40	
MYCO000183	295	0	56	
MYCO000184	337	0	34	
MYCO000189	733	0	65	
MYCO000198	60	0	119	
MYCO000204	171	0	56	
MYCO000207	17	0	43	
MYCO000211	68	0	113	
MYCO000223	571	0	82	
MYCO000225	40	0	42	
MYCO000227	636	0	61	
MYCO000228	133	0	60	
MYCO000236	1270	0	176	
MYCO000237	141	0	76	
MYCO000238	21	0	39	
MYCO000241	38	0	64	
MYCO000242	912	0	74	
MYCO000243	528	0	67	
MYCO000244	115	2813	82	
MYCO000247	12	0	34	
MYCO000248	33	0	68	
MYCO000270	52	0	97	
MYCO000274	357	0	42	
MYCO000321	12	0	30	
MYCO000322	68	0	57	
MYCO000334	6	0	36	
MYCO000337	47	0	54	
MYCO000350	95	0	62	
MYCO000352	577	0	50	
MYCO000357	19	0	53	
MYCO000360	189	0	28	
MYCO000383	1055	0	30	
MYCO000384	705	0	93	
MYCO000407	262	0	54	
MYCO000410	182	0	106	
MYCO000411	152	0	43	
MYCO000414	1164	0	32	
MYCO000415	1230	0	45	
MYCO000417	397	1409	32	
MYCO000423	33	0	55	
MYCO000429	15	0	31	
MYCO000432	15	0	31	
MYCO000433	34	0	46	
MYCO000439	215	0	52	
MYCO000440	64	0	57	
MYCO000462	14	0	45	
MYCO000465	52	0	78	
MYCO000466	24	0	34	
MYCO000467	22	0	47	
MYCO000468	49	0	40	
MYCO000472	13	0	31	
MYCO000475	137	0	36	
MYCO000483	63	0	54	
MYCO000484	59	0	38	
MYCO000486	336	0	66	
MYCO000489	822	0	27	
MYCO000490	69	0	41	
MYCO000491	7	0	20	
MYCO000495	16	0	45	
MYCO000496	73	0	44	
MYCO000498	97	0	47	
MYCO000501	30	0	48	
MYCO000502	47	0	43	
MYCO000505	1354	0	39	
MYCO000509	125	0	70	
MYCO000510	99	0	41	
MYCO000512	126	0	41	
MYCO000524	455	0	57	
MYCO000527	173	0	38	
MYCO000528	869	0	59	
MYCO000529	208	0	53	
MYCO000548	41	0	37	
MYCO000551	192	0	92	
MYCO000553	541	0	43	
MYCO000555	528	0	55	
MYCO000557	65	0	79	
MYCO000558	272	0	29	
MYCO000562	26	0	49	
MYCO000563	119	0	45	
MYCO000564	71	0	57	
MYCO000566	17	0	23	
MYCO000636	10	0	23	
MYCO000639	216	0	26	
MYCO000647	212	0	65	
MYCO000655	31	0	51	
MYCO000667	274	0	278	
MYCO000668	234	0	262	
MYCO000672	243	0	89	
MYCO000684	80	0	96	
MYCO000685	20	0	33	
MYCO000693	534	0	48	
MYCO000696	92	0	71	
MYCO000732	13	0	59	
MYCO000733	10	0	22	
MYCO000734	592	0	31	
MYCO000757	12	0	31	
MYCO000758	154	0	156	
MYCO000772	179	0	58	
MYCO000777	61	0	42	
MYCO000780	21	0	40	
MYCO000782	5500	0	5	
MYCO000788	159	0	26	
MYCO000803	133	0	95	
MYCO000808	103	0	71	
MYCO000809	10	0	42	
MYCO000810	6	0	9	
MYCO000814	1121	23	13	
MYCO000815	85	6	41	
MYCO000820	16	0	29	
MYCO000821	32	0	20	
MYCO000823	114	0	58	
MYCO000824	14	0	26	
MYCO000859	83	0	78	
MYCO000860	342	0	109	
MYCO000861	55	0	67	
MYCO000871	16	0	14	
MYCO000876	9	0	75	
MYCO000884	20	0	49	
MYCO000885	72	0	38	
MYCO000886	1304	0	79	
MYCO000889	1113	0	57	
MYCO000896	76	0	60	
MYCO000902	47	0	33	
MYCO000903	11	0	13	
MYCO000906	1440	0	55	
MYCO000926	29	0	70	
MYCO000927	248	0	43	
MYCO000929	487	0	36	
MYCO000946	61	0	75	
MYCO000949	239	0	104	
MYCO000951	48	0	54	
MYCO000952	102	0	45	
MYCO000953	399	0	55	
MYCO000957	601	0	58	
MYCO000981	57	0	36	
MYCO000983	703	0	66	
MYCO000993	174	0	33	
MYCO000994	381	0	61	
MYCO000995	23	0	36	
MYCO001001	49	0	66	
MYCO001002	88	0	71	
MYCO001007	16	0	63	
MYCO001008	332	0	39	
MYCO001009	282	0	48	
MYCO001010	124	0	51	
MYCO001011	48	0	36	
MYCO001013	68	0	64	
MYCO001014	41	0	37	
MYCO001015	36	0	35	
MYCO001017	9	0	35	
MYCO001018	65	0	72	
MYCO001020	650	0	172	
MYCO001022	265	0	35	
MYCO001023	201	0	63	
MYCO001026	375	0	44	
MYCO001070	34	0	27	
MYCO001071	24	0	58	
MYCO001072	5	0	34	
MYCO001077	89	0	68	
MYCO001079	102	0	42	
MYCO001080	300	0	20	
MYCO001082	52	0	32	
MYCO001086	77	0	44	
MYCO001092	149	0	36	
MYCO001094	99	0	26	
MYCO001095	142	0	55	
MYCO001098	103	0	47	
MYCO001099	356	0	45	
MYCO001108	114	0	54	
MYCO001110	20	0	40	
MYCO001112	731	0	46	
MYCO001165	265	0	89	
MYCO001173	320	0	107	
MYCO001177	18	0	8	
MYCO001178	212	0	63	
MYCO001193	548	0	53	
MYCO001201	326	0	43	
MYCO001202	267	0	36	
MYCO001207	386	0	48	
MYCO001208	39	0	33	
MYCO001213	266	0	63	
MYCO001220	332	0	22	
MYCO001221	7	0	34	
MYCO001223	908	0	75	
MYCO001229	168	0	56	
MYCO001238	67	0	43	
MYCO001239	23	0	49	
MYCO001245	114	0	50	
MYCO001248	639	0	145	
MYCO001253	244	0	88	
MYCO001272	424	0	73	
MYCO001273	25	0	81	
MYCO001277	610	0	45	
MYCO001292	46	0	75	
MYCO001293	75	0	50	
MYCO001294	101	0	51	
MYCO001295	78	0	48	
MYCO001297	478	0	64	
MYCO001299	52	0	31	
MYCO001302	17	0	39	
MYCO001305	10	0	9	
MYCO001308	89	0	55	
MYCO001309	20	0	42	
MYCO001310	26	0	49	
MYCO001311	22	0	24	
MYCO001315	33	0	42	
MYCO001321	89	0	31	
MYCO001323	118	0	55	
MYCO001326	76	0	95	
MYCO001327	102	0	78	
MYCO001328	199	0	122	
MYCO001338	146	0	35	
MYCO001340	78	0	31	
MYCO001380	66	0	37	
MYCO001381	607	0	50	
MYCO001383	53	0	48	
MYCO001384	529	0	168	
MYCO001385	891	0	39	
MYCO001388	7	0	28	
MYCO001390	2	0	14	
MYCO001391	994	0	60	
MYCO001392	541	0	70	
MYCO001402	2282	0	68	
MYCO001407	774	0	77	
MYCO001408	186	0	33	
MYCO001410	21	0	64	
MYCO001412	28	0	31	
MYCO001415	31	0	48	
MYCO001416	10	0	21	
MYCO001420	40	0	76	
MYCO001421	31	0	43	
MYCO001436	13	0	47	
MYCO001437	64	0	52	
MYCO001438	30	0	35	
MYCO001440	32	0	13	
MYCO001445	363	0	36	
MYCO001447	663	0	100	
MYCO001448	69	0	55	
MYCO001449	296	0	89	
MYCO001451	107	0	43	
MYCO001457	13	0	35	
MYCO001458	29	0	45	
MYCO001462	76	0	60	
MYCO001463	23	0	28	
MYCO001464	303	0	54	
MYCO001465	22	0	17	
MYCO001466	10	0	9	
MYCO001467	115	2866	66	
MYCO001473	58	0	57	
MYCO001474	178	0	20	
MYCO001475	33	0	95	
MYCO001479	124	0	51	
MYCO001480	179	0	43	
MYCO001481	33	0	46	
MYCO001483	148	0	24	
MYCO001484	47	0	38	
MYCO001485	172	0	37	
MYCO001493	894	0	78	
MYCO001536	187	0	143	
MYCO001540	44	0	55	
MYCO001547	204	0	121	
MYCO001557	944	0	59	
MYCO001559	1226	0	62	
MYCO001564	69	0	98	
MYCO001568	355	0	54	
MYCO001569	1065	0	39	
MYCO001589	23	0	37	
MYCO001593	9	0	29	
MYCO001594	70	0	54	
MYCO001595	614	0	68	
MYCO001599	517	0	57	
MYCO001600	12	0	53	
MYCO001601	2	0	30	
MYCO001603	16	0	39	
MYCO001605	25	0	35	
MYCO001609	134	0	76	
MYCO001611	100	0	28	
MYCO001612	16	0	60	
MYCO001617	75	0	68	
MYCO001626	30	0	27	
MYCO001627	166	0	41	
MYCO001629	206	0	134	
MYCO001633	734	0	100	
MYCO001638	262	0	127	
MYCO001641	5629	0	0	
MYCO001649	431	0	42	
MYCO001652	326	0	45	
MYCO001653	988	0	43	
MYCO001654	153	0	33	
MYCO001655	634	0	56	
MYCO001656	464	0	42	
MYCO001657	526	0	22	
MYCO001658	171	0	60	
MYCO001659	518	0	58	
MYCO001689	19	0	47	
MYCO001694	204	0	43	
MYCO001695	6	0	42	
MYCO001697	10	0	36	
MYCO001699	32	0	109	
MYCO001701	95	0	30	
MYCO001708	31	0	33	
MYCO001709	8	0	45	
MYCO001711	7	0	40	
MYCO001712	40	0	34	
MYCO001713	260	0	63	
MYCO001821	57	0	106	
MYCO001827	11	0	22	
MYCO001829	61	0	23	
MYCO001830	31	0	72	
MYCO001832	160	0	134	
MYCO001837	141	0	104	
MYCO001842	120	0	76	
MYCO001843	138	0	76	
MYCO001844	80	0	86	
MYCO001854	63	0	70	
MYCO001886	115	0	53	
MYCO001894	248	0	65	
MYCO001981	22	0	30	
MYCO002050	6	0	13	
MYCO002089	424	0	61	
MYCO002090	5504	0	12	
MYCO002092	676	0	131	
MYCO002093	60	0	40	
MYCO002096	40	0	52	
MYCO002097	127	0	49	
MYCO002109	22	0	34	
MYCO002110	63	0	41	
MYCO002111	154	0	10	
MYCO002112	2441	0	58	
MYCO002115	53	0	86	
MYCO002118	24	0	26	
MYCO002119	39	0	47	
MYCO002121	74	0	32	
MYCO002122	5	0	18	
MYCO002125	52	0	33	
MYCO002130	710	0	40	
MYCO002134	31	0	26	
MYCO002139	120	0	47	
MYCO002140	2	0	26	
MYCO002141	99	0	68	
MYCO002145	80	0	32	
MYCO002150	350	0	33	
MYCO002151	379	0	32	
MYCO002153	1076	0	67	
MYCO002154	1187	0	43	
MYCO002155	929	0	96	
MYCO002156	26	0	55	
MYCO002157	2454	0	55	
MYCO002163	250	0	78	
MYCO002166	21	0	14	
MYCO002170	677	0	32	
MYCO002176	147	0	54	
MYCO002178	32	0	37	
MYCO002179	112	0	19	
MYCO002182	44	0	29	
MYCO002186	6	0	15	
MYCO002187	1593	0	76	
MYCO002188	62	0	60	
MYCO002192	177	0	45	
MYCO002193	9	0	22	
MYCO002194	49	0	42	
MYCO002195	31	0	51	
MYCO002196	24	0	74	
MYCO002199	3	0	21	
MYCO002200	37	0	49	
MYCO002201	234	0	74	
MYCO002202	255	0	46	
MYCO002210	113	0	52	
MYCO002211	161	0	61	
MYCO002213	303	0	84	
MYCO002216	52	0	58	
MYCO002217	310	0	39	
MYCO002218	248	0	55	
MYCO002219	187	0	35	
MYCO002220	40	0	64	
MYCO002221	1244	0	109	
MYCO002222	60	0	59	
MYCO002225	182	0	47	
MYCO002228	83	0	51	
MYCO002230	380	0	49	
MYCO002235	98	0	49	
MYCO002239	3	0	24	
MYCO002241	693	0	81	
MYCO002242	253	0	45	
MYCO002243	599	0	38	
MYCO002244	7	0	10	
MYCO002245	103	0	52	
MYCO002246	67	0	48	
MYCO002247	242	0	53	
MYCO002257	63	0	44	
MYCO002259	287	0	47	
MYCO002315	967	0	71	
MYCO002343	284	0	80	
MYCO002344	859	0	47	
MYCO002357	18	0	38	
MYCO002361	16	0	27	
MYCO002362	161	0	32	
MYCO002364	15	0	41	
MYCO002366	19	0	68	
MYCO002367	11	0	20	
MYCO002368	58	0	47	
MYCO002373	85	0	52	
MYCO002374	184	0	57	
MYCO002399	81	0	40	
MYCO002400	63	0	60	
MYCO002402	92	0	108	
MYCO002404	44	0	92	
MYCO002409	24	0	34	
MYCO002410	11	0	32	
MYCO002411	141	0	69	
MYCO002413	217	0	41	
MYCO002420	251	0	26	
MYCO002421	2	0	18	
MYCO002425	469	0	46	
MYCO002426	1594	0	52	
MYCO002427	498	0	55	
MYCO002439	867	0	38	
MYCO002440	138	0	72	
MYCO002445	33	0	15	
MYCO002447	106	0	68	
MYCO002448	243	0	113	
MYCO002454	39	0	53	
MYCO002455	99	0	70	
MYCO002457	39	0	39	
MYCO002460	8	0	20	
MYCO002461	11	0	26	
MYCO002462	360	0	51	
MYCO002465	87	0	22	
MYCO002466	55	0	28	
MYCO002467	134	0	115	
MYCO002470	12	0	27	
MYCO002477	33	0	67	
MYCO002500	17	0	53	
MYCO002502	71	0	75	
MYCO002509	18	0	50	
MYCO002511	22	0	23	
MYCO002518	673	0	47	
MYCO002521	2	0	27	
MYCO002523	53	0	13	
MYCO002524	1627	0	297	
MYCO002533	25	0	23	
MYCO002534	7	0	24	
MYCO002538	307	0	50	
MYCO002540	1239	0	58	
MYCO002555	108	0	88	
MYCO002559	497	0	48	
MYCO002568	74	0	45	
MYCO002572	203	0	74	
MYCO002575	88	0	47	
MYCO002580	262	0	43	
MYCO002582	45	0	41	
MYCO002583	150	0	91	
MYCO002587	852	0	78	
MYCO002589	183	0	60	
MYCO002592	239	0	39	
MYCO002593	126	0	28	
MYCO002594	5	0	19	
MYCO002603	14	0	32	
MYCO002606	52	0	36	
MYCO002610	143	0	46	
MYCO002611	111	0	51	
MYCO002612	9	0	31	
MYCO002613	9	0	18	
MYCO002614	99	0	67	
MYCO002670	31	0	43	
MYCO002673	652	1434	47	
MYCO002676	33	0	21	
MYCO002678	510	0	48	
MYCO002682	120	0	71	
MYCO002696	146	0	43	
MYCO002697	14	0	19	
MYCO002699	0	0	13	
MYCO002702	14	0	45	
MYCO002703	199	0	54	
MYCO002708	5	0	14	
MYCO002710	105	0	38	
MYCO002711	40	0	34	
MYCO002714	41	0	45	
MYCO002715	735	0	63	
MYCO002720	20	0	44	
MYCO002724	61	0	72	
MYCO002725	151	0	63	
MYCO002726	81	0	35	
MYCO002727	305	0	49	
MYCO002731	636	0	54	
MYCO002733	1294	0	61	
MYCO002744	168	0	38	
MYCO002748	537	0	119	
MYCO002750	112	0	40	
MYCO002753	17	0	48	
MYCO002754	48	0	29	
MYCO002764	107	0	50	
MYCO002773	32	0	36	
MYCO002782	425	0	62	
MYCO002783	186	0	76	
MYCO002788	611	0	22	
MYCO002794	31	0	35	
MYCO002795	111	0	48	
MYCO002828	2534	687	49	
MYCO002838	109	0	26	
MYCO002839	2151	0	94	
MYCO002841	34	0	56	
MYCO002846	16	0	58	
MYCO002847	133	0	51	
MYCO002861	27	0	35	
MYCO002864	64	0	59	
MYCO002868	16	0	38	
MYCO002870	130	0	45	
MYCO002882	12	0	30	
MYCO002883	6	0	36	
MYCO002889	118	0	29	
MYCO002894	723	0	34	
MYCO002901	4	0	9	
MYCO002902	318	0	38	
MYCO002915	110	0	53	
MYCO002916	441	0	58	
MYCO002917	889	0	71	
MYCO002918	350	0	114	
MYCO002919	8	0	14	
MYCO002921	196	0	59	
MYCO002927	32	0	35	
MYCO002965	4	0	13	
MYCO002967	371	0	98	
MYCO002976	93	0	36	
MYCO002981	239	0	56	
MYCO002982	36	0	50	
MYCO002984	77	0	70	
MYCO002988	147	0	45	
MYCO002992	168	0	71	
MYCO002993	14	0	36	
MYCO002995	204	0	52	
MYCO002996	370	0	69	
MYCO003001	25	0	39	
MYCO003003	258	0	76	
MYCO003006	193	0	44	
MYCO003009	28	0	66	
MYCO003010	523	0	41	
MYCO003011	1006	0	56	
MYCO003014	527	0	87	
MYCO003024	256	0	60	
MYCO003025	158	0	51	
MYCO003027	47	0	53	
MYCO003028	716	0	40	
MYCO003029	27	0	30	
MYCO003031	319	0	71	
MYCO003032	562	0	43	
MYCO003034	23	0	32	
MYCO003038	13	0	42	
MYCO003042	102	0	45	
MYCO003043	17	0	59	
MYCO003045	8	0	42	
MYCO003048	24	0	46	
MYCO003049	141	0	82	
MYCO003051	46	0	61	
MYCO003052	25	0	15	
MYCO003053	6	0	9	
MYCO003054	189	0	35	
MYCO003057	23	0	40	
MYCO003085	321	0	45	
MYCO003100	12	0	21	
MYCO003101	31	0	30	
MYCO003102	5	0	32	
MYCO003105	253	0	52	
MYCO003117	85	6	41	
MYCO003118	1121	23	13	
MYCO003139	28	0	70	
MYCO003140	28	0	63	
MYCO003193	91	0	132	
MYCO003194	6	0	38	
MYCO003195	446	0	72	
MYCO003197	38	0	59	
MYCO003198	400	0	78	
MYCO003205	58	0	35	
MYCO003206	33	0	63	
MYCO003207	21	0	40	
MYCO003208	73	0	30	
MYCO003211	446	0	82	
MYCO003213	20	0	48	
MYCO003214	37	0	41	
MYCO003219	8	0	8	
MYCO003220	33	0	56	
MYCO003221	0	0	12	
MYCO003223	6	0	31	
MYCO003228	537	0	48	
MYCO003229	33	0	75	
MYCO003240	608	0	97	
MYCO003241	256	0	29	
MYCO003245	24	0	62	
MYCO003246	17	0	19	
MYCO003248	63	0	79	
MYCO003252	273	0	56	
MYCO003255	153	0	42	
MYCO003257	276	0	55	
MYCO003258	380	0	22	
MYCO003261	21	0	45	
MYCO003262	324	0	52	
MYCO003264	25	0	35	
MYCO003265	139	0	43	
MYCO003267	382	0	50	
MYCO003274	10	0	51	
MYCO003275	177	0	27	
MYCO003276	156	0	55	
MYCO003277	11	0	30	
MYCO003280	46	0	62	
MYCO003285	186	0	64	
MYCO003290	32	0	46	
MYCO003296	1692	0	209	
MYCO003302	106	0	57	
MYCO003303	5578	0	2	
MYCO003304	61	0	15	
MYCO003305	112	0	45	
MYCO003306	347	0	57	
MYCO003313	36	0	30	
MYCO003317	22	0	29	
MYCO003318	290	0	63	
MYCO003319	77	0	41	
MYCO003328	432	0	56	
MYCO003329	69	0	71	
MYCO003330	573	0	58	
MYCO003336	17	0	35	
MYCO003340	29	0	49	
MYCO003341	747	0	55	
MYCO003356	31	0	36	
MYCO003392	59	4297	21	
MYCO003396	105	0	60	
MYCO003409	152	0	62	
MYCO003410	986	0	45	
MYCO003411	254	0	75	
MYCO003412	13	0	19	
MYCO003417	16	3230	50	
MYCO003418	1	0	11	
MYCO003419	236	0	42	
MYCO003422	6	0	22	
MYCO003432	45	0	52	
MYCO003433	2001	0	46	
MYCO003436	1388	0	63	
MYCO003441	617	0	64	
MYCO003455	267	0	37	
MYCO003457	23	0	51	
MYCO003462	9	0	14	
MYCO003464	18	0	42	
MYCO003490	70	0	70	
MYCO003500	27	0	40	
MYCO003501	38	0	33	
MYCO003504	41	0	52	
MYCO003520	68	0	60	
MYCO003570	22	0	38	
MYCO003571	68	0	46	
MYCO003579	813	0	58	
MYCO003580	118	0	45	
MYCO003583	6	0	21	
MYCO003589	1307	0	41	
MYCO003592	10	0	17	
MYCO003596	434	0	102	
MYCO003598	46	0	52	
MYCO003600	46	0	35	
MYCO003601	41	0	21	
MYCO003609	6	0	18	
MYCO003610	548	0	86	
MYCO003624	15	0	41	
MYCO003628	24	0	26	
MYCO003644	304	0	65	
MYCO003646	846	0	112	
MYCO003647	83	0	28	
MYCO003648	8	0	33	
MYCO003668	11	0	33	
MYCO003670	294	0	45	
MYCO003674	15	0	35	
MYCO003676	11	0	27	
MYCO003677	77	0	43	
MYCO003679	30	0	55	
MYCO003680	134	0	51	
MYCO003682	185	0	100	
MYCO003683	103	0	49	
MYCO003684	88	0	35	
MYCO003695	44	0	56	
MYCO003696	232	0	101	
MYCO003705	10	0	33	
MYCO003707	167	0	49	
MYCO003708	166	0	50	
MYCO003709	107	0	51	
MYCO003710	2234	0	53	
MYCO003711	51	0	58	
MYCO003712	732	0	53	
MYCO003713	54	0	25	
MYCO003715	8	0	22	
MYCO003717	6	0	37	
MYCO003718	5	0	17	
MYCO003719	32	0	63	
MYCO003720	188	0	66	
MYCO003721	487	0	82	
MYCO003722	25	0	71	
MYCO003765	621	0	48	
MYCO003774	26	0	55	
MYCO003775	79	0	76	
MYCO003777	338	0	50	
MYCO003778	60	0	65	
MYCO003780	527	0	29	
MYCO003781	13	0	32	
MYCO003782	57	0	46	
MYCO003783	56	0	37	
MYCO003790	32	0	67	
MYCO003791	63	0	51	
MYCO003793	946	0	176	
MYCO003794	310	0	198	
MYCO003795	262	0	284	
MYCO003799	27	0	72	
MYCO003801	60	0	72	
MYCO003802	112	0	48	
MYCO003804	63	0	55	
MYCO003806	21	0	85	
MYCO003808	351	0	70	
MYCO003809	11	0	46	
MYCO003816	414	0	44	
MYCO003834	163	0	59	
MYCO003835	739	0	72	
MYCO003842	149	0	72	
MYCO003847	2124	0	27	
MYCO003849	12	0	21	
MYCO003858	63	0	55	
MYCO003859	564	0	200	
MYCO003907	52	0	98	
MYCO003908	214	0	48	
MYCO003913	104	0	86	
MYCO003915	14	0	91	
MYCO003917	25	0	95	
MYCO003918	18	0	96	
MYCO003920	13	0	49	
MYCO003921	25	0	95	
MYCO013678	3	0	16	
MYCO000002	65	0	96	
MYCO000003	60	0	87	
MYCO000004	17	0	70	
MYCO000007	599	0	112	
MYCO000008	28	0	53	
MYCO000010	20	0	76	
MYCO000012	44	0	77	
MYCO000014	22	0	124	
MYCO000018	337	0	101	
MYCO000020	281	0	138	
MYCO000021	773	0	68	
MYCO000022	66	0	44	
MYCO000023	50	0	66	
MYCO000024	1716	0	62	
MYCO000025	601	0	43	
MYCO000026	186	0	100	
MYCO000027	29	0	19	
MYCO000028	18	0	24	
MYCO000029	411	0	99	
MYCO000030	1097	0	29	
MYCO000031	51	0	20	
MYCO000032	1723	0	130	
MYCO000033	20	0	15	
MYCO000034	13	0	28	
MYCO000035	83	0	150	
MYCO000036	117	0	62	
MYCO000037	75	0	91	
MYCO000039	247	0	30	
MYCO000040	86	0	68	
MYCO000041	508	0	185	
MYCO000042	380	0	83	
MYCO000043	47	0	56	
MYCO000044	696	0	52	
MYCO000045	2501	0	61	
MYCO000048	39	0	79	
MYCO000052	167	23	52	
MYCO000057	23	3363	61	
MYCO000058	89	0	152	
MYCO000059	25	0	56	
MYCO000060	14	0	58	
MYCO000061	1298	0	20	
MYCO000062	304	0	95	
MYCO000063	408	0	120	
MYCO000064	2316	0	152	
MYCO000065	13	0	16	
MYCO000067	22	0	38	
MYCO000069	129	0	76	
MYCO000070	29	3260	52	
MYCO000071	1558	0	62	
MYCO000072	1326	0	53	
MYCO000073	44	2382	55	
MYCO000074	2167	0	73	
MYCO000075	284	0	73	
MYCO000076	19	0	27	
MYCO000077	58	0	59	
MYCO000078	65	0	29	
MYCO000079	94	0	42	
MYCO000080	108	0	47	
MYCO000081	9	0	32	
MYCO000082	1460	0	29	
MYCO000083	2035	0	62	
MYCO000084	41	0	55	
MYCO000085	361	0	44	
MYCO000086	461	0	82	
MYCO000087	393	0	88	
MYCO000088	35	0	51	
MYCO000089	59	0	41	
MYCO000090	78	0	57	
MYCO000091	92	0	37	
MYCO000092	328	0	118	
MYCO000093	164	0	62	
MYCO000094	5431	83	40	
MYCO000095	2428	0	184	
MYCO000096	624	0	89	
MYCO000097	13	0	31	
MYCO000098	11	0	30	
MYCO000099	1592	0	73	
MYCO000100	8	0	9	
MYCO000101	235	0	380	
MYCO000102	138	0	121	
MYCO000103	242	0	126	
MYCO000104	1800	0	87	
MYCO000106	135	0	52	
MYCO000107	5577	0	6	
MYCO000108	16	0	14	
MYCO000109	1773	0	69	
MYCO000110	22	0	44	
MYCO000111	199	0	105	
MYCO000112	42	0	77	
MYCO000113	309	0	58	
MYCO000114	239	0	39	
MYCO000115	739	0	77	
MYCO000116	30	0	45	
MYCO000117	22	0	53	
MYCO000118	195	0	111	
MYCO000119	153	0	92	
MYCO000120	138	0	135	
MYCO000121	184	0	30	
MYCO000122	23	0	19	
MYCO000123	8	0	20	
MYCO000124	5476	0	6	
MYCO000125	320	0	60	
MYCO000126	54	0	106	
MYCO000127	48	0	64	
MYCO000128	56	0	32	
MYCO000130	8	0	42	
MYCO000131	43	0	69	
MYCO000132	243	0	53	
MYCO000133	659	0	49	
MYCO000134	1926	0	32	
MYCO000135	15	0	26	
MYCO000136	564	0	97	
MYCO000137	633	0	36	
MYCO000138	585	0	31	
MYCO000139	60	0	51	
MYCO000140	14	0	25	
MYCO000141	15	0	29	
MYCO000142	873	0	60	
MYCO000143	343	0	93	
MYCO000144	372	0	44	
MYCO000145	271	0	67	
MYCO000146	955	0	59	
MYCO000147	201	0	104	
MYCO000148	58	0	41	
MYCO000149	1020	0	50	
MYCO000150	39	0	19	
MYCO000151	411	0	114	
MYCO000152	132	0	112	
MYCO000153	107	0	47	
MYCO000154	66	0	52	
MYCO000155	165	0	54	
MYCO000156	5	0	18	
MYCO000157	415	0	69	
MYCO000158	16	0	36	
MYCO000159	463	0	95	
MYCO000160	55	0	103	
MYCO000161	172	0	84	
MYCO000162	321	0	69	
MYCO000163	4	0	35	
MYCO000164	14	0	22	
MYCO000165	2794	0	16	
MYCO000166	98	0	96	
MYCO000167	12	2803	30	
MYCO000168	85	0	60	
MYCO000169	165	0	92	
MYCO000170	16	0	46	
MYCO000171	1473	0	83	
MYCO000172	239	0	95	
MYCO000173	17	0	61	
MYCO000174	105	0	84	
MYCO000175	88	0	56	
MYCO000176	229	0	59	
MYCO000177	3	0	24	
MYCO000178	30	0	46	
MYCO000179	340	0	68	
MYCO000180	668	0	85	
MYCO000181	14	0	39	
MYCO000182	415	0	77	
MYCO000185	120	0	22	
MYCO000186	310	0	114	
MYCO000187	95	0	42	
MYCO000188	22	0	28	
MYCO000190	1	0	16	
MYCO000191	568	0	63	
MYCO000192	1307	0	55	
MYCO000193	53	0	122	
MYCO000194	437	0	215	
MYCO000195	910	0	37	
MYCO000196	90	0	26	
MYCO000197	5626	0	3	
MYCO000199	8	0	32	
MYCO000200	91	0	32	
MYCO000201	432	0	25	
MYCO000202	204	0	150	
MYCO000203	254	0	23	
MYCO000205	723	0	51	
MYCO000206	369	0	120	
MYCO000208	34	0	31	
MYCO000209	433	0	61	
MYCO000210	506	0	67	
MYCO000212	76	0	58	
MYCO000213	34	0	68	
MYCO000214	88	0	98	
MYCO000215	666	0	50	
MYCO000216	86	0	48	
MYCO000217	507	0	52	
MYCO000218	1662	0	61	
MYCO000219	6	0	42	
MYCO000220	233	0	63	
MYCO000221	628	0	61	
MYCO000222	135	0	41	
MYCO000224	73	0	27	
MYCO000226	355	0	83	
MYCO000229	29	0	43	
MYCO000230	23	0	65	
MYCO000231	81	0	88	
MYCO000232	41	0	45	
MYCO000233	589	0	43	
MYCO000234	302	0	72	
MYCO000235	91	0	113	
MYCO000239	10	0	20	
MYCO000240	13	0	27	
MYCO000245	32	0	37	
MYCO000246	257	0	71	
MYCO000249	30	0	38	
MYCO000250	9	0	16	
MYCO000251	10	0	38	
MYCO000252	103	0	157	
MYCO000253	35	0	19	
MYCO000254	76	0	22	
MYCO000255	518	0	84	
MYCO000256	1538	0	88	
MYCO000257	726	0	33	
MYCO000258	63	0	28	
MYCO000259	11	0	43	
MYCO000260	88	0	75	
MYCO000261	76	0	93	
MYCO000262	29	0	31	
MYCO000263	508	0	47	
MYCO000264	122	0	38	
MYCO000265	31	0	67	
MYCO000266	1411	0	165	
MYCO000267	620	0	66	
MYCO000268	53	0	34	
MYCO000269	120	0	62	
MYCO000271	196	0	121	
MYCO000272	109	0	79	
MYCO000273	89	0	39	
MYCO000275	547	0	59	
MYCO000276	263	1580	53	
MYCO000277	182	2374	82	
MYCO000278	5618	0	5	
MYCO000279	5320	0	85	
MYCO000280	2426	0	78	
MYCO000281	288	0	51	
MYCO000282	79	0	86	
MYCO000283	491	0	83	
MYCO000284	1028	0	185	
MYCO000285	191	0	13	
MYCO000286	1623	0	76	
MYCO000287	22	21	15	
MYCO000288	3	0	28	
MYCO000289	118	0	69	
MYCO000290	913	0	93	
MYCO000291	763	0	75	
MYCO000292	54	0	51	
MYCO000293	162	0	73	
MYCO000294	143	0	52	
MYCO000295	24	0	37	
MYCO000296	90	0	67	
MYCO000297	2955	0	114	
MYCO000298	9	0	16	
MYCO000299	9	0	26	
MYCO000300	5	0	11	
MYCO000301	5	0	25	
MYCO000302	96	0	42	
MYCO000303	65	0	62	
MYCO000304	773	0	422	
MYCO000305	5544	0	13	
MYCO000306	20	0	34	
MYCO000307	25	0	30	
MYCO000308	10	0	43	
MYCO000309	35	0	29	
MYCO000310	5	0	20	
MYCO000311	38	0	71	
MYCO000312	477	0	87	
MYCO000313	6	0	23	
MYCO000314	209	0	47	
MYCO000315	1347	0	44	
MYCO000316	533	0	33	
MYCO000317	80	0	53	
MYCO000318	34	0	38	
MYCO000319	75	0	41	
MYCO000320	20	0	36	
MYCO000323	591	0	41	
MYCO000324	33	0	36	
MYCO000325	2733	0	6	
MYCO000326	266	0	26	
MYCO000327	323	0	68	
MYCO000328	12	0	26	
MYCO000329	158	0	43	
MYCO000330	44	0	44	
MYCO000331	306	0	89	
MYCO000332	54	0	47	
MYCO000333	5	0	22	
MYCO000335	790	0	30	
MYCO000336	4871	626	26	
MYCO000338	1059	0	108	
MYCO000339	817	0	129	
MYCO000340	18	0	35	
MYCO000341	1720	0	64	
MYCO000342	193	0	84	
MYCO000343	238	0	83	
MYCO000344	27	0	27	
MYCO000345	11	0	30	
MYCO000346	254	0	63	
MYCO000347	12	24	33	
MYCO000348	9	0	22	
MYCO000349	25	0	35	
MYCO000351	142	0	27	
MYCO000353	6	0	24	
MYCO000354	5625	0	1	
MYCO000355	3434	0	404	
MYCO000356	487	0	43	
MYCO000358	1520	0	36	
MYCO000359	79	0	46	
MYCO000361	17	0	38	
MYCO000362	40	0	83	
MYCO000363	50	0	55	
MYCO000364	20	0	37	
MYCO000365	166	0	59	
MYCO000366	94	0	37	
MYCO000367	46	0	17	
MYCO000368	255	0	73	
MYCO000369	14	0	29	
MYCO000370	47	0	71	
MYCO000371	41	0	26	
MYCO000372	173	0	48	
MYCO000373	219	0	153	
MYCO000374	25	0	32	
MYCO000375	606	0	35	
MYCO000376	456	0	64	
MYCO000377	420	0	64	
MYCO000378	767	0	14	
MYCO000379	17	0	17	
MYCO000380	91	0	29	
MYCO000381	79	0	43	
MYCO000382	35	0	19	
MYCO000385	21	0	44	
MYCO000386	471	0	156	
MYCO000387	2034	0	28	
MYCO000388	5624	0	3	
MYCO000389	701	0	74	
MYCO000390	8	0	24	
MYCO000391	114	0	48	
MYCO000392	346	0	78	
MYCO000393	1759	0	107	
MYCO000394	64	0	35	
MYCO000395	895	0	16	
MYCO000396	42	0	22	
MYCO000397	871	1883	80	
MYCO000398	370	0	32	
MYCO000399	92	0	77	
MYCO000400	154	0	55	
MYCO000401	284	0	24	
MYCO000402	970	0	126	
MYCO000403	1275	0	21	
MYCO000404	183	0	145	
MYCO000405	2737	0	173	
MYCO000406	77	0	43	
MYCO000408	38	0	104	
MYCO000409	40	0	52	
MYCO000412	38	0	65	
MYCO000413	174	0	27	
MYCO000416	1	0	8	
MYCO000418	51	0	77	
MYCO000419	112	0	85	
MYCO000420	6	0	38	
MYCO000421	40	0	39	
MYCO000422	29	0	38	
MYCO000424	3	0	18	
MYCO000425	1325	0	197	
MYCO000426	101	0	30	
MYCO000427	74	0	48	
MYCO000428	291	0	44	
MYCO000430	85	0	8	
MYCO000431	28	0	20	
MYCO000434	61	0	35	
MYCO000435	379	0	113	
MYCO000436	391	0	41	
MYCO000437	317	0	25	
MYCO000438	101	0	63	
MYCO000441	342	0	24	
MYCO000442	163	0	82	
MYCO000443	200	0	23	
MYCO000444	847	0	40	
MYCO000445	20	0	25	
MYCO000446	1169	0	34	
MYCO000447	232	0	67	
MYCO000448	100	0	30	
MYCO000449	88	0	50	
MYCO000450	85	0	121	
MYCO000451	13	0	29	
MYCO000452	12	0	29	
MYCO000453	1449	0	52	
MYCO000454	20	0	21	
MYCO000455	4	0	25	
MYCO000456	66	0	52	
MYCO000457	659	0	84	
MYCO000458	420	0	85	
MYCO000459	159	0	43	
MYCO000460	4	0	14	
MYCO000461	58	0	35	
MYCO000463	98	0	11	
MYCO000464	6	0	26	
MYCO000469	100	0	62	
MYCO000470	47	0	32	
MYCO000471	112	0	36	
MYCO000473	43	0	62	
MYCO000474	9	0	21	
MYCO000476	15	0	13	
MYCO000477	77	0	21	
MYCO000478	32	0	40	
MYCO000479	564	0	36	
MYCO000480	183	0	37	
MYCO000481	31	0	25	
MYCO000482	54	0	47	
MYCO000485	96	0	57	
MYCO000487	178	0	39	
MYCO000488	29	0	34	
MYCO000492	748	0	98	
MYCO000493	219	0	60	
MYCO000494	162	0	40	
MYCO000497	697	0	41	
MYCO000499	143	0	42	
MYCO000500	470	0	39	
MYCO000503	11	0	32	
MYCO000504	6	0	18	
MYCO000506	29	0	12	
MYCO000507	455	0	188	
MYCO000508	0	0	13	
MYCO000511	894	0	72	
MYCO000513	82	0	22	
MYCO000514	48	0	28	
MYCO000515	4871	374	25	
MYCO000516	22	0	23	
MYCO000517	129	0	73	
MYCO000518	27	0	34	
MYCO000519	660	0	41	
MYCO000520	62	0	16	
MYCO000521	8	0	16	
MYCO000522	34	0	49	
MYCO000523	265	0	23	
MYCO000525	543	0	40	
MYCO000526	76	0	34	
MYCO000530	472	0	78	
MYCO000531	736	0	17	
MYCO000532	5277	0	15	
MYCO000533	117	0	41	
MYCO000534	226	0	52	
MYCO000535	88	0	40	
MYCO000536	867	0	43	
MYCO000537	425	0	81	
MYCO000538	1362	0	124	
MYCO000539	2230	0	23	
MYCO000540	484	0	26	
MYCO000541	207	0	65	
MYCO000542	733	0	52	
MYCO000543	0	0	10	
MYCO000544	511	0	16	
MYCO000545	203	0	61	
MYCO000546	18	0	22	
MYCO000547	343	0	51	
MYCO000549	76	0	24	
MYCO000550	31	0	14	
MYCO000552	1165	0	74	
MYCO000554	376	0	37	
MYCO000556	11	0	26	
MYCO000559	94	0	18	
MYCO000560	33	0	38	
MYCO000561	375	0	46	
MYCO000565	212	0	106	
MYCO000567	104	0	57	
MYCO000568	192	0	69	
MYCO000569	10	0	15	
MYCO000570	321	0	120	
MYCO000571	532	0	60	
MYCO000572	22	0	23	
MYCO000573	347	0	71	
MYCO000574	292	0	55	
MYCO000575	377	0	64	
MYCO000576	444	0	72	
MYCO000577	464	0	47	
MYCO000578	4250	0	137	
MYCO000579	278	0	48	
MYCO000580	35	0	27	
MYCO000581	184	0	14	
MYCO000582	25	0	18	
MYCO000583	141	0	40	
MYCO000584	78	0	152	
MYCO000585	195	0	118	
MYCO000586	27	1758	39	
MYCO000587	179	0	60	
MYCO000588	238	0	52	
MYCO000589	73	0	71	
MYCO000590	2747	0	29	
MYCO000591	435	0	89	
MYCO000592	999	0	57	
MYCO000593	67	0	63	
MYCO000594	310	0	100	
MYCO000595	38	0	24	
MYCO000596	44	0	13	
MYCO000597	21	0	59	
MYCO000598	20	0	24	
MYCO000599	9	3137	16	
MYCO000600	286	0	26	
MYCO000601	255	0	39	
MYCO000602	686	0	45	
MYCO000603	1042	0	16	
MYCO000604	288	0	55	
MYCO000605	40	0	24	
MYCO000606	119	0	41	
MYCO000607	13	0	20	
MYCO000608	2	0	10	
MYCO000609	32	0	26	
MYCO000610	670	0	47	
MYCO000611	13	0	27	
MYCO000612	736	0	29	
MYCO000613	1494	0	103	
MYCO000614	202	0	53	
MYCO000615	77	0	12	
MYCO000616	38	0	23	
MYCO000617	16	0	23	
MYCO000618	738	0	29	
MYCO000619	5629	0	0	
MYCO000620	1474	0	61	
MYCO000621	761	0	48	
MYCO000622	21	0	48	
MYCO000623	10	0	13	
MYCO000624	14	0	27	
MYCO000625	402	0	40	
MYCO000626	37	0	14	
MYCO000627	41	0	19	
MYCO000628	479	2613	58	
MYCO000629	979	0	87	
MYCO000630	1510	0	122	
MYCO000631	1524	0	126	
MYCO000632	6	0	30	
MYCO000633	44	0	52	
MYCO000634	12	0	29	
MYCO000635	10	0	25	
MYCO000637	6	0	36	
MYCO000638	87	0	32	
MYCO000642	34	0	43	
MYCO000643	149	0	43	
MYCO000644	9	20	35	
MYCO000645	5	0	34	
MYCO000646	94	0	45	
MYCO000648	1896	0	148	
MYCO000649	2161	0	38	
MYCO000650	1573	0	41	
MYCO000653	32	0	33	
MYCO000654	597	0	78	
MYCO000656	39	0	24	
MYCO000657	5	0	7	
MYCO000658	34	0	45	
MYCO000659	14	0	22	
MYCO000660	67	0	15	
MYCO000661	77	0	22	
MYCO000662	91	0	12	
MYCO000663	463	0	134	
MYCO000664	5	0	12	
MYCO000665	66	0	17	
MYCO000666	7	0	15	
MYCO000669	547	0	94	
MYCO000670	978	0	27	
MYCO000671	114	0	47	
MYCO000673	760	0	49	
MYCO000674	71	0	27	
MYCO000675	268	0	33	
MYCO000676	27	2501	99	
MYCO000677	11	0	23	
MYCO000678	27	0	27	
MYCO000679	82	0	27	
MYCO000680	13	0	22	
MYCO000681	12	0	39	
MYCO000686	841	0	33	
MYCO000687	77	0	33	
MYCO000688	60	0	55	
MYCO000689	271	0	17	
MYCO000690	71	0	38	
MYCO000691	2	0	38	
MYCO000692	8	0	18	
MYCO000694	306	0	47	
MYCO000695	68	0	31	
MYCO000697	26	0	69	
MYCO000698	1031	0	33	
MYCO000699	2	0	10	
MYCO000711	398	0	98	
MYCO000712	20	0	31	
MYCO000713	22	0	61	
MYCO000724	544	0	94	
MYCO000725	68	0	38	
MYCO000726	146	0	60	
MYCO000727	345	0	41	
MYCO000728	166	0	54	
MYCO000729	828	0	73	
MYCO000730	174	0	36	
MYCO000731	464	0	50	
MYCO000735	16	0	32	
MYCO000736	127	0	44	
MYCO000737	25	0	20	
MYCO000738	707	0	31	
MYCO000739	2806	0	23	
MYCO000740	1392	0	39	
MYCO000741	33	676	22	
MYCO000742	5629	0	0	
MYCO000743	17	0	24	
MYCO000744	269	0	31	
MYCO000745	758	0	33	
MYCO000746	5110	0	29	
MYCO000747	5088	0	43	
MYCO000748	558	0	26	
MYCO000749	182	2704	58	
MYCO000750	1290	2090	24	
MYCO000751	204	0	42	
MYCO000752	154	0	62	
MYCO000753	282	0	70	
MYCO000754	1535	0	76	
MYCO000755	709	0	125	
MYCO000756	154	0	38	
MYCO000759	1	0	12	
MYCO000760	188	0	22	
MYCO000761	47	0	40	
MYCO000762	21	0	29	
MYCO000763	10	0	12	
MYCO000764	36	0	57	
MYCO000765	124	0	46	
MYCO000766	1339	0	58	
MYCO000767	434	0	36	
MYCO000768	66	0	80	
MYCO000769	14	0	40	
MYCO000770	340	0	40	
MYCO000771	72	0	26	
MYCO000773	112	0	85	
MYCO000774	231	0	56	
MYCO000775	99	0	39	
MYCO000776	235	0	38	
MYCO000778	314	0	56	
MYCO000779	1777	0	27	
MYCO000781	5500	0	1	
MYCO000783	49	0	93	
MYCO000784	168	0	39	
MYCO000785	169	0	68	
MYCO000786	211	0	24	
MYCO000787	819	0	51	
MYCO000789	12	0	24	
MYCO000790	42	0	46	
MYCO000791	144	0	60	
MYCO000792	33	0	45	
MYCO000793	19	0	16	
MYCO000794	92	0	70	
MYCO000795	677	2	20	
MYCO000796	5629	0	0	
MYCO000797	5546	0	11	
MYCO000798	30	0	30	
MYCO000799	11	0	34	
MYCO000800	73	0	66	
MYCO000801	10	0	23	
MYCO000802	133	0	48	
MYCO000804	982	0	27	
MYCO000805	17	0	57	
MYCO000806	26	0	66	
MYCO000807	23	0	14	
MYCO000811	366	0	47	
MYCO000812	28	0	37	
MYCO000813	420	0	39	
MYCO000816	13	0	29	
MYCO000817	6	0	38	
MYCO000818	131	0	32	
MYCO000819	90	0	50	
MYCO000822	996	0	89	
MYCO000825	57	0	59	
MYCO000826	336	0	39	
MYCO000827	425	0	25	
MYCO000828	120	0	31	
MYCO000829	158	1778	37	
MYCO000830	32	0	52	
MYCO000831	40	0	38	
MYCO000832	1339	0	18	
MYCO000833	4507	0	67	
MYCO000834	3365	0	91	
MYCO000835	413	0	54	
MYCO000836	2812	0	17	
MYCO000837	201	0	57	
MYCO000838	71	0	41	
MYCO000839	88	0	26	
MYCO000840	90	0	40	
MYCO000841	66	0	17	
MYCO000842	283	0	75	
MYCO000843	28	0	62	
MYCO000844	147	0	44	
MYCO000845	67	0	69	
MYCO000846	245	0	64	
MYCO000847	718	0	19	
MYCO000848	92	0	66	
MYCO000849	733	0	77	
MYCO000850	27	0	16	
MYCO000851	433	0	33	
MYCO000852	38	0	51	
MYCO000853	218	0	83	
MYCO000854	14	0	28	
MYCO000855	149	0	55	
MYCO000856	13	0	25	
MYCO000857	25	0	22	
MYCO000858	307	0	71	
MYCO000862	498	0	119	
MYCO000863	13	0	13	
MYCO000864	31	0	27	
MYCO000865	43	0	18	
MYCO000866	434	0	28	
MYCO000867	2808	0	88	
MYCO000868	33	0	13	
MYCO000869	417	0	59	
MYCO000870	19	0	23	
MYCO000872	2546	0	87	
MYCO000873	79	0	93	
MYCO000874	480	2684	51	
MYCO000875	30	0	24	
MYCO000877	42	0	37	
MYCO000878	4105	0	46	
MYCO000879	140	0	24	
MYCO000880	73	0	22	
MYCO000881	35	0	43	
MYCO000882	55	0	22	
MYCO000883	199	0	32	
MYCO000887	23	0	18	
MYCO000888	1292	0	74	
MYCO000890	217	0	149	
MYCO000891	169	0	42	
MYCO000892	43	0	94	
MYCO000893	56	0	71	
MYCO000894	76	0	68	
MYCO000895	177	0	74	
MYCO000897	1188	0	78	
MYCO000898	6	0	11	
MYCO000899	21	0	41	
MYCO000900	18	0	8	
MYCO000901	299	0	33	
MYCO000904	881	0	63	
MYCO000905	41	0	37	
MYCO000907	5625	0	1	
MYCO000908	37	0	113	
MYCO000909	48	0	13	
MYCO000910	23	0	28	
MYCO000911	327	0	43	
MYCO000912	11	0	24	
MYCO000913	158	0	78	
MYCO000914	204	0	83	
MYCO000915	903	0	60	
MYCO000916	18	0	23	
MYCO000917	146	0	74	
MYCO000918	62	0	30	
MYCO000919	5	0	28	
MYCO000920	61	0	78	
MYCO000921	41	0	36	
MYCO000922	182	0	96	
MYCO000923	32	0	71	
MYCO000924	464	0	56	
MYCO000925	84	0	40	
MYCO000928	72	0	42	
MYCO000930	89	0	12	
MYCO000931	245	0	113	
MYCO000932	75	0	71	
MYCO000933	58	0	52	
MYCO000934	706	0	58	
MYCO000935	89	0	55	
MYCO000936	107	0	43	
MYCO000937	6	0	34	
MYCO000938	41	0	107	
MYCO000939	138	0	104	
MYCO000940	12	0	43	
MYCO000941	25	0	42	
MYCO000942	26	0	17	
MYCO000943	71	0	60	
MYCO000944	81	0	34	
MYCO000945	151	0	50	
MYCO000947	15	0	17	
MYCO000948	3	0	18	
MYCO000950	217	0	53	
MYCO000954	133	0	63	
MYCO000955	1202	0	51	
MYCO000956	528	0	30	
MYCO000958	717	0	70	
MYCO000959	994	0	98	
MYCO000960	47	0	19	
MYCO000961	50	3493	19	
MYCO000962	303	0	29	
MYCO000963	352	0	52	
MYCO000964	34	0	25	
MYCO000965	12	0	34	
MYCO000966	604	0	25	
MYCO000967	34	0	15	
MYCO000968	52	0	20	
MYCO000969	1334	0	107	
MYCO000970	11	0	34	
MYCO000971	593	0	36	
MYCO000972	77	0	69	
MYCO000973	374	0	123	
MYCO000974	225	0	106	
MYCO000975	534	0	54	
MYCO000976	692	0	80	
MYCO000977	3387	0	97	
MYCO000978	5232	0	69	
MYCO000979	26	0	15	
MYCO000980	5419	0	62	
MYCO000982	240	0	66	
MYCO000984	51	0	18	
MYCO000985	20	0	35	
MYCO000986	174	0	56	
MYCO000987	272	0	214	
MYCO000988	127	0	102	
MYCO000989	72	0	80	
MYCO000990	185	0	43	
MYCO000991	7	0	18	
MYCO000992	289	0	37	
MYCO000996	27	0	56	
MYCO000997	8	0	26	
MYCO000998	182	0	43	
MYCO000999	59	0	35	
MYCO001000	48	0	25	
MYCO001003	302	0	54	
MYCO001004	2182	0	74	
MYCO001005	1455	0	32	
MYCO001006	114	0	81	
MYCO001012	654	0	13	
MYCO001016	37	0	25	
MYCO001019	6	0	22	
MYCO001021	31	0	38	
MYCO001024	452	0	30	
MYCO001025	77	0	21	
MYCO001027	48	0	41	
MYCO001028	1517	0	105	
MYCO001029	64	0	89	
MYCO001030	59	0	118	
MYCO001031	97	0	28	
MYCO001032	106	0	83	
MYCO001033	51	0	31	
MYCO001034	715	0	21	
MYCO001035	885	0	33	
MYCO001036	136	0	21	
MYCO001037	489	2629	138	
MYCO001038	3161	606	113	
MYCO001039	1183	0	57	
MYCO001040	591	0	43	
MYCO001041	212	35	53	
MYCO001042	63	4	29	
MYCO001043	29	0	51	
MYCO001044	9	0	21	
MYCO001045	1148	0	37	
MYCO001046	5625	0	1	
MYCO001047	5479	43	8	
MYCO001048	25	0	82	
MYCO001049	29	0	31	
MYCO001050	249	0	38	
MYCO001051	46	0	54	
MYCO001052	60	0	20	
MYCO001053	27	0	15	
MYCO001054	12	0	18	
MYCO001055	1	0	8	
MYCO001056	46	175	36	
MYCO001057	41	0	72	
MYCO001058	152	0	59	
MYCO001059	96	0	65	
MYCO001060	37	0	22	
MYCO001061	32	0	41	
MYCO001062	353	0	38	
MYCO001063	104	0	59	
MYCO001064	382	0	24	
MYCO001065	102	0	38	
MYCO001066	630	0	16	
MYCO001067	5585	0	21	
MYCO001068	5461	0	20	
MYCO001069	148	0	101	
MYCO001073	125	0	55	
MYCO001074	128	0	50	
MYCO001075	185	0	66	
MYCO001076	59	0	63	
MYCO001078	1342	0	28	
MYCO001081	77	0	18	
MYCO001083	15	0	12	
MYCO001084	1973	0	67	
MYCO001085	42	0	31	
MYCO001087	4720	0	96	
MYCO001088	475	0	31	
MYCO001089	5629	0	0	
MYCO001090	51	0	26	
MYCO001091	5113	0	81	
MYCO001093	74	0	53	
MYCO001096	73	0	51	
MYCO001097	29	0	51	
MYCO001100	39	0	39	
MYCO001101	148	0	52	
MYCO001102	25	0	15	
MYCO001103	15	0	12	
MYCO001104	18	0	37	
MYCO001105	51	0	26	
MYCO001106	118	0	37	
MYCO001107	0	0	11	
MYCO001109	16	0	29	
MYCO001111	54	0	38	
MYCO001113	8	0	6	
MYCO001114	10	0	20	
MYCO001115	106	0	51	
MYCO001116	24	0	10	
MYCO001117	7	0	14	
MYCO001118	304	0	40	
MYCO001119	26	0	7	
MYCO001120	26	0	29	
MYCO001121	114	0	75	
MYCO001122	531	0	46	
MYCO001123	73	0	46	
MYCO001124	127	0	42	
MYCO001125	665	0	64	
MYCO001126	24	0	26	
MYCO001127	34	0	69	
MYCO001128	1886	0	66	
MYCO001129	37	0	114	
MYCO001130	81	0	79	
MYCO001131	19	0	53	
MYCO001132	953	0	93	
MYCO001133	744	0	72	
MYCO001134	401	0	15	
MYCO001135	1738	0	97	
MYCO001136	7	0	22	
MYCO001137	30	0	15	
MYCO001138	63	0	47	
MYCO001139	413	0	36	
MYCO001140	15	0	33	
MYCO001141	62	2861	30	
MYCO001142	62	3211	28	
MYCO001143	79	0	42	
MYCO001144	81	0	37	
MYCO001145	2773	0	20	
MYCO001146	46	0	61	
MYCO001147	41	0	35	
MYCO001148	5434	46	37	
MYCO001149	63	2	29	
MYCO001150	5629	0	0	
MYCO001151	51	0	29	
MYCO001152	33	0	21	
MYCO001153	112	0	46	
MYCO001154	12	0	35	
MYCO001155	38	0	28	
MYCO001156	46	0	33	
MYCO001157	2321	0	41	
MYCO001158	1211	0	36	
MYCO001159	20	0	61	
MYCO001160	80	0	21	
MYCO001161	163	0	157	
MYCO001162	79	0	76	
MYCO001163	68	0	21	
MYCO001164	28	0	33	
MYCO001166	238	0	67	
MYCO001167	39	0	20	
MYCO001168	816	0	61	
MYCO001169	18	0	18	
MYCO001170	57	0	43	
MYCO001171	15	0	28	
MYCO001172	748	0	48	
MYCO001174	7	0	22	
MYCO001175	2176	0	99	
MYCO001176	306	0	25	
MYCO001179	1042	0	148	
MYCO001180	5617	0	1	
MYCO001181	330	0	209	
MYCO001182	33	0	46	
MYCO001183	51	0	152	
MYCO001184	36	0	41	
MYCO001185	73	0	70	
MYCO001186	448	0	88	
MYCO001187	582	0	69	
MYCO001188	339	0	56	
MYCO001189	98	0	43	
MYCO001190	716	0	37	
MYCO001191	979	0	44	
MYCO001192	569	0	32	
MYCO001194	97	0	77	
MYCO001195	31	0	17	
MYCO001196	2796	411	416	
MYCO001197	3160	643	118	
MYCO001198	489	2668	135	
MYCO001199	5479	44	9	
MYCO001200	417	0	70	
MYCO001203	428	0	35	
MYCO001204	415	0	73	
MYCO001205	98	0	30	
MYCO001206	99	0	68	
MYCO001209	76	0	17	
MYCO001210	40	0	19	
MYCO001211	14	0	6	
MYCO001212	70	0	49	
MYCO001214	180	0	19	
MYCO001215	779	0	95	
MYCO001216	100	0	38	
MYCO001217	894	0	91	
MYCO001218	22	0	63	
MYCO001219	47	0	41	
MYCO001222	12	0	26	
MYCO001224	22	0	28	
MYCO001225	1449	0	42	
MYCO001226	745	0	88	
MYCO001227	35	0	40	
MYCO001228	19	0	38	
MYCO001230	505	0	85	
MYCO001231	167	0	31	
MYCO001232	152	0	75	
MYCO001233	220	0	40	
MYCO001234	47	0	26	
MYCO001235	31	0	48	
MYCO001236	73	0	47	
MYCO001237	21	0	31	
MYCO001240	95	0	53	
MYCO001241	54	0	17	
MYCO001242	46	0	24	
MYCO001243	3693	0	53	
MYCO001244	839	0	50	
MYCO001246	8	0	19	
MYCO001247	9	0	7	
MYCO001249	102	0	52	
MYCO001250	662	0	81	
MYCO001251	1518	0	106	
MYCO001252	28	0	27	
MYCO001254	540	0	47	
MYCO001255	78	0	39	
MYCO001256	168	0	57	
MYCO001257	67	0	78	
MYCO001258	1346	0	60	
MYCO001259	226	0	40	
MYCO001260	583	0	36	
MYCO001261	29	0	21	
MYCO001262	29	0	27	
MYCO001263	534	0	72	
MYCO001264	169	0	72	
MYCO001265	135	0	28	
MYCO001266	1250	0	93	
MYCO001267	48	0	61	
MYCO001268	350	0	46	
MYCO001269	1132	0	22	
MYCO001270	266	0	37	
MYCO001271	26	0	18	
MYCO001274	560	0	23	
MYCO001275	14	0	31	
MYCO001276	289	0	31	
MYCO001278	1101	0	101	
MYCO001279	96	0	73	
MYCO001280	41	0	85	
MYCO001281	115	0	72	
MYCO001282	4	0	33	
MYCO001283	137	0	37	
MYCO001284	17	0	19	
MYCO001285	26	0	60	
MYCO001286	34	0	95	
MYCO001287	18	0	14	
MYCO001288	2206	0	73	
MYCO001289	19	0	38	
MYCO001290	866	1203	69	
MYCO001291	18	0	20	
MYCO001296	251	0	42	
MYCO001300	517	0	42	
MYCO001301	19	0	27	
MYCO001303	13	0	20	
MYCO001304	20	0	40	
MYCO001306	16	0	23	
MYCO001307	59	0	66	
MYCO001312	44	0	22	
MYCO001313	3020	58	39	
MYCO001314	69	0	45	
MYCO001316	55	0	31	
MYCO001317	239	0	87	
MYCO001318	261	0	74	
MYCO001319	4215	0	68	
MYCO001320	286	0	106	
MYCO001322	284	0	21	
MYCO001324	567	0	41	
MYCO001325	3607	0	72	
MYCO001329	668	0	99	
MYCO001330	393	0	74	
MYCO001331	18	0	11	
MYCO001332	19	0	35	
MYCO001333	317	0	52	
MYCO001334	142	0	19	
MYCO001335	132	0	18	
MYCO001336	392	0	40	
MYCO001337	5	0	34	
MYCO001339	22	0	42	
MYCO001341	45	0	26	
MYCO001342	13	0	20	
MYCO001343	26	0	29	
MYCO001344	1	0	16	
MYCO001345	70	0	67	
MYCO001346	17	0	38	
MYCO001347	14	0	38	
MYCO001348	383	0	100	
MYCO001349	155	0	62	
MYCO001350	18	0	38	
MYCO001351	27	0	21	
MYCO001352	22	0	30	
MYCO001353	260	0	40	
MYCO001354	319	0	108	
MYCO001355	868	0	135	
MYCO001356	302	0	49	
MYCO001357	55	0	51	
MYCO001358	1516	0	147	
MYCO001359	76	0	31	
MYCO001360	160	0	42	
MYCO001361	2716	423	438	
MYCO001362	42	0	31	
MYCO001363	471	0	40	
MYCO001364	439	0	90	
MYCO001365	34	0	22	
MYCO001366	344	0	39	
MYCO001367	416	0	67	
MYCO001368	108	0	43	
MYCO001369	5629	0	0	
MYCO001370	677	2	20	
MYCO001371	1363	0	54	
MYCO001372	39	0	68	
MYCO001373	122	0	50	
MYCO001374	8	0	32	
MYCO001375	308	0	78	
MYCO001376	480	0	67	
MYCO001377	13	0	26	
MYCO001378	745	0	75	
MYCO001379	62	0	23	
MYCO001382	169	0	33	
MYCO001386	166	0	25	
MYCO001387	2112	0	59	
MYCO001389	112	0	40	
MYCO001393	154	0	64	
MYCO001394	48	0	74	
MYCO001395	40	0	61	
MYCO001396	3855	0	53	
MYCO001397	20	0	23	
MYCO001398	8	0	16	
MYCO001399	157	0	60	
MYCO001400	179	0	49	
MYCO001401	203	0	40	
MYCO001403	309	0	42	
MYCO001404	12	0	22	
MYCO001405	32	0	49	
MYCO001406	414	0	46	
MYCO001409	718	0	33	
MYCO001411	12	0	40	
MYCO001413	23	0	32	
MYCO001414	19	0	23	
MYCO001417	11	0	30	
MYCO001418	22	0	34	
MYCO001419	20	0	30	
MYCO001422	298	0	45	
MYCO001423	370	0	53	
MYCO001424	70	0	47	
MYCO001425	42	0	64	
MYCO001426	102	0	80	
MYCO001427	270	0	71	
MYCO001428	9	0	45	
MYCO001429	239	0	72	
MYCO001430	652	0	69	
MYCO001431	64	0	111	
MYCO001432	552	0	48	
MYCO001433	13	0	38	
MYCO001434	30	0	9	
MYCO001435	1165	0	38	
MYCO001439	13	1494	23	
MYCO001441	3079	0	112	
MYCO001442	302	0	144	
MYCO001443	47	0	24	
MYCO001444	58	0	28	
MYCO001446	823	0	54	
MYCO001450	5623	0	5	
MYCO001452	5264	0	94	
MYCO001453	107	0	70	
MYCO001454	42	0	55	
MYCO001455	137	0	52	
MYCO001456	158	0	56	
MYCO001459	476	0	86	
MYCO001460	864	0	30	
MYCO001461	97	0	119	
MYCO001468	2870	0	44	
MYCO001469	471	0	89	
MYCO001470	16	0	17	
MYCO001471	34	0	17	
MYCO001472	61	0	58	
MYCO001476	5	0	32	
MYCO001477	141	0	59	
MYCO001478	69	0	28	
MYCO001482	51	0	47	
MYCO001486	37	0	44	
MYCO001487	13	0	23	
MYCO001488	73	0	42	
MYCO001489	17	0	20	
MYCO001490	62	0	83	
MYCO001491	11	0	46	
MYCO001492	651	0	79	
MYCO001494	9	0	13	
MYCO001495	10	0	23	
MYCO001496	55	0	50	
MYCO001497	186	0	73	
MYCO001498	76	0	41	
MYCO001499	44	0	18	
MYCO001500	100	0	66	
MYCO001501	64	0	40	
MYCO001502	120	0	64	
MYCO001503	5629	0	0	
MYCO001504	1500	0	22	
MYCO001505	72	0	50	
MYCO001506	148	0	31	
MYCO001507	123	0	44	
MYCO001508	253	150	98	
MYCO001509	486	0	41	
MYCO001510	24	3075	48	
MYCO001511	107	0	57	
MYCO001512	73	0	53	
MYCO001513	81	0	29	
MYCO001514	54	0	38	
MYCO001515	77	0	47	
MYCO001516	322	0	52	
MYCO001517	48	0	34	
MYCO001518	175	0	50	
MYCO001519	838	0	15	
MYCO001520	872	0	53	
MYCO001521	185	0	78	
MYCO001522	530	0	164	
MYCO001523	111	0	50	
MYCO001524	629	0	58	
MYCO001525	714	0	41	
MYCO001526	608	0	65	
MYCO001527	1381	0	306	
MYCO001528	52	0	21	
MYCO001529	104	0	95	
MYCO001530	81	0	70	
MYCO001531	22	0	25	
MYCO001532	99	0	25	
MYCO001533	195	0	44	
MYCO001534	34	0	34	
MYCO001535	6	0	10	
MYCO001537	188	0	75	
MYCO001538	409	0	52	
MYCO001539	30	0	32	
MYCO001541	46	0	28	
MYCO001542	21	21	21	
MYCO001543	20	0	49	
MYCO001544	114	0	43	
MYCO001545	32	0	14	
MYCO001546	90	0	33	
MYCO001548	220	0	115	
MYCO001549	5577	0	2	
MYCO001550	673	0	70	
MYCO001551	1354	0	78	
MYCO001552	172	0	96	
MYCO001553	214	0	24	
MYCO001554	10	0	17	
MYCO001555	11	0	20	
MYCO001556	34	0	40	
MYCO001558	31	0	18	
MYCO001560	5	0	8	
MYCO001561	11	0	26	
MYCO001562	602	0	75	
MYCO001563	426	0	114	
MYCO001565	703	0	86	
MYCO001566	251	0	44	
MYCO001567	8	0	27	
MYCO001570	645	0	31	
MYCO001571	551	0	26	
MYCO001572	3975	0	12	
MYCO001573	3611	0	12	
MYCO001574	3773	0	19	
MYCO001575	5624	0	3	
MYCO001576	1095	681	147	
MYCO001577	3441	0	19	
MYCO001578	3453	0	26	
MYCO001579	3420	0	18	
MYCO001580	3453	0	12	
MYCO001581	4186	0	10	
MYCO001582	3445	0	51	
MYCO001583	450	951	29	
MYCO001584	3608	0	10	
MYCO001585	3845	0	21	
MYCO001586	3548	0	45	
MYCO001587	5577	0	12	
MYCO001588	5420	6	57	
MYCO001590	17	0	11	
MYCO001591	40	0	46	
MYCO001592	28	0	80	
MYCO001596	19	0	30	
MYCO001597	52	0	40	
MYCO001598	57	0	14	
MYCO001602	16	0	30	
MYCO001604	39	0	41	
MYCO001606	28	0	25	
MYCO001607	77	0	37	
MYCO001608	3	0	17	
MYCO001610	686	0	35	
MYCO001613	15	0	43	
MYCO001614	74	0	64	
MYCO001615	7	0	32	
MYCO001616	15	0	21	
MYCO001618	31	0	32	
MYCO001619	297	0	61	
MYCO001620	884	0	60	
MYCO001621	754	0	63	
MYCO001622	27	0	55	
MYCO001623	16	0	68	
MYCO001624	25	0	38	
MYCO001625	264	0	78	
MYCO001628	93	0	19	
MYCO001631	83	0	58	
MYCO001632	96	0	23	
MYCO001634	96	0	64	
MYCO001635	85	0	73	
MYCO001636	4	0	25	
MYCO001637	329	0	45	
MYCO001639	1156	1746	68	
MYCO001640	138	0	166	
MYCO001644	398	0	42	
MYCO001645	593	0	59	
MYCO001646	534	0	52	
MYCO001647	1449	0	38	
MYCO001648	20	0	45	
MYCO001650	862	0	131	
MYCO001651	3152	0	127	
MYCO001660	922	0	56	
MYCO001661	1621	0	292	
MYCO001662	1394	0	273	
MYCO001663	181	0	96	
MYCO001664	462	0	162	
MYCO001665	273	0	66	
MYCO001666	204	0	60	
MYCO001667	87	0	30	
MYCO001668	5498	0	3	
MYCO001669	162	0	18	
MYCO001670	43	0	21	
MYCO001671	15	0	28	
MYCO001672	496	0	67	
MYCO001673	428	0	53	
MYCO001674	464	0	29	
MYCO001675	367	0	43	
MYCO001676	18	0	59	
MYCO001677	24	0	34	
MYCO001678	691	0	50	
MYCO001679	70	0	48	
MYCO001680	84	0	48	
MYCO001681	61	0	53	
MYCO001682	464	0	44	
MYCO001683	839	0	109	
MYCO001684	44	0	14	
MYCO001685	21	0	33	
MYCO001686	31	0	41	
MYCO001687	29	0	51	
MYCO001688	184	0	40	
MYCO001690	23	0	16	
MYCO001691	318	0	48	
MYCO001692	624	0	43	
MYCO001693	15	0	11	
MYCO001696	48	0	75	
MYCO001698	546	0	35	
MYCO001700	10	0	36	
MYCO001702	619	0	78	
MYCO001703	18	0	30	
MYCO001704	41	0	96	
MYCO001705	1204	0	51	
MYCO001706	451	0	54	
MYCO001707	90	0	77	
MYCO001710	12	0	36	
MYCO001714	734	0	44	
MYCO001715	615	0	53	
MYCO001716	19	0	55	
MYCO001717	1106	0	25	
MYCO001718	111	0	58	
MYCO001719	180	0	59	
MYCO001720	91	0	20	
MYCO001721	6	0	9	
MYCO001722	584	0	79	
MYCO001723	300	0	70	
MYCO001724	90	0	16	
MYCO001725	304	0	44	
MYCO001726	381	0	101	
MYCO001727	71	0	34	
MYCO001728	17	0	39	
MYCO001729	42	0	47	
MYCO001730	1045	0	96	
MYCO001731	420	0	74	
MYCO001732	338	0	20	
MYCO001733	13	0	40	
MYCO001734	9	0	13	
MYCO001735	39	0	33	
MYCO001736	895	2353	116	
MYCO001737	916	0	53	
MYCO001738	68	0	24	
MYCO001739	315	0	86	
MYCO001740	11	0	13	
MYCO001741	7	1752	16	
MYCO001742	177	0	42	
MYCO001743	608	0	66	
MYCO001744	863	0	24	
MYCO001745	46	0	38	
MYCO001746	287	0	74	
MYCO001747	398	0	100	
MYCO001748	28	0	44	
MYCO001749	45	0	35	
MYCO001750	221	0	81	
MYCO001751	147	0	68	
MYCO001752	28	0	30	
MYCO001753	5590	0	24	
MYCO001754	2449	0	53	
MYCO001755	5629	0	0	
MYCO001756	5629	0	0	
MYCO001757	677	2	20	
MYCO001758	3864	0	35	
MYCO001759	5311	0	38	
MYCO001760	2984	0	55	
MYCO001761	2940	0	19	
MYCO001762	2995	0	25	
MYCO001763	677	2	20	
MYCO001764	5629	0	0	
MYCO001765	5621	0	2	
MYCO001766	23	0	10	
MYCO001767	16	0	19	
MYCO001768	2699	0	74	
MYCO001769	351	0	62	
MYCO001770	345	0	71	
MYCO001771	12	0	67	
MYCO001772	19	0	15	
MYCO001773	26	0	41	
MYCO001774	94	0	91	
MYCO001775	1501	0	32	
MYCO001776	38	0	36	
MYCO001777	343	0	83	
MYCO001778	612	0	18	
MYCO001779	511	0	112	
MYCO001780	13	0	24	
MYCO001781	603	0	118	
MYCO001782	137	0	57	
MYCO001783	309	0	136	
MYCO001785	29	0	50	
MYCO001786	3	0	13	
MYCO001787	4927	0	38	
MYCO001788	17	16	24	
MYCO001789	594	0	67	
MYCO001790	2385	0	67	
MYCO001791	25	0	12	
MYCO001792	5629	0	0	
MYCO001793	489	2134	108	
MYCO001794	8	0	39	
MYCO001795	562	0	70	
MYCO001796	260	0	84	
MYCO001797	21	0	68	
MYCO001798	33	0	67	
MYCO001799	466	0	17	
MYCO001800	218	0	108	
MYCO001801	1530	0	81	
MYCO001802	1031	0	64	
MYCO001803	1634	0	84	
MYCO001804	37	0	21	
MYCO001805	6	0	31	
MYCO001806	16	0	18	
MYCO001807	5629	0	0	
MYCO001808	402	0	59	
MYCO001809	271	0	55	
MYCO001810	5	0	18	
MYCO001811	46	0	51	
MYCO001812	280	0	68	
MYCO001813	22	0	27	
MYCO001814	265	0	69	
MYCO001815	789	0	55	
MYCO001816	777	1587	26	
MYCO001817	616	0	84	
MYCO001818	3694	0	63	
MYCO001819	195	0	65	
MYCO001820	190	0	73	
MYCO001822	24	0	36	
MYCO001823	160	0	52	
MYCO001824	25	0	21	
MYCO001825	25	0	43	
MYCO001826	2	0	13	
MYCO001828	23	0	32	
MYCO001831	52	0	14	
MYCO001833	29	0	47	
MYCO001834	55	0	35	
MYCO001835	307	0	108	
MYCO001836	357	0	99	
MYCO001838	18	0	18	
MYCO001839	3	0	9	
MYCO001840	2716	0	68	
MYCO001841	77	0	59	
MYCO001845	1024	0	37	
MYCO001846	46	0	34	
MYCO001847	63	0	35	
MYCO001848	81	0	21	
MYCO001849	4	0	9	
MYCO001850	321	0	87	
MYCO001851	555	0	38	
MYCO001852	115	0	27	
MYCO001853	35	0	33	
MYCO001855	81	0	53	
MYCO001856	784	0	39	
MYCO001857	12	0	35	
MYCO001858	33	0	23	
MYCO001859	101	0	51	
MYCO001860	866	0	60	
MYCO001861	5	0	22	
MYCO001862	55	0	52	
MYCO001863	45	0	42	
MYCO001864	20	0	39	
MYCO001865	17	0	41	
MYCO001866	132	0	118	
MYCO001867	293	0	79	
MYCO001868	457	0	112	
MYCO001869	214	0	43	
MYCO001870	644	0	35	
MYCO001871	191	0	27	
MYCO001872	55	0	83	
MYCO001873	71	0	31	
MYCO001874	31	0	48	
MYCO001875	35	0	32	
MYCO001876	70	0	28	
MYCO001877	262	0	107	
MYCO001878	391	0	64	
MYCO001879	250	0	54	
MYCO001880	78	0	71	
MYCO001881	60	0	27	
MYCO001882	24	0	45	
MYCO001883	45	0	29	
MYCO001884	24	0	27	
MYCO001885	41	0	45	
MYCO001887	296	0	70	
MYCO001888	4707	0	6	
MYCO001889	36	0	15	
MYCO001890	32	0	34	
MYCO001891	14	0	33	
MYCO001892	28	0	15	
MYCO001893	15	0	15	
MYCO001895	1604	0	37	
MYCO001896	374	0	63	
MYCO001897	49	0	28	
MYCO001898	23	0	17	
MYCO001899	2063	0	55	
MYCO001900	156	0	89	
MYCO001901	199	0	75	
MYCO001902	172	0	68	
MYCO001903	28	0	27	
MYCO001904	19	0	27	
MYCO001905	67	0	57	
MYCO001906	20	0	28	
MYCO001907	3977	0	38	
MYCO001908	194	0	185	
MYCO001909	22	0	32	
MYCO001910	189	0	36	
MYCO001911	215	0	30	
MYCO001912	1684	0	35	
MYCO001913	34	0	39	
MYCO001914	17	0	30	
MYCO001915	3510	0	23	
MYCO001916	80	0	49	
MYCO001917	5605	0	12	
MYCO001918	1096	0	166	
MYCO001919	12	0	24	
MYCO001920	21	0	58	
MYCO001921	899	0	63	
MYCO001922	97	0	54	
MYCO001923	115	0	88	
MYCO001924	25	0	22	
MYCO001925	63	0	74	
MYCO001926	16	0	25	
MYCO001927	164	0	54	
MYCO001928	986	0	40	
MYCO001929	1104	0	50	
MYCO001930	203	0	38	
MYCO001931	63	0	45	
MYCO001932	58	0	31	
MYCO001933	825	0	59	
MYCO001934	538	0	69	
MYCO001935	57	0	60	
MYCO001936	35	0	64	
MYCO001937	590	0	118	
MYCO001938	87	0	66	
MYCO001939	504	0	34	
MYCO001940	4623	0	20	
MYCO001941	90	0	42	
MYCO001942	4	0	19	
MYCO001943	19	0	21	
MYCO001944	43	0	43	
MYCO001945	5292	64	42	
MYCO001946	62	0	25	
MYCO001947	103	0	22	
MYCO001948	173	0	32	
MYCO001949	5629	0	0	
MYCO001950	22	0	9	
MYCO001951	255	0	17	
MYCO001952	18	0	11	
MYCO001953	23	0	27	
MYCO001954	53	0	29	
MYCO001955	41	0	19	
MYCO001956	64	0	35	
MYCO001957	28	0	30	
MYCO001958	79	0	46	
MYCO001959	5	0	13	
MYCO001960	6	0	12	
MYCO001961	148	0	37	
MYCO001962	13	0	25	
MYCO001963	144	0	48	
MYCO001964	199	0	35	
MYCO001965	200	0	43	
MYCO001966	165	0	67	
MYCO001967	157	0	70	
MYCO001968	1800	0	65	
MYCO001969	247	0	67	
MYCO001970	127	0	57	
MYCO001971	532	0	79	
MYCO001972	112	0	31	
MYCO001973	248	0	25	
MYCO001974	83	0	27	
MYCO001975	686	0	35	
MYCO001976	152	0	21	
MYCO001977	717	0	40	
MYCO001978	1039	0	44	
MYCO001979	146	0	69	
MYCO001980	39	0	38	
MYCO001982	40	0	32	
MYCO001983	1546	0	74	
MYCO001984	268	0	37	
MYCO001985	164	0	37	
MYCO001986	64	0	42	
MYCO001987	51	0	27	
MYCO001988	153	0	29	
MYCO001989	46	0	29	
MYCO001990	4	0	15	
MYCO001991	6	0	16	
MYCO001992	1806	0	95	
MYCO001993	1078	0	22	
MYCO001994	751	0	21	
MYCO001995	1039	0	39	
MYCO001996	1017	0	40	
MYCO001997	2473	0	110	
MYCO001998	66	0	45	
MYCO001999	413	0	78	
MYCO002000	138	0	95	
MYCO002001	30	0	53	
MYCO002002	54	0	35	
MYCO002003	125	0	58	
MYCO002004	203	0	69	
MYCO002005	22	0	38	
MYCO002006	289	0	215	
MYCO002007	10	0	12	
MYCO002008	36	0	75	
MYCO002009	8	0	12	
MYCO002010	24	0	16	
MYCO002011	4	0	26	
MYCO002012	14	0	38	
MYCO002013	547	0	24	
MYCO002014	129	0	36	
MYCO002015	1563	0	81	
MYCO002016	1335	0	27	
MYCO002017	108	0	54	
MYCO002018	153	0	23	
MYCO002019	505	0	21	
MYCO002020	214	0	17	
MYCO002021	125	0	16	
MYCO002022	156	0	47	
MYCO002023	378	0	16	
MYCO002024	5186	0	18	
MYCO002025	131	0	53	
MYCO002026	43	0	50	
MYCO002027	1308	0	53	
MYCO002028	255	0	37	
MYCO002029	194	0	53	
MYCO002030	366	0	110	
MYCO002031	15	0	26	
MYCO002032	232	0	54	
MYCO002033	767	0	49	
MYCO002034	279	0	18	
MYCO002035	9	0	28	
MYCO002036	22	0	33	
MYCO002037	67	0	68	
MYCO002038	12	0	47	
MYCO002039	9	0	34	
MYCO002040	16	0	29	
MYCO002041	29	0	62	
MYCO002042	132	0	48	
MYCO002043	229	0	180	
MYCO002044	850	0	17	
MYCO002045	71	0	87	
MYCO002046	227	0	45	
MYCO002047	307	0	109	
MYCO002048	5572	0	35	
MYCO002049	27	0	11	
MYCO002051	352	0	111	
MYCO002052	837	0	92	
MYCO002053	25	0	40	
MYCO002054	48	0	46	
MYCO002059	351	0	105	
MYCO002060	272	0	28	
MYCO002061	38	0	28	
MYCO002062	1128	0	182	
MYCO002063	4	0	14	
MYCO002064	855	0	49	
MYCO002065	948	0	29	
MYCO002066	693	0	88	
MYCO002067	64	0	57	
MYCO002068	26	0	48	
MYCO002069	137	0	23	
MYCO002070	2129	0	31	
MYCO002071	77	0	58	
MYCO002072	352	0	56	
MYCO002073	294	0	35	
MYCO002074	122	0	18	
MYCO002075	304	0	83	
MYCO002076	8	0	9	
MYCO002077	114	0	56	
MYCO002078	10	0	27	
MYCO002079	1332	0	76	
MYCO002080	35	0	42	
MYCO002081	3294	0	29	
MYCO002082	2684	0	128	
MYCO002083	412	0	55	
MYCO002084	2814	0	19	
MYCO002085	35	0	20	
MYCO002086	19	0	30	
MYCO002087	15	0	16	
MYCO002088	1765	0	66	
MYCO002091	72	0	39	
MYCO002094	1	0	14	
MYCO002095	682	0	47	
MYCO002098	5629	0	0	
MYCO002099	5629	0	0	
MYCO002100	1185	0	81	
MYCO002101	1127	0	139	
MYCO002102	301	0	34	
MYCO002103	62	0	29	
MYCO002104	4	0	18	
MYCO002105	677	2	20	
MYCO002106	5629	0	0	
MYCO002107	101	0	25	
MYCO002108	182	0	41	
MYCO002113	124	0	67	
MYCO002114	80	0	35	
MYCO002116	67	0	30	
MYCO002117	55	0	10	
MYCO002120	430	0	26	
MYCO002123	3344	0	41	
MYCO002124	426	0	164	
MYCO002126	2708	0	37	
MYCO002127	225	0	83	
MYCO002128	3	0	14	
MYCO002129	86	0	52	
MYCO002131	69	0	41	
MYCO002132	49	0	15	
MYCO002133	64	0	36	
MYCO002135	799	0	26	
MYCO002136	88	0	39	
MYCO002137	32	0	22	
MYCO002138	105	0	51	
MYCO002142	16	0	19	
MYCO002143	129	0	65	
MYCO002144	57	0	19	
MYCO002146	3	0	14	
MYCO002147	1011	0	34	
MYCO002148	1009	0	31	
MYCO002149	94	0	21	
MYCO002152	466	0	72	
MYCO002158	1600	0	79	
MYCO002159	1076	0	58	
MYCO002160	3001	0	14	
MYCO002161	758	1635	51	
MYCO002162	4083	0	69	
MYCO002164	550	0	60	
MYCO002165	40	0	64	
MYCO002167	5629	0	0	
MYCO002168	677	2	20	
MYCO002169	26	0	22	
MYCO002171	20	0	37	
MYCO002172	20	0	44	
MYCO002173	290	0	54	
MYCO002174	87	0	69	
MYCO002175	5	0	22	
MYCO002177	2911	181	44	
MYCO002180	1053	0	46	
MYCO002181	55	0	55	
MYCO002183	3	0	16	
MYCO002184	23	0	51	
MYCO002185	4	0	24	
MYCO002189	650	0	38	
MYCO002190	829	0	46	
MYCO002191	524	0	94	
MYCO002197	136	0	35	
MYCO002198	731	0	56	
MYCO002203	275	0	37	
MYCO002204	6	0	22	
MYCO002205	702	0	62	
MYCO002206	24	0	39	
MYCO002207	1012	0	44	
MYCO002208	415	0	48	
MYCO002209	396	0	75	
MYCO002212	71	0	68	
MYCO002214	83	0	83	
MYCO002215	813	0	79	
MYCO002223	298	0	80	
MYCO002224	58	0	69	
MYCO002226	729	0	76	
MYCO002227	702	0	28	
MYCO002229	30	0	28	
MYCO002231	146	0	49	
MYCO002232	218	0	42	
MYCO002234	21	0	24	
MYCO002236	977	0	50	
MYCO002237	7	0	43	
MYCO002238	5	0	10	
MYCO002240	44	0	32	
MYCO002248	150	0	27	
MYCO002249	720	0	67	
MYCO002250	21	0	22	
MYCO002251	5625	0	1	
MYCO002252	27	0	53	
MYCO002253	48	0	31	
MYCO002254	30	0	31	
MYCO002255	32	0	17	
MYCO002256	7	0	21	
MYCO002258	539	0	59	
MYCO002260	16	0	34	
MYCO002261	44	0	23	
MYCO002262	5576	0	3	
MYCO002263	1222	0	46	
MYCO002264	2659	0	72	
MYCO002265	584	0	51	
MYCO002266	25	0	71	
MYCO002267	75	0	58	
MYCO002268	321	0	82	
MYCO002269	21	0	29	
MYCO002270	228	0	34	
MYCO002271	206	0	13	
MYCO002272	207	0	15	
MYCO002273	230	0	21	
MYCO002274	241	0	33	
MYCO002275	721	0	41	
MYCO002276	244	0	62	
MYCO002277	239	5233	49	
MYCO002278	677	2	20	
MYCO002279	5629	0	0	
MYCO002280	370	0	68	
MYCO002281	46	0	86	
MYCO002282	739	1863	42	
MYCO002283	35	0	13	
MYCO002284	272	0	40	
MYCO002285	513	0	59	
MYCO002286	562	1519	39	
MYCO002287	160	0	74	
MYCO002288	12	0	28	
MYCO002289	122	0	39	
MYCO002290	46	0	37	
MYCO002291	63	0	43	
MYCO002292	25	0	7	
MYCO002293	2748	0	17	
MYCO002294	47	0	75	
MYCO002295	28	0	37	
MYCO002296	133	0	48	
MYCO002297	13	0	27	
MYCO002298	29	0	51	
MYCO002299	78	0	80	
MYCO002300	97	0	54	
MYCO002301	79	0	44	
MYCO002302	7	0	16	
MYCO002303	24	0	63	
MYCO002304	13	0	9	
MYCO002305	458	0	74	
MYCO002307	393	0	49	
MYCO002308	178	0	48	
MYCO002309	23	0	28	
MYCO002310	105	0	26	
MYCO002311	74	0	25	
MYCO002312	6	0	11	
MYCO002313	79	0	50	
MYCO002314	176	0	64	
MYCO002316	16	0	42	
MYCO002317	18	0	28	
MYCO002318	1141	0	49	
MYCO002319	2185	0	41	
MYCO002320	64	0	68	
MYCO002321	13	0	30	
MYCO002322	21	0	34	
MYCO002323	32	0	59	
MYCO002324	12	0	33	
MYCO002325	353	0	38	
MYCO002326	487	0	86	
MYCO002327	101	0	21	
MYCO002328	65	0	54	
MYCO002329	298	0	89	
MYCO002330	21	0	31	
MYCO002331	10	0	25	
MYCO002332	62	0	70	
MYCO002333	857	0	47	
MYCO002334	112	0	46	
MYCO002335	162	0	41	
MYCO002336	339	0	55	
MYCO002337	181	0	53	
MYCO002338	619	0	53	
MYCO002339	1474	0	125	
MYCO002340	675	0	69	
MYCO002341	114	0	24	
MYCO002342	30	0	17	
MYCO002345	497	0	96	
MYCO002346	489	2486	125	
MYCO002347	3161	620	116	
MYCO002348	38	0	20	
MYCO002349	597	0	84	
MYCO002350	696	2108	48	
MYCO002351	703	2142	54	
MYCO002352	1308	43	65	
MYCO002353	5501	0	5	
MYCO002354	677	2	20	
MYCO002355	5629	0	0	
MYCO002356	4171	0	48	
MYCO002358	16	0	20	
MYCO002359	3	0	49	
MYCO002360	14	0	26	
MYCO002363	1533	0	38	
MYCO002365	578	0	11	
MYCO002369	51	0	20	
MYCO002370	69	0	72	
MYCO002371	243	0	9	
MYCO002372	207	0	39	
MYCO002375	10	0	15	
MYCO002376	96	0	29	
MYCO002377	25	0	12	
MYCO002378	103	0	49	
MYCO002379	474	0	144	
MYCO002380	989	0	205	
MYCO002381	414	0	114	
MYCO002382	217	0	53	
MYCO002383	867	674	187	
MYCO002384	461	0	57	
MYCO002385	111	0	64	
MYCO002386	187	0	56	
MYCO002387	25	0	58	
MYCO002388	180	0	56	
MYCO002389	15	0	23	
MYCO002390	70	0	29	
MYCO002391	25	0	73	
MYCO002392	128	0	34	
MYCO002393	206	3463	38	
MYCO002394	171	0	109	
MYCO002395	446	0	84	
MYCO002396	3153	0	52	
MYCO002397	126	0	56	
MYCO002398	7	0	39	
MYCO002401	6	0	16	
MYCO002403	94	0	31	
MYCO002405	41	0	33	
MYCO002406	193	0	19	
MYCO002407	287	0	52	
MYCO002408	386	0	33	
MYCO002414	463	0	80	
MYCO002415	119	0	43	
MYCO002416	146	0	71	
MYCO002417	1034	0	39	
MYCO002418	229	0	38	
MYCO002419	140	0	35	
MYCO002422	23	0	16	
MYCO002423	39	0	56	
MYCO002424	5389	0	25	
MYCO002428	98	0	34	
MYCO002429	20	0	18	
MYCO002430	41	0	30	
MYCO002431	18	2022	15	
MYCO002432	46	0	21	
MYCO002433	15	0	15	
MYCO002434	1094	0	69	
MYCO002435	190	0	104	
MYCO002436	400	0	46	
MYCO002437	1297	0	17	
MYCO002438	94	0	85	
MYCO002443	47	0	85	
MYCO002444	488	0	126	
MYCO002446	13	0	19	
MYCO002449	598	0	64	
MYCO002450	405	0	44	
MYCO002451	58	0	23	
MYCO002452	0	0	15	
MYCO002453	61	0	33	
MYCO002456	84	0	53	
MYCO002458	44	0	40	
MYCO002459	72	0	73	
MYCO002463	21	0	43	
MYCO002464	149	0	58	
MYCO002468	46	0	27	
MYCO002469	65	0	38	
MYCO002471	87	0	88	
MYCO002472	8	0	15	
MYCO002473	113	0	39	
MYCO002474	202	0	36	
MYCO002475	9	0	17	
MYCO002476	1213	0	167	
MYCO002478	428	0	26	
MYCO002479	5629	0	0	
MYCO002480	677	2	20	
MYCO002481	256	0	22	
MYCO002482	277	0	126	
MYCO002483	74	0	75	
MYCO002484	47	0	95	
MYCO002485	147	0	79	
MYCO002486	273	0	32	
MYCO002487	3304	0	91	
MYCO002488	1151	0	154	
MYCO002489	106	0	18	
MYCO002490	5438	0	35	
MYCO002491	111	0	42	
MYCO002492	135	0	58	
MYCO002493	16	0	10	
MYCO002494	14	0	24	
MYCO002495	231	0	63	
MYCO002496	36	0	44	
MYCO002497	54	0	43	
MYCO002498	74	0	45	
MYCO002499	12	0	30	
MYCO002501	530	0	105	
MYCO002503	39	0	41	
MYCO002504	47	0	45	
MYCO002505	188	0	90	
MYCO002506	65	0	28	
MYCO002507	360	0	47	
MYCO002508	124	0	67	
MYCO002510	194	0	90	
MYCO002512	5479	44	9	
MYCO002513	27	0	27	
MYCO002514	53	0	32	
MYCO002515	37	0	61	
MYCO002516	21	0	33	
MYCO002517	45	0	9	
MYCO002519	756	0	84	
MYCO002520	1	0	14	
MYCO002522	534	0	83	
MYCO002525	308	0	28	
MYCO002526	1636	0	8	
MYCO002527	27	0	23	
MYCO002528	24	0	43	
MYCO002529	505	0	85	
MYCO002530	14	0	26	
MYCO002531	139	0	141	
MYCO002532	40	0	19	
MYCO002535	322	0	39	
MYCO002536	38	0	28	
MYCO002537	14	0	19	
MYCO002539	589	0	20	
MYCO002541	2333	0	14	
MYCO002542	648	0	75	
MYCO002543	2035	1585	55	
MYCO002544	2040	1610	74	
MYCO002545	1277	0	19	
MYCO002546	5	0	23	
MYCO002547	28	0	20	
MYCO002548	43	0	21	
MYCO002549	92	0	22	
MYCO002550	4	0	15	
MYCO002551	374	0	18	
MYCO002552	408	0	43	
MYCO002553	186	0	65	
MYCO002554	149	0	19	
MYCO002556	12	0	21	
MYCO002557	34	0	39	
MYCO002558	47	0	29	
MYCO002560	172	0	53	
MYCO002561	5553	0	7	
MYCO002562	6	0	34	
MYCO002563	122	0	61	
MYCO002564	46	2069	46	
MYCO002565	136	0	88	
MYCO002566	1554	0	132	
MYCO002567	150	0	112	
MYCO002569	63	0	35	
MYCO002570	713	0	28	
MYCO002571	180	0	76	
MYCO002573	147	0	51	
MYCO002574	48	0	36	
MYCO002576	76	0	30	
MYCO002577	56	0	72	
MYCO002578	178	0	50	
MYCO002579	104	0	41	
MYCO002581	5	0	24	
MYCO002584	56	0	37	
MYCO002585	308	0	86	
MYCO002586	731	0	72	
MYCO002588	3	0	19	
MYCO002590	245	0	159	
MYCO002591	2618	0	92	
MYCO002595	46	0	12	
MYCO002596	14	0	31	
MYCO002597	50	0	34	
MYCO002598	50	0	26	
MYCO002599	302	0	28	
MYCO002600	49	0	22	
MYCO002601	475	0	67	
MYCO002602	12	0	23	
MYCO002604	76	0	27	
MYCO002605	115	0	40	
MYCO002607	13	0	28	
MYCO002608	917	0	65	
MYCO002609	310	0	47	
MYCO002615	5233	0	86	
MYCO002616	73	0	31	
MYCO002617	5	0	22	
MYCO002618	321	0	29	
MYCO002619	6	0	12	
MYCO002620	10	0	18	
MYCO002621	436	0	46	
MYCO002622	93	0	44	
MYCO002623	152	0	36	
MYCO002624	298	0	52	
MYCO002625	53	0	49	
MYCO002626	14	0	23	
MYCO002627	73	0	80	
MYCO002628	100	0	34	
MYCO002629	496	0	44	
MYCO002630	16	0	36	
MYCO002631	105	0	68	
MYCO002632	7	0	12	
MYCO002633	12	0	35	
MYCO002634	3140	0	88	
MYCO002635	11	0	19	
MYCO002636	57	0	49	
MYCO002637	275	1774	38	
MYCO002638	111	0	29	
MYCO002639	44	0	18	
MYCO002640	66	0	20	
MYCO002641	18	0	29	
MYCO002642	31	0	24	
MYCO002643	285	0	96	
MYCO002644	42	0	19	
MYCO002645	1387	0	18	
MYCO002646	944	0	57	
MYCO002647	649	0	14	
MYCO002648	677	2	20	
MYCO002649	5629	0	0	
MYCO002650	1095	601	145	
MYCO002651	226	1112	43	
MYCO002652	644	0	56	
MYCO002653	551	0	30	
MYCO002654	2911	0	13	
MYCO002655	1631	0	58	
MYCO002656	450	886	29	
MYCO002657	662	0	19	
MYCO002658	522	0	15	
MYCO002659	558	0	42	
MYCO002660	13	0	16	
MYCO002661	24	0	18	
MYCO002662	10	0	16	
MYCO002663	4	0	17	
MYCO002664	23	0	13	
MYCO002665	345	0	20	
MYCO002666	5500	0	10	
MYCO002667	50	0	26	
MYCO002668	532	0	24	
MYCO002669	34	0	25	
MYCO002671	92	0	32	
MYCO002672	360	0	75	
MYCO002674	5	0	17	
MYCO002675	26	0	58	
MYCO002677	1611	0	49	
MYCO002679	149	0	44	
MYCO002680	598	0	42	
MYCO002681	728	0	56	
MYCO002683	8	0	28	
MYCO002684	40	440	62	
MYCO002685	410	0	53	
MYCO002686	38	0	35	
MYCO002687	54	0	41	
MYCO002688	110	0	53	
MYCO002689	181	0	62	
MYCO002690	124	0	54	
MYCO002691	14	0	31	
MYCO002692	39	0	29	
MYCO002693	19	0	28	
MYCO002694	12	0	35	
MYCO002695	519	0	29	
MYCO002698	9	0	24	
MYCO002700	3472	0	23	
MYCO002701	55	0	56	
MYCO002704	16	0	19	
MYCO002705	13	0	20	
MYCO002706	107	0	15	
MYCO002707	41	0	42	
MYCO002709	507	0	37	
MYCO002712	335	0	71	
MYCO002713	111	0	82	
MYCO002716	24	0	30	
MYCO002717	216	0	22	
MYCO002718	16	0	17	
MYCO002719	500	0	39	
MYCO002721	1210	0	98	
MYCO002722	8	0	19	
MYCO002723	42	0	64	
MYCO002728	95	0	34	
MYCO002729	55	0	50	
MYCO002730	10	0	26	
MYCO002732	87	0	45	
MYCO002734	28	0	40	
MYCO002735	810	0	45	
MYCO002736	161	0	29	
MYCO002737	24	0	90	
MYCO002738	381	0	10	
MYCO002739	1503	0	31	
MYCO002740	19	0	29	
MYCO002741	3736	0	72	
MYCO002742	233	0	36	
MYCO002743	422	0	42	
MYCO002745	7	0	28	
MYCO002746	215	0	27	
MYCO002747	33	0	21	
MYCO002749	31	0	15	
MYCO002751	38	0	41	
MYCO002752	119	0	131	
MYCO002755	14	0	12	
MYCO002756	62	0	83	
MYCO002757	62	0	26	
MYCO002758	10	0	14	
MYCO002759	48	0	21	
MYCO002760	140	0	18	
MYCO002761	35	0	70	
MYCO002762	352	0	34	
MYCO002763	41	0	18	
MYCO002765	324	0	37	
MYCO002766	69	0	33	
MYCO002767	19	0	28	
MYCO002768	496	0	68	
MYCO002769	961	0	45	
MYCO002770	213	0	66	
MYCO002771	34	0	22	
MYCO002772	52	0	26	
MYCO002774	1013	0	17	
MYCO002775	128	0	25	
MYCO002776	30	0	41	
MYCO002777	570	0	47	
MYCO002778	20	0	27	
MYCO002779	56	0	36	
MYCO002780	189	0	49	
MYCO002781	861	0	59	
MYCO002784	12	0	23	
MYCO002786	10	0	46	
MYCO002787	334	0	108	
MYCO002789	70	0	58	
MYCO002790	416	0	62	
MYCO002791	122	2808	60	
MYCO002792	114	0	35	
MYCO002793	567	0	32	
MYCO002796	52	0	39	
MYCO002797	300	0	65	
MYCO002798	7	0	18	
MYCO002799	132	0	45	
MYCO002800	1043	0	84	
MYCO002801	73	0	16	
MYCO002802	1073	0	59	
MYCO002803	55	0	22	
MYCO002804	127	0	35	
MYCO002805	86	0	22	
MYCO002806	36	0	7	
MYCO002807	1486	0	49	
MYCO002808	321	0	10	
MYCO002809	83	0	16	
MYCO002810	5629	0	0	
MYCO002811	994	0	33	
MYCO002812	697	0	80	
MYCO002813	503	0	39	
MYCO002814	5629	0	0	
MYCO002815	677	2	20	
MYCO002816	1335	0	15	
MYCO002817	1426	0	41	
MYCO002818	1592	0	34	
MYCO002819	1426	0	46	
MYCO002820	1323	0	44	
MYCO002821	71	0	34	
MYCO002822	24	0	20	
MYCO002823	107	0	111	
MYCO002824	41	0	52	
MYCO002825	4335	0	31	
MYCO002826	60	0	38	
MYCO002827	30	0	30	
MYCO002829	153	0	21	
MYCO002830	7	0	15	
MYCO002831	237	0	38	
MYCO002832	173	0	67	
MYCO002833	330	0	67	
MYCO002834	38	0	44	
MYCO002835	30	0	51	
MYCO002836	346	0	72	
MYCO002837	147	0	37	
MYCO002840	7	0	21	
MYCO002842	5	0	23	
MYCO002843	231	0	18	
MYCO002844	25	0	24	
MYCO002845	245	0	63	
MYCO002848	1416	0	50	
MYCO002849	49	0	40	
MYCO002850	1716	0	100	
MYCO002851	27	0	22	
MYCO002852	138	0	74	
MYCO002853	2437	0	104	
MYCO002854	45	0	52	
MYCO002855	262	0	58	
MYCO002856	46	0	40	
MYCO002857	15	0	29	
MYCO002858	549	0	78	
MYCO002859	1724	0	56	
MYCO002860	41	0	59	
MYCO002862	19	0	27	
MYCO002863	10	0	15	
MYCO002865	9	0	12	
MYCO002866	11	0	11	
MYCO002867	648	0	47	
MYCO002869	36	0	58	
MYCO002871	983	0	11	
MYCO002872	90	0	28	
MYCO002873	13	0	25	
MYCO002874	284	0	104	
MYCO002875	157	0	23	
MYCO002876	3	0	27	
MYCO002877	169	0	53	
MYCO002878	19	0	23	
MYCO002879	5629	0	0	
MYCO002880	5218	0	7	
MYCO002881	11	0	35	
MYCO002884	138	0	37	
MYCO002885	243	970	80	
MYCO002886	142	0	45	
MYCO002887	32	0	18	
MYCO002888	475	0	61	
MYCO002891	983	0	40	
MYCO002892	311	0	60	
MYCO002893	75	0	66	
MYCO002895	242	0	42	
MYCO002896	433	0	65	
MYCO002897	345	0	87	
MYCO002898	19	0	29	
MYCO002899	11	0	36	
MYCO002900	60	0	92	
MYCO002903	72	0	44	
MYCO002905	45	0	61	
MYCO002906	21	0	21	
MYCO002907	116	0	23	
MYCO002908	47	0	9	
MYCO002910	9	0	27	
MYCO002911	137	0	39	
MYCO002912	29	0	22	
MYCO002913	122	0	100	
MYCO002914	360	0	73	
MYCO002920	129	0	87	
MYCO002922	1020	0	119	
MYCO002923	59	0	24	
MYCO002924	87	0	37	
MYCO002925	27	0	27	
MYCO002926	10	0	34	
MYCO002928	23	0	33	
MYCO002929	23	0	21	
MYCO002930	56	0	65	
MYCO002931	5054	0	104	
MYCO002932	1568	0	174	
MYCO002933	1442	0	187	
MYCO002934	1623	0	189	
MYCO002935	788	0	166	
MYCO002936	40	0	42	
MYCO002937	17	0	30	
MYCO002938	15	0	32	
MYCO002939	26	2649	49	
MYCO002940	304	0	246	
MYCO002941	41	0	86	
MYCO002942	143	0	144	
MYCO002943	208	0	73	
MYCO002944	33	0	49	
MYCO002945	3	0	33	
MYCO002946	1058	0	206	
MYCO002947	2852	0	29	
MYCO002948	111	0	113	
MYCO002949	123	0	40	
MYCO002950	219	0	90	
MYCO002951	156	0	52	
MYCO002952	23	0	35	
MYCO002953	59	0	62	
MYCO002954	47	0	38	
MYCO002955	210	0	60	
MYCO002956	35	0	47	
MYCO002957	65	0	44	
MYCO002958	244	0	71	
MYCO002959	717	0	44	
MYCO002960	24	0	20	
MYCO002961	19	0	13	
MYCO002962	627	0	55	
MYCO002963	714	0	50	
MYCO002964	74	0	43	
MYCO002966	207	0	15	
MYCO002968	22	0	20	
MYCO002969	49	0	32	
MYCO002970	89	0	48	
MYCO002971	117	0	40	
MYCO002972	25	0	39	
MYCO002973	224	0	67	
MYCO002974	682	0	80	
MYCO002975	2732	0	8	
MYCO002977	352	0	32	
MYCO002978	121	2425	60	
MYCO002979	30	0	30	
MYCO002980	483	0	28	
MYCO002983	647	0	34	
MYCO002985	75	0	58	
MYCO002986	77	0	31	
MYCO002987	26	0	18	
MYCO002989	542	0	35	
MYCO002990	32	0	40	
MYCO002991	39	0	22	
MYCO002994	609	0	58	
MYCO002997	532	0	55	
MYCO002998	10	0	18	
MYCO002999	41	0	59	
MYCO003000	46	0	30	
MYCO003002	4	0	21	
MYCO003004	32	0	19	
MYCO003005	44	0	26	
MYCO003007	519	0	28	
MYCO003008	55	0	37	
MYCO003012	10	0	12	
MYCO003013	492	0	30	
MYCO003015	320	0	52	
MYCO003016	35	0	24	
MYCO003017	597	0	23	
MYCO003018	4291	0	33	
MYCO003019	1	100	30	
MYCO003020	22	20	21	
MYCO003021	5601	0	10	
MYCO003022	5629	0	0	
MYCO003023	5479	43	8	
MYCO003026	91	0	51	
MYCO003030	145	0	38	
MYCO003033	14	0	29	
MYCO003035	265	0	40	
MYCO003036	17	0	38	
MYCO003037	348	0	62	
MYCO003039	150	0	35	
MYCO003040	283	0	44	
MYCO003041	20	0	35	
MYCO003044	387	0	63	
MYCO003046	20	0	18	
MYCO003047	167	0	23	
MYCO003050	26	0	43	
MYCO003055	38	1762	35	
MYCO003056	52	0	67	
MYCO003058	8	0	29	
MYCO003059	67	0	57	
MYCO003060	955	0	92	
MYCO003061	560	0	98	
MYCO003062	1526	0	73	
MYCO003063	209	0	138	
MYCO003064	110	0	28	
MYCO003065	154	0	16	
MYCO003066	256	0	33	
MYCO003067	24	0	28	
MYCO003068	83	0	79	
MYCO003069	6	0	20	
MYCO003070	8	0	15	
MYCO003071	150	0	63	
MYCO003072	27	0	38	
MYCO003073	19	0	26	
MYCO003074	1696	2004	56	
MYCO003075	29	0	34	
MYCO003076	15	0	21	
MYCO003077	372	0	105	
MYCO003078	37	0	22	
MYCO003079	520	0	26	
MYCO003080	651	0	165	
MYCO003081	195	0	52	
MYCO003082	36	0	49	
MYCO003083	322	0	93	
MYCO003084	684	0	46	
MYCO003086	178	0	37	
MYCO003087	338	0	88	
MYCO003088	193	0	76	
MYCO003089	227	0	72	
MYCO003090	191	1365	55	
MYCO003091	274	0	78	
MYCO003092	583	0	51	
MYCO003093	1367	0	41	
MYCO003094	604	0	60	
MYCO003095	6	0	27	
MYCO003096	49	0	61	
MYCO003097	108	0	73	
MYCO003098	31	0	29	
MYCO003099	107	0	48	
MYCO003103	26	0	26	
MYCO003104	35	0	44	
MYCO003106	80	0	65	
MYCO003107	100	0	82	
MYCO003108	35	0	28	
MYCO003109	98	0	77	
MYCO003110	22	0	15	
MYCO003111	36	0	43	
MYCO003112	37	0	18	
MYCO003113	1217	0	39	
MYCO003114	92	0	28	
MYCO003115	5479	43	8	
MYCO003116	163	0	63	
MYCO003119	50	0	30	
MYCO003120	60	0	36	
MYCO003121	143	0	65	
MYCO003122	58	0	23	
MYCO003123	32	0	25	
MYCO003124	113	0	49	
MYCO003125	827	0	50	
MYCO003126	30	0	17	
MYCO003127	47	0	61	
MYCO003128	5629	0	0	
MYCO003129	523	0	10	
MYCO003130	69	0	71	
MYCO003131	70	0	38	
MYCO003132	139	0	81	
MYCO003133	10	0	17	
MYCO003134	47	0	46	
MYCO003135	3482	0	11	
MYCO003136	108	0	49	
MYCO003137	37	0	38	
MYCO003138	75	0	69	
MYCO003141	242	0	41	
MYCO003142	766	0	29	
MYCO003143	8	0	15	
MYCO003144	941	0	62	
MYCO003145	20	0	13	
MYCO003146	4	0	22	
MYCO003147	40	0	12	
MYCO003148	33	0	53	
MYCO003149	54	0	31	
MYCO003150	510	0	41	
MYCO003151	1148	0	90	
MYCO003152	9	0	47	
MYCO003153	109	0	30	
MYCO003154	11	0	41	
MYCO003155	7	0	15	
MYCO003156	77	0	71	
MYCO003157	138	0	83	
MYCO003158	26	0	73	
MYCO003159	2868	0	83	
MYCO003160	19	0	23	
MYCO003161	426	0	79	
MYCO003162	70	0	18	
MYCO003163	28	0	49	
MYCO003164	29	0	28	
MYCO003165	110	0	20	
MYCO003166	595	0	48	
MYCO003167	50	0	37	
MYCO003168	203	0	73	
MYCO003169	705	0	60	
MYCO003170	581	0	57	
MYCO003171	44	0	66	
MYCO003172	8	0	28	
MYCO003173	12	0	33	
MYCO003174	19	0	57	
MYCO003175	1536	0	65	
MYCO003176	131	0	52	
MYCO003177	43	0	37	
MYCO003178	53	0	21	
MYCO003179	447	0	62	
MYCO003180	35	0	27	
MYCO003181	156	0	21	
MYCO003182	29	0	12	
MYCO003183	227	0	17	
MYCO003184	677	2	20	
MYCO003185	5629	0	0	
MYCO003186	677	2	20	
MYCO003187	5629	0	0	
MYCO003188	29	0	18	
MYCO003189	60	0	28	
MYCO003190	190	0	58	
MYCO003191	66	0	54	
MYCO003192	70	0	34	
MYCO003196	95	0	50	
MYCO003199	475	0	51	
MYCO003200	28	0	62	
MYCO003201	976	0	125	
MYCO003202	778	0	154	
MYCO003203	38	0	44	
MYCO003204	1	0	18	
MYCO003209	14	0	34	
MYCO003210	16	0	28	
MYCO003212	662	0	61	
MYCO003215	35	0	60	
MYCO003216	5629	0	0	
MYCO003217	356	0	21	
MYCO003218	29	0	48	
MYCO003222	72	0	23	
MYCO003224	284	0	44	
MYCO003225	98	0	66	
MYCO003226	48	0	39	
MYCO003227	302	0	66	
MYCO003230	145	0	58	
MYCO003231	70	0	23	
MYCO003232	16	0	39	
MYCO003233	7	0	37	
MYCO003234	2790	0	27	
MYCO003235	427	0	37	
MYCO003236	329	0	59	
MYCO003237	11	0	30	
MYCO003238	21	0	36	
MYCO003239	2852	0	101	
MYCO003242	104	0	37	
MYCO003243	83	0	39	
MYCO003244	440	0	66	
MYCO003247	65	0	28	
MYCO003249	215	0	32	
MYCO003250	5	0	9	
MYCO003251	8	0	9	
MYCO003253	70	0	61	
MYCO003254	125	0	68	
MYCO003256	729	0	55	
MYCO003259	29	0	9	
MYCO003260	2	0	15	
MYCO003263	206	0	71	
MYCO003266	164	0	43	
MYCO003268	145	0	43	
MYCO003269	17	0	9	
MYCO003270	354	0	89	
MYCO003271	34	0	35	
MYCO003272	115	0	67	
MYCO003273	22	0	99	
MYCO003278	16	0	22	
MYCO003279	19	0	40	
MYCO003281	5409	0	10	
MYCO003282	20	0	46	
MYCO003283	23	0	48	
MYCO003284	54	0	21	
MYCO003286	573	0	44	
MYCO003287	16	0	13	
MYCO003288	6	0	18	
MYCO003289	41	0	27	
MYCO003291	29	0	16	
MYCO003292	262	0	65	
MYCO003293	700	0	63	
MYCO003294	20	0	40	
MYCO003295	31	0	31	
MYCO003297	106	0	47	
MYCO003298	307	0	31	
MYCO003299	865	0	166	
MYCO003300	76	0	45	
MYCO003301	26	0	41	
MYCO003307	179	0	43	
MYCO003308	672	0	76	
MYCO003309	25	0	26	
MYCO003310	34	0	45	
MYCO003311	54	0	59	
MYCO003312	34	0	41	
MYCO003314	136	0	50	
MYCO003315	14	0	24	
MYCO003316	4	0	11	
MYCO003320	55	0	21	
MYCO003321	2	0	7	
MYCO003322	22	0	34	
MYCO003323	310	0	39	
MYCO003324	295	0	26	
MYCO003325	677	2	20	
MYCO003326	5629	0	0	
MYCO003327	5566	0	7	
MYCO003331	498	0	70	
MYCO003332	466	0	69	
MYCO003333	1361	0	39	
MYCO003334	10	0	26	
MYCO003335	105	0	38	
MYCO003337	635	0	22	
MYCO003338	57	0	41	
MYCO003339	77	0	55	
MYCO003342	407	0	22	
MYCO003343	5614	0	14	
MYCO003344	5629	0	0	
MYCO003345	5603	0	11	
MYCO003346	1757	1	20	
MYCO003347	4362	0	230	
MYCO003348	149	6	31	
MYCO003349	2940	0	30	
MYCO003350	4651	0	238	
MYCO003351	733	0	37	
MYCO003352	711	0	15	
MYCO003353	688	0	12	
MYCO003354	687	0	19	
MYCO003355	703	1	18	
MYCO003357	15	0	16	
MYCO003358	6	0	11	
MYCO003359	335	0	43	
MYCO003360	829	0	17	
MYCO003361	70	0	35	
MYCO003362	66	0	39	
MYCO003363	323	0	21	
MYCO003364	76	0	21	
MYCO003365	5079	0	27	
MYCO003366	58	0	27	
MYCO003367	2576	0	87	
MYCO003368	136	0	34	
MYCO003369	189	0	18	
MYCO003370	1197	0	123	
MYCO003371	529	0	76	
MYCO003372	337	0	59	
MYCO003373	673	0	27	
MYCO003374	8	0	14	
MYCO003375	234	0	77	
MYCO003376	26	0	33	
MYCO003377	406	0	83	
MYCO003378	142	0	66	
MYCO003379	92	0	90	
MYCO003380	5629	0	0	
MYCO003381	677	2	20	
MYCO003382	202	0	40	
MYCO003383	1217	0	76	
MYCO003384	64	0	22	
MYCO003385	118	0	11	
MYCO003386	270	0	43	
MYCO003387	21	0	37	
MYCO003388	4205	0	64	
MYCO003389	442	0	65	
MYCO003390	33	0	53	
MYCO003391	344	0	110	
MYCO003393	104	0	39	
MYCO003394	1624	0	61	
MYCO003395	139	0	39	
MYCO003397	24	0	35	
MYCO003398	137	0	64	
MYCO003399	44	0	46	
MYCO003400	170	0	30	
MYCO003401	614	0	110	
MYCO003402	169	0	53	
MYCO003403	83	0	97	
MYCO003404	46	0	44	
MYCO003405	9	0	27	
MYCO003406	182	0	48	
MYCO003407	15	0	8	
MYCO003408	5	0	17	
MYCO003413	484	0	35	
MYCO003414	29	0	35	
MYCO003415	447	0	50	
MYCO003416	51	0	13	
MYCO003420	112	0	23	
MYCO003421	1363	0	46	
MYCO003423	56	0	77	
MYCO003424	360	3	29	
MYCO003425	259	1498	56	
MYCO003426	5504	0	4	
MYCO003427	1577	0	30	
MYCO003428	5343	0	7	
MYCO003429	259	1246	54	
MYCO003430	393	0	93	
MYCO003431	77	0	38	
MYCO003434	248	0	53	
MYCO003435	24	0	67	
MYCO003437	230	0	30	
MYCO003438	73	0	46	
MYCO003439	986	0	71	
MYCO003440	65	0	27	
MYCO003444	20	0	19	
MYCO003445	35	0	20	
MYCO003446	1031	0	78	
MYCO003447	488	0	174	
MYCO003448	273	0	74	
MYCO003449	210	0	82	
MYCO003450	823	0	85	
MYCO003451	87	0	56	
MYCO003452	653	0	40	
MYCO003453	3480	0	5	
MYCO003454	96	0	72	
MYCO003463	160	0	40	
MYCO003465	10	0	26	
MYCO003466	5420	57	50	
MYCO003467	5452	82	30	
MYCO003468	84	0	61	
MYCO003469	30	0	58	
MYCO003470	281	0	96	
MYCO003471	42	0	25	
MYCO003472	35	0	33	
MYCO003473	38	0	53	
MYCO003474	677	2	20	
MYCO003475	5629	0	0	
MYCO003476	64	0	70	
MYCO003477	130	0	15	
MYCO003478	2801	308	384	
MYCO003479	290	0	164	
MYCO003480	296	0	83	
MYCO003481	71	0	30	
MYCO003482	44	0	40	
MYCO003483	1242	0	37	
MYCO003484	137	0	70	
MYCO003485	753	0	48	
MYCO003486	349	0	21	
MYCO003487	1209	0	44	
MYCO003488	172	0	13	
MYCO003489	4	0	8	
MYCO003491	18	0	36	
MYCO003492	2	0	26	
MYCO003493	434	0	30	
MYCO003494	1182	0	63	
MYCO003495	37	0	49	
MYCO003496	362	0	49	
MYCO003497	17	0	55	
MYCO003498	127	0	47	
MYCO003499	16	0	49	
MYCO003502	45	0	37	
MYCO003503	0	0	9	
MYCO003505	177	0	51	
MYCO003506	111	0	100	
MYCO003507	5260	0	91	
MYCO003508	5625	0	3	
MYCO003509	573	0	83	
MYCO003510	192	0	44	
MYCO003511	5615	0	6	
MYCO003512	5629	0	0	
MYCO003513	5355	0	16	
MYCO003514	5627	0	1	
MYCO003515	5049	0	30	
MYCO003516	836	0	34	
MYCO003517	1225	0	39	
MYCO003518	164	0	49	
MYCO003519	30	0	38	
MYCO003521	44	0	45	
MYCO003522	15	0	54	
MYCO003523	521	0	42	
MYCO003524	71	0	71	
MYCO003525	329	0	25	
MYCO003526	14	0	41	
MYCO003527	9	0	28	
MYCO003528	80	0	57	
MYCO003529	650	0	68	
MYCO003530	35	2061	41	
MYCO003531	117	0	67	
MYCO003532	454	0	68	
MYCO003533	1713	0	95	
MYCO003534	81	0	44	
MYCO003535	1392	0	37	
MYCO003536	21	0	41	
MYCO003537	37	0	64	
MYCO003538	9	0	38	
MYCO003539	701	0	71	
MYCO003540	473	0	51	
MYCO003541	3	0	21	
MYCO003542	137	0	41	
MYCO003543	125	0	46	
MYCO003544	62	0	48	
MYCO003545	38	0	79	
MYCO003546	123	0	48	
MYCO003547	63	0	36	
MYCO003548	30	0	29	
MYCO003549	189	0	40	
MYCO003550	82	0	36	
MYCO003551	80	0	35	
MYCO003552	13	0	29	
MYCO003553	573	0	38	
MYCO003554	103	0	120	
MYCO003555	824	0	40	
MYCO003556	165	0	38	
MYCO003557	1	0	30	
MYCO003558	1326	0	73	
MYCO003559	344	0	37	
MYCO003560	175	0	56	
MYCO003561	873	0	72	
MYCO003562	96	0	58	
MYCO003563	223	0	48	
MYCO003564	779	0	32	
MYCO003565	115	0	69	
MYCO003566	181	0	49	
MYCO003567	57	0	23	
MYCO003568	627	0	33	
MYCO003569	481	0	37	
MYCO003572	46	0	28	
MYCO003573	572	0	89	
MYCO003574	84	0	25	
MYCO003575	151	0	42	
MYCO003576	88	0	42	
MYCO003577	95	0	34	
MYCO003578	444	0	73	
MYCO003581	17	0	24	
MYCO003582	43	0	38	
MYCO003584	19	0	25	
MYCO003585	64	0	72	
MYCO003586	24	0	52	
MYCO003587	269	0	43	
MYCO003588	78	0	16	
MYCO003590	3894	0	60	
MYCO003591	34	0	51	
MYCO003593	4	0	76	
MYCO003594	96	0	51	
MYCO003595	2527	0	62	
MYCO003597	368	0	15	
MYCO003599	243	0	6	
MYCO003602	858	0	48	
MYCO003603	300	0	48	
MYCO003604	1193	0	67	
MYCO003605	392	0	21	
MYCO003606	20	0	28	
MYCO003607	205	0	19	
MYCO003608	64	0	42	
MYCO003611	5574	0	5	
MYCO003612	59	0	20	
MYCO003613	4	0	8	
MYCO003614	8	0	46	
MYCO003615	8	0	13	
MYCO003616	87	0	71	
MYCO003617	138	0	49	
MYCO003618	127	0	49	
MYCO003619	489	2629	138	
MYCO003620	3160	637	113	
MYCO003621	829	0	52	
MYCO003622	157	0	16	
MYCO003623	315	0	40	
MYCO003625	346	0	47	
MYCO003626	454	0	50	
MYCO003627	79	0	80	
MYCO003629	52	0	60	
MYCO003630	24	1365	62	
MYCO003631	14	0	29	
MYCO003632	6	0	10	
MYCO003633	93	0	57	
MYCO003634	166	0	36	
MYCO003635	204	0	90	
MYCO003636	17	0	24	
MYCO003637	93	0	33	
MYCO003638	23	0	45	
MYCO003639	517	0	38	
MYCO003640	218	0	65	
MYCO003641	20	0	32	
MYCO003642	9	0	15	
MYCO003643	6	0	11	
MYCO003645	1167	0	69	
MYCO003649	841	0	126	
MYCO003650	122	0	18	
MYCO003651	531	0	51	
MYCO003652	1275	0	21	
MYCO003653	3311	0	36	
MYCO003654	695	0	26	
MYCO003655	5624	0	2	
MYCO003656	26	0	14	
MYCO003657	1711	1357	28	
MYCO003658	622	0	43	
MYCO003659	1121	0	56	
MYCO003660	250	0	72	
MYCO003661	85	0	31	
MYCO003662	1540	0	48	
MYCO003663	575	0	87	
MYCO003664	21	0	49	
MYCO003665	16	0	55	
MYCO003666	153	1512	67	
MYCO003667	420	0	106	
MYCO003669	11	0	29	
MYCO003671	27	0	63	
MYCO003672	86	0	41	
MYCO003673	206	0	35	
MYCO003675	1	0	22	
MYCO003678	17	0	26	
MYCO003681	27	0	28	
MYCO003685	158	0	80	
MYCO003686	106	0	17	
MYCO003687	24	0	22	
MYCO003688	38	0	32	
MYCO003689	283	0	101	
MYCO003690	528	0	25	
MYCO003691	116	0	62	
MYCO003692	90	0	50	
MYCO003693	1931	0	62	
MYCO003694	17	0	51	
MYCO003697	45	0	28	
MYCO003698	233	0	88	
MYCO003699	51	0	40	
MYCO003700	858	0	56	
MYCO003701	194	0	50	
MYCO003702	46	0	46	
MYCO003703	95	0	81	
MYCO003704	98	0	67	
MYCO003706	266	0	18	
MYCO003714	95	0	58	
MYCO003716	388	0	24	
MYCO003723	35	0	40	
MYCO003725	2739	0	24	
MYCO003726	431	0	64	
MYCO003727	359	0	103	
MYCO003728	3568	0	101	
MYCO003729	526	0	131	
MYCO003730	16	0	60	
MYCO003731	21	0	65	
MYCO003732	149	0	63	
MYCO003733	21	0	31	
MYCO003734	98	0	80	
MYCO003735	24	0	33	
MYCO003736	108	0	74	
MYCO003737	1046	0	82	
MYCO003738	1939	0	47	
MYCO003739	1353	0	16	
MYCO003740	169	0	74	
MYCO003741	34	0	49	
MYCO003742	16	0	31	
MYCO003743	236	0	125	
MYCO003744	7	0	27	
MYCO003745	20	1771	13	
MYCO003746	16	0	26	
MYCO003747	36	0	17	
MYCO003748	29	0	22	
MYCO003749	40	0	29	
MYCO003750	21	0	21	
MYCO003751	19	0	14	
MYCO003752	438	0	15	
MYCO003753	655	0	20	
MYCO003754	341	0	45	
MYCO003755	20	0	29	
MYCO003756	28	0	44	
MYCO003757	218	0	47	
MYCO003758	65	0	49	
MYCO003759	42	0	74	
MYCO003760	37	0	12	
MYCO003761	226	0	43	
MYCO003762	31	0	112	
MYCO003763	47	0	32	
MYCO003764	62	0	69	
MYCO003766	158	0	45	
MYCO003767	149	0	51	
MYCO003768	141	0	18	
MYCO003769	129	0	22	
MYCO003770	159	0	33	
MYCO003771	57	0	30	
MYCO003772	85	0	56	
MYCO003773	141	0	34	
MYCO003776	1056	0	91	
MYCO003779	642	0	103	
MYCO003784	334	0	67	
MYCO003785	2455	0	44	
MYCO003786	460	0	65	
MYCO003787	134	0	60	
MYCO003788	19	0	25	
MYCO003789	5	0	20	
MYCO003792	303	0	119	
MYCO003796	40	0	73	
MYCO003797	283	0	110	
MYCO003798	3020	60	39	
MYCO003800	1210	0	225	
MYCO003803	96	0	53	
MYCO003805	49	0	94	
MYCO003807	220	0	23	
MYCO003810	1557	0	38	
MYCO003811	248	0	83	
MYCO003812	2155	0	70	
MYCO003813	156	0	39	
MYCO003814	65	0	34	
MYCO003815	182	0	43	
MYCO003817	465	0	44	
MYCO003818	84	0	71	
MYCO003819	43	0	24	
MYCO003820	247	0	90	
MYCO003821	23	0	46	
MYCO003822	101	0	87	
MYCO003823	77	0	185	
MYCO003824	109	0	111	
MYCO003825	325	0	352	
MYCO003826	109	0	115	
MYCO003827	245	0	101	
MYCO003828	5	2161	25	
MYCO003829	1173	0	105	
MYCO003830	1309	0	49	
MYCO003831	24	0	44	
MYCO003832	162	0	45	
MYCO003833	696	0	56	
MYCO003836	633	0	31	
MYCO003837	54	0	54	
MYCO003838	180	0	63	
MYCO003839	15	0	51	
MYCO003840	91	0	42	
MYCO003841	15	0	38	
MYCO003843	493	0	61	
MYCO003844	149	6	31	
MYCO003845	4120	0	11	
MYCO003846	15	0	35	
MYCO003848	135	0	75	
MYCO003850	90	0	43	
MYCO003851	77	0	17	
MYCO003852	70	0	24	
MYCO003853	8	0	23	
MYCO003854	267	0	167	
MYCO003855	11	0	46	
MYCO003856	124	0	75	
MYCO003857	14	0	8	
MYCO003860	645	0	101	
MYCO003861	164	0	37	
MYCO003862	86	0	84	
MYCO003863	261	0	73	
MYCO003864	173	0	92	
MYCO003865	71	0	20	
MYCO003866	178	0	47	
MYCO003867	128	0	36	
MYCO003868	267	0	91	
MYCO003869	729	0	108	
MYCO003870	71	0	155	
MYCO003871	424	0	120	
MYCO003872	272	0	18	
MYCO003873	288	0	68	
MYCO003874	54	0	15	
MYCO003875	15	0	19	
MYCO003876	2531	0	106	
MYCO003877	70	0	127	
MYCO003878	684	0	57	
MYCO003879	2444	0	161	
MYCO003880	6	0	23	
MYCO003881	613	0	129	
MYCO003882	704	0	128	
MYCO003883	69	0	104	
MYCO003884	308	0	119	
MYCO003885	198	0	137	
MYCO003886	1926	0	86	
MYCO003887	581	0	104	
MYCO003888	155	0	101	
MYCO003889	384	0	83	
MYCO003890	116	0	22	
MYCO003891	29	0	35	
MYCO003892	1293	0	92	
MYCO003893	107	0	23	
MYCO003894	1597	0	266	
MYCO003895	1515	0	87	
MYCO003896	324	0	80	
MYCO003897	5581	0	2	
MYCO003898	2748	0	11	
MYCO003899	1591	0	84	
MYCO003900	885	0	109	
MYCO003901	105	0	41	
MYCO003902	28	0	45	
MYCO003903	1779	0	162	
MYCO003904	17	0	31	
MYCO003905	40	0	29	
MYCO003906	72	0	48	
MYCO003909	300	0	168	
MYCO003910	376	0	312	
MYCO003911	5618	0	5	
MYCO003912	263	0	88	
MYCO003914	8	0	25	
MYCO003916	5	0	72	
MYCO003919	319	0	236	
MYCO003922	4	0	38	
MYCO003923	10	0	38	
MYCO010064	17	0	13	
MYCO010078	15	0	46	
MYCO010157	2	0	7	
MYCO010186	54	0	9	
MYCO010192	1274	0	19	
MYCO010236	43	0	6	
MYCO010277	5629	0	0	
MYCO010397	7	2768	14	
MYCO010456	15	0	18	
MYCO010470	794	0	18	
MYCO010492	51	0	14	
MYCO010500	263	0	6	
MYCO010530	12	0	10	
MYCO010590	34	0	8	
MYCO010609	22	0	13	
MYCO010616	2	0	20	
MYCO010634	12	0	14	
MYCO010691	3	0	10	
MYCO010724	5629	0	0	
MYCO010749	13	0	10	
MYCO010755	101	0	6	
MYCO010787	46	0	7	
MYCO010959	8	0	9	
MYCO011028	4	0	8	
MYCO011087	42	0	8	
MYCO011089	8	0	9	
MYCO011116	23	0	11	
MYCO011135	4	0	22	
MYCO011159	9	0	13	
MYCO011290	52	0	15	
MYCO011322	17	0	33	
MYCO011366	21	0	13	
MYCO011473	42	0	13	
MYCO011489	152	0	10	
MYCO011498	85	0	15	
MYCO011507	104	0	39	
MYCO011508	49	0	13	
MYCO011638	370	0	15	
MYCO011706	9	0	10	
MYCO011765	46	0	16	
MYCO011888	2	0	16	
MYCO011954	23	0	12	
MYCO011962	1	3323	17	
MYCO011982	16	0	8	
MYCO011990	58	0	20	
MYCO011991	1	0	9	
MYCO012023	53	0	59	
MYCO012063	152	0	21	
MYCO012077	177	0	18	
MYCO012142	3	0	13	
MYCO012160	3041	0	14	
MYCO012219	7	0	22	
MYCO012231	44	0	28	
MYCO012237	34	0	12	
MYCO012250	5625	0	1	
MYCO012274	212	0	16	
MYCO012306	47	0	33	
MYCO012307	10	0	5	
MYCO012309	8	0	21	
MYCO012331	5	0	13	
MYCO012395	22	0	14	
MYCO012401	30	0	6	
MYCO012427	5629	0	0	
MYCO012438	10	0	19	
MYCO012468	1	0	13	
MYCO012530	4	0	15	
MYCO012548	13	0	15	
MYCO012601	5	0	13	
MYCO012614	649	0	16	
MYCO012737	16	0	11	
MYCO012801	4	0	11	
MYCO012828	1022	0	17	
MYCO012862	5629	0	0	
MYCO012922	21	0	17	
MYCO012943	26	0	36	
MYCO012970	28	0	6	
MYCO012998	6	0	17	
MYCO013018	2110	3	9	
MYCO013022	894	0	14	
MYCO013032	28	0	20	
MYCO013098	19	0	20	
MYCO013136	6	0	27	
MYCO013190	206	0	11	
MYCO013196	5	0	7	
MYCO013197	59	0	14	
MYCO013198	9	0	15	
MYCO013208	8	0	16	
MYCO013221	2	0	16	
MYCO013224	21	0	18	
MYCO013312	71	0	23	
MYCO013324	5629	0	0	
MYCO013395	215	0	29	
MYCO013566	6	0	18	
MYCO013697	61	0	15	
MYCO013705	47	0	29	
MYCO013724	626	0	11	
MYCO013770	7	0	11	
MYCO020078	3	0	21	
MYCO020456	5629	0	0	
MYCO020500	1	0	5	
MYCO022231	4007	0	18	
MYCO022306	86	0	23	
MYCO022307	65	0	29	
MYCO022395	56	0	17	
MYCO023224	37	0	11	
MYCO023724	661	0	29	
MYCO023770	10	0	13	
MYCO032307	0	0	10	
