GbGDiv simplified results table from 'accumulate-3.txt' records table.
Isolate records read from table: 768

Locus	Missing	Paralogous	CountNuc
id	0	0	768	
isolate	0	0	768	
rMLST_database_accession	0	0	768	
BACT000001	3	0	26	
BACT000002	25	0	9	
BACT000003	78	0	15	
BACT000004	6	0	7	
BACT000005	16	0	8	
BACT000006	0	0	5	
BACT000007	3	0	9	
BACT000008	3	0	6	
BACT000009	2	0	12	
BACT000010	0	0	3	
BACT000011	7	0	7	
BACT000012	0	0	9	
BACT000013	2	0	8	
BACT000014	1	706	2	
BACT000015	1	0	5	
BACT000016	11	0	11	
BACT000017	6	0	10	
BACT000018	0	598	3	
BACT000019	0	0	3	
BACT000020	1	0	8	
BACT000021	768	0	0	
BACT000030	5	211	9	
BACT000031	1	0	8	
BACT000032	2	0	8	
BACT000033	22	0	10	
BACT000034	3	0	10	
BACT000035	2	0	5	
BACT000036	52	0	9	
BACT000038	1	0	6	
BACT000039	4	0	9	
BACT000040	94	0	6	
BACT000042	1	0	9	
BACT000043	0	0	8	
BACT000044	7	0	6	
BACT000045	0	0	7	
BACT000046	1	0	15	
BACT000047	8	0	5	
BACT000048	0	0	6	
BACT000049	1	0	10	
BACT000050	4	0	5	
BACT000051	25	0	8	
BACT000052	1	0	2	
BACT000053	2	0	4	
BACT000056	0	0	4	
BACT000057	1	740	3	
BACT000058	0	0	5	
BACT000059	0	0	4	
BACT000060	1	0	2	
BACT000061	1	0	6	
BACT000062	0	649	5	
BACT000063	1	0	4	
BACT000064	0	0	6	
BACT000065	1	0	1	
MYCO000001	8	0	32	
MYCO000005	7	0	44	
MYCO000006	8	0	81	
MYCO000009	2	0	11	
MYCO000011	0	0	8	
MYCO000013	0	0	20	
MYCO000015	174	0	21	
MYCO000016	13	0	23	
MYCO000017	9	0	21	
MYCO000019	1	0	14	
MYCO000038	60	0	7	
MYCO000046	2	0	20	
MYCO000047	3	0	14	
MYCO000049	6	0	12	
MYCO000050	91	0	56	
MYCO000051	77	0	31	
MYCO000054	31	0	12	
MYCO000066	5	0	41	
MYCO000068	21	0	28	
MYCO000129	6	0	15	
MYCO000183	36	0	13	
MYCO000184	38	0	14	
MYCO000189	100	0	25	
MYCO000198	6	0	37	
MYCO000204	21	0	11	
MYCO000207	2	0	13	
MYCO000211	11	0	35	
MYCO000223	81	0	20	
MYCO000225	5	0	12	
MYCO000227	91	0	30	
MYCO000228	15	0	18	
MYCO000236	183	0	51	
MYCO000237	24	0	22	
MYCO000238	1	0	11	
MYCO000241	4	0	15	
MYCO000242	150	0	19	
MYCO000243	65	0	23	
MYCO000244	18	381	33	
MYCO000247	3	0	12	
MYCO000248	3	0	18	
MYCO000270	8	0	35	
MYCO000274	50	0	13	
MYCO000321	2	0	8	
MYCO000322	7	0	18	
MYCO000334	2	0	8	
MYCO000337	9	0	14	
MYCO000350	16	0	19	
MYCO000352	86	0	20	
MYCO000357	2	0	16	
MYCO000360	35	0	13	
MYCO000383	157	0	8	
MYCO000384	112	0	22	
MYCO000407	43	0	16	
MYCO000410	23	0	37	
MYCO000411	17	0	15	
MYCO000414	177	0	10	
MYCO000415	178	0	16	
MYCO000417	57	188	12	
MYCO000423	9	0	15	
MYCO000429	1	0	8	
MYCO000432	0	0	8	
MYCO000433	4	0	10	
MYCO000439	35	0	11	
MYCO000440	14	0	15	
MYCO000462	4	0	15	
MYCO000465	8	0	24	
MYCO000466	5	0	7	
MYCO000467	3	0	17	
MYCO000468	13	0	10	
MYCO000472	2	0	9	
MYCO000475	27	0	10	
MYCO000483	13	0	14	
MYCO000484	8	0	16	
MYCO000486	40	0	20	
MYCO000489	127	0	11	
MYCO000490	12	0	17	
MYCO000491	1	0	6	
MYCO000495	3	0	16	
MYCO000496	12	0	16	
MYCO000498	9	0	16	
MYCO000501	7	0	16	
MYCO000502	8	0	7	
MYCO000505	193	0	12	
MYCO000509	15	0	22	
MYCO000510	17	0	13	
MYCO000512	21	0	17	
MYCO000524	70	0	14	
MYCO000527	23	0	8	
MYCO000528	116	0	17	
MYCO000529	25	0	16	
MYCO000548	7	0	9	
MYCO000551	31	0	26	
MYCO000553	74	0	10	
MYCO000555	85	0	12	
MYCO000557	11	0	24	
MYCO000558	43	0	9	
MYCO000562	2	0	18	
MYCO000563	19	0	17	
MYCO000564	7	0	23	
MYCO000566	2	0	11	
MYCO000636	3	0	8	
MYCO000639	40	0	13	
MYCO000647	36	0	19	
MYCO000655	5	0	21	
MYCO000667	48	0	82	
MYCO000668	32	0	85	
MYCO000672	36	0	26	
MYCO000684	18	0	33	
MYCO000685	6	0	5	
MYCO000693	70	0	13	
MYCO000696	19	0	24	
MYCO000732	2	0	18	
MYCO000733	1	0	6	
MYCO000734	76	0	6	
MYCO000757	3	0	11	
MYCO000758	19	0	35	
MYCO000772	26	0	17	
MYCO000777	7	0	11	
MYCO000780	3	0	12	
MYCO000782	746	0	3	
MYCO000788	26	0	6	
MYCO000803	22	0	36	
MYCO000808	11	0	26	
MYCO000809	1	0	16	
MYCO000810	0	0	5	
MYCO000814	156	0	8	
MYCO000815	13	0	11	
MYCO000820	2	0	8	
MYCO000821	5	0	7	
MYCO000823	17	0	21	
MYCO000824	3	0	14	
MYCO000859	13	0	28	
MYCO000860	66	0	32	
MYCO000861	5	0	29	
MYCO000871	2	0	6	
MYCO000876	0	0	25	
MYCO000884	2	0	16	
MYCO000885	10	0	12	
MYCO000886	183	0	17	
MYCO000889	162	0	14	
MYCO000896	16	0	14	
MYCO000902	9	0	9	
MYCO000903	4	0	5	
MYCO000906	200	0	13	
MYCO000926	5	0	18	
MYCO000927	34	0	10	
MYCO000929	76	0	11	
MYCO000946	12	0	24	
MYCO000949	37	0	35	
MYCO000951	7	0	15	
MYCO000952	18	0	16	
MYCO000953	61	0	14	
MYCO000957	92	0	16	
MYCO000981	6	0	12	
MYCO000983	106	0	25	
MYCO000993	29	0	10	
MYCO000994	53	0	20	
MYCO000995	4	0	11	
MYCO001001	4	0	24	
MYCO001002	12	0	22	
MYCO001007	3	0	18	
MYCO001008	42	0	16	
MYCO001009	51	0	10	
MYCO001010	18	0	15	
MYCO001011	6	0	13	
MYCO001013	8	0	16	
MYCO001014	5	0	13	
MYCO001015	7	0	11	
MYCO001017	1	0	10	
MYCO001018	6	0	24	
MYCO001020	95	0	47	
MYCO001022	43	0	9	
MYCO001023	34	0	20	
MYCO001026	57	0	15	
MYCO001070	2	0	10	
MYCO001071	3	0	19	
MYCO001072	2	0	12	
MYCO001077	13	0	25	
MYCO001079	15	0	14	
MYCO001080	43	0	5	
MYCO001082	3	0	12	
MYCO001086	12	0	15	
MYCO001092	26	0	12	
MYCO001094	17	0	8	
MYCO001095	26	0	16	
MYCO001098	14	0	16	
MYCO001099	50	0	11	
MYCO001108	11	0	19	
MYCO001110	1	0	15	
MYCO001112	99	0	20	
MYCO001165	31	0	29	
MYCO001173	46	0	29	
MYCO001177	5	0	3	
MYCO001178	29	0	17	
MYCO001193	77	0	17	
MYCO001201	42	0	21	
MYCO001202	39	0	13	
MYCO001207	57	0	20	
MYCO001208	5	0	10	
MYCO001213	42	0	20	
MYCO001220	41	0	5	
MYCO001221	0	0	10	
MYCO001223	127	0	20	
MYCO001229	17	0	15	
MYCO001238	11	0	11	
MYCO001239	2	0	11	
MYCO001245	23	0	16	
MYCO001248	95	0	50	
MYCO001253	40	0	29	
MYCO001272	66	0	19	
MYCO001273	5	0	22	
MYCO001277	91	0	17	
MYCO001292	9	0	18	
MYCO001293	13	0	8	
MYCO001294	18	0	16	
MYCO001295	11	0	19	
MYCO001297	70	0	25	
MYCO001299	6	0	11	
MYCO001302	5	0	10	
MYCO001305	3	0	3	
MYCO001308	13	0	15	
MYCO001309	2	0	13	
MYCO001310	4	0	11	
MYCO001311	5	0	6	
MYCO001315	3	0	14	
MYCO001321	14	0	11	
MYCO001323	20	0	18	
MYCO001326	6	0	29	
MYCO001327	14	0	21	
MYCO001328	30	0	41	
MYCO001338	24	0	10	
MYCO001340	13	0	10	
MYCO001380	14	0	16	
MYCO001381	80	0	22	
MYCO001383	4	0	16	
MYCO001384	69	0	54	
MYCO001385	123	0	11	
MYCO001388	1	0	10	
MYCO001390	1	0	5	
MYCO001391	140	0	19	
MYCO001392	84	0	32	
MYCO001402	330	0	22	
MYCO001407	109	0	28	
MYCO001408	22	0	11	
MYCO001410	2	0	15	
MYCO001412	5	0	14	
MYCO001415	3	0	14	
MYCO001416	2	0	7	
MYCO001420	5	0	27	
MYCO001421	7	0	10	
MYCO001436	1	0	18	
MYCO001437	11	0	13	
MYCO001438	3	0	9	
MYCO001440	5	0	3	
MYCO001445	44	0	17	
MYCO001447	101	0	28	
MYCO001448	9	0	14	
MYCO001449	46	0	26	
MYCO001451	15	0	22	
MYCO001457	2	0	9	
MYCO001458	6	0	19	
MYCO001462	9	0	22	
MYCO001463	2	0	14	
MYCO001464	41	0	22	
MYCO001465	1	0	6	
MYCO001466	0	0	6	
MYCO001467	18	382	24	
MYCO001473	9	0	18	
MYCO001474	29	0	6	
MYCO001475	5	0	26	
MYCO001479	19	0	12	
MYCO001480	24	0	18	
MYCO001481	5	0	12	
MYCO001483	22	0	7	
MYCO001484	4	0	15	
MYCO001485	22	0	14	
MYCO001493	131	0	23	
MYCO001536	25	0	47	
MYCO001540	4	0	12	
MYCO001547	38	0	43	
MYCO001557	136	0	19	
MYCO001559	178	0	19	
MYCO001564	11	0	28	
MYCO001568	48	0	19	
MYCO001569	154	0	15	
MYCO001589	2	0	10	
MYCO001593	3	0	9	
MYCO001594	10	0	15	
MYCO001595	84	0	29	
MYCO001599	68	0	16	
MYCO001600	1	0	12	
MYCO001601	0	0	9	
MYCO001603	2	0	7	
MYCO001605	1	0	12	
MYCO001609	16	0	19	
MYCO001611	13	0	7	
MYCO001612	2	0	16	
MYCO001617	17	0	20	
MYCO001626	4	0	8	
MYCO001627	30	0	13	
MYCO001629	26	0	40	
MYCO001633	103	0	40	
MYCO001638	42	0	42	
MYCO001641	768	0	0	
MYCO001649	73	0	11	
MYCO001652	38	0	15	
MYCO001653	141	0	10	
MYCO001654	25	0	11	
MYCO001655	86	0	16	
MYCO001656	62	0	9	
MYCO001657	75	0	8	
MYCO001658	23	0	19	
MYCO001659	77	0	20	
MYCO001689	4	0	14	
MYCO001694	25	0	9	
MYCO001695	1	0	13	
MYCO001697	2	0	10	
MYCO001699	3	0	30	
MYCO001701	10	0	10	
MYCO001708	4	0	10	
MYCO001709	0	0	18	
MYCO001711	0	0	14	
MYCO001712	5	0	14	
MYCO001713	35	0	17	
MYCO001821	8	0	34	
MYCO001827	3	0	7	
MYCO001829	9	0	6	
MYCO001830	1	0	18	
MYCO001832	25	0	32	
MYCO001837	22	0	20	
MYCO001842	19	0	23	
MYCO001843	22	0	17	
MYCO001844	10	0	32	
MYCO001854	11	0	15	
MYCO001886	17	0	17	
MYCO001894	34	0	27	
MYCO001981	3	0	5	
MYCO002050	1	0	1	
MYCO002089	59	0	18	
MYCO002090	757	0	2	
MYCO002092	95	0	41	
MYCO002093	11	0	14	
MYCO002096	5	0	16	
MYCO002097	20	0	17	
MYCO002109	6	0	14	
MYCO002110	7	0	14	
MYCO002111	23	0	5	
MYCO002112	342	0	18	
MYCO002115	10	0	30	
MYCO002118	1	0	8	
MYCO002119	4	0	16	
MYCO002121	10	0	8	
MYCO002122	1	0	8	
MYCO002125	7	0	10	
MYCO002130	94	0	11	
MYCO002134	4	0	8	
MYCO002139	16	0	14	
MYCO002140	0	0	11	
MYCO002141	20	0	16	
MYCO002145	13	0	11	
MYCO002150	55	0	13	
MYCO002151	46	0	7	
MYCO002153	155	0	12	
MYCO002154	164	0	10	
MYCO002155	132	0	31	
MYCO002156	3	0	18	
MYCO002157	351	0	15	
MYCO002163	46	0	20	
MYCO002166	4	0	7	
MYCO002170	98	0	8	
MYCO002176	26	0	18	
MYCO002178	3	0	12	
MYCO002179	19	0	4	
MYCO002182	7	0	11	
MYCO002186	1	0	3	
MYCO002187	216	0	20	
MYCO002188	6	0	23	
MYCO002192	19	0	15	
MYCO002193	2	0	6	
MYCO002194	7	0	14	
MYCO002195	6	0	12	
MYCO002196	6	0	19	
MYCO002199	0	0	6	
MYCO002200	4	0	11	
MYCO002201	31	0	18	
MYCO002202	39	0	18	
MYCO002210	18	0	17	
MYCO002211	22	0	16	
MYCO002213	40	0	25	
MYCO002216	8	0	21	
MYCO002217	38	0	17	
MYCO002218	37	0	14	
MYCO002219	22	0	11	
MYCO002220	7	0	20	
MYCO002221	182	0	39	
MYCO002222	10	0	23	
MYCO002225	26	0	16	
MYCO002228	11	0	18	
MYCO002230	46	0	21	
MYCO002235	14	0	15	
MYCO002239	1	0	7	
MYCO002241	116	0	27	
MYCO002242	32	0	12	
MYCO002243	90	0	14	
MYCO002244	2	0	2	
MYCO002245	25	0	13	
MYCO002246	7	0	12	
MYCO002247	43	0	17	
MYCO002257	10	0	12	
MYCO002259	37	0	15	
MYCO002315	139	0	13	
MYCO002343	36	0	25	
MYCO002344	126	0	19	
MYCO002357	5	0	17	
MYCO002361	3	0	11	
MYCO002362	17	0	10	
MYCO002364	4	0	12	
MYCO002366	2	0	16	
MYCO002367	1	0	10	
MYCO002368	11	0	13	
MYCO002373	14	0	16	
MYCO002374	23	0	20	
MYCO002399	10	0	11	
MYCO002400	13	0	18	
MYCO002402	14	0	30	
MYCO002404	8	0	25	
MYCO002409	2	0	9	
MYCO002410	1	0	8	
MYCO002411	20	0	20	
MYCO002413	33	0	17	
MYCO002420	39	0	8	
MYCO002421	0	0	7	
MYCO002425	61	0	14	
MYCO002426	246	0	18	
MYCO002427	74	0	12	
MYCO002439	119	0	16	
MYCO002440	21	0	25	
MYCO002445	3	0	6	
MYCO002447	11	0	22	
MYCO002448	43	0	33	
MYCO002454	6	0	18	
MYCO002455	19	0	17	
MYCO002457	8	0	12	
MYCO002460	1	0	9	
MYCO002461	3	0	7	
MYCO002462	63	0	18	
MYCO002465	14	0	4	
MYCO002466	4	0	13	
MYCO002467	20	0	32	
MYCO002470	3	0	8	
MYCO002477	4	0	23	
MYCO002500	0	0	13	
MYCO002502	10	0	29	
MYCO002509	2	0	16	
MYCO002511	6	0	9	
MYCO002518	105	0	8	
MYCO002521	0	0	9	
MYCO002523	8	0	6	
MYCO002524	229	0	74	
MYCO002533	4	0	7	
MYCO002534	0	0	9	
MYCO002538	38	0	16	
MYCO002540	193	0	11	
MYCO002555	19	0	31	
MYCO002559	66	0	14	
MYCO002568	8	0	26	
MYCO002572	25	0	25	
MYCO002575	13	0	15	
MYCO002580	35	0	21	
MYCO002582	8	0	12	
MYCO002583	20	0	27	
MYCO002587	123	0	19	
MYCO002589	22	0	13	
MYCO002592	30	0	17	
MYCO002593	15	0	9	
MYCO002594	0	0	5	
MYCO002603	1	0	10	
MYCO002606	4	0	11	
MYCO002610	25	0	17	
MYCO002611	15	0	13	
MYCO002612	2	0	9	
MYCO002613	1	0	7	
MYCO002614	13	0	25	
MYCO002670	3	0	13	
MYCO002673	103	182	16	
MYCO002676	5	0	9	
MYCO002678	72	0	14	
MYCO002682	21	0	11	
MYCO002696	23	0	13	
MYCO002697	2	0	7	
MYCO002699	0	0	5	
MYCO002702	1	0	20	
MYCO002703	26	0	19	
MYCO002708	3	0	5	
MYCO002710	13	0	13	
MYCO002711	7	0	10	
MYCO002714	6	0	18	
MYCO002715	117	0	8	
MYCO002720	6	0	16	
MYCO002724	16	0	25	
MYCO002725	24	0	15	
MYCO002726	9	0	5	
MYCO002727	54	0	18	
MYCO002731	84	0	14	
MYCO002733	184	0	16	
MYCO002744	25	0	13	
MYCO002748	74	0	31	
MYCO002750	13	0	12	
MYCO002753	4	0	19	
MYCO002754	4	0	10	
MYCO002764	14	0	16	
MYCO002773	2	0	9	
MYCO002782	64	0	17	
MYCO002783	29	0	19	
MYCO002788	77	0	8	
MYCO002794	4	0	13	
MYCO002795	19	0	15	
MYCO002828	346	98	18	
MYCO002838	14	0	8	
MYCO002839	303	0	28	
MYCO002841	7	0	17	
MYCO002846	2	0	20	
MYCO002847	19	0	23	
MYCO002861	6	0	14	
MYCO002864	10	0	18	
MYCO002868	3	0	16	
MYCO002870	19	0	7	
MYCO002882	3	0	12	
MYCO002883	1	0	9	
MYCO002889	20	0	12	
MYCO002894	102	0	9	
MYCO002901	1	0	5	
MYCO002902	49	0	10	
MYCO002915	19	0	16	
MYCO002916	54	0	20	
MYCO002917	131	0	22	
MYCO002918	53	0	30	
MYCO002919	1	0	6	
MYCO002921	19	0	15	
MYCO002927	6	0	14	
MYCO002965	2	0	2	
MYCO002967	52	0	28	
MYCO002976	13	0	13	
MYCO002981	36	0	22	
MYCO002982	2	0	18	
MYCO002984	11	0	21	
MYCO002988	21	0	20	
MYCO002992	30	0	25	
MYCO002993	1	0	9	
MYCO002995	36	0	19	
MYCO002996	47	0	27	
MYCO003001	5	0	10	
MYCO003003	36	0	20	
MYCO003006	32	0	9	
MYCO003009	5	0	16	
MYCO003010	87	0	9	
MYCO003011	151	0	10	
MYCO003014	70	0	24	
MYCO003024	41	0	18	
MYCO003025	22	0	16	
MYCO003027	12	0	14	
MYCO003028	106	0	13	
MYCO003029	6	0	12	
MYCO003031	41	0	25	
MYCO003032	78	0	13	
MYCO003034	3	0	9	
MYCO003038	3	0	15	
MYCO003042	12	0	14	
MYCO003043	2	0	15	
MYCO003045	1	0	13	
MYCO003048	5	0	11	
MYCO003049	23	0	21	
MYCO003051	10	0	14	
MYCO003052	5	0	4	
MYCO003053	1	0	3	
MYCO003054	37	0	7	
MYCO003057	3	0	14	
MYCO003085	41	0	13	
MYCO003100	2	0	8	
MYCO003101	5	0	14	
MYCO003102	1	0	14	
MYCO003105	34	0	15	
MYCO003117	13	0	11	
MYCO003118	156	0	8	
MYCO003139	6	0	21	
MYCO003140	5	0	22	
MYCO003193	21	0	41	
MYCO003194	0	0	14	
MYCO003195	76	0	22	
MYCO003197	4	0	19	
MYCO003198	45	0	27	
MYCO003205	5	0	9	
MYCO003206	3	0	21	
MYCO003207	6	0	13	
MYCO003208	15	0	15	
MYCO003211	54	0	31	
MYCO003213	2	0	13	
MYCO003214	4	0	14	
MYCO003219	1	0	5	
MYCO003220	7	0	20	
MYCO003221	0	0	8	
MYCO003223	0	0	10	
MYCO003228	67	0	13	
MYCO003229	8	0	24	
MYCO003240	83	0	26	
MYCO003241	49	0	15	
MYCO003245	2	0	23	
MYCO003246	5	0	6	
MYCO003248	8	0	21	
MYCO003252	36	0	15	
MYCO003255	18	0	15	
MYCO003257	38	0	14	
MYCO003258	48	0	3	
MYCO003261	3	0	16	
MYCO003262	44	0	15	
MYCO003264	5	0	15	
MYCO003265	26	0	13	
MYCO003267	65	0	14	
MYCO003274	0	0	18	
MYCO003275	23	0	12	
MYCO003276	16	0	19	
MYCO003277	2	0	13	
MYCO003280	8	0	24	
MYCO003285	30	0	19	
MYCO003290	4	0	14	
MYCO003296	239	0	58	
MYCO003302	16	0	19	
MYCO003303	760	0	2	
MYCO003304	10	0	2	
MYCO003305	16	0	17	
MYCO003306	61	0	23	
MYCO003313	8	0	13	
MYCO003317	2	0	15	
MYCO003318	38	0	18	
MYCO003319	13	0	13	
MYCO003328	51	0	18	
MYCO003329	8	0	25	
MYCO003330	81	0	15	
MYCO003336	6	0	11	
MYCO003340	7	0	18	
MYCO003341	99	0	13	
MYCO003356	4	0	12	
MYCO003392	11	576	12	
MYCO003396	13	0	22	
MYCO003409	22	0	22	
MYCO003410	146	0	11	
MYCO003411	37	0	23	
MYCO003412	0	0	6	
MYCO003417	1	442	17	
MYCO003418	0	0	5	
MYCO003419	35	0	14	
MYCO003422	1	0	7	
MYCO003432	1	0	14	
MYCO003433	266	0	8	
MYCO003436	192	0	22	
MYCO003441	92	0	26	
MYCO003455	29	0	8	
MYCO003457	7	0	17	
MYCO003462	4	0	9	
MYCO003464	2	0	14	
MYCO003490	14	0	24	
MYCO003500	6	0	17	
MYCO003501	4	0	12	
MYCO003504	5	0	16	
MYCO003520	10	0	19	
MYCO003570	3	0	13	
MYCO003571	10	0	15	
MYCO003579	123	0	23	
MYCO003580	15	0	17	
MYCO003583	1	0	4	
MYCO003589	188	0	13	
MYCO003592	3	0	9	
MYCO003596	65	0	32	
MYCO003598	8	0	18	
MYCO003600	3	0	13	
MYCO003601	7	0	10	
MYCO003609	2	0	8	
MYCO003610	85	0	27	
MYCO003624	2	0	11	
MYCO003628	3	0	8	
MYCO003644	34	0	16	
MYCO003646	130	0	39	
MYCO003647	17	0	9	
MYCO003648	2	0	9	
MYCO003668	2	0	8	
MYCO003670	39	0	10	
MYCO003674	2	0	12	
MYCO003676	0	0	11	
MYCO003677	8	0	14	
MYCO003679	5	0	19	
MYCO003680	22	0	14	
MYCO003682	25	0	31	
MYCO003683	11	0	17	
MYCO003684	9	0	6	
MYCO003695	5	0	20	
MYCO003696	36	0	29	
MYCO003705	1	0	13	
MYCO003707	25	0	15	
MYCO003708	22	0	15	
MYCO003709	25	0	19	
MYCO003710	304	0	16	
MYCO003711	8	0	24	
MYCO003712	106	0	9	
MYCO003713	9	0	11	
MYCO003715	0	0	10	
MYCO003717	1	0	11	
MYCO003718	1	0	7	
MYCO003719	8	0	25	
MYCO003720	25	0	20	
MYCO003721	73	0	25	
MYCO003722	5	0	20	
MYCO003765	91	0	17	
MYCO003774	1	0	17	
MYCO003775	16	0	32	
MYCO003777	39	0	17	
MYCO003778	6	0	18	
MYCO003780	81	0	11	
MYCO003781	3	0	7	
MYCO003782	9	0	16	
MYCO003783	10	0	12	
MYCO003790	6	0	16	
MYCO003791	10	0	19	
MYCO003793	139	0	49	
MYCO003794	44	0	68	
MYCO003795	42	0	83	
MYCO003799	5	0	21	
MYCO003801	5	0	23	
MYCO003802	18	0	16	
MYCO003804	10	0	22	
MYCO003806	2	0	26	
MYCO003808	55	0	24	
MYCO003809	1	0	16	
MYCO003816	57	0	10	
MYCO003834	27	0	15	
MYCO003835	107	0	17	
MYCO003842	25	0	28	
MYCO003847	293	0	8	
MYCO003849	1	0	3	
MYCO003858	8	0	20	
MYCO003859	86	0	50	
MYCO003907	5	0	25	
MYCO003908	29	0	13	
MYCO003913	15	0	33	
MYCO003915	3	0	24	
MYCO003917	1	0	30	
MYCO003918	5	0	25	
MYCO003920	3	0	20	
MYCO003921	5	0	29	
MYCO013678	0	0	7	
MYCO000002	8	0	37	
MYCO000003	6	0	25	
MYCO000004	3	0	26	
MYCO000007	87	0	38	
MYCO000008	2	0	17	
MYCO000010	3	0	31	
MYCO000012	4	0	27	
MYCO000014	3	0	37	
MYCO000018	39	0	32	
MYCO000020	44	0	54	
MYCO000021	105	0	26	
MYCO000022	10	0	15	
MYCO000023	9	0	22	
MYCO000024	229	0	17	
MYCO000025	84	0	9	
MYCO000026	26	0	43	
MYCO000027	4	0	9	
MYCO000028	2	0	9	
MYCO000029	62	0	34	
MYCO000030	162	0	12	
MYCO000031	7	0	7	
MYCO000032	232	0	38	
MYCO000033	1	0	7	
MYCO000034	2	0	10	
MYCO000035	13	0	40	
MYCO000036	18	0	21	
MYCO000037	13	0	32	
MYCO000039	30	0	10	
MYCO000040	20	0	23	
MYCO000041	85	0	59	
MYCO000042	53	0	23	
MYCO000043	6	0	17	
MYCO000044	104	0	17	
MYCO000045	342	0	17	
MYCO000048	2	0	28	
MYCO000052	27	5	14	
MYCO000057	4	469	14	
MYCO000058	14	0	35	
MYCO000059	5	0	16	
MYCO000060	3	0	11	
MYCO000061	174	0	9	
MYCO000062	34	0	28	
MYCO000063	60	0	38	
MYCO000064	329	0	49	
MYCO000065	1	0	5	
MYCO000067	2	0	15	
MYCO000069	23	0	37	
MYCO000070	5	442	24	
MYCO000071	219	0	22	
MYCO000072	182	0	16	
MYCO000073	5	327	23	
MYCO000074	303	0	17	
MYCO000075	41	0	22	
MYCO000076	4	0	5	
MYCO000077	9	0	11	
MYCO000078	13	0	10	
MYCO000079	11	0	17	
MYCO000080	13	0	17	
MYCO000081	2	0	17	
MYCO000082	210	0	9	
MYCO000083	282	0	19	
MYCO000084	5	0	11	
MYCO000085	47	0	14	
MYCO000086	61	0	28	
MYCO000087	52	0	25	
MYCO000088	5	0	16	
MYCO000089	7	0	17	
MYCO000090	15	0	19	
MYCO000091	12	0	12	
MYCO000092	47	0	47	
MYCO000093	29	0	19	
MYCO000094	745	11	15	
MYCO000095	332	0	69	
MYCO000096	84	0	29	
MYCO000097	4	0	8	
MYCO000098	4	0	12	
MYCO000099	255	0	19	
MYCO000100	3	0	5	
MYCO000101	35	0	106	
MYCO000102	29	0	33	
MYCO000103	40	0	37	
MYCO000104	239	0	29	
MYCO000106	17	0	21	
MYCO000107	760	0	2	
MYCO000108	3	0	5	
MYCO000109	241	0	22	
MYCO000110	2	0	12	
MYCO000111	25	0	40	
MYCO000112	10	0	28	
MYCO000113	39	0	17	
MYCO000114	43	0	14	
MYCO000115	96	0	26	
MYCO000116	4	0	15	
MYCO000117	2	0	19	
MYCO000118	30	0	34	
MYCO000119	22	0	38	
MYCO000120	19	0	41	
MYCO000121	23	0	18	
MYCO000122	4	0	4	
MYCO000123	1	0	7	
MYCO000124	745	0	2	
MYCO000125	44	0	15	
MYCO000126	11	0	34	
MYCO000127	7	0	24	
MYCO000128	10	0	12	
MYCO000130	2	0	11	
MYCO000131	5	0	25	
MYCO000132	36	0	19	
MYCO000133	88	0	13	
MYCO000134	254	0	12	
MYCO000135	1	0	7	
MYCO000136	79	0	33	
MYCO000137	99	0	9	
MYCO000138	89	0	13	
MYCO000139	6	0	19	
MYCO000140	2	0	6	
MYCO000141	3	0	12	
MYCO000142	124	0	16	
MYCO000143	59	0	31	
MYCO000144	51	0	12	
MYCO000145	34	0	15	
MYCO000146	135	0	17	
MYCO000147	29	0	22	
MYCO000148	9	0	6	
MYCO000149	147	0	17	
MYCO000150	10	0	6	
MYCO000151	55	0	30	
MYCO000152	9	0	36	
MYCO000153	16	0	15	
MYCO000154	8	0	14	
MYCO000155	23	0	12	
MYCO000156	1	0	7	
MYCO000157	65	0	23	
MYCO000158	2	0	17	
MYCO000159	61	0	26	
MYCO000160	9	0	28	
MYCO000161	19	0	26	
MYCO000162	40	0	16	
MYCO000163	1	0	11	
MYCO000164	3	0	10	
MYCO000165	380	0	3	
MYCO000166	9	0	32	
MYCO000167	1	383	12	
MYCO000168	18	0	20	
MYCO000169	18	0	30	
MYCO000170	3	0	16	
MYCO000171	212	0	20	
MYCO000172	47	0	29	
MYCO000173	3	0	20	
MYCO000174	16	0	26	
MYCO000175	14	0	27	
MYCO000176	24	0	17	
MYCO000177	1	0	8	
MYCO000178	0	0	14	
MYCO000179	45	0	17	
MYCO000180	93	0	36	
MYCO000181	1	0	14	
MYCO000182	64	0	30	
MYCO000185	9	0	9	
MYCO000186	48	0	36	
MYCO000187	11	0	12	
MYCO000188	2	0	9	
MYCO000190	0	0	8	
MYCO000191	73	0	15	
MYCO000192	181	0	12	
MYCO000193	12	0	35	
MYCO000194	59	0	64	
MYCO000195	127	0	11	
MYCO000196	8	0	10	
MYCO000197	768	0	0	
MYCO000199	1	0	13	
MYCO000200	13	0	7	
MYCO000201	60	0	7	
MYCO000202	31	0	39	
MYCO000203	44	0	11	
MYCO000205	97	0	16	
MYCO000206	44	0	33	
MYCO000208	6	0	8	
MYCO000209	65	0	19	
MYCO000210	71	0	15	
MYCO000212	13	0	18	
MYCO000213	8	0	21	
MYCO000214	18	0	37	
MYCO000215	88	0	19	
MYCO000216	14	0	14	
MYCO000217	73	0	16	
MYCO000218	231	0	21	
MYCO000219	0	0	15	
MYCO000220	29	0	19	
MYCO000221	84	0	16	
MYCO000222	20	0	15	
MYCO000224	16	0	7	
MYCO000226	43	0	19	
MYCO000229	2	0	16	
MYCO000230	2	0	28	
MYCO000231	12	0	18	
MYCO000232	3	0	13	
MYCO000233	67	0	11	
MYCO000234	43	0	22	
MYCO000235	13	0	35	
MYCO000239	2	0	5	
MYCO000240	2	0	12	
MYCO000245	6	0	11	
MYCO000246	44	0	25	
MYCO000249	5	0	12	
MYCO000250	1	0	5	
MYCO000251	1	0	8	
MYCO000252	16	0	39	
MYCO000253	6	0	8	
MYCO000254	7	0	7	
MYCO000255	76	0	27	
MYCO000256	206	0	21	
MYCO000257	99	0	12	
MYCO000258	9	0	11	
MYCO000259	2	0	13	
MYCO000260	11	0	20	
MYCO000261	14	0	25	
MYCO000262	4	0	8	
MYCO000263	78	0	14	
MYCO000264	16	0	10	
MYCO000265	4	0	23	
MYCO000266	209	0	50	
MYCO000267	81	0	25	
MYCO000268	8	0	8	
MYCO000269	19	0	12	
MYCO000271	31	0	37	
MYCO000272	14	0	20	
MYCO000273	10	0	11	
MYCO000275	81	0	17	
MYCO000276	41	209	14	
MYCO000277	26	310	32	
MYCO000278	768	0	0	
MYCO000279	724	0	23	
MYCO000280	334	0	28	
MYCO000281	38	0	11	
MYCO000282	10	0	34	
MYCO000283	63	0	23	
MYCO000284	155	0	56	
MYCO000285	23	0	5	
MYCO000286	226	0	23	
MYCO000287	4	4	3	
MYCO000288	0	0	10	
MYCO000289	14	0	20	
MYCO000290	132	0	22	
MYCO000291	110	0	21	
MYCO000292	7	0	14	
MYCO000293	24	0	22	
MYCO000294	17	0	23	
MYCO000295	4	0	12	
MYCO000296	13	0	21	
MYCO000297	408	0	41	
MYCO000298	2	0	7	
MYCO000299	1	0	9	
MYCO000300	2	0	6	
MYCO000301	0	0	8	
MYCO000302	18	0	13	
MYCO000303	9	0	14	
MYCO000304	115	0	117	
MYCO000305	752	0	5	
MYCO000306	5	0	14	
MYCO000307	3	0	14	
MYCO000308	2	0	16	
MYCO000309	4	0	8	
MYCO000310	1	0	7	
MYCO000311	7	0	25	
MYCO000312	65	0	29	
MYCO000313	1	0	8	
MYCO000314	31	0	14	
MYCO000315	192	0	14	
MYCO000316	68	0	12	
MYCO000317	8	0	17	
MYCO000318	7	0	12	
MYCO000319	12	0	13	
MYCO000320	1	0	11	
MYCO000323	88	0	12	
MYCO000324	1	0	13	
MYCO000325	371	0	3	
MYCO000326	47	0	10	
MYCO000327	55	0	22	
MYCO000328	4	0	3	
MYCO000329	24	0	12	
MYCO000330	6	0	19	
MYCO000331	50	0	26	
MYCO000332	8	0	17	
MYCO000333	1	0	10	
MYCO000335	103	0	5	
MYCO000336	677	76	10	
MYCO000338	157	0	28	
MYCO000339	120	0	42	
MYCO000340	2	0	13	
MYCO000341	238	0	21	
MYCO000342	20	0	28	
MYCO000343	35	0	29	
MYCO000344	5	0	11	
MYCO000345	1	0	11	
MYCO000346	36	0	14	
MYCO000347	3	5	14	
MYCO000348	4	0	8	
MYCO000349	7	0	14	
MYCO000351	22	0	9	
MYCO000353	2	0	7	
MYCO000354	768	0	0	
MYCO000355	456	0	96	
MYCO000356	63	0	13	
MYCO000358	215	0	7	
MYCO000359	9	0	17	
MYCO000361	2	0	10	
MYCO000362	6	0	24	
MYCO000363	9	0	20	
MYCO000364	3	0	16	
MYCO000365	22	0	19	
MYCO000366	11	0	12	
MYCO000367	5	0	9	
MYCO000368	34	0	22	
MYCO000369	3	0	10	
MYCO000370	3	0	20	
MYCO000371	6	0	10	
MYCO000372	21	0	17	
MYCO000373	33	0	49	
MYCO000374	2	0	12	
MYCO000375	75	0	13	
MYCO000376	55	0	19	
MYCO000377	59	0	21	
MYCO000378	100	0	5	
MYCO000379	2	0	8	
MYCO000380	12	0	13	
MYCO000381	8	0	13	
MYCO000382	3	0	6	
MYCO000385	1	0	12	
MYCO000386	79	0	48	
MYCO000387	277	0	7	
MYCO000388	768	0	0	
MYCO000389	112	0	25	
MYCO000390	0	0	6	
MYCO000391	16	0	10	
MYCO000392	37	0	31	
MYCO000393	258	0	34	
MYCO000394	10	0	12	
MYCO000395	128	0	8	
MYCO000396	5	0	10	
MYCO000397	127	248	30	
MYCO000398	44	0	10	
MYCO000399	12	0	31	
MYCO000400	16	0	12	
MYCO000401	37	0	3	
MYCO000402	141	0	39	
MYCO000403	177	0	7	
MYCO000404	25	0	48	
MYCO000405	370	0	64	
MYCO000406	8	0	10	
MYCO000408	5	0	32	
MYCO000409	5	0	26	
MYCO000412	4	0	25	
MYCO000413	24	0	12	
MYCO000416	1	0	7	
MYCO000418	5	0	27	
MYCO000419	15	0	26	
MYCO000420	2	0	13	
MYCO000421	4	0	10	
MYCO000422	1	0	12	
MYCO000424	0	0	8	
MYCO000425	190	0	58	
MYCO000426	17	0	8	
MYCO000427	10	0	13	
MYCO000428	38	0	18	
MYCO000430	12	0	6	
MYCO000431	3	0	9	
MYCO000434	2	0	14	
MYCO000435	50	0	40	
MYCO000436	53	0	13	
MYCO000437	43	0	6	
MYCO000438	15	0	17	
MYCO000441	59	0	10	
MYCO000442	13	0	24	
MYCO000443	25	0	9	
MYCO000444	129	0	17	
MYCO000445	2	0	8	
MYCO000446	174	0	11	
MYCO000447	31	0	21	
MYCO000448	13	0	9	
MYCO000449	7	0	10	
MYCO000450	13	0	34	
MYCO000451	3	0	5	
MYCO000452	1	0	9	
MYCO000453	205	0	17	
MYCO000454	4	0	4	
MYCO000455	1	0	8	
MYCO000456	8	0	23	
MYCO000457	94	0	22	
MYCO000458	60	0	25	
MYCO000459	28	0	13	
MYCO000460	2	0	4	
MYCO000461	8	0	8	
MYCO000463	13	0	6	
MYCO000464	1	0	11	
MYCO000469	18	0	24	
MYCO000470	9	0	11	
MYCO000471	15	0	15	
MYCO000473	5	0	14	
MYCO000474	1	0	8	
MYCO000476	2	0	3	
MYCO000477	11	0	3	
MYCO000478	2	0	12	
MYCO000479	90	0	13	
MYCO000480	27	0	13	
MYCO000481	4	0	9	
MYCO000482	7	0	17	
MYCO000485	15	0	17	
MYCO000487	26	0	15	
MYCO000488	3	0	14	
MYCO000492	104	0	31	
MYCO000493	22	0	18	
MYCO000494	19	0	11	
MYCO000497	104	0	12	
MYCO000499	19	0	12	
MYCO000500	79	0	13	
MYCO000503	3	0	9	
MYCO000504	0	0	7	
MYCO000506	5	0	2	
MYCO000507	72	0	56	
MYCO000508	0	0	3	
MYCO000511	125	0	19	
MYCO000513	7	0	8	
MYCO000514	6	0	7	
MYCO000515	677	39	10	
MYCO000516	0	0	5	
MYCO000517	19	0	16	
MYCO000518	1	0	10	
MYCO000519	87	0	11	
MYCO000520	7	0	4	
MYCO000521	1	0	9	
MYCO000522	3	0	18	
MYCO000523	48	0	10	
MYCO000525	71	0	14	
MYCO000526	6	0	8	
MYCO000530	77	0	21	
MYCO000531	101	0	7	
MYCO000532	717	0	2	
MYCO000533	19	0	12	
MYCO000534	24	0	15	
MYCO000535	7	0	10	
MYCO000536	127	0	12	
MYCO000537	67	0	29	
MYCO000538	187	0	34	
MYCO000539	305	0	6	
MYCO000540	62	0	3	
MYCO000541	27	0	22	
MYCO000542	106	0	14	
MYCO000543	0	0	4	
MYCO000544	67	0	6	
MYCO000545	24	0	19	
MYCO000546	2	0	10	
MYCO000547	51	0	20	
MYCO000549	15	0	8	
MYCO000550	4	0	2	
MYCO000552	177	0	18	
MYCO000554	58	0	13	
MYCO000556	2	0	8	
MYCO000559	14	0	6	
MYCO000560	2	0	12	
MYCO000561	46	0	10	
MYCO000565	40	0	27	
MYCO000567	9	0	17	
MYCO000568	28	0	22	
MYCO000569	3	0	6	
MYCO000570	52	0	28	
MYCO000571	71	0	16	
MYCO000572	5	0	5	
MYCO000573	48	0	30	
MYCO000574	51	0	17	
MYCO000575	52	0	20	
MYCO000576	54	0	21	
MYCO000577	62	0	15	
MYCO000578	570	0	40	
MYCO000579	49	0	14	
MYCO000580	6	0	7	
MYCO000581	25	0	6	
MYCO000582	2	0	7	
MYCO000583	21	0	12	
MYCO000584	10	0	43	
MYCO000585	29	0	28	
MYCO000586	1	237	12	
MYCO000587	24	0	19	
MYCO000588	41	0	15	
MYCO000589	8	0	23	
MYCO000590	375	0	7	
MYCO000591	58	0	22	
MYCO000592	128	0	15	
MYCO000593	10	0	17	
MYCO000594	50	0	26	
MYCO000595	3	0	8	
MYCO000596	6	0	4	
MYCO000597	5	0	14	
MYCO000598	4	0	13	
MYCO000599	2	424	5	
MYCO000600	38	0	7	
MYCO000601	33	0	15	
MYCO000602	103	0	11	
MYCO000603	137	0	4	
MYCO000604	36	0	22	
MYCO000605	4	0	8	
MYCO000606	13	0	15	
MYCO000607	1	0	7	
MYCO000608	1	0	3	
MYCO000609	7	0	8	
MYCO000610	83	0	13	
MYCO000611	1	0	6	
MYCO000612	106	0	9	
MYCO000613	213	0	33	
MYCO000614	27	0	14	
MYCO000615	7	0	5	
MYCO000616	7	0	5	
MYCO000617	2	0	14	
MYCO000618	90	0	8	
MYCO000619	768	0	0	
MYCO000620	213	0	14	
MYCO000621	98	0	11	
MYCO000622	3	0	20	
MYCO000623	1	0	2	
MYCO000624	1	0	11	
MYCO000625	56	0	14	
MYCO000626	6	0	7	
MYCO000627	6	0	3	
MYCO000628	65	363	24	
MYCO000629	144	0	18	
MYCO000630	205	0	33	
MYCO000631	200	0	39	
MYCO000632	0	0	7	
MYCO000633	9	0	23	
MYCO000634	2	0	9	
MYCO000635	5	0	12	
MYCO000637	4	0	14	
MYCO000638	14	0	10	
MYCO000642	6	0	15	
MYCO000643	26	0	8	
MYCO000644	1	4	15	
MYCO000645	2	0	16	
MYCO000646	11	0	9	
MYCO000648	270	0	49	
MYCO000649	297	0	5	
MYCO000650	214	0	15	
MYCO000653	7	0	7	
MYCO000654	84	0	19	
MYCO000656	9	0	11	
MYCO000657	2	0	4	
MYCO000658	6	0	16	
MYCO000659	3	0	8	
MYCO000660	6	0	7	
MYCO000661	12	0	4	
MYCO000662	7	0	5	
MYCO000663	66	0	31	
MYCO000664	2	0	5	
MYCO000665	10	0	7	
MYCO000666	1	0	5	
MYCO000669	67	0	30	
MYCO000670	145	0	7	
MYCO000671	16	0	13	
MYCO000673	113	0	16	
MYCO000674	11	0	6	
MYCO000675	37	0	8	
MYCO000676	3	326	44	
MYCO000677	0	0	13	
MYCO000678	2	0	6	
MYCO000679	11	0	7	
MYCO000680	1	0	7	
MYCO000681	2	0	8	
MYCO000686	124	0	7	
MYCO000687	10	0	8	
MYCO000688	11	0	17	
MYCO000689	38	0	4	
MYCO000690	6	0	10	
MYCO000691	0	0	11	
MYCO000692	0	0	2	
MYCO000694	30	0	19	
MYCO000695	3	0	16	
MYCO000697	7	0	20	
MYCO000698	138	0	16	
MYCO000699	0	0	5	
MYCO000711	61	0	29	
MYCO000712	3	0	7	
MYCO000713	4	0	20	
MYCO000724	74	0	31	
MYCO000725	8	0	12	
MYCO000726	24	0	21	
MYCO000727	44	0	15	
MYCO000728	21	0	22	
MYCO000729	127	0	22	
MYCO000730	23	0	12	
MYCO000731	78	0	10	
MYCO000735	2	0	13	
MYCO000736	16	0	17	
MYCO000737	3	0	9	
MYCO000738	100	0	7	
MYCO000739	388	0	6	
MYCO000740	191	0	17	
MYCO000741	5	87	11	
MYCO000742	768	0	0	
MYCO000743	3	0	6	
MYCO000744	37	0	11	
MYCO000745	109	0	12	
MYCO000746	697	0	9	
MYCO000747	701	0	12	
MYCO000748	75	0	11	
MYCO000749	26	359	29	
MYCO000750	176	281	14	
MYCO000751	27	0	13	
MYCO000752	17	0	20	
MYCO000753	43	0	23	
MYCO000754	210	0	27	
MYCO000755	92	0	47	
MYCO000756	24	0	17	
MYCO000759	0	0	3	
MYCO000760	27	0	8	
MYCO000761	8	0	11	
MYCO000762	1	0	7	
MYCO000763	0	0	5	
MYCO000764	4	0	23	
MYCO000765	19	0	11	
MYCO000766	193	0	15	
MYCO000767	60	0	12	
MYCO000768	15	0	20	
MYCO000769	4	0	11	
MYCO000770	49	0	16	
MYCO000771	11	0	9	
MYCO000773	14	0	30	
MYCO000774	31	0	21	
MYCO000775	11	0	13	
MYCO000776	31	0	11	
MYCO000778	32	0	15	
MYCO000779	248	0	9	
MYCO000781	746	0	1	
MYCO000783	7	0	30	
MYCO000784	27	0	11	
MYCO000785	30	0	16	
MYCO000786	34	0	7	
MYCO000787	123	0	17	
MYCO000789	2	0	6	
MYCO000790	4	0	18	
MYCO000791	23	0	26	
MYCO000792	2	0	16	
MYCO000793	3	0	4	
MYCO000794	12	0	16	
MYCO000795	89	0	5	
MYCO000796	768	0	0	
MYCO000797	756	0	3	
MYCO000798	9	0	8	
MYCO000799	0	0	14	
MYCO000800	6	0	21	
MYCO000801	2	0	6	
MYCO000802	18	0	17	
MYCO000804	140	0	10	
MYCO000805	2	0	17	
MYCO000806	7	0	22	
MYCO000807	3	0	3	
MYCO000811	47	0	11	
MYCO000812	6	0	12	
MYCO000813	49	0	14	
MYCO000816	0	0	12	
MYCO000817	2	0	14	
MYCO000818	20	0	14	
MYCO000819	14	0	17	
MYCO000822	139	0	20	
MYCO000825	8	0	17	
MYCO000826	52	0	12	
MYCO000827	61	0	9	
MYCO000828	20	0	9	
MYCO000829	23	235	17	
MYCO000830	8	0	19	
MYCO000831	5	0	12	
MYCO000832	176	0	6	
MYCO000833	606	0	20	
MYCO000834	466	0	29	
MYCO000835	66	0	15	
MYCO000836	381	0	6	
MYCO000837	24	0	17	
MYCO000838	4	0	13	
MYCO000839	7	0	5	
MYCO000840	11	0	13	
MYCO000841	9	0	9	
MYCO000842	43	0	22	
MYCO000843	4	0	19	
MYCO000844	15	0	14	
MYCO000845	10	0	24	
MYCO000846	37	0	22	
MYCO000847	101	0	9	
MYCO000848	14	0	21	
MYCO000849	114	0	20	
MYCO000850	4	0	2	
MYCO000851	52	0	11	
MYCO000852	7	0	16	
MYCO000853	33	0	26	
MYCO000854	2	0	10	
MYCO000855	27	0	19	
MYCO000856	1	0	7	
MYCO000857	5	0	9	
MYCO000858	47	0	25	
MYCO000862	73	0	39	
MYCO000863	3	0	4	
MYCO000864	3	0	8	
MYCO000865	6	0	7	
MYCO000866	69	0	9	
MYCO000867	388	0	27	
MYCO000868	8	0	7	
MYCO000869	54	0	18	
MYCO000870	3	0	10	
MYCO000872	348	0	24	
MYCO000873	18	0	18	
MYCO000874	66	366	20	
MYCO000875	4	0	10	
MYCO000877	4	0	13	
MYCO000878	562	0	19	
MYCO000879	21	0	4	
MYCO000880	11	0	6	
MYCO000881	6	0	10	
MYCO000882	8	0	7	
MYCO000883	22	0	12	
MYCO000887	4	0	4	
MYCO000888	174	0	24	
MYCO000890	35	0	42	
MYCO000891	32	0	11	
MYCO000892	9	0	31	
MYCO000893	7	0	22	
MYCO000894	12	0	24	
MYCO000895	23	0	20	
MYCO000897	169	0	25	
MYCO000898	0	0	1	
MYCO000899	1	0	12	
MYCO000900	2	0	3	
MYCO000901	40	0	14	
MYCO000904	121	0	17	
MYCO000905	7	0	9	
MYCO000907	768	0	0	
MYCO000908	8	0	31	
MYCO000909	9	0	4	
MYCO000910	3	0	7	
MYCO000911	55	0	18	
MYCO000912	2	0	8	
MYCO000913	27	0	19	
MYCO000914	30	0	28	
MYCO000915	124	0	24	
MYCO000916	4	0	10	
MYCO000917	21	0	23	
MYCO000918	9	0	12	
MYCO000919	0	0	10	
MYCO000920	12	0	14	
MYCO000921	9	0	10	
MYCO000922	28	0	29	
MYCO000923	1	0	24	
MYCO000924	69	0	13	
MYCO000925	9	0	10	
MYCO000928	15	0	11	
MYCO000930	9	0	8	
MYCO000931	31	0	43	
MYCO000932	11	0	23	
MYCO000933	5	0	16	
MYCO000934	104	0	13	
MYCO000935	11	0	21	
MYCO000936	10	0	11	
MYCO000937	1	0	10	
MYCO000938	6	0	39	
MYCO000939	16	0	33	
MYCO000940	2	0	16	
MYCO000941	7	0	14	
MYCO000942	2	0	5	
MYCO000943	8	0	16	
MYCO000944	7	0	14	
MYCO000945	20	0	14	
MYCO000947	4	0	7	
MYCO000948	0	0	6	
MYCO000950	29	0	24	
MYCO000954	29	0	22	
MYCO000955	162	0	18	
MYCO000956	81	0	12	
MYCO000958	103	0	21	
MYCO000959	131	0	30	
MYCO000960	9	0	5	
MYCO000961	5	483	4	
MYCO000962	42	0	16	
MYCO000963	48	0	11	
MYCO000964	6	0	7	
MYCO000965	4	0	10	
MYCO000966	81	0	14	
MYCO000967	5	0	4	
MYCO000968	7	0	7	
MYCO000969	184	0	42	
MYCO000970	1	0	7	
MYCO000971	73	0	11	
MYCO000972	8	0	27	
MYCO000973	56	0	38	
MYCO000974	31	0	27	
MYCO000975	75	0	14	
MYCO000976	100	0	21	
MYCO000977	449	0	27	
MYCO000978	708	0	24	
MYCO000979	4	0	5	
MYCO000980	740	0	18	
MYCO000982	30	0	20	
MYCO000984	8	0	5	
MYCO000985	0	0	12	
MYCO000986	27	0	17	
MYCO000987	54	0	63	
MYCO000988	20	0	33	
MYCO000989	10	0	33	
MYCO000990	25	0	16	
MYCO000991	1	0	4	
MYCO000992	39	0	13	
MYCO000996	4	0	21	
MYCO000997	0	0	11	
MYCO000998	22	0	12	
MYCO000999	11	0	9	
MYCO001000	9	0	6	
MYCO001003	45	0	12	
MYCO001004	296	0	23	
MYCO001005	191	0	8	
MYCO001006	19	0	25	
MYCO001012	87	0	6	
MYCO001016	5	0	7	
MYCO001019	1	0	6	
MYCO001021	6	0	11	
MYCO001024	60	0	11	
MYCO001025	10	0	5	
MYCO001027	3	0	10	
MYCO001028	213	0	36	
MYCO001029	8	0	36	
MYCO001030	9	0	39	
MYCO001031	15	0	9	
MYCO001032	16	0	21	
MYCO001033	6	0	13	
MYCO001034	108	0	10	
MYCO001035	124	0	16	
MYCO001036	20	0	7	
MYCO001037	64	355	78	
MYCO001038	441	67	55	
MYCO001039	170	0	12	
MYCO001040	88	0	12	
MYCO001041	36	4	20	
MYCO001042	12	0	10	
MYCO001043	4	0	15	
MYCO001044	0	0	5	
MYCO001045	159	0	12	
MYCO001046	768	0	0	
MYCO001047	751	6	6	
MYCO001048	2	0	27	
MYCO001049	5	0	11	
MYCO001050	33	0	12	
MYCO001051	6	0	16	
MYCO001052	6	0	9	
MYCO001053	2	0	8	
MYCO001054	0	0	7	
MYCO001055	0	0	3	
MYCO001056	5	22	16	
MYCO001057	4	0	22	
MYCO001058	23	0	17	
MYCO001059	11	0	23	
MYCO001060	3	0	10	
MYCO001061	3	0	11	
MYCO001062	44	0	12	
MYCO001063	17	0	25	
MYCO001064	49	0	7	
MYCO001065	22	0	12	
MYCO001066	87	0	4	
MYCO001067	764	0	4	
MYCO001068	743	0	7	
MYCO001069	22	0	26	
MYCO001073	14	0	18	
MYCO001074	13	0	17	
MYCO001075	27	0	21	
MYCO001076	9	0	16	
MYCO001078	196	0	6	
MYCO001081	12	0	8	
MYCO001083	1	0	2	
MYCO001084	269	0	11	
MYCO001085	9	0	12	
MYCO001087	641	0	28	
MYCO001088	67	0	12	
MYCO001089	768	0	0	
MYCO001090	5	0	8	
MYCO001091	698	0	24	
MYCO001093	17	0	21	
MYCO001096	19	0	10	
MYCO001097	5	0	23	
MYCO001100	7	0	12	
MYCO001101	24	0	16	
MYCO001102	3	0	6	
MYCO001103	1	0	4	
MYCO001104	1	0	15	
MYCO001105	9	0	8	
MYCO001106	22	0	12	
MYCO001107	0	0	6	
MYCO001109	2	0	9	
MYCO001111	6	0	18	
MYCO001113	0	0	2	
MYCO001114	1	0	9	
MYCO001115	14	0	24	
MYCO001116	4	0	3	
MYCO001117	2	0	6	
MYCO001118	48	0	17	
MYCO001119	2	0	2	
MYCO001120	3	0	8	
MYCO001121	23	0	21	
MYCO001122	68	0	15	
MYCO001123	8	0	15	
MYCO001124	18	0	15	
MYCO001125	91	0	21	
MYCO001126	3	0	12	
MYCO001127	5	0	20	
MYCO001128	266	0	23	
MYCO001129	6	0	35	
MYCO001130	11	0	25	
MYCO001131	2	0	16	
MYCO001132	127	0	23	
MYCO001133	107	0	21	
MYCO001134	53	0	6	
MYCO001135	230	0	29	
MYCO001136	1	0	3	
MYCO001137	8	0	7	
MYCO001138	16	0	14	
MYCO001139	71	0	13	
MYCO001140	1	0	11	
MYCO001141	4	394	15	
MYCO001142	4	445	12	
MYCO001143	10	0	17	
MYCO001144	11	0	13	
MYCO001145	379	0	5	
MYCO001146	12	0	18	
MYCO001147	4	0	11	
MYCO001148	747	3	11	
MYCO001149	12	0	10	
MYCO001150	768	0	0	
MYCO001151	8	0	7	
MYCO001152	6	0	7	
MYCO001153	16	0	18	
MYCO001154	1	0	8	
MYCO001155	5	0	7	
MYCO001156	8	0	8	
MYCO001157	336	0	13	
MYCO001158	173	0	9	
MYCO001159	2	0	23	
MYCO001160	18	0	10	
MYCO001161	36	0	46	
MYCO001162	11	0	20	
MYCO001163	8	0	6	
MYCO001164	4	0	9	
MYCO001166	31	0	16	
MYCO001167	6	0	7	
MYCO001168	129	0	16	
MYCO001169	5	0	5	
MYCO001170	7	0	11	
MYCO001171	1	0	8	
MYCO001172	103	0	16	
MYCO001174	2	0	8	
MYCO001175	297	0	26	
MYCO001176	38	0	7	
MYCO001179	143	0	49	
MYCO001180	766	0	1	
MYCO001181	49	0	68	
MYCO001182	7	0	15	
MYCO001183	8	0	44	
MYCO001184	5	0	20	
MYCO001185	14	0	23	
MYCO001186	57	0	28	
MYCO001187	95	0	19	
MYCO001188	44	0	17	
MYCO001189	16	0	12	
MYCO001190	101	0	14	
MYCO001191	137	0	16	
MYCO001192	90	0	9	
MYCO001194	7	0	20	
MYCO001195	3	0	4	
MYCO001196	377	54	132	
MYCO001197	441	77	55	
MYCO001198	64	363	78	
MYCO001199	751	6	6	
MYCO001200	58	0	19	
MYCO001203	53	0	12	
MYCO001204	55	0	31	
MYCO001205	14	0	9	
MYCO001206	14	0	20	
MYCO001209	6	0	7	
MYCO001210	2	0	3	
MYCO001211	1	0	4	
MYCO001212	9	0	17	
MYCO001214	29	0	8	
MYCO001215	120	0	30	
MYCO001216	15	0	10	
MYCO001217	144	0	30	
MYCO001218	3	0	20	
MYCO001219	6	0	14	
MYCO001222	1	0	9	
MYCO001224	1	0	14	
MYCO001225	192	0	18	
MYCO001226	110	0	23	
MYCO001227	5	0	9	
MYCO001228	2	0	16	
MYCO001230	66	0	27	
MYCO001231	28	0	9	
MYCO001232	17	0	23	
MYCO001233	32	0	15	
MYCO001234	8	0	12	
MYCO001235	3	0	17	
MYCO001236	10	0	11	
MYCO001237	3	0	6	
MYCO001240	18	0	16	
MYCO001241	9	0	6	
MYCO001242	5	0	7	
MYCO001243	496	0	17	
MYCO001244	120	0	16	
MYCO001246	2	0	9	
MYCO001247	4	0	2	
MYCO001249	11	0	17	
MYCO001250	97	0	22	
MYCO001251	218	0	40	
MYCO001252	1	0	9	
MYCO001254	79	0	15	
MYCO001255	8	0	14	
MYCO001256	17	0	21	
MYCO001257	4	0	27	
MYCO001258	176	0	23	
MYCO001259	28	0	9	
MYCO001260	74	0	16	
MYCO001261	7	0	10	
MYCO001262	8	0	7	
MYCO001263	80	0	12	
MYCO001264	25	0	24	
MYCO001265	18	0	4	
MYCO001266	170	0	24	
MYCO001267	6	0	14	
MYCO001268	55	0	15	
MYCO001269	148	0	4	
MYCO001270	48	0	14	
MYCO001271	3	0	7	
MYCO001274	87	0	5	
MYCO001275	2	0	9	
MYCO001276	43	0	12	
MYCO001278	157	0	30	
MYCO001279	11	0	21	
MYCO001280	6	0	21	
MYCO001281	18	0	24	
MYCO001282	2	0	7	
MYCO001283	23	0	13	
MYCO001284	2	0	6	
MYCO001285	2	0	19	
MYCO001286	5	0	36	
MYCO001287	0	0	6	
MYCO001288	313	0	25	
MYCO001289	2	0	10	
MYCO001290	130	159	24	
MYCO001291	4	0	8	
MYCO001296	28	0	14	
MYCO001300	93	0	8	
MYCO001301	2	0	13	
MYCO001303	2	0	7	
MYCO001304	3	0	13	
MYCO001306	2	0	10	
MYCO001307	8	0	20	
MYCO001312	8	0	14	
MYCO001313	408	9	15	
MYCO001314	10	0	9	
MYCO001316	8	0	9	
MYCO001317	37	0	27	
MYCO001318	35	0	28	
MYCO001319	579	0	19	
MYCO001320	34	0	33	
MYCO001322	42	0	5	
MYCO001324	84	0	18	
MYCO001325	499	0	26	
MYCO001329	102	0	21	
MYCO001330	52	0	26	
MYCO001331	4	0	5	
MYCO001332	1	0	11	
MYCO001333	32	0	17	
MYCO001334	24	0	7	
MYCO001335	20	0	7	
MYCO001336	62	0	12	
MYCO001337	0	0	12	
MYCO001339	6	0	13	
MYCO001341	7	0	8	
MYCO001342	5	0	4	
MYCO001343	6	0	12	
MYCO001344	0	0	6	
MYCO001345	9	0	25	
MYCO001346	2	0	10	
MYCO001347	1	0	15	
MYCO001348	49	0	31	
MYCO001349	23	0	21	
MYCO001350	4	0	9	
MYCO001351	2	0	9	
MYCO001352	1	0	14	
MYCO001353	30	0	15	
MYCO001354	45	0	27	
MYCO001355	119	0	43	
MYCO001356	37	0	17	
MYCO001357	6	0	17	
MYCO001358	234	0	41	
MYCO001359	16	0	10	
MYCO001360	25	0	12	
MYCO001361	366	54	135	
MYCO001362	5	0	14	
MYCO001363	65	0	15	
MYCO001364	62	0	25	
MYCO001365	4	0	7	
MYCO001366	47	0	11	
MYCO001367	54	0	24	
MYCO001368	20	0	21	
MYCO001369	768	0	0	
MYCO001370	89	0	5	
MYCO001371	179	0	18	
MYCO001372	6	0	20	
MYCO001373	12	0	16	
MYCO001374	1	0	13	
MYCO001375	46	0	23	
MYCO001376	65	0	19	
MYCO001377	2	0	13	
MYCO001378	104	0	25	
MYCO001379	11	0	9	
MYCO001382	22	0	10	
MYCO001386	22	0	5	
MYCO001387	302	0	18	
MYCO001389	18	0	21	
MYCO001393	20	0	14	
MYCO001394	7	0	21	
MYCO001395	4	0	24	
MYCO001396	520	0	18	
MYCO001397	5	0	10	
MYCO001398	1	0	3	
MYCO001399	15	0	19	
MYCO001400	27	0	17	
MYCO001401	27	0	14	
MYCO001403	58	0	15	
MYCO001404	1	0	6	
MYCO001405	2	0	16	
MYCO001406	70	0	12	
MYCO001409	102	0	13	
MYCO001411	1	0	11	
MYCO001413	3	0	11	
MYCO001414	1	0	10	
MYCO001417	3	0	11	
MYCO001418	2	0	10	
MYCO001419	3	0	8	
MYCO001422	46	0	12	
MYCO001423	42	0	17	
MYCO001424	13	0	13	
MYCO001425	6	0	29	
MYCO001426	13	0	19	
MYCO001427	36	0	21	
MYCO001428	1	0	16	
MYCO001429	38	0	26	
MYCO001430	96	0	21	
MYCO001431	10	0	34	
MYCO001432	75	0	11	
MYCO001433	3	0	8	
MYCO001434	1	0	2	
MYCO001435	166	0	14	
MYCO001439	1	203	10	
MYCO001441	408	0	37	
MYCO001442	50	0	44	
MYCO001443	6	0	9	
MYCO001444	6	0	7	
MYCO001446	122	0	22	
MYCO001450	768	0	0	
MYCO001452	706	0	26	
MYCO001453	17	0	23	
MYCO001454	8	0	19	
MYCO001455	27	0	12	
MYCO001456	35	0	15	
MYCO001459	75	0	20	
MYCO001460	116	0	12	
MYCO001461	16	0	42	
MYCO001468	406	0	14	
MYCO001469	70	0	26	
MYCO001470	1	0	3	
MYCO001471	8	0	2	
MYCO001472	11	0	22	
MYCO001476	0	0	10	
MYCO001477	26	0	24	
MYCO001478	11	0	11	
MYCO001482	5	0	17	
MYCO001486	6	0	17	
MYCO001487	2	0	7	
MYCO001488	10	0	9	
MYCO001489	2	0	10	
MYCO001490	8	0	27	
MYCO001491	1	0	14	
MYCO001492	77	0	25	
MYCO001494	1	0	6	
MYCO001495	1	0	6	
MYCO001496	7	0	13	
MYCO001497	21	0	20	
MYCO001498	11	0	17	
MYCO001499	6	0	6	
MYCO001500	14	0	20	
MYCO001501	10	0	12	
MYCO001502	19	0	21	
MYCO001503	768	0	0	
MYCO001504	205	0	7	
MYCO001505	11	0	15	
MYCO001506	24	0	6	
MYCO001507	19	0	18	
MYCO001508	36	17	30	
MYCO001509	70	0	11	
MYCO001510	2	415	22	
MYCO001511	17	0	16	
MYCO001512	13	0	14	
MYCO001513	12	0	7	
MYCO001514	10	0	12	
MYCO001515	13	0	10	
MYCO001516	45	0	14	
MYCO001517	11	0	11	
MYCO001518	32	0	15	
MYCO001519	121	0	5	
MYCO001520	127	0	23	
MYCO001521	34	0	18	
MYCO001522	75	0	53	
MYCO001523	20	0	18	
MYCO001524	86	0	21	
MYCO001525	95	0	12	
MYCO001526	76	0	16	
MYCO001527	197	0	83	
MYCO001528	7	0	5	
MYCO001529	17	0	34	
MYCO001530	10	0	23	
MYCO001531	3	0	8	
MYCO001532	17	0	10	
MYCO001533	23	0	15	
MYCO001534	5	0	13	
MYCO001535	3	0	3	
MYCO001537	36	0	24	
MYCO001538	54	0	15	
MYCO001539	6	0	8	
MYCO001541	7	0	9	
MYCO001542	4	5	5	
MYCO001543	5	0	15	
MYCO001544	15	0	14	
MYCO001545	4	0	6	
MYCO001546	13	0	12	
MYCO001548	31	0	34	
MYCO001549	760	0	2	
MYCO001550	90	0	21	
MYCO001551	184	0	25	
MYCO001552	28	0	36	
MYCO001553	34	0	10	
MYCO001554	3	0	11	
MYCO001555	3	0	6	
MYCO001556	4	0	10	
MYCO001558	7	0	5	
MYCO001560	1	0	2	
MYCO001561	3	0	8	
MYCO001562	78	0	25	
MYCO001563	61	0	22	
MYCO001565	121	0	26	
MYCO001566	28	0	21	
MYCO001567	0	0	9	
MYCO001570	84	0	7	
MYCO001571	67	0	6	
MYCO001572	555	0	3	
MYCO001573	508	0	4	
MYCO001574	544	0	6	
MYCO001575	768	0	0	
MYCO001576	166	90	44	
MYCO001577	487	0	5	
MYCO001578	492	0	5	
MYCO001579	483	0	3	
MYCO001580	486	0	3	
MYCO001581	588	0	3	
MYCO001582	488	0	8	
MYCO001583	56	118	12	
MYCO001584	511	0	1	
MYCO001585	554	0	9	
MYCO001586	499	0	11	
MYCO001587	760	0	4	
MYCO001588	741	0	17	
MYCO001590	1	0	6	
MYCO001591	4	0	23	
MYCO001592	4	0	25	
MYCO001596	5	0	10	
MYCO001597	6	0	12	
MYCO001598	7	0	5	
MYCO001602	2	0	8	
MYCO001604	2	0	16	
MYCO001606	5	0	8	
MYCO001607	11	0	12	
MYCO001608	1	0	3	
MYCO001610	93	0	11	
MYCO001613	2	0	15	
MYCO001614	8	0	23	
MYCO001615	2	0	7	
MYCO001616	1	0	5	
MYCO001618	3	0	17	
MYCO001619	42	0	19	
MYCO001620	120	0	14	
MYCO001621	110	0	19	
MYCO001622	7	0	22	
MYCO001623	6	0	24	
MYCO001624	4	0	17	
MYCO001625	41	0	20	
MYCO001628	13	0	6	
MYCO001631	17	0	19	
MYCO001632	10	0	8	
MYCO001634	11	0	26	
MYCO001635	18	0	22	
MYCO001636	2	0	7	
MYCO001637	36	0	14	
MYCO001639	160	242	23	
MYCO001640	20	0	60	
MYCO001644	65	0	13	
MYCO001645	84	0	15	
MYCO001646	76	0	15	
MYCO001647	218	0	10	
MYCO001648	3	0	12	
MYCO001650	134	0	38	
MYCO001651	433	0	46	
MYCO001660	121	0	13	
MYCO001661	234	0	76	
MYCO001662	198	0	78	
MYCO001663	21	0	32	
MYCO001664	53	0	40	
MYCO001665	35	0	17	
MYCO001666	33	0	13	
MYCO001667	12	0	8	
MYCO001668	746	0	2	
MYCO001669	23	0	8	
MYCO001670	10	0	8	
MYCO001671	2	0	11	
MYCO001672	71	0	16	
MYCO001673	58	0	18	
MYCO001674	67	0	7	
MYCO001675	59	0	19	
MYCO001676	3	0	21	
MYCO001677	5	0	10	
MYCO001678	91	0	16	
MYCO001679	8	0	16	
MYCO001680	12	0	18	
MYCO001681	5	0	12	
MYCO001682	69	0	18	
MYCO001683	128	0	29	
MYCO001684	10	0	4	
MYCO001685	3	0	8	
MYCO001686	4	0	14	
MYCO001687	4	0	13	
MYCO001688	24	0	13	
MYCO001690	1	0	6	
MYCO001691	49	0	13	
MYCO001692	95	0	12	
MYCO001693	2	0	3	
MYCO001696	4	0	23	
MYCO001698	74	0	11	
MYCO001700	2	0	13	
MYCO001702	86	0	26	
MYCO001703	1	0	9	
MYCO001704	7	0	27	
MYCO001705	181	0	13	
MYCO001706	66	0	15	
MYCO001707	17	0	27	
MYCO001710	0	0	12	
MYCO001714	103	0	14	
MYCO001715	99	0	14	
MYCO001716	4	0	25	
MYCO001717	164	0	9	
MYCO001718	15	0	22	
MYCO001719	19	0	23	
MYCO001720	16	0	6	
MYCO001721	0	0	4	
MYCO001722	82	0	25	
MYCO001723	42	0	14	
MYCO001724	16	0	3	
MYCO001725	42	0	14	
MYCO001726	50	0	33	
MYCO001727	5	0	8	
MYCO001728	4	0	16	
MYCO001729	7	0	17	
MYCO001730	139	0	30	
MYCO001731	64	0	12	
MYCO001732	46	0	7	
MYCO001733	0	0	16	
MYCO001734	2	0	6	
MYCO001735	5	0	14	
MYCO001736	133	329	32	
MYCO001737	132	0	16	
MYCO001738	10	0	8	
MYCO001739	41	0	22	
MYCO001740	0	0	7	
MYCO001741	1	232	6	
MYCO001742	22	0	12	
MYCO001743	87	0	16	
MYCO001744	122	0	6	
MYCO001745	5	0	15	
MYCO001746	39	0	15	
MYCO001747	54	0	28	
MYCO001748	2	0	12	
MYCO001749	5	0	12	
MYCO001750	40	0	21	
MYCO001751	16	0	22	
MYCO001752	5	0	13	
MYCO001753	762	0	6	
MYCO001754	337	0	17	
MYCO001755	768	0	0	
MYCO001756	768	0	0	
MYCO001757	89	0	5	
MYCO001758	527	0	10	
MYCO001759	716	0	15	
MYCO001760	409	0	21	
MYCO001761	404	0	11	
MYCO001762	412	0	11	
MYCO001763	89	0	5	
MYCO001764	768	0	0	
MYCO001765	767	0	1	
MYCO001766	2	0	2	
MYCO001767	3	0	6	
MYCO001768	363	0	24	
MYCO001769	62	0	23	
MYCO001770	46	0	23	
MYCO001771	2	0	21	
MYCO001772	4	0	5	
MYCO001773	4	0	20	
MYCO001774	19	0	24	
MYCO001775	210	0	10	
MYCO001776	5	0	13	
MYCO001777	56	0	26	
MYCO001778	92	0	6	
MYCO001779	75	0	35	
MYCO001780	3	0	8	
MYCO001781	84	0	35	
MYCO001782	24	0	18	
MYCO001783	38	0	42	
MYCO001785	3	0	15	
MYCO001786	1	0	3	
MYCO001787	669	0	15	
MYCO001788	3	4	4	
MYCO001789	78	0	20	
MYCO001790	325	0	28	
MYCO001791	5	0	3	
MYCO001792	768	0	0	
MYCO001793	64	282	55	
MYCO001794	1	0	11	
MYCO001795	84	0	24	
MYCO001796	36	0	32	
MYCO001797	4	0	23	
MYCO001798	8	0	18	
MYCO001799	70	0	5	
MYCO001800	35	0	36	
MYCO001801	224	0	18	
MYCO001802	145	0	19	
MYCO001803	218	0	22	
MYCO001804	3	0	8	
MYCO001805	1	0	12	
MYCO001806	3	0	6	
MYCO001807	768	0	0	
MYCO001808	58	0	20	
MYCO001809	48	0	19	
MYCO001810	0	0	8	
MYCO001811	5	0	16	
MYCO001812	41	0	18	
MYCO001813	5	0	9	
MYCO001814	41	0	20	
MYCO001815	123	0	18	
MYCO001816	110	209	12	
MYCO001817	93	0	22	
MYCO001818	520	0	18	
MYCO001819	31	0	21	
MYCO001820	24	0	26	
MYCO001822	4	0	10	
MYCO001823	20	0	14	
MYCO001824	0	0	9	
MYCO001825	2	0	15	
MYCO001826	1	0	7	
MYCO001828	2	0	5	
MYCO001831	11	0	2	
MYCO001833	5	0	15	
MYCO001834	7	0	13	
MYCO001835	36	0	36	
MYCO001836	56	0	25	
MYCO001838	3	0	7	
MYCO001839	1	0	4	
MYCO001840	368	0	19	
MYCO001841	11	0	14	
MYCO001845	147	0	14	
MYCO001846	6	0	10	
MYCO001847	7	0	16	
MYCO001848	9	0	4	
MYCO001849	0	0	4	
MYCO001850	46	0	32	
MYCO001851	72	0	11	
MYCO001852	20	0	7	
MYCO001853	6	0	14	
MYCO001855	9	0	16	
MYCO001856	116	0	12	
MYCO001857	5	0	12	
MYCO001858	6	0	7	
MYCO001859	18	0	19	
MYCO001860	120	0	23	
MYCO001861	1	0	9	
MYCO001862	8	0	17	
MYCO001863	8	0	15	
MYCO001864	4	0	6	
MYCO001865	2	0	10	
MYCO001866	20	0	31	
MYCO001867	41	0	24	
MYCO001868	58	0	33	
MYCO001869	35	0	11	
MYCO001870	88	0	8	
MYCO001871	35	0	9	
MYCO001872	9	0	25	
MYCO001873	16	0	12	
MYCO001874	6	0	16	
MYCO001875	9	0	7	
MYCO001876	10	0	9	
MYCO001877	39	0	33	
MYCO001878	48	0	18	
MYCO001879	37	0	18	
MYCO001880	11	0	31	
MYCO001881	9	0	10	
MYCO001882	5	0	17	
MYCO001883	4	0	15	
MYCO001884	2	0	7	
MYCO001885	5	0	18	
MYCO001887	44	0	21	
MYCO001888	642	0	2	
MYCO001889	4	0	8	
MYCO001890	6	0	4	
MYCO001891	3	0	17	
MYCO001892	5	0	3	
MYCO001893	2	0	6	
MYCO001895	220	0	10	
MYCO001896	55	0	26	
MYCO001897	6	0	10	
MYCO001898	2	0	5	
MYCO001899	287	0	17	
MYCO001900	17	0	28	
MYCO001901	36	0	26	
MYCO001902	20	0	23	
MYCO001903	2	0	14	
MYCO001904	3	0	7	
MYCO001905	7	0	15	
MYCO001906	1	0	9	
MYCO001907	554	0	11	
MYCO001908	28	0	50	
MYCO001909	1	0	8	
MYCO001910	29	0	10	
MYCO001911	25	0	13	
MYCO001912	227	0	10	
MYCO001913	3	0	13	
MYCO001914	1	0	10	
MYCO001915	473	0	9	
MYCO001916	15	0	13	
MYCO001917	765	0	2	
MYCO001918	151	0	46	
MYCO001919	1	0	6	
MYCO001920	3	0	25	
MYCO001921	125	0	24	
MYCO001922	15	0	20	
MYCO001923	17	0	29	
MYCO001924	1	0	8	
MYCO001925	10	0	21	
MYCO001926	2	0	10	
MYCO001927	26	0	10	
MYCO001928	132	0	14	
MYCO001929	155	0	19	
MYCO001930	31	0	10	
MYCO001931	13	0	10	
MYCO001932	12	0	14	
MYCO001933	113	0	17	
MYCO001934	71	0	22	
MYCO001935	12	0	23	
MYCO001936	5	0	21	
MYCO001937	77	0	36	
MYCO001938	16	0	25	
MYCO001939	79	0	9	
MYCO001940	634	0	5	
MYCO001941	14	0	9	
MYCO001942	3	0	4	
MYCO001943	3	0	11	
MYCO001944	3	0	19	
MYCO001945	727	5	11	
MYCO001946	8	0	11	
MYCO001947	11	0	10	
MYCO001948	31	0	14	
MYCO001949	768	0	0	
MYCO001950	2	0	4	
MYCO001951	39	0	5	
MYCO001952	3	0	4	
MYCO001953	2	0	9	
MYCO001954	11	0	14	
MYCO001955	6	0	6	
MYCO001956	8	0	11	
MYCO001957	4	0	10	
MYCO001958	13	0	13	
MYCO001959	0	0	6	
MYCO001960	1	0	5	
MYCO001961	13	0	12	
MYCO001962	2	0	8	
MYCO001963	21	0	10	
MYCO001964	37	0	9	
MYCO001965	35	0	21	
MYCO001966	31	0	19	
MYCO001967	25	0	21	
MYCO001968	254	0	18	
MYCO001969	32	0	22	
MYCO001970	19	0	14	
MYCO001971	77	0	30	
MYCO001972	18	0	11	
MYCO001973	35	0	9	
MYCO001974	17	0	10	
MYCO001975	105	0	11	
MYCO001976	29	0	7	
MYCO001977	96	0	11	
MYCO001978	144	0	13	
MYCO001979	21	0	26	
MYCO001980	8	0	13	
MYCO001982	2	0	10	
MYCO001983	207	0	29	
MYCO001984	33	0	11	
MYCO001985	23	0	11	
MYCO001986	10	0	17	
MYCO001987	5	0	6	
MYCO001988	15	0	12	
MYCO001989	7	0	13	
MYCO001990	0	0	6	
MYCO001991	1	0	6	
MYCO001992	257	0	31	
MYCO001993	155	0	8	
MYCO001994	116	0	5	
MYCO001995	157	0	13	
MYCO001996	152	0	16	
MYCO001997	359	0	22	
MYCO001998	10	0	15	
MYCO001999	71	0	20	
MYCO002000	20	0	26	
MYCO002001	3	0	13	
MYCO002002	9	0	11	
MYCO002003	19	0	19	
MYCO002004	37	0	20	
MYCO002005	7	0	16	
MYCO002006	42	0	59	
MYCO002007	1	0	2	
MYCO002008	6	0	25	
MYCO002009	2	0	3	
MYCO002010	4	0	9	
MYCO002011	0	0	6	
MYCO002012	3	0	19	
MYCO002013	84	0	9	
MYCO002014	20	0	11	
MYCO002015	218	0	29	
MYCO002016	185	0	9	
MYCO002017	15	0	17	
MYCO002018	19	0	7	
MYCO002019	65	0	7	
MYCO002020	39	0	4	
MYCO002021	24	0	2	
MYCO002022	29	0	15	
MYCO002023	50	0	5	
MYCO002024	705	0	8	
MYCO002025	16	0	18	
MYCO002026	2	0	17	
MYCO002027	173	0	19	
MYCO002028	37	0	15	
MYCO002029	29	0	26	
MYCO002030	51	0	29	
MYCO002031	3	0	5	
MYCO002032	36	0	20	
MYCO002033	104	0	14	
MYCO002034	36	0	4	
MYCO002035	0	0	15	
MYCO002036	2	0	11	
MYCO002037	10	0	26	
MYCO002038	3	0	17	
MYCO002039	3	0	11	
MYCO002040	5	0	9	
MYCO002041	7	0	21	
MYCO002042	16	0	18	
MYCO002043	30	0	53	
MYCO002044	121	0	6	
MYCO002045	10	0	27	
MYCO002046	28	0	16	
MYCO002047	36	0	30	
MYCO002048	761	0	4	
MYCO002049	3	0	4	
MYCO002051	66	0	31	
MYCO002052	121	0	25	
MYCO002053	3	0	15	
MYCO002054	7	0	15	
MYCO002059	52	0	33	
MYCO002060	39	0	7	
MYCO002061	6	0	10	
MYCO002062	159	0	44	
MYCO002063	1	0	3	
MYCO002064	122	0	16	
MYCO002065	125	0	11	
MYCO002066	98	0	26	
MYCO002067	16	0	28	
MYCO002068	3	0	14	
MYCO002069	26	0	12	
MYCO002070	293	0	10	
MYCO002071	8	0	25	
MYCO002072	47	0	15	
MYCO002073	37	0	12	
MYCO002074	18	0	8	
MYCO002075	40	0	21	
MYCO002076	1	0	4	
MYCO002077	20	0	21	
MYCO002078	1	0	11	
MYCO002079	183	0	29	
MYCO002080	4	0	11	
MYCO002081	464	0	8	
MYCO002082	365	0	41	
MYCO002083	61	0	19	
MYCO002084	389	0	9	
MYCO002085	5	0	4	
MYCO002086	1	0	9	
MYCO002087	5	0	4	
MYCO002088	246	0	21	
MYCO002091	9	0	12	
MYCO002094	1	0	6	
MYCO002095	94	0	16	
MYCO002098	768	0	0	
MYCO002099	768	0	0	
MYCO002100	162	0	20	
MYCO002101	150	0	40	
MYCO002102	37	0	7	
MYCO002103	9	0	11	
MYCO002104	2	0	7	
MYCO002105	89	0	5	
MYCO002106	768	0	0	
MYCO002107	13	0	7	
MYCO002108	29	0	10	
MYCO002113	20	0	16	
MYCO002114	10	0	12	
MYCO002116	11	0	12	
MYCO002117	14	0	1	
MYCO002120	74	0	7	
MYCO002123	469	0	14	
MYCO002124	60	0	42	
MYCO002126	368	0	9	
MYCO002127	37	0	27	
MYCO002128	2	0	2	
MYCO002129	17	0	20	
MYCO002131	11	0	11	
MYCO002132	5	0	1	
MYCO002133	9	0	8	
MYCO002135	121	0	5	
MYCO002136	11	0	14	
MYCO002137	6	0	9	
MYCO002138	15	0	16	
MYCO002142	2	0	4	
MYCO002143	17	0	19	
MYCO002144	13	0	7	
MYCO002146	1	0	8	
MYCO002147	134	0	12	
MYCO002148	131	0	13	
MYCO002149	13	0	6	
MYCO002152	75	0	21	
MYCO002158	231	0	26	
MYCO002159	148	0	18	
MYCO002160	408	0	6	
MYCO002161	102	229	17	
MYCO002162	551	0	24	
MYCO002164	80	0	23	
MYCO002165	5	0	23	
MYCO002167	768	0	0	
MYCO002168	89	0	5	
MYCO002169	5	0	9	
MYCO002171	1	0	11	
MYCO002172	2	0	12	
MYCO002173	36	0	13	
MYCO002174	13	0	19	
MYCO002175	0	0	11	
MYCO002177	413	22	12	
MYCO002180	139	0	13	
MYCO002181	11	0	17	
MYCO002183	1	0	2	
MYCO002184	5	0	17	
MYCO002185	2	0	9	
MYCO002189	93	0	12	
MYCO002190	117	0	20	
MYCO002191	72	0	23	
MYCO002197	22	0	12	
MYCO002198	95	0	14	
MYCO002203	38	0	15	
MYCO002204	1	0	3	
MYCO002205	95	0	23	
MYCO002206	8	0	11	
MYCO002207	144	0	7	
MYCO002208	54	0	12	
MYCO002209	52	0	32	
MYCO002212	14	0	25	
MYCO002214	14	0	27	
MYCO002215	119	0	22	
MYCO002223	43	0	21	
MYCO002224	10	0	20	
MYCO002226	122	0	22	
MYCO002227	92	0	6	
MYCO002229	6	0	8	
MYCO002231	19	0	16	
MYCO002232	27	0	11	
MYCO002234	5	0	10	
MYCO002236	132	0	13	
MYCO002237	0	0	14	
MYCO002238	1	0	4	
MYCO002240	9	0	11	
MYCO002248	25	0	10	
MYCO002249	104	0	29	
MYCO002250	2	0	6	
MYCO002251	768	0	0	
MYCO002252	2	0	21	
MYCO002253	6	0	11	
MYCO002254	7	0	12	
MYCO002255	3	0	7	
MYCO002256	2	0	7	
MYCO002258	71	0	18	
MYCO002260	2	0	11	
MYCO002261	6	0	8	
MYCO002262	759	0	2	
MYCO002263	171	0	16	
MYCO002264	369	0	20	
MYCO002265	82	0	15	
MYCO002266	4	0	20	
MYCO002267	11	0	22	
MYCO002268	40	0	15	
MYCO002269	2	0	10	
MYCO002270	30	0	18	
MYCO002271	27	0	8	
MYCO002272	29	0	6	
MYCO002273	31	0	9	
MYCO002274	32	0	11	
MYCO002275	95	0	13	
MYCO002276	37	0	18	
MYCO002277	30	720	12	
MYCO002278	89	0	5	
MYCO002279	768	0	0	
MYCO002280	55	0	24	
MYCO002281	9	0	26	
MYCO002282	120	242	11	
MYCO002283	6	0	4	
MYCO002284	40	0	11	
MYCO002285	78	0	20	
MYCO002286	82	198	13	
MYCO002287	16	0	21	
MYCO002288	2	0	10	
MYCO002289	21	0	10	
MYCO002290	4	0	10	
MYCO002291	6	0	12	
MYCO002292	3	0	4	
MYCO002293	375	0	4	
MYCO002294	7	0	19	
MYCO002295	4	0	9	
MYCO002296	28	0	14	
MYCO002297	2	0	7	
MYCO002298	5	0	19	
MYCO002299	18	0	15	
MYCO002300	12	0	18	
MYCO002301	16	0	13	
MYCO002302	1	0	7	
MYCO002303	7	0	15	
MYCO002304	2	0	3	
MYCO002305	53	0	23	
MYCO002307	50	0	17	
MYCO002308	28	0	15	
MYCO002309	2	0	11	
MYCO002310	17	0	9	
MYCO002311	6	0	8	
MYCO002312	0	0	2	
MYCO002313	15	0	15	
MYCO002314	27	0	26	
MYCO002316	5	0	14	
MYCO002317	1	0	9	
MYCO002318	162	0	23	
MYCO002319	309	0	14	
MYCO002320	12	0	22	
MYCO002321	0	0	11	
MYCO002322	2	0	12	
MYCO002323	6	0	17	
MYCO002324	3	0	11	
MYCO002325	46	0	9	
MYCO002326	80	0	23	
MYCO002327	12	0	5	
MYCO002328	5	0	17	
MYCO002329	53	0	33	
MYCO002330	10	0	12	
MYCO002331	0	0	4	
MYCO002332	11	0	22	
MYCO002333	117	0	14	
MYCO002334	9	0	19	
MYCO002335	28	0	15	
MYCO002336	48	0	21	
MYCO002337	26	0	15	
MYCO002338	83	0	22	
MYCO002339	196	0	43	
MYCO002340	98	0	17	
MYCO002341	16	0	8	
MYCO002342	3	0	8	
MYCO002345	74	0	32	
MYCO002346	64	323	70	
MYCO002347	441	72	55	
MYCO002348	4	0	6	
MYCO002349	70	0	28	
MYCO002350	95	287	21	
MYCO002351	95	294	23	
MYCO002352	180	6	18	
MYCO002353	745	0	3	
MYCO002354	89	0	5	
MYCO002355	768	0	0	
MYCO002356	569	0	18	
MYCO002358	0	0	4	
MYCO002359	1	0	14	
MYCO002360	1	0	11	
MYCO002363	212	0	7	
MYCO002365	78	0	2	
MYCO002369	8	0	4	
MYCO002370	6	0	28	
MYCO002371	25	0	4	
MYCO002372	26	0	15	
MYCO002375	1	0	4	
MYCO002376	15	0	14	
MYCO002377	4	0	5	
MYCO002378	19	0	11	
MYCO002379	71	0	38	
MYCO002380	146	0	63	
MYCO002381	58	0	36	
MYCO002382	31	0	21	
MYCO002383	120	89	56	
MYCO002384	60	0	19	
MYCO002385	16	0	16	
MYCO002386	26	0	26	
MYCO002387	2	0	19	
MYCO002388	21	0	15	
MYCO002389	4	0	7	
MYCO002390	8	0	10	
MYCO002391	2	0	19	
MYCO002392	16	0	10	
MYCO002393	29	484	15	
MYCO002394	25	0	36	
MYCO002395	73	0	30	
MYCO002396	428	0	15	
MYCO002397	20	0	16	
MYCO002398	1	0	11	
MYCO002401	1	0	7	
MYCO002403	12	0	6	
MYCO002405	4	0	12	
MYCO002406	20	0	11	
MYCO002407	42	0	11	
MYCO002408	51	0	8	
MYCO002414	62	0	20	
MYCO002415	20	0	14	
MYCO002416	24	0	13	
MYCO002417	145	0	12	
MYCO002418	40	0	9	
MYCO002419	24	0	15	
MYCO002422	5	0	6	
MYCO002423	6	0	18	
MYCO002424	740	0	7	
MYCO002428	16	0	12	
MYCO002429	5	0	10	
MYCO002430	7	0	11	
MYCO002431	4	274	3	
MYCO002432	8	0	6	
MYCO002433	3	0	7	
MYCO002434	143	0	21	
MYCO002435	28	0	36	
MYCO002436	49	0	17	
MYCO002437	173	0	4	
MYCO002438	17	0	20	
MYCO002443	8	0	33	
MYCO002444	65	0	32	
MYCO002446	1	0	5	
MYCO002449	86	0	22	
MYCO002450	61	0	16	
MYCO002451	8	0	8	
MYCO002452	0	0	6	
MYCO002453	5	0	15	
MYCO002456	8	0	13	
MYCO002458	5	0	14	
MYCO002459	10	0	17	
MYCO002463	3	0	13	
MYCO002464	17	0	14	
MYCO002468	6	0	7	
MYCO002469	9	0	15	
MYCO002471	11	0	31	
MYCO002472	0	0	7	
MYCO002473	17	0	12	
MYCO002474	28	0	10	
MYCO002475	0	0	9	
MYCO002476	182	0	49	
MYCO002478	62	0	7	
MYCO002479	768	0	0	
MYCO002480	89	0	5	
MYCO002481	34	0	8	
MYCO002482	37	0	36	
MYCO002483	8	0	26	
MYCO002484	8	0	24	
MYCO002485	17	0	20	
MYCO002486	28	0	9	
MYCO002487	458	0	30	
MYCO002488	161	0	49	
MYCO002489	20	0	5	
MYCO002490	739	0	9	
MYCO002491	22	0	14	
MYCO002492	17	0	22	
MYCO002493	1	0	6	
MYCO002494	2	0	10	
MYCO002495	23	0	20	
MYCO002496	4	0	14	
MYCO002497	9	0	10	
MYCO002498	9	0	14	
MYCO002499	1	0	12	
MYCO002501	73	0	35	
MYCO002503	10	0	17	
MYCO002504	12	0	14	
MYCO002505	20	0	32	
MYCO002506	11	0	9	
MYCO002507	49	0	15	
MYCO002508	16	0	22	
MYCO002510	25	0	31	
MYCO002512	751	6	6	
MYCO002513	6	0	5	
MYCO002514	7	0	11	
MYCO002515	7	0	16	
MYCO002516	2	0	14	
MYCO002517	9	0	3	
MYCO002519	108	0	24	
MYCO002520	0	0	6	
MYCO002522	69	0	29	
MYCO002525	47	0	8	
MYCO002526	227	0	2	
MYCO002527	3	0	9	
MYCO002528	5	0	15	
MYCO002529	70	0	18	
MYCO002530	1	0	7	
MYCO002531	22	0	51	
MYCO002532	4	0	11	
MYCO002535	37	0	12	
MYCO002536	3	0	11	
MYCO002537	2	0	5	
MYCO002539	83	0	4	
MYCO002541	322	0	4	
MYCO002542	96	0	26	
MYCO002543	277	211	24	
MYCO002544	277	211	32	
MYCO002545	171	0	5	
MYCO002546	2	0	10	
MYCO002547	3	0	11	
MYCO002548	4	0	9	
MYCO002549	15	0	6	
MYCO002550	0	0	5	
MYCO002551	51	0	5	
MYCO002552	44	0	25	
MYCO002553	28	0	16	
MYCO002554	18	0	4	
MYCO002556	1	0	7	
MYCO002557	2	0	18	
MYCO002558	9	0	7	
MYCO002560	25	0	18	
MYCO002561	757	0	3	
MYCO002562	1	0	10	
MYCO002563	18	0	20	
MYCO002564	6	269	15	
MYCO002565	16	0	27	
MYCO002566	221	0	40	
MYCO002567	28	0	32	
MYCO002569	7	0	16	
MYCO002570	107	0	14	
MYCO002571	25	0	20	
MYCO002573	17	0	17	
MYCO002574	3	0	10	
MYCO002576	12	0	13	
MYCO002577	7	0	20	
MYCO002578	19	0	15	
MYCO002579	11	0	16	
MYCO002581	0	0	8	
MYCO002584	7	0	13	
MYCO002585	44	0	26	
MYCO002586	106	0	24	
MYCO002588	2	0	10	
MYCO002590	37	0	41	
MYCO002591	352	0	37	
MYCO002595	4	0	5	
MYCO002596	1	0	8	
MYCO002597	9	0	13	
MYCO002598	7	0	7	
MYCO002599	49	0	13	
MYCO002600	6	0	4	
MYCO002601	68	0	18	
MYCO002602	2	0	5	
MYCO002604	9	0	10	
MYCO002605	15	0	10	
MYCO002607	5	0	12	
MYCO002608	137	0	21	
MYCO002609	42	0	13	
MYCO002615	716	0	25	
MYCO002616	6	0	16	
MYCO002617	0	0	9	
MYCO002618	46	0	8	
MYCO002619	1	0	5	
MYCO002620	1	0	5	
MYCO002621	51	0	15	
MYCO002622	7	0	17	
MYCO002623	11	0	13	
MYCO002624	40	0	17	
MYCO002625	7	0	15	
MYCO002626	1	0	5	
MYCO002627	11	0	23	
MYCO002628	12	0	19	
MYCO002629	82	0	10	
MYCO002630	3	0	14	
MYCO002631	18	0	24	
MYCO002632	0	0	6	
MYCO002633	2	0	14	
MYCO002634	429	0	24	
MYCO002635	1	0	3	
MYCO002636	7	0	15	
MYCO002637	46	240	16	
MYCO002638	15	0	10	
MYCO002639	9	0	6	
MYCO002640	11	0	7	
MYCO002641	3	0	5	
MYCO002642	3	0	6	
MYCO002643	37	0	32	
MYCO002644	9	0	5	
MYCO002645	191	0	7	
MYCO002646	133	0	17	
MYCO002647	91	0	5	
MYCO002648	89	0	5	
MYCO002649	768	0	0	
MYCO002650	166	79	42	
MYCO002651	35	146	12	
MYCO002652	92	0	25	
MYCO002653	75	0	16	
MYCO002654	409	0	5	
MYCO002655	242	0	22	
MYCO002656	56	111	12	
MYCO002657	90	0	8	
MYCO002658	72	0	5	
MYCO002659	70	0	11	
MYCO002660	1	0	7	
MYCO002661	2	0	5	
MYCO002662	0	0	6	
MYCO002663	0	0	6	
MYCO002664	3	0	7	
MYCO002665	50	0	6	
MYCO002666	754	0	4	
MYCO002667	8	0	6	
MYCO002668	75	0	9	
MYCO002669	4	0	5	
MYCO002671	12	0	7	
MYCO002672	46	0	23	
MYCO002674	0	0	8	
MYCO002675	3	0	18	
MYCO002677	227	0	13	
MYCO002679	18	0	12	
MYCO002680	89	0	11	
MYCO002681	108	0	12	
MYCO002683	2	0	8	
MYCO002684	6	51	21	
MYCO002685	55	0	18	
MYCO002686	4	0	8	
MYCO002687	6	0	10	
MYCO002688	16	0	15	
MYCO002689	18	0	16	
MYCO002690	20	0	23	
MYCO002691	2	0	12	
MYCO002692	5	0	10	
MYCO002693	4	0	11	
MYCO002694	1	0	11	
MYCO002695	71	0	6	
MYCO002698	2	0	7	
MYCO002700	480	0	9	
MYCO002701	5	0	11	
MYCO002704	2	0	7	
MYCO002705	2	0	3	
MYCO002706	15	0	4	
MYCO002707	5	0	13	
MYCO002709	70	0	16	
MYCO002712	55	0	12	
MYCO002713	20	0	29	
MYCO002716	1	0	12	
MYCO002717	30	0	8	
MYCO002718	1	0	7	
MYCO002719	67	0	13	
MYCO002721	176	0	25	
MYCO002722	1	0	5	
MYCO002723	8	0	16	
MYCO002728	13	0	12	
MYCO002729	9	0	12	
MYCO002730	2	0	12	
MYCO002732	14	0	17	
MYCO002734	4	0	15	
MYCO002735	117	0	18	
MYCO002736	31	0	10	
MYCO002737	2	0	28	
MYCO002738	44	0	4	
MYCO002739	219	0	15	
MYCO002740	5	0	14	
MYCO002741	502	0	23	
MYCO002742	37	0	11	
MYCO002743	59	0	15	
MYCO002745	2	0	5	
MYCO002746	22	0	15	
MYCO002747	5	0	6	
MYCO002749	5	0	6	
MYCO002751	4	0	15	
MYCO002752	16	0	41	
MYCO002755	4	0	5	
MYCO002756	10	0	34	
MYCO002757	14	0	7	
MYCO002758	1	0	7	
MYCO002759	7	0	5	
MYCO002760	16	0	6	
MYCO002761	5	0	20	
MYCO002762	48	0	8	
MYCO002763	5	0	5	
MYCO002765	46	0	18	
MYCO002766	8	0	13	
MYCO002767	1	0	5	
MYCO002768	69	0	27	
MYCO002769	129	0	19	
MYCO002770	27	0	22	
MYCO002771	6	0	9	
MYCO002772	6	0	8	
MYCO002774	149	0	4	
MYCO002775	15	0	9	
MYCO002776	9	0	14	
MYCO002777	73	0	11	
MYCO002778	6	0	10	
MYCO002779	2	0	16	
MYCO002780	26	0	13	
MYCO002781	116	0	16	
MYCO002784	1	0	7	
MYCO002786	2	0	8	
MYCO002787	50	0	32	
MYCO002789	7	0	15	
MYCO002790	56	0	18	
MYCO002791	18	381	21	
MYCO002792	21	0	12	
MYCO002793	84	0	11	
MYCO002796	9	0	14	
MYCO002797	43	0	12	
MYCO002798	1	0	4	
MYCO002799	14	0	18	
MYCO002800	147	0	22	
MYCO002801	4	0	5	
MYCO002802	162	0	15	
MYCO002803	8	0	9	
MYCO002804	11	0	9	
MYCO002805	8	0	7	
MYCO002806	9	0	4	
MYCO002807	216	0	12	
MYCO002808	41	0	4	
MYCO002809	14	0	5	
MYCO002810	768	0	0	
MYCO002811	133	0	8	
MYCO002812	103	0	22	
MYCO002813	79	0	16	
MYCO002814	768	0	0	
MYCO002815	89	0	5	
MYCO002816	185	0	4	
MYCO002817	199	0	14	
MYCO002818	213	0	12	
MYCO002819	200	0	11	
MYCO002820	179	0	18	
MYCO002821	13	0	13	
MYCO002822	4	0	6	
MYCO002823	14	0	35	
MYCO002824	7	0	18	
MYCO002825	592	0	13	
MYCO002826	13	0	12	
MYCO002827	3	0	8	
MYCO002829	21	0	5	
MYCO002830	0	0	6	
MYCO002831	29	0	14	
MYCO002832	24	0	21	
MYCO002833	43	0	21	
MYCO002834	4	0	11	
MYCO002835	4	0	20	
MYCO002836	47	0	19	
MYCO002837	13	0	10	
MYCO002840	1	0	8	
MYCO002842	0	0	5	
MYCO002843	37	0	6	
MYCO002844	4	0	7	
MYCO002845	40	0	24	
MYCO002848	190	0	18	
MYCO002849	8	0	15	
MYCO002850	239	0	27	
MYCO002851	3	0	8	
MYCO002852	19	0	34	
MYCO002853	329	0	34	
MYCO002854	9	0	18	
MYCO002855	29	0	16	
MYCO002856	4	0	12	
MYCO002857	3	0	10	
MYCO002858	79	0	25	
MYCO002859	260	0	19	
MYCO002860	6	0	24	
MYCO002862	2	0	7	
MYCO002863	1	0	8	
MYCO002865	0	0	5	
MYCO002866	1	0	4	
MYCO002867	110	0	11	
MYCO002869	4	0	20	
MYCO002871	157	0	7	
MYCO002872	14	0	6	
MYCO002873	3	0	6	
MYCO002874	47	0	31	
MYCO002875	26	0	12	
MYCO002876	0	0	12	
MYCO002877	27	0	11	
MYCO002878	3	0	13	
MYCO002879	768	0	0	
MYCO002880	709	0	2	
MYCO002881	2	0	7	
MYCO002884	16	0	14	
MYCO002885	36	131	23	
MYCO002886	17	0	14	
MYCO002887	3	0	10	
MYCO002888	71	0	19	
MYCO002891	151	0	14	
MYCO002892	47	0	17	
MYCO002893	8	0	24	
MYCO002895	36	0	17	
MYCO002896	58	0	20	
MYCO002897	46	0	28	
MYCO002898	1	0	9	
MYCO002899	3	0	13	
MYCO002900	9	0	32	
MYCO002903	13	0	12	
MYCO002905	5	0	22	
MYCO002906	0	0	4	
MYCO002907	22	0	9	
MYCO002908	8	0	2	
MYCO002910	1	0	11	
MYCO002911	13	0	13	
MYCO002912	3	0	5	
MYCO002913	13	0	34	
MYCO002914	47	0	17	
MYCO002920	17	0	28	
MYCO002922	132	0	30	
MYCO002923	7	0	7	
MYCO002924	11	0	16	
MYCO002925	3	0	8	
MYCO002926	1	0	10	
MYCO002928	5	0	11	
MYCO002929	7	0	7	
MYCO002930	8	0	29	
MYCO002931	683	0	36	
MYCO002932	223	0	47	
MYCO002933	188	0	43	
MYCO002934	221	0	46	
MYCO002935	119	0	44	
MYCO002936	8	0	10	
MYCO002937	3	0	10	
MYCO002938	3	0	12	
MYCO002939	6	359	14	
MYCO002940	47	0	67	
MYCO002941	9	0	25	
MYCO002942	21	0	39	
MYCO002943	27	0	20	
MYCO002944	7	0	16	
MYCO002945	1	0	9	
MYCO002946	148	0	61	
MYCO002947	384	0	13	
MYCO002948	17	0	33	
MYCO002949	21	0	17	
MYCO002950	31	0	35	
MYCO002951	30	0	15	
MYCO002952	6	0	12	
MYCO002953	6	0	15	
MYCO002954	3	0	18	
MYCO002955	27	0	23	
MYCO002956	6	0	16	
MYCO002957	13	0	16	
MYCO002958	34	0	19	
MYCO002959	112	0	11	
MYCO002960	3	0	7	
MYCO002961	6	0	4	
MYCO002962	80	0	20	
MYCO002963	94	0	18	
MYCO002964	17	0	17	
MYCO002966	27	0	2	
MYCO002968	3	0	6	
MYCO002969	6	0	8	
MYCO002970	16	0	15	
MYCO002971	18	0	12	
MYCO002972	7	0	12	
MYCO002973	34	0	13	
MYCO002974	100	0	18	
MYCO002975	373	0	3	
MYCO002977	49	0	10	
MYCO002978	18	327	24	
MYCO002979	2	0	10	
MYCO002980	72	0	12	
MYCO002983	90	0	16	
MYCO002985	10	0	18	
MYCO002986	10	0	10	
MYCO002987	3	0	8	
MYCO002989	70	0	8	
MYCO002990	4	0	13	
MYCO002991	4	0	10	
MYCO002994	83	0	20	
MYCO002997	68	0	17	
MYCO002998	1	0	8	
MYCO002999	5	0	18	
MYCO003000	7	0	11	
MYCO003002	1	0	3	
MYCO003004	4	0	6	
MYCO003005	7	0	7	
MYCO003007	67	0	7	
MYCO003008	7	0	15	
MYCO003012	2	0	4	
MYCO003013	58	0	6	
MYCO003015	45	0	19	
MYCO003016	5	0	10	
MYCO003017	81	0	4	
MYCO003018	587	0	10	
MYCO003019	0	8	8	
MYCO003020	4	4	6	
MYCO003021	767	0	1	
MYCO003022	768	0	0	
MYCO003023	751	6	6	
MYCO003026	11	0	13	
MYCO003030	19	0	11	
MYCO003033	4	0	10	
MYCO003035	41	0	10	
MYCO003036	2	0	11	
MYCO003037	41	0	17	
MYCO003039	17	0	12	
MYCO003040	37	0	11	
MYCO003041	4	0	10	
MYCO003044	58	0	21	
MYCO003046	4	0	5	
MYCO003047	24	0	8	
MYCO003050	5	0	12	
MYCO003055	3	239	5	
MYCO003056	8	0	21	
MYCO003058	1	0	8	
MYCO003059	12	0	22	
MYCO003060	145	0	28	
MYCO003061	80	0	26	
MYCO003062	220	0	25	
MYCO003063	32	0	44	
MYCO003064	13	0	8	
MYCO003065	24	0	4	
MYCO003066	35	0	11	
MYCO003067	6	0	9	
MYCO003068	13	0	22	
MYCO003069	1	0	7	
MYCO003070	3	0	3	
MYCO003071	27	0	15	
MYCO003072	3	0	10	
MYCO003073	2	0	11	
MYCO003074	246	271	15	
MYCO003075	5	0	9	
MYCO003076	2	0	5	
MYCO003077	55	0	33	
MYCO003078	3	0	10	
MYCO003079	66	0	8	
MYCO003080	87	0	38	
MYCO003081	30	0	15	
MYCO003082	5	0	15	
MYCO003083	38	0	23	
MYCO003084	99	0	17	
MYCO003086	25	0	7	
MYCO003087	38	0	22	
MYCO003088	24	0	25	
MYCO003089	33	0	18	
MYCO003090	31	167	22	
MYCO003091	36	0	22	
MYCO003092	89	0	26	
MYCO003093	184	0	8	
MYCO003094	77	0	17	
MYCO003095	0	0	6	
MYCO003096	8	0	17	
MYCO003097	17	0	25	
MYCO003098	2	0	11	
MYCO003099	18	0	14	
MYCO003103	4	0	7	
MYCO003104	5	0	17	
MYCO003106	12	0	23	
MYCO003107	10	0	28	
MYCO003108	6	0	12	
MYCO003109	19	0	24	
MYCO003110	5	0	6	
MYCO003111	6	0	21	
MYCO003112	7	0	5	
MYCO003113	184	0	17	
MYCO003114	22	0	10	
MYCO003115	751	6	6	
MYCO003116	30	0	13	
MYCO003119	7	0	12	
MYCO003120	7	0	15	
MYCO003121	27	0	19	
MYCO003122	10	0	8	
MYCO003123	7	0	8	
MYCO003124	16	0	15	
MYCO003125	111	0	18	
MYCO003126	8	0	6	
MYCO003127	7	0	23	
MYCO003128	768	0	0	
MYCO003129	65	0	5	
MYCO003130	14	0	24	
MYCO003131	13	0	12	
MYCO003132	25	0	27	
MYCO003133	2	0	7	
MYCO003134	9	0	16	
MYCO003135	470	0	2	
MYCO003136	17	0	15	
MYCO003137	3	0	17	
MYCO003138	12	0	22	
MYCO003141	26	0	16	
MYCO003142	106	0	7	
MYCO003143	1	0	4	
MYCO003144	135	0	22	
MYCO003145	3	0	4	
MYCO003146	1	0	11	
MYCO003147	6	0	6	
MYCO003148	4	0	12	
MYCO003149	11	0	13	
MYCO003150	80	0	16	
MYCO003151	161	0	27	
MYCO003152	3	0	16	
MYCO003153	14	0	18	
MYCO003154	2	0	6	
MYCO003155	1	0	6	
MYCO003156	10	0	15	
MYCO003157	16	0	25	
MYCO003158	4	0	27	
MYCO003159	393	0	25	
MYCO003160	1	0	10	
MYCO003161	61	0	27	
MYCO003162	12	0	5	
MYCO003163	6	0	17	
MYCO003164	9	0	11	
MYCO003165	22	0	5	
MYCO003166	78	0	15	
MYCO003167	6	0	15	
MYCO003168	38	0	25	
MYCO003169	104	0	18	
MYCO003170	70	0	16	
MYCO003171	4	0	21	
MYCO003172	1	0	13	
MYCO003173	2	0	11	
MYCO003174	5	0	24	
MYCO003175	215	0	19	
MYCO003176	14	0	20	
MYCO003177	12	0	6	
MYCO003178	9	0	8	
MYCO003179	63	0	22	
MYCO003180	7	0	9	
MYCO003181	23	0	7	
MYCO003182	7	0	2	
MYCO003183	27	0	5	
MYCO003184	89	0	5	
MYCO003185	768	0	0	
MYCO003186	89	0	5	
MYCO003187	768	0	0	
MYCO003188	5	0	6	
MYCO003189	10	0	12	
MYCO003190	24	0	23	
MYCO003191	10	0	19	
MYCO003192	14	0	7	
MYCO003196	9	0	20	
MYCO003199	69	0	18	
MYCO003200	4	0	20	
MYCO003201	138	0	46	
MYCO003202	104	0	40	
MYCO003203	5	0	13	
MYCO003204	0	0	10	
MYCO003209	2	0	10	
MYCO003210	4	0	13	
MYCO003212	92	0	22	
MYCO003215	1	0	15	
MYCO003216	768	0	0	
MYCO003217	48	0	8	
MYCO003218	4	0	18	
MYCO003222	10	0	9	
MYCO003224	38	0	15	
MYCO003225	9	0	18	
MYCO003226	5	0	13	
MYCO003227	35	0	21	
MYCO003230	28	0	19	
MYCO003231	10	0	9	
MYCO003232	3	0	10	
MYCO003233	0	0	10	
MYCO003234	382	0	7	
MYCO003235	56	0	12	
MYCO003236	60	0	22	
MYCO003237	5	0	8	
MYCO003238	2	0	11	
MYCO003239	396	0	21	
MYCO003242	7	0	10	
MYCO003243	15	0	11	
MYCO003244	61	0	23	
MYCO003247	9	0	6	
MYCO003249	27	0	14	
MYCO003250	2	0	4	
MYCO003251	1	0	5	
MYCO003253	11	0	17	
MYCO003254	19	0	20	
MYCO003256	104	0	20	
MYCO003259	3	0	3	
MYCO003260	0	0	5	
MYCO003263	35	0	22	
MYCO003266	18	0	17	
MYCO003268	25	0	14	
MYCO003269	5	0	3	
MYCO003270	51	0	21	
MYCO003271	4	0	12	
MYCO003272	16	0	19	
MYCO003273	0	0	41	
MYCO003278	3	0	11	
MYCO003279	3	0	17	
MYCO003281	733	0	3	
MYCO003282	2	0	17	
MYCO003283	3	0	15	
MYCO003284	3	0	12	
MYCO003286	94	0	8	
MYCO003287	3	0	5	
MYCO003288	2	0	6	
MYCO003289	9	0	9	
MYCO003291	3	0	7	
MYCO003292	45	0	20	
MYCO003293	99	0	17	
MYCO003294	3	0	9	
MYCO003295	4	0	13	
MYCO003297	17	0	14	
MYCO003298	49	0	6	
MYCO003299	130	0	43	
MYCO003300	6	0	16	
MYCO003301	1	0	9	
MYCO003307	30	0	12	
MYCO003308	86	0	19	
MYCO003309	3	0	8	
MYCO003310	8	0	12	
MYCO003311	11	0	22	
MYCO003312	5	0	14	
MYCO003314	21	0	15	
MYCO003315	2	0	6	
MYCO003316	0	0	3	
MYCO003320	8	0	8	
MYCO003321	1	0	3	
MYCO003322	2	0	12	
MYCO003323	49	0	10	
MYCO003324	50	0	9	
MYCO003325	89	0	5	
MYCO003326	768	0	0	
MYCO003327	759	0	3	
MYCO003331	80	0	19	
MYCO003332	58	0	24	
MYCO003333	195	0	9	
MYCO003334	2	0	8	
MYCO003335	15	0	15	
MYCO003337	84	0	9	
MYCO003338	10	0	15	
MYCO003339	22	0	17	
MYCO003342	63	0	7	
MYCO003343	768	0	0	
MYCO003344	768	0	0	
MYCO003345	765	0	2	
MYCO003346	259	0	5	
MYCO003347	594	0	64	
MYCO003348	23	0	10	
MYCO003349	430	0	13	
MYCO003350	648	0	49	
MYCO003351	114	0	10	
MYCO003352	110	0	5	
MYCO003353	106	0	3	
MYCO003354	105	0	4	
MYCO003355	99	0	7	
MYCO003357	1	0	4	
MYCO003358	0	0	4	
MYCO003359	49	0	11	
MYCO003360	115	0	4	
MYCO003361	10	0	8	
MYCO003362	10	0	14	
MYCO003363	49	0	3	
MYCO003364	11	0	4	
MYCO003365	695	0	10	
MYCO003366	10	0	9	
MYCO003367	343	0	24	
MYCO003368	23	0	13	
MYCO003369	29	0	8	
MYCO003370	171	0	31	
MYCO003371	70	0	26	
MYCO003372	44	0	16	
MYCO003373	87	0	9	
MYCO003374	1	0	7	
MYCO003375	40	0	25	
MYCO003376	3	0	16	
MYCO003377	58	0	28	
MYCO003378	26	0	17	
MYCO003379	11	0	21	
MYCO003380	768	0	0	
MYCO003381	89	0	5	
MYCO003382	35	0	6	
MYCO003383	163	0	27	
MYCO003384	12	0	6	
MYCO003385	12	0	6	
MYCO003386	38	0	13	
MYCO003387	5	0	11	
MYCO003388	574	0	19	
MYCO003389	59	0	18	
MYCO003390	5	0	20	
MYCO003391	45	0	32	
MYCO003393	14	0	19	
MYCO003394	227	0	16	
MYCO003395	13	0	12	
MYCO003397	7	0	13	
MYCO003398	25	0	19	
MYCO003399	7	0	14	
MYCO003400	21	0	5	
MYCO003401	92	0	35	
MYCO003402	25	0	19	
MYCO003403	14	0	30	
MYCO003404	8	0	16	
MYCO003405	0	0	10	
MYCO003406	27	0	16	
MYCO003407	3	0	3	
MYCO003408	0	0	5	
MYCO003413	64	0	12	
MYCO003414	2	0	10	
MYCO003415	55	0	15	
MYCO003416	5	0	7	
MYCO003420	13	0	9	
MYCO003421	191	0	13	
MYCO003423	7	0	19	
MYCO003424	65	0	12	
MYCO003425	49	198	26	
MYCO003426	745	0	1	
MYCO003427	213	0	7	
MYCO003428	721	0	3	
MYCO003429	49	163	22	
MYCO003430	60	0	31	
MYCO003431	11	0	15	
MYCO003434	38	0	17	
MYCO003435	2	0	16	
MYCO003437	32	0	8	
MYCO003438	10	0	11	
MYCO003439	140	0	20	
MYCO003440	10	0	10	
MYCO003444	4	0	8	
MYCO003445	8	0	6	
MYCO003446	141	0	17	
MYCO003447	79	0	45	
MYCO003448	37	0	29	
MYCO003449	31	0	18	
MYCO003450	117	0	26	
MYCO003451	10	0	21	
MYCO003452	106	0	9	
MYCO003453	469	0	2	
MYCO003454	11	0	30	
MYCO003463	22	0	15	
MYCO003465	2	0	12	
MYCO003466	741	7	18	
MYCO003467	748	11	12	
MYCO003468	11	0	20	
MYCO003469	7	0	14	
MYCO003470	38	0	32	
MYCO003471	4	0	10	
MYCO003472	9	0	10	
MYCO003473	10	0	12	
MYCO003474	89	0	5	
MYCO003475	768	0	0	
MYCO003476	13	0	21	
MYCO003477	24	0	6	
MYCO003478	377	37	118	
MYCO003479	46	0	60	
MYCO003480	56	0	24	
MYCO003481	13	0	8	
MYCO003482	8	0	11	
MYCO003483	166	0	10	
MYCO003484	21	0	18	
MYCO003485	111	0	16	
MYCO003486	49	0	8	
MYCO003487	173	0	17	
MYCO003488	30	0	7	
MYCO003489	1	0	4	
MYCO003491	4	0	11	
MYCO003492	1	0	10	
MYCO003493	60	0	8	
MYCO003494	167	0	17	
MYCO003495	5	0	15	
MYCO003496	48	0	17	
MYCO003497	2	0	16	
MYCO003498	22	0	14	
MYCO003499	3	0	13	
MYCO003502	6	0	14	
MYCO003503	0	0	5	
MYCO003505	28	0	16	
MYCO003506	13	0	28	
MYCO003507	709	0	31	
MYCO003508	768	0	0	
MYCO003509	83	0	21	
MYCO003510	31	0	13	
MYCO003511	768	0	0	
MYCO003512	768	0	0	
MYCO003513	729	0	7	
MYCO003514	768	0	0	
MYCO003515	683	0	10	
MYCO003516	117	0	10	
MYCO003517	167	0	9	
MYCO003518	23	0	14	
MYCO003519	4	0	13	
MYCO003521	8	0	16	
MYCO003522	2	0	18	
MYCO003523	68	0	12	
MYCO003524	9	0	19	
MYCO003525	40	0	8	
MYCO003526	1	0	14	
MYCO003527	0	0	15	
MYCO003528	11	0	17	
MYCO003529	96	0	17	
MYCO003530	7	287	11	
MYCO003531	18	0	22	
MYCO003532	69	0	22	
MYCO003533	233	0	24	
MYCO003534	11	0	13	
MYCO003535	210	0	11	
MYCO003536	2	0	18	
MYCO003537	7	0	21	
MYCO003538	0	0	14	
MYCO003539	101	0	16	
MYCO003540	75	0	15	
MYCO003541	0	0	8	
MYCO003542	19	0	11	
MYCO003543	23	0	16	
MYCO003544	7	0	15	
MYCO003545	7	0	34	
MYCO003546	14	0	13	
MYCO003547	10	0	14	
MYCO003548	3	0	12	
MYCO003549	29	0	11	
MYCO003550	12	0	8	
MYCO003551	12	0	11	
MYCO003552	1	0	6	
MYCO003553	82	0	10	
MYCO003554	13	0	36	
MYCO003555	112	0	11	
MYCO003556	21	0	12	
MYCO003557	0	0	7	
MYCO003558	177	0	24	
MYCO003559	47	0	15	
MYCO003560	29	0	15	
MYCO003561	118	0	19	
MYCO003562	10	0	19	
MYCO003563	23	0	23	
MYCO003564	103	0	13	
MYCO003565	18	0	25	
MYCO003566	25	0	12	
MYCO003567	11	0	10	
MYCO003568	96	0	3	
MYCO003569	63	0	12	
MYCO003572	8	0	10	
MYCO003573	80	0	24	
MYCO003574	14	0	6	
MYCO003575	29	0	17	
MYCO003576	9	0	16	
MYCO003577	14	0	10	
MYCO003578	52	0	27	
MYCO003581	4	0	7	
MYCO003582	5	0	14	
MYCO003584	4	0	8	
MYCO003585	8	0	24	
MYCO003586	2	0	19	
MYCO003587	34	0	14	
MYCO003588	12	0	6	
MYCO003590	547	0	18	
MYCO003591	5	0	10	
MYCO003593	3	0	28	
MYCO003594	16	0	15	
MYCO003595	347	0	23	
MYCO003597	55	0	2	
MYCO003599	39	0	3	
MYCO003602	116	0	16	
MYCO003603	38	0	13	
MYCO003604	165	0	25	
MYCO003605	65	0	9	
MYCO003606	2	0	6	
MYCO003607	33	0	6	
MYCO003608	7	0	16	
MYCO003611	763	0	3	
MYCO003612	12	0	7	
MYCO003613	2	0	2	
MYCO003614	4	0	16	
MYCO003615	3	0	6	
MYCO003616	12	0	24	
MYCO003617	18	0	16	
MYCO003618	19	0	18	
MYCO003619	64	355	78	
MYCO003620	441	72	55	
MYCO003621	119	0	17	
MYCO003622	25	0	4	
MYCO003623	43	0	14	
MYCO003625	44	0	9	
MYCO003626	68	0	17	
MYCO003627	8	0	29	
MYCO003629	7	0	15	
MYCO003630	2	176	17	
MYCO003631	0	0	11	
MYCO003632	1	0	3	
MYCO003633	16	0	14	
MYCO003634	27	0	9	
MYCO003635	30	0	26	
MYCO003636	2	0	6	
MYCO003637	13	0	16	
MYCO003638	3	0	9	
MYCO003639	83	0	12	
MYCO003640	35	0	22	
MYCO003641	3	0	11	
MYCO003642	2	0	4	
MYCO003643	0	0	4	
MYCO003645	160	0	22	
MYCO003649	122	0	41	
MYCO003650	14	0	6	
MYCO003651	66	0	19	
MYCO003652	189	0	6	
MYCO003653	445	0	14	
MYCO003654	98	0	6	
MYCO003655	768	0	0	
MYCO003656	3	0	5	
MYCO003657	250	184	10	
MYCO003658	87	0	13	
MYCO003659	151	0	19	
MYCO003660	29	0	20	
MYCO003661	14	0	11	
MYCO003662	209	0	12	
MYCO003663	74	0	25	
MYCO003664	1	0	15	
MYCO003665	1	0	21	
MYCO003666	23	200	21	
MYCO003667	71	0	24	
MYCO003669	2	0	12	
MYCO003671	10	0	22	
MYCO003672	20	0	13	
MYCO003673	25	0	13	
MYCO003675	0	0	8	
MYCO003678	2	0	5	
MYCO003681	4	0	11	
MYCO003685	22	0	25	
MYCO003686	16	0	6	
MYCO003687	3	0	7	
MYCO003688	7	0	8	
MYCO003689	35	0	32	
MYCO003690	84	0	13	
MYCO003691	15	0	20	
MYCO003692	12	0	20	
MYCO003693	272	0	15	
MYCO003694	3	0	16	
MYCO003697	6	0	7	
MYCO003698	35	0	22	
MYCO003699	7	0	11	
MYCO003700	116	0	19	
MYCO003701	36	0	15	
MYCO003702	5	0	15	
MYCO003703	13	0	31	
MYCO003704	14	0	28	
MYCO003706	32	0	4	
MYCO003714	10	0	20	
MYCO003716	56	0	7	
MYCO003723	8	0	18	
MYCO003725	374	0	7	
MYCO003726	72	0	14	
MYCO003727	61	0	33	
MYCO003728	489	0	25	
MYCO003729	80	0	44	
MYCO003730	3	0	20	
MYCO003731	1	0	24	
MYCO003732	17	0	20	
MYCO003733	4	0	13	
MYCO003734	11	0	25	
MYCO003735	5	0	11	
MYCO003736	16	0	24	
MYCO003737	144	0	25	
MYCO003738	264	0	19	
MYCO003739	182	0	8	
MYCO003740	25	0	23	
MYCO003741	3	0	16	
MYCO003742	3	0	7	
MYCO003743	34	0	36	
MYCO003744	0	0	9	
MYCO003745	3	234	6	
MYCO003746	1	0	6	
MYCO003747	4	0	4	
MYCO003748	2	0	7	
MYCO003749	6	0	6	
MYCO003750	2	0	6	
MYCO003751	2	0	9	
MYCO003752	60	0	5	
MYCO003753	89	0	7	
MYCO003754	45	0	17	
MYCO003755	3	0	11	
MYCO003756	4	0	17	
MYCO003757	29	0	17	
MYCO003758	9	0	20	
MYCO003759	7	0	21	
MYCO003760	3	0	7	
MYCO003761	29	0	14	
MYCO003762	1	0	36	
MYCO003763	6	0	14	
MYCO003764	8	0	21	
MYCO003766	22	0	12	
MYCO003767	19	0	15	
MYCO003768	21	0	7	
MYCO003769	18	0	6	
MYCO003770	24	0	12	
MYCO003771	7	0	10	
MYCO003772	11	0	9	
MYCO003773	17	0	12	
MYCO003776	147	0	32	
MYCO003779	86	0	29	
MYCO003784	46	0	24	
MYCO003785	343	0	16	
MYCO003786	65	0	22	
MYCO003787	18	0	17	
MYCO003788	2	0	8	
MYCO003789	3	0	6	
MYCO003792	41	0	34	
MYCO003796	4	0	21	
MYCO003797	41	0	28	
MYCO003798	408	9	15	
MYCO003800	173	0	59	
MYCO003803	15	0	13	
MYCO003805	7	0	26	
MYCO003807	29	0	10	
MYCO003810	216	0	16	
MYCO003811	33	0	24	
MYCO003812	318	0	19	
MYCO003813	19	0	11	
MYCO003814	14	0	12	
MYCO003815	19	0	8	
MYCO003817	60	0	17	
MYCO003818	9	0	21	
MYCO003819	8	0	5	
MYCO003820	42	0	31	
MYCO003821	4	0	17	
MYCO003822	11	0	34	
MYCO003823	10	0	55	
MYCO003824	19	0	36	
MYCO003825	53	0	91	
MYCO003826	19	0	34	
MYCO003827	41	0	30	
MYCO003828	0	290	10	
MYCO003829	156	0	42	
MYCO003830	181	0	15	
MYCO003831	3	0	17	
MYCO003832	24	0	15	
MYCO003833	111	0	23	
MYCO003836	81	0	13	
MYCO003837	12	0	19	
MYCO003838	26	0	19	
MYCO003839	1	0	18	
MYCO003840	6	0	9	
MYCO003841	2	0	14	
MYCO003843	67	0	21	
MYCO003844	23	0	10	
MYCO003845	565	0	2	
MYCO003846	2	0	11	
MYCO003848	21	0	21	
MYCO003850	14	0	12	
MYCO003851	13	0	7	
MYCO003852	7	0	4	
MYCO003853	0	0	8	
MYCO003854	33	0	47	
MYCO003855	2	0	19	
MYCO003856	17	0	18	
MYCO003857	2	0	2	
MYCO003860	85	0	30	
MYCO003861	32	0	15	
MYCO003862	8	0	24	
MYCO003863	35	0	28	
MYCO003864	17	0	22	
MYCO003865	12	0	7	
MYCO003866	29	0	16	
MYCO003867	21	0	7	
MYCO003868	48	0	19	
MYCO003869	111	0	32	
MYCO003870	9	0	49	
MYCO003871	67	0	30	
MYCO003872	32	0	5	
MYCO003873	34	0	16	
MYCO003874	6	0	8	
MYCO003875	2	0	5	
MYCO003876	344	0	31	
MYCO003877	11	0	41	
MYCO003878	77	0	16	
MYCO003879	332	0	42	
MYCO003880	0	0	6	
MYCO003881	78	0	42	
MYCO003882	107	0	47	
MYCO003883	11	0	24	
MYCO003884	42	0	33	
MYCO003885	30	0	42	
MYCO003886	268	0	20	
MYCO003887	85	0	34	
MYCO003888	31	0	31	
MYCO003889	58	0	32	
MYCO003890	19	0	6	
MYCO003891	6	0	12	
MYCO003892	177	0	25	
MYCO003893	21	0	8	
MYCO003894	220	0	77	
MYCO003895	216	0	35	
MYCO003896	49	0	25	
MYCO003897	761	0	2	
MYCO003898	373	0	4	
MYCO003899	207	0	31	
MYCO003900	123	0	34	
MYCO003901	18	0	11	
MYCO003902	5	0	14	
MYCO003903	250	0	41	
MYCO003904	3	0	12	
MYCO003905	7	0	9	
MYCO003906	10	0	14	
MYCO003909	41	0	50	
MYCO003910	47	0	106	
MYCO003911	767	0	1	
MYCO003912	24	0	21	
MYCO003914	0	0	7	
MYCO003916	1	0	24	
MYCO003919	36	0	70	
MYCO003922	1	0	13	
MYCO003923	1	0	12	
MYCO010064	1	0	5	
MYCO010078	4	0	13	
MYCO010157	1	0	3	
MYCO010186	11	0	4	
MYCO010192	177	0	3	
MYCO010236	7	0	2	
MYCO010277	768	0	0	
MYCO010397	0	364	7	
MYCO010456	4	0	4	
MYCO010470	111	0	4	
MYCO010492	5	0	5	
MYCO010500	44	0	3	
MYCO010530	0	0	3	
MYCO010590	8	0	4	
MYCO010609	5	0	7	
MYCO010616	0	0	8	
MYCO010634	3	0	4	
MYCO010691	0	0	5	
MYCO010724	768	0	0	
MYCO010749	4	0	5	
MYCO010755	12	0	3	
MYCO010787	9	0	2	
MYCO010959	1	0	3	
MYCO011028	0	0	4	
MYCO011087	7	0	5	
MYCO011089	1	0	5	
MYCO011116	5	0	4	
MYCO011135	1	0	11	
MYCO011159	0	0	3	
MYCO011290	5	0	4	
MYCO011322	1	0	8	
MYCO011366	2	0	4	
MYCO011473	3	0	5	
MYCO011489	23	0	4	
MYCO011498	17	0	4	
MYCO011507	22	0	16	
MYCO011508	10	0	5	
MYCO011638	58	0	7	
MYCO011706	1	0	4	
MYCO011765	6	0	4	
MYCO011888	1	0	5	
MYCO011954	3	0	5	
MYCO011962	0	463	9	
MYCO011982	1	0	3	
MYCO011990	12	0	10	
MYCO011991	1	0	2	
MYCO012023	9	0	15	
MYCO012063	18	0	7	
MYCO012077	29	0	5	
MYCO012142	0	0	5	
MYCO012160	416	0	4	
MYCO012219	2	0	7	
MYCO012231	10	0	7	
MYCO012237	6	0	5	
MYCO012250	768	0	0	
MYCO012274	28	0	6	
MYCO012306	4	0	9	
MYCO012307	5	0	4	
MYCO012309	1	0	8	
MYCO012331	1	0	4	
MYCO012395	4	0	3	
MYCO012401	2	0	2	
MYCO012427	768	0	0	
MYCO012438	1	0	4	
MYCO012468	0	0	3	
MYCO012530	1	0	3	
MYCO012548	0	0	4	
MYCO012601	0	0	3	
MYCO012614	105	0	7	
MYCO012737	2	0	4	
MYCO012801	0	0	2	
MYCO012828	145	0	7	
MYCO012862	768	0	0	
MYCO012922	2	0	5	
MYCO012943	5	0	8	
MYCO012970	6	0	2	
MYCO012998	0	0	6	
MYCO013018	292	0	4	
MYCO013022	133	0	6	
MYCO013032	6	0	5	
MYCO013098	4	0	7	
MYCO013136	1	0	10	
MYCO013190	29	0	2	
MYCO013196	0	0	3	
MYCO013197	6	0	2	
MYCO013198	3	0	6	
MYCO013208	2	0	4	
MYCO013221	0	0	6	
MYCO013224	2	0	9	
MYCO013312	9	0	11	
MYCO013324	768	0	0	
MYCO013395	30	0	10	
MYCO013566	1	0	7	
MYCO013697	8	0	8	
MYCO013705	8	0	11	
MYCO013724	84	0	4	
MYCO013770	1	0	2	
MYCO020078	1	0	9	
MYCO020456	768	0	0	
MYCO020500	0	0	3	
MYCO022231	569	0	5	
MYCO022306	13	0	6	
MYCO022307	17	0	7	
MYCO022395	7	0	5	
MYCO023224	6	0	3	
MYCO023724	91	0	11	
MYCO023770	1	0	5	
MYCO032307	0	0	4	
