GbGDiv simplified results table from 'accumulate-15.txt' records table.
Isolate records read from table: 3840

Locus	Missing	Paralogous	CountNuc
id	0	0	3840	
isolate	0	0	3840	
rMLST_database_accession	0	0	3840	
BACT000001	10	0	72	
BACT000002	113	0	29	
BACT000003	370	0	34	
BACT000004	27	0	24	
BACT000005	61	0	25	
BACT000006	3	0	14	
BACT000007	10	0	17	
BACT000008	18	0	19	
BACT000009	15	0	25	
BACT000010	1	0	9	
BACT000011	30	0	19	
BACT000012	2	0	18	
BACT000013	8	0	19	
BACT000014	2	3508	2	
BACT000015	1	0	9	
BACT000016	41	0	26	
BACT000017	11	0	17	
BACT000018	1	2989	3	
BACT000019	0	0	11	
BACT000020	5	0	15	
BACT000021	3840	0	0	
BACT000030	33	1079	25	
BACT000031	2	0	24	
BACT000032	7	0	18	
BACT000033	105	0	28	
BACT000034	8	0	21	
BACT000035	4	0	24	
BACT000036	257	0	18	
BACT000038	18	0	18	
BACT000039	13	0	19	
BACT000040	456	0	15	
BACT000042	6	0	22	
BACT000043	1	0	23	
BACT000044	24	0	16	
BACT000045	16	0	16	
BACT000046	4	0	28	
BACT000047	52	0	11	
BACT000048	1	0	16	
BACT000049	3	0	16	
BACT000050	20	0	14	
BACT000051	125	0	21	
BACT000052	1	0	13	
BACT000053	3	0	13	
BACT000056	7	0	13	
BACT000057	2	3723	3	
BACT000058	1	1	12	
BACT000059	0	0	10	
BACT000060	2	0	7	
BACT000061	9	0	13	
BACT000062	1	3219	7	
BACT000063	2	1	11	
BACT000064	3	0	13	
BACT000065	3	0	3	
MYCO000001	24	0	109	
MYCO000005	25	0	123	
MYCO000006	42	0	189	
MYCO000009	10	0	29	
MYCO000011	9	0	23	
MYCO000013	3	0	54	
MYCO000015	865	0	66	
MYCO000016	59	0	78	
MYCO000017	53	0	71	
MYCO000019	6	0	30	
MYCO000038	262	0	33	
MYCO000046	15	0	56	
MYCO000047	16	0	27	
MYCO000049	21	0	28	
MYCO000050	426	0	136	
MYCO000051	329	0	100	
MYCO000054	151	0	30	
MYCO000066	19	0	104	
MYCO000068	100	0	72	
MYCO000129	30	0	30	
MYCO000183	197	0	45	
MYCO000184	216	0	24	
MYCO000189	491	0	55	
MYCO000198	38	0	97	
MYCO000204	121	0	41	
MYCO000207	13	0	33	
MYCO000211	44	0	92	
MYCO000223	398	0	66	
MYCO000225	27	0	31	
MYCO000227	430	0	51	
MYCO000228	86	0	49	
MYCO000236	890	0	145	
MYCO000237	102	0	63	
MYCO000238	12	0	31	
MYCO000241	25	0	52	
MYCO000242	645	0	60	
MYCO000243	354	0	53	
MYCO000244	70	1936	66	
MYCO000247	8	0	27	
MYCO000248	24	0	54	
MYCO000270	37	0	83	
MYCO000274	249	0	36	
MYCO000321	9	0	22	
MYCO000322	44	0	48	
MYCO000334	4	0	23	
MYCO000337	34	0	42	
MYCO000350	59	0	51	
MYCO000352	403	0	41	
MYCO000357	14	0	44	
MYCO000360	141	0	26	
MYCO000383	730	0	24	
MYCO000384	495	0	81	
MYCO000407	170	0	45	
MYCO000410	111	0	79	
MYCO000411	94	0	37	
MYCO000414	804	0	29	
MYCO000415	846	0	39	
MYCO000417	274	956	28	
MYCO000423	25	0	47	
MYCO000429	9	0	25	
MYCO000432	11	0	26	
MYCO000433	19	0	37	
MYCO000439	145	0	42	
MYCO000440	45	0	49	
MYCO000462	10	0	33	
MYCO000465	35	0	67	
MYCO000466	16	0	27	
MYCO000467	18	0	35	
MYCO000468	34	0	33	
MYCO000472	9	0	26	
MYCO000475	92	0	29	
MYCO000483	46	0	45	
MYCO000484	40	0	32	
MYCO000486	231	0	56	
MYCO000489	570	0	25	
MYCO000490	51	0	37	
MYCO000491	7	0	17	
MYCO000495	12	0	35	
MYCO000496	48	0	39	
MYCO000498	68	0	42	
MYCO000501	22	0	37	
MYCO000502	27	0	31	
MYCO000505	934	0	33	
MYCO000509	88	0	57	
MYCO000510	71	0	34	
MYCO000512	80	0	32	
MYCO000524	315	0	48	
MYCO000527	117	0	28	
MYCO000528	600	0	50	
MYCO000529	138	0	48	
MYCO000548	26	0	26	
MYCO000551	132	0	79	
MYCO000553	375	0	36	
MYCO000555	359	0	45	
MYCO000557	42	0	56	
MYCO000558	186	0	24	
MYCO000562	20	0	43	
MYCO000563	82	0	36	
MYCO000564	45	0	50	
MYCO000566	10	0	21	
MYCO000636	7	0	19	
MYCO000639	150	0	22	
MYCO000647	148	0	56	
MYCO000655	24	0	47	
MYCO000667	191	0	226	
MYCO000668	157	0	211	
MYCO000672	158	0	79	
MYCO000684	58	0	75	
MYCO000685	13	0	26	
MYCO000693	358	0	45	
MYCO000696	62	0	53	
MYCO000732	8	0	48	
MYCO000733	8	0	19	
MYCO000734	416	0	25	
MYCO000757	8	0	25	
MYCO000758	103	0	125	
MYCO000772	121	0	48	
MYCO000777	44	0	34	
MYCO000780	13	0	31	
MYCO000782	3745	0	5	
MYCO000788	110	0	22	
MYCO000803	87	0	71	
MYCO000808	67	0	54	
MYCO000809	6	0	32	
MYCO000810	2	0	7	
MYCO000814	757	14	13	
MYCO000815	54	4	39	
MYCO000820	12	0	25	
MYCO000821	22	0	17	
MYCO000823	80	0	48	
MYCO000824	7	0	21	
MYCO000859	61	0	67	
MYCO000860	232	0	87	
MYCO000861	36	0	56	
MYCO000871	12	0	11	
MYCO000876	4	0	58	
MYCO000884	13	0	46	
MYCO000885	52	0	30	
MYCO000886	899	0	61	
MYCO000889	779	0	49	
MYCO000896	46	0	46	
MYCO000902	32	0	21	
MYCO000903	8	0	11	
MYCO000906	994	0	44	
MYCO000926	20	0	61	
MYCO000927	166	0	29	
MYCO000929	346	0	27	
MYCO000946	42	0	61	
MYCO000949	169	0	89	
MYCO000951	31	0	44	
MYCO000952	72	0	36	
MYCO000953	281	0	47	
MYCO000957	409	0	45	
MYCO000981	41	0	26	
MYCO000983	483	0	54	
MYCO000993	110	0	30	
MYCO000994	253	0	51	
MYCO000995	15	0	28	
MYCO001001	33	0	56	
MYCO001002	56	0	60	
MYCO001007	11	0	56	
MYCO001008	220	0	34	
MYCO001009	198	0	36	
MYCO001010	82	0	43	
MYCO001011	32	0	28	
MYCO001013	44	0	50	
MYCO001014	32	0	32	
MYCO001015	25	0	27	
MYCO001017	5	0	27	
MYCO001018	40	0	60	
MYCO001020	451	0	145	
MYCO001022	184	0	30	
MYCO001023	136	0	50	
MYCO001026	250	0	35	
MYCO001070	18	0	22	
MYCO001071	19	0	52	
MYCO001072	4	0	25	
MYCO001077	61	0	59	
MYCO001079	68	0	35	
MYCO001080	209	0	16	
MYCO001082	35	0	29	
MYCO001086	54	0	37	
MYCO001092	95	0	30	
MYCO001094	62	0	19	
MYCO001095	90	0	43	
MYCO001098	66	0	37	
MYCO001099	232	0	37	
MYCO001108	72	0	49	
MYCO001110	14	0	28	
MYCO001112	493	0	37	
MYCO001165	174	0	75	
MYCO001173	229	0	84	
MYCO001177	13	0	8	
MYCO001178	141	0	48	
MYCO001193	371	0	44	
MYCO001201	223	0	35	
MYCO001202	181	0	34	
MYCO001207	267	0	39	
MYCO001208	25	0	32	
MYCO001213	185	0	51	
MYCO001220	226	0	14	
MYCO001221	3	0	29	
MYCO001223	631	0	61	
MYCO001229	110	0	45	
MYCO001238	45	0	33	
MYCO001239	13	0	41	
MYCO001245	85	0	43	
MYCO001248	440	0	122	
MYCO001253	168	0	72	
MYCO001272	292	0	61	
MYCO001273	21	0	70	
MYCO001277	423	0	37	
MYCO001292	31	0	58	
MYCO001293	52	0	43	
MYCO001294	69	0	40	
MYCO001295	56	0	42	
MYCO001297	316	0	51	
MYCO001299	41	0	26	
MYCO001302	13	0	30	
MYCO001305	8	0	7	
MYCO001308	60	0	45	
MYCO001309	12	0	36	
MYCO001310	15	0	39	
MYCO001311	15	0	21	
MYCO001315	20	0	34	
MYCO001321	60	0	29	
MYCO001323	82	0	43	
MYCO001326	45	0	81	
MYCO001327	66	0	61	
MYCO001328	131	0	102	
MYCO001338	108	0	28	
MYCO001340	51	0	24	
MYCO001380	47	0	31	
MYCO001381	414	0	41	
MYCO001383	38	0	39	
MYCO001384	368	0	136	
MYCO001385	613	0	34	
MYCO001388	3	0	22	
MYCO001390	2	0	10	
MYCO001391	688	0	53	
MYCO001392	386	0	60	
MYCO001402	1578	0	56	
MYCO001407	538	0	64	
MYCO001408	126	0	24	
MYCO001410	12	0	49	
MYCO001412	18	0	24	
MYCO001415	18	0	40	
MYCO001416	8	0	19	
MYCO001420	28	0	58	
MYCO001421	24	0	33	
MYCO001436	6	0	37	
MYCO001437	43	0	45	
MYCO001438	18	0	27	
MYCO001440	20	0	13	
MYCO001445	242	0	32	
MYCO001447	456	0	77	
MYCO001448	44	0	46	
MYCO001449	198	0	69	
MYCO001451	76	0	37	
MYCO001457	9	0	28	
MYCO001458	20	0	39	
MYCO001462	49	0	51	
MYCO001463	13	0	25	
MYCO001464	209	0	45	
MYCO001465	11	0	13	
MYCO001466	8	0	9	
MYCO001467	70	1965	54	
MYCO001473	37	0	45	
MYCO001474	124	0	16	
MYCO001475	22	0	76	
MYCO001479	81	0	41	
MYCO001480	118	0	37	
MYCO001481	22	0	36	
MYCO001483	100	0	19	
MYCO001484	28	0	35	
MYCO001485	113	0	31	
MYCO001493	615	0	62	
MYCO001536	123	0	115	
MYCO001540	25	0	46	
MYCO001547	144	0	102	
MYCO001557	659	0	53	
MYCO001559	835	0	56	
MYCO001564	43	0	80	
MYCO001568	237	0	45	
MYCO001569	747	0	28	
MYCO001589	17	0	30	
MYCO001593	4	0	25	
MYCO001594	50	0	42	
MYCO001595	426	0	58	
MYCO001599	353	0	45	
MYCO001600	9	0	44	
MYCO001601	1	0	21	
MYCO001603	9	0	30	
MYCO001605	18	0	29	
MYCO001609	86	0	67	
MYCO001611	67	0	24	
MYCO001612	11	0	50	
MYCO001617	55	0	52	
MYCO001626	21	0	23	
MYCO001627	121	0	33	
MYCO001629	141	0	108	
MYCO001633	510	0	77	
MYCO001638	174	0	106	
MYCO001641	3840	0	0	
MYCO001649	304	0	33	
MYCO001652	224	0	35	
MYCO001653	682	0	30	
MYCO001654	103	0	24	
MYCO001655	429	0	45	
MYCO001656	323	0	30	
MYCO001657	364	0	18	
MYCO001658	114	0	45	
MYCO001659	359	0	47	
MYCO001689	14	0	38	
MYCO001694	141	0	33	
MYCO001695	4	0	34	
MYCO001697	6	0	28	
MYCO001699	22	0	88	
MYCO001701	60	0	26	
MYCO001708	21	0	27	
MYCO001709	5	0	39	
MYCO001711	3	0	32	
MYCO001712	26	0	29	
MYCO001713	177	0	49	
MYCO001821	38	0	87	
MYCO001827	5	0	19	
MYCO001829	36	0	21	
MYCO001830	19	0	52	
MYCO001832	110	0	115	
MYCO001837	95	0	79	
MYCO001842	81	0	62	
MYCO001843	99	0	58	
MYCO001844	56	0	71	
MYCO001854	38	0	58	
MYCO001886	80	0	45	
MYCO001894	169	0	57	
MYCO001981	18	0	25	
MYCO002050	4	0	10	
MYCO002089	287	0	51	
MYCO002090	3750	0	10	
MYCO002092	456	0	99	
MYCO002093	41	0	30	
MYCO002096	27	0	44	
MYCO002097	80	0	37	
MYCO002109	15	0	30	
MYCO002110	45	0	38	
MYCO002111	107	0	10	
MYCO002112	1676	0	47	
MYCO002115	36	0	69	
MYCO002118	15	0	23	
MYCO002119	26	0	41	
MYCO002121	50	0	25	
MYCO002122	4	0	13	
MYCO002125	37	0	26	
MYCO002130	489	0	34	
MYCO002134	22	0	21	
MYCO002139	79	0	42	
MYCO002140	2	0	20	
MYCO002141	70	0	57	
MYCO002145	55	0	27	
MYCO002150	239	0	31	
MYCO002151	257	0	22	
MYCO002153	756	0	57	
MYCO002154	830	0	34	
MYCO002155	631	0	73	
MYCO002156	19	0	44	
MYCO002157	1685	0	45	
MYCO002163	173	0	61	
MYCO002166	14	0	12	
MYCO002170	461	0	24	
MYCO002176	108	0	46	
MYCO002178	21	0	32	
MYCO002179	76	0	14	
MYCO002182	26	0	24	
MYCO002186	3	0	12	
MYCO002187	1095	0	55	
MYCO002188	44	0	55	
MYCO002192	115	0	35	
MYCO002193	8	0	16	
MYCO002194	33	0	32	
MYCO002195	17	0	46	
MYCO002196	16	0	57	
MYCO002199	0	0	19	
MYCO002200	25	0	36	
MYCO002201	159	0	59	
MYCO002202	177	0	38	
MYCO002210	72	0	39	
MYCO002211	117	0	53	
MYCO002213	207	0	71	
MYCO002216	36	0	48	
MYCO002217	210	0	31	
MYCO002218	168	0	39	
MYCO002219	119	0	27	
MYCO002220	27	0	49	
MYCO002221	871	0	88	
MYCO002222	39	0	48	
MYCO002225	128	0	41	
MYCO002228	56	0	43	
MYCO002230	250	0	38	
MYCO002235	72	0	41	
MYCO002239	2	0	18	
MYCO002241	484	0	67	
MYCO002242	180	0	37	
MYCO002243	410	0	33	
MYCO002244	5	0	6	
MYCO002245	72	0	43	
MYCO002246	40	0	38	
MYCO002247	168	0	43	
MYCO002257	41	0	35	
MYCO002259	198	0	35	
MYCO002315	664	0	59	
MYCO002343	197	0	61	
MYCO002344	601	0	37	
MYCO002357	11	0	33	
MYCO002361	10	0	22	
MYCO002362	108	0	26	
MYCO002364	10	0	35	
MYCO002366	12	0	55	
MYCO002367	6	0	18	
MYCO002368	41	0	39	
MYCO002373	66	0	40	
MYCO002374	127	0	48	
MYCO002399	54	0	34	
MYCO002400	47	0	48	
MYCO002402	61	0	93	
MYCO002404	27	0	73	
MYCO002409	15	0	29	
MYCO002410	8	0	25	
MYCO002411	97	0	58	
MYCO002413	142	0	34	
MYCO002420	160	0	22	
MYCO002421	1	0	15	
MYCO002425	314	0	37	
MYCO002426	1083	0	44	
MYCO002427	337	0	47	
MYCO002439	595	0	29	
MYCO002440	94	0	66	
MYCO002445	19	0	14	
MYCO002447	71	0	61	
MYCO002448	172	0	90	
MYCO002454	25	0	43	
MYCO002455	67	0	57	
MYCO002457	27	0	36	
MYCO002460	4	0	17	
MYCO002461	8	0	19	
MYCO002462	249	0	44	
MYCO002465	59	0	17	
MYCO002466	40	0	25	
MYCO002467	93	0	95	
MYCO002470	10	0	22	
MYCO002477	24	0	50	
MYCO002500	14	0	40	
MYCO002502	51	0	63	
MYCO002509	12	0	37	
MYCO002511	17	0	19	
MYCO002518	457	0	38	
MYCO002521	2	0	19	
MYCO002523	34	0	11	
MYCO002524	1128	0	233	
MYCO002533	18	0	19	
MYCO002534	2	0	18	
MYCO002538	207	0	44	
MYCO002540	872	0	46	
MYCO002555	69	0	72	
MYCO002559	339	0	38	
MYCO002568	45	0	41	
MYCO002572	136	0	57	
MYCO002575	65	0	40	
MYCO002580	172	0	38	
MYCO002582	32	0	36	
MYCO002583	101	0	78	
MYCO002587	603	0	63	
MYCO002589	118	0	49	
MYCO002592	170	0	32	
MYCO002593	78	0	22	
MYCO002594	2	0	16	
MYCO002603	9	0	27	
MYCO002606	35	0	30	
MYCO002610	93	0	39	
MYCO002611	76	0	45	
MYCO002612	7	0	26	
MYCO002613	7	0	14	
MYCO002614	67	0	59	
MYCO002670	22	0	36	
MYCO002673	443	991	42	
MYCO002676	26	0	16	
MYCO002678	342	0	37	
MYCO002682	89	0	58	
MYCO002696	106	0	36	
MYCO002697	8	0	16	
MYCO002699	0	0	11	
MYCO002702	11	0	40	
MYCO002703	135	0	44	
MYCO002708	3	0	13	
MYCO002710	71	0	34	
MYCO002711	26	0	28	
MYCO002714	28	0	37	
MYCO002715	508	0	51	
MYCO002720	15	0	37	
MYCO002724	45	0	64	
MYCO002725	103	0	49	
MYCO002726	52	0	30	
MYCO002727	213	0	40	
MYCO002731	437	0	44	
MYCO002733	897	0	45	
MYCO002744	108	0	32	
MYCO002748	362	0	96	
MYCO002750	71	0	37	
MYCO002753	13	0	43	
MYCO002754	28	0	26	
MYCO002764	72	0	42	
MYCO002773	20	0	26	
MYCO002782	290	0	54	
MYCO002783	136	0	63	
MYCO002788	420	0	16	
MYCO002794	22	0	27	
MYCO002795	75	0	37	
MYCO002828	1736	455	43	
MYCO002838	64	0	18	
MYCO002839	1493	0	77	
MYCO002841	23	0	45	
MYCO002846	7	0	51	
MYCO002847	91	0	43	
MYCO002861	18	0	27	
MYCO002864	48	0	46	
MYCO002868	12	0	32	
MYCO002870	92	0	33	
MYCO002882	11	0	29	
MYCO002883	4	0	26	
MYCO002889	78	0	26	
MYCO002894	493	0	29	
MYCO002901	2	0	8	
MYCO002902	214	0	28	
MYCO002915	73	0	49	
MYCO002916	308	0	44	
MYCO002917	605	0	59	
MYCO002918	243	0	92	
MYCO002919	4	0	12	
MYCO002921	128	0	47	
MYCO002927	23	0	31	
MYCO002965	3	0	11	
MYCO002967	250	0	78	
MYCO002976	61	0	29	
MYCO002981	170	0	47	
MYCO002982	25	0	39	
MYCO002984	51	0	50	
MYCO002988	99	0	34	
MYCO002992	121	0	61	
MYCO002993	11	0	30	
MYCO002995	138	0	39	
MYCO002996	249	0	60	
MYCO003001	18	0	34	
MYCO003003	180	0	58	
MYCO003006	121	0	33	
MYCO003009	21	0	46	
MYCO003010	337	0	32	
MYCO003011	702	0	43	
MYCO003014	355	0	73	
MYCO003024	164	0	50	
MYCO003025	106	0	34	
MYCO003027	38	0	43	
MYCO003028	490	0	37	
MYCO003029	19	0	24	
MYCO003031	211	0	56	
MYCO003032	387	0	33	
MYCO003034	12	0	29	
MYCO003038	10	0	34	
MYCO003042	61	0	38	
MYCO003043	9	0	43	
MYCO003045	4	0	36	
MYCO003048	17	0	36	
MYCO003049	89	0	64	
MYCO003051	29	0	48	
MYCO003052	17	0	13	
MYCO003053	4	0	6	
MYCO003054	130	0	31	
MYCO003057	16	0	35	
MYCO003085	212	0	38	
MYCO003100	10	0	19	
MYCO003101	22	0	27	
MYCO003102	2	0	26	
MYCO003105	177	0	43	
MYCO003117	54	4	39	
MYCO003118	757	14	13	
MYCO003139	21	0	60	
MYCO003140	21	0	55	
MYCO003193	71	0	103	
MYCO003194	3	0	30	
MYCO003195	311	0	60	
MYCO003197	31	0	48	
MYCO003198	265	0	67	
MYCO003205	38	0	30	
MYCO003206	22	0	55	
MYCO003207	17	0	32	
MYCO003208	53	0	24	
MYCO003211	299	0	68	
MYCO003213	16	0	38	
MYCO003214	25	0	36	
MYCO003219	6	0	7	
MYCO003220	24	0	48	
MYCO003221	0	0	11	
MYCO003223	4	0	26	
MYCO003228	372	0	38	
MYCO003229	24	0	66	
MYCO003240	413	0	79	
MYCO003241	177	0	24	
MYCO003245	17	0	54	
MYCO003246	13	0	16	
MYCO003248	39	0	55	
MYCO003252	177	0	39	
MYCO003255	102	0	36	
MYCO003257	202	0	42	
MYCO003258	261	0	14	
MYCO003261	14	0	42	
MYCO003262	219	0	39	
MYCO003264	18	0	31	
MYCO003265	97	0	33	
MYCO003267	264	0	38	
MYCO003274	8	0	38	
MYCO003275	111	0	24	
MYCO003276	99	0	44	
MYCO003277	7	0	26	
MYCO003280	34	0	51	
MYCO003285	128	0	54	
MYCO003290	24	0	42	
MYCO003296	1169	0	161	
MYCO003302	67	0	45	
MYCO003303	3798	0	2	
MYCO003304	41	0	12	
MYCO003305	74	0	38	
MYCO003306	245	0	50	
MYCO003313	26	0	23	
MYCO003317	14	0	26	
MYCO003318	201	0	51	
MYCO003319	45	0	35	
MYCO003328	300	0	45	
MYCO003329	48	0	63	
MYCO003330	390	0	42	
MYCO003336	15	0	29	
MYCO003340	23	0	43	
MYCO003341	509	0	43	
MYCO003356	23	0	30	
MYCO003392	42	2916	17	
MYCO003396	73	0	51	
MYCO003409	103	0	54	
MYCO003410	681	0	37	
MYCO003411	169	0	58	
MYCO003412	10	0	17	
MYCO003417	13	2185	42	
MYCO003418	0	0	9	
MYCO003419	152	0	34	
MYCO003422	4	0	20	
MYCO003432	34	0	38	
MYCO003433	1379	0	27	
MYCO003436	960	0	56	
MYCO003441	433	0	54	
MYCO003455	182	0	30	
MYCO003457	16	0	42	
MYCO003462	8	0	12	
MYCO003464	12	0	39	
MYCO003490	47	0	59	
MYCO003500	17	0	35	
MYCO003501	23	0	26	
MYCO003504	27	0	42	
MYCO003520	43	0	49	
MYCO003570	15	0	30	
MYCO003571	50	0	38	
MYCO003579	548	0	46	
MYCO003580	77	0	38	
MYCO003583	3	0	17	
MYCO003589	906	0	27	
MYCO003592	6	0	14	
MYCO003596	298	0	86	
MYCO003598	32	0	45	
MYCO003600	32	0	23	
MYCO003601	32	0	19	
MYCO003609	4	0	16	
MYCO003610	382	0	70	
MYCO003624	10	0	32	
MYCO003628	15	0	21	
MYCO003644	206	0	55	
MYCO003646	592	0	99	
MYCO003647	58	0	23	
MYCO003648	6	0	26	
MYCO003668	10	0	24	
MYCO003670	204	0	33	
MYCO003674	8	0	28	
MYCO003676	9	0	22	
MYCO003677	51	0	37	
MYCO003679	22	0	47	
MYCO003680	100	0	41	
MYCO003682	130	0	81	
MYCO003683	71	0	43	
MYCO003684	58	0	26	
MYCO003695	30	0	47	
MYCO003696	161	0	78	
MYCO003705	6	0	30	
MYCO003707	108	0	43	
MYCO003708	122	0	38	
MYCO003709	73	0	42	
MYCO003710	1544	0	39	
MYCO003711	30	0	51	
MYCO003712	504	0	41	
MYCO003713	39	0	22	
MYCO003715	5	0	19	
MYCO003717	3	0	29	
MYCO003718	3	0	12	
MYCO003719	22	0	57	
MYCO003720	127	0	51	
MYCO003721	345	0	66	
MYCO003722	18	0	57	
MYCO003765	426	0	37	
MYCO003774	19	0	44	
MYCO003775	57	0	64	
MYCO003777	222	0	43	
MYCO003778	44	0	54	
MYCO003780	363	0	22	
MYCO003781	7	0	19	
MYCO003782	38	0	38	
MYCO003783	41	0	30	
MYCO003790	21	0	51	
MYCO003791	42	0	37	
MYCO003793	651	0	143	
MYCO003794	207	0	158	
MYCO003795	184	0	226	
MYCO003799	22	0	58	
MYCO003801	36	0	59	
MYCO003802	73	0	38	
MYCO003804	42	0	42	
MYCO003806	15	0	67	
MYCO003808	241	0	59	
MYCO003809	5	0	39	
MYCO003816	283	0	36	
MYCO003834	105	0	42	
MYCO003835	509	0	57	
MYCO003842	106	0	60	
MYCO003847	1439	0	23	
MYCO003849	5	0	16	
MYCO003858	44	0	45	
MYCO003859	395	0	167	
MYCO003907	39	0	76	
MYCO003908	144	0	37	
MYCO003913	68	0	74	
MYCO003915	12	0	76	
MYCO003917	14	0	80	
MYCO003918	13	0	79	
MYCO003920	11	0	39	
MYCO003921	18	0	77	
MYCO013678	1	0	14	
MYCO000002	43	0	85	
MYCO000003	35	0	69	
MYCO000004	12	0	55	
MYCO000007	408	0	95	
MYCO000008	18	0	34	
MYCO000010	11	0	63	
MYCO000012	31	0	68	
MYCO000014	13	0	100	
MYCO000018	225	0	81	
MYCO000020	190	0	120	
MYCO000021	539	0	61	
MYCO000022	44	0	39	
MYCO000023	42	0	55	
MYCO000024	1164	0	47	
MYCO000025	406	0	37	
MYCO000026	128	0	83	
MYCO000027	21	0	17	
MYCO000028	11	0	19	
MYCO000029	286	0	83	
MYCO000030	770	0	26	
MYCO000031	31	0	19	
MYCO000032	1184	0	105	
MYCO000033	14	0	12	
MYCO000034	9	0	23	
MYCO000035	53	0	121	
MYCO000036	87	0	56	
MYCO000037	49	0	73	
MYCO000039	170	0	22	
MYCO000040	66	0	54	
MYCO000041	350	0	150	
MYCO000042	264	0	72	
MYCO000043	35	0	44	
MYCO000044	477	0	44	
MYCO000045	1707	0	51	
MYCO000048	28	0	60	
MYCO000052	117	13	46	
MYCO000057	18	2278	52	
MYCO000058	67	0	122	
MYCO000059	16	0	45	
MYCO000060	7	0	46	
MYCO000061	871	0	17	
MYCO000062	198	0	78	
MYCO000063	283	0	103	
MYCO000064	1586	0	125	
MYCO000065	10	0	12	
MYCO000067	14	0	34	
MYCO000069	89	0	65	
MYCO000070	18	2208	47	
MYCO000071	1042	0	50	
MYCO000072	887	0	46	
MYCO000073	30	1632	46	
MYCO000074	1477	0	59	
MYCO000075	192	0	60	
MYCO000076	10	0	21	
MYCO000077	43	0	43	
MYCO000078	49	0	25	
MYCO000079	61	0	34	
MYCO000080	75	0	38	
MYCO000081	6	0	29	
MYCO000082	975	0	25	
MYCO000083	1391	0	56	
MYCO000084	32	0	42	
MYCO000085	242	0	37	
MYCO000086	317	0	69	
MYCO000087	268	0	70	
MYCO000088	23	0	41	
MYCO000089	35	0	37	
MYCO000090	56	0	51	
MYCO000091	64	0	31	
MYCO000092	218	0	100	
MYCO000093	118	0	53	
MYCO000094	3703	57	32	
MYCO000095	1653	0	154	
MYCO000096	418	0	69	
MYCO000097	7	0	26	
MYCO000098	7	0	24	
MYCO000099	1090	0	64	
MYCO000100	5	0	8	
MYCO000101	157	0	308	
MYCO000102	100	0	96	
MYCO000103	162	0	97	
MYCO000104	1220	0	67	
MYCO000106	82	0	42	
MYCO000107	3797	0	6	
MYCO000108	14	0	12	
MYCO000109	1225	0	62	
MYCO000110	16	0	32	
MYCO000111	134	0	89	
MYCO000112	29	0	63	
MYCO000113	208	0	49	
MYCO000114	165	0	30	
MYCO000115	517	0	64	
MYCO000116	19	0	38	
MYCO000117	15	0	48	
MYCO000118	129	0	96	
MYCO000119	99	0	78	
MYCO000120	91	0	113	
MYCO000121	117	0	28	
MYCO000122	19	0	12	
MYCO000123	7	0	14	
MYCO000124	3742	0	4	
MYCO000125	218	0	50	
MYCO000126	38	0	73	
MYCO000127	33	0	53	
MYCO000128	39	0	29	
MYCO000130	6	0	34	
MYCO000131	26	0	61	
MYCO000132	162	0	44	
MYCO000133	458	0	40	
MYCO000134	1296	0	28	
MYCO000135	9	0	24	
MYCO000136	399	0	78	
MYCO000137	431	0	31	
MYCO000138	397	0	27	
MYCO000139	38	0	43	
MYCO000140	11	0	21	
MYCO000141	9	0	22	
MYCO000142	608	0	48	
MYCO000143	235	0	81	
MYCO000144	256	0	35	
MYCO000145	192	0	50	
MYCO000146	662	0	47	
MYCO000147	139	0	85	
MYCO000148	41	0	32	
MYCO000149	695	0	43	
MYCO000150	29	0	19	
MYCO000151	266	0	93	
MYCO000152	95	0	88	
MYCO000153	74	0	38	
MYCO000154	41	0	44	
MYCO000155	103	0	44	
MYCO000156	3	0	15	
MYCO000157	292	0	58	
MYCO000158	13	0	30	
MYCO000159	306	0	77	
MYCO000160	38	0	79	
MYCO000161	118	0	64	
MYCO000162	218	0	57	
MYCO000163	1	0	29	
MYCO000164	11	0	21	
MYCO000165	1905	0	11	
MYCO000166	64	0	81	
MYCO000167	6	1898	27	
MYCO000168	59	0	48	
MYCO000169	112	0	76	
MYCO000170	9	0	41	
MYCO000171	1017	0	69	
MYCO000172	176	0	71	
MYCO000173	13	0	53	
MYCO000174	67	0	68	
MYCO000175	55	0	45	
MYCO000176	149	0	51	
MYCO000177	2	0	19	
MYCO000178	17	0	42	
MYCO000179	226	0	55	
MYCO000180	451	0	75	
MYCO000181	10	0	32	
MYCO000182	289	0	66	
MYCO000185	77	0	18	
MYCO000186	213	0	95	
MYCO000187	60	0	36	
MYCO000188	16	0	24	
MYCO000190	1	0	13	
MYCO000191	395	0	55	
MYCO000192	911	0	42	
MYCO000193	36	0	94	
MYCO000194	314	0	172	
MYCO000195	625	0	29	
MYCO000196	64	0	24	
MYCO000197	3838	0	2	
MYCO000199	7	0	25	
MYCO000200	58	0	27	
MYCO000201	287	0	20	
MYCO000202	135	0	127	
MYCO000203	177	0	19	
MYCO000205	505	0	42	
MYCO000206	241	0	99	
MYCO000208	27	0	26	
MYCO000209	287	0	53	
MYCO000210	351	0	49	
MYCO000212	53	0	46	
MYCO000213	25	0	58	
MYCO000214	64	0	85	
MYCO000215	458	0	44	
MYCO000216	58	0	41	
MYCO000217	350	0	44	
MYCO000218	1151	0	50	
MYCO000219	3	0	31	
MYCO000220	158	0	54	
MYCO000221	430	0	51	
MYCO000222	91	0	35	
MYCO000224	54	0	27	
MYCO000226	234	0	75	
MYCO000229	18	0	37	
MYCO000230	14	0	56	
MYCO000231	51	0	73	
MYCO000232	27	0	35	
MYCO000233	393	0	34	
MYCO000234	203	0	56	
MYCO000235	66	0	88	
MYCO000239	8	0	15	
MYCO000240	9	0	22	
MYCO000245	22	0	27	
MYCO000246	168	0	58	
MYCO000249	19	0	31	
MYCO000250	6	0	14	
MYCO000251	6	0	34	
MYCO000252	64	0	132	
MYCO000253	23	0	19	
MYCO000254	48	0	21	
MYCO000255	359	0	65	
MYCO000256	1064	0	64	
MYCO000257	504	0	24	
MYCO000258	40	0	22	
MYCO000259	9	0	33	
MYCO000260	61	0	61	
MYCO000261	52	0	75	
MYCO000262	16	0	22	
MYCO000263	364	0	36	
MYCO000264	83	0	31	
MYCO000265	19	0	57	
MYCO000266	970	0	135	
MYCO000267	424	0	54	
MYCO000268	38	0	27	
MYCO000269	84	0	54	
MYCO000271	131	0	95	
MYCO000272	71	0	63	
MYCO000273	59	0	31	
MYCO000275	381	0	54	
MYCO000276	182	1083	39	
MYCO000277	120	1598	68	
MYCO000278	3833	0	4	
MYCO000279	3638	0	65	
MYCO000280	1667	0	68	
MYCO000281	186	0	44	
MYCO000282	54	0	79	
MYCO000283	334	0	63	
MYCO000284	709	0	156	
MYCO000285	132	0	11	
MYCO000286	1117	0	64	
MYCO000287	12	12	13	
MYCO000288	3	0	23	
MYCO000289	82	0	53	
MYCO000290	631	0	79	
MYCO000291	528	0	57	
MYCO000292	39	0	42	
MYCO000293	106	0	55	
MYCO000294	94	0	47	
MYCO000295	17	0	25	
MYCO000296	65	0	51	
MYCO000297	2030	0	93	
MYCO000298	6	0	13	
MYCO000299	8	0	22	
MYCO000300	4	0	11	
MYCO000301	3	0	21	
MYCO000302	64	0	37	
MYCO000303	45	0	54	
MYCO000304	534	0	352	
MYCO000305	3778	0	10	
MYCO000306	14	0	30	
MYCO000307	13	0	26	
MYCO000308	5	0	37	
MYCO000309	29	0	22	
MYCO000310	5	0	16	
MYCO000311	24	0	57	
MYCO000312	325	0	66	
MYCO000313	5	0	21	
MYCO000314	140	0	37	
MYCO000315	924	0	37	
MYCO000316	358	0	29	
MYCO000317	54	0	37	
MYCO000318	27	0	31	
MYCO000319	48	0	34	
MYCO000320	16	0	29	
MYCO000323	414	0	34	
MYCO000324	20	0	32	
MYCO000325	1862	0	5	
MYCO000326	191	0	21	
MYCO000327	233	0	52	
MYCO000328	11	0	21	
MYCO000329	115	0	35	
MYCO000330	30	0	37	
MYCO000331	214	0	72	
MYCO000332	34	0	41	
MYCO000333	4	0	20	
MYCO000335	545	0	20	
MYCO000336	3323	437	19	
MYCO000338	734	0	86	
MYCO000339	562	0	108	
MYCO000340	11	0	25	
MYCO000341	1197	0	51	
MYCO000342	123	0	63	
MYCO000343	161	0	72	
MYCO000344	17	0	22	
MYCO000345	7	0	28	
MYCO000346	169	0	52	
MYCO000347	6	13	30	
MYCO000348	6	0	16	
MYCO000349	13	0	28	
MYCO000351	99	0	22	
MYCO000353	4	0	21	
MYCO000354	3837	0	1	
MYCO000355	2332	0	309	
MYCO000356	332	0	37	
MYCO000358	1055	0	28	
MYCO000359	58	0	35	
MYCO000361	11	0	32	
MYCO000362	27	0	72	
MYCO000363	34	0	47	
MYCO000364	13	0	32	
MYCO000365	113	0	47	
MYCO000366	59	0	30	
MYCO000367	29	0	15	
MYCO000368	173	0	63	
MYCO000369	11	0	23	
MYCO000370	30	0	52	
MYCO000371	29	0	21	
MYCO000372	108	0	43	
MYCO000373	141	0	122	
MYCO000374	16	0	26	
MYCO000375	413	0	30	
MYCO000376	314	0	53	
MYCO000377	299	0	54	
MYCO000378	531	0	10	
MYCO000379	14	0	15	
MYCO000380	60	0	27	
MYCO000381	52	0	34	
MYCO000382	25	0	14	
MYCO000385	13	0	37	
MYCO000386	334	0	130	
MYCO000387	1409	0	22	
MYCO000388	3836	0	2	
MYCO000389	502	0	59	
MYCO000390	7	0	16	
MYCO000391	68	0	37	
MYCO000392	230	0	68	
MYCO000393	1225	0	85	
MYCO000394	41	0	32	
MYCO000395	621	0	14	
MYCO000396	26	0	18	
MYCO000397	602	1279	67	
MYCO000398	236	0	25	
MYCO000399	65	0	62	
MYCO000400	99	0	44	
MYCO000401	185	0	18	
MYCO000402	661	0	104	
MYCO000403	861	0	21	
MYCO000404	122	0	118	
MYCO000405	1853	0	148	
MYCO000406	49	0	38	
MYCO000408	24	0	91	
MYCO000409	29	0	46	
MYCO000412	28	0	57	
MYCO000413	121	0	23	
MYCO000416	1	0	8	
MYCO000418	34	0	62	
MYCO000419	75	0	70	
MYCO000420	6	0	30	
MYCO000421	29	0	28	
MYCO000422	21	0	31	
MYCO000424	1	0	16	
MYCO000425	918	0	148	
MYCO000426	59	0	26	
MYCO000427	45	0	38	
MYCO000428	197	0	37	
MYCO000430	54	0	8	
MYCO000431	22	0	17	
MYCO000434	31	0	30	
MYCO000435	266	0	89	
MYCO000436	268	0	34	
MYCO000437	215	0	20	
MYCO000438	63	0	48	
MYCO000441	235	0	21	
MYCO000442	113	0	59	
MYCO000443	142	0	22	
MYCO000444	599	0	37	
MYCO000445	17	0	21	
MYCO000446	818	0	29	
MYCO000447	168	0	59	
MYCO000448	66	0	21	
MYCO000449	63	0	43	
MYCO000450	55	0	108	
MYCO000451	8	0	25	
MYCO000452	5	0	24	
MYCO000453	996	0	43	
MYCO000454	15	0	18	
MYCO000455	3	0	20	
MYCO000456	40	0	41	
MYCO000457	451	0	70	
MYCO000458	294	0	67	
MYCO000459	113	0	39	
MYCO000460	2	0	11	
MYCO000461	42	0	29	
MYCO000463	71	0	11	
MYCO000464	3	0	20	
MYCO000469	66	0	48	
MYCO000470	27	0	30	
MYCO000471	76	0	32	
MYCO000473	30	0	50	
MYCO000474	5	0	20	
MYCO000476	8	0	11	
MYCO000477	49	0	17	
MYCO000478	21	0	35	
MYCO000479	393	0	29	
MYCO000480	125	0	31	
MYCO000481	21	0	21	
MYCO000482	38	0	40	
MYCO000485	74	0	47	
MYCO000487	125	0	34	
MYCO000488	23	0	30	
MYCO000492	515	0	79	
MYCO000493	139	0	52	
MYCO000494	108	0	30	
MYCO000497	483	0	38	
MYCO000499	99	0	35	
MYCO000500	328	0	32	
MYCO000503	5	0	20	
MYCO000504	2	0	14	
MYCO000506	23	0	11	
MYCO000507	311	0	151	
MYCO000508	0	0	10	
MYCO000511	609	0	55	
MYCO000513	53	0	21	
MYCO000514	31	0	25	
MYCO000515	3323	259	19	
MYCO000516	12	0	20	
MYCO000517	87	0	57	
MYCO000518	15	0	31	
MYCO000519	450	0	35	
MYCO000520	42	0	15	
MYCO000521	5	0	14	
MYCO000522	19	0	38	
MYCO000523	193	0	18	
MYCO000525	363	0	36	
MYCO000526	53	0	27	
MYCO000530	312	0	59	
MYCO000531	500	0	17	
MYCO000532	3596	0	11	
MYCO000533	79	0	29	
MYCO000534	152	0	45	
MYCO000535	62	0	36	
MYCO000536	590	0	36	
MYCO000537	296	0	68	
MYCO000538	938	0	107	
MYCO000539	1516	0	18	
MYCO000540	335	0	23	
MYCO000541	136	0	49	
MYCO000542	498	0	40	
MYCO000543	0	0	7	
MYCO000544	357	0	14	
MYCO000545	129	0	55	
MYCO000546	14	0	16	
MYCO000547	233	0	43	
MYCO000549	48	0	21	
MYCO000550	19	0	10	
MYCO000552	796	0	58	
MYCO000554	259	0	27	
MYCO000556	8	0	19	
MYCO000559	68	0	14	
MYCO000560	21	0	32	
MYCO000561	252	0	35	
MYCO000565	148	0	84	
MYCO000567	67	0	43	
MYCO000568	125	0	58	
MYCO000569	8	0	14	
MYCO000570	224	0	100	
MYCO000571	362	0	51	
MYCO000572	16	0	18	
MYCO000573	232	0	65	
MYCO000574	197	0	42	
MYCO000575	249	0	52	
MYCO000576	283	0	55	
MYCO000577	309	0	36	
MYCO000578	2909	0	112	
MYCO000579	193	0	38	
MYCO000580	24	0	24	
MYCO000581	128	0	12	
MYCO000582	16	0	14	
MYCO000583	93	0	31	
MYCO000584	52	0	126	
MYCO000585	128	0	96	
MYCO000586	20	1198	33	
MYCO000587	121	0	54	
MYCO000588	164	0	41	
MYCO000589	44	0	58	
MYCO000590	1869	0	23	
MYCO000591	288	0	73	
MYCO000592	684	0	48	
MYCO000593	45	0	55	
MYCO000594	215	0	83	
MYCO000595	25	0	19	
MYCO000596	32	0	7	
MYCO000597	12	0	47	
MYCO000598	16	0	21	
MYCO000599	7	2133	11	
MYCO000600	191	0	20	
MYCO000601	169	0	34	
MYCO000602	490	0	37	
MYCO000603	725	0	12	
MYCO000604	186	0	47	
MYCO000605	27	0	17	
MYCO000606	81	0	34	
MYCO000607	8	0	15	
MYCO000608	1	0	8	
MYCO000609	20	0	20	
MYCO000610	461	0	38	
MYCO000611	8	0	20	
MYCO000612	496	0	23	
MYCO000613	1035	0	84	
MYCO000614	141	0	42	
MYCO000615	50	0	9	
MYCO000616	27	0	17	
MYCO000617	13	0	22	
MYCO000618	506	0	23	
MYCO000619	3840	0	0	
MYCO000620	1017	0	49	
MYCO000621	517	0	40	
MYCO000622	14	0	43	
MYCO000623	8	0	10	
MYCO000624	11	0	19	
MYCO000625	278	0	33	
MYCO000626	26	0	11	
MYCO000627	28	0	16	
MYCO000628	336	1765	50	
MYCO000629	689	0	69	
MYCO000630	1044	0	101	
MYCO000631	1053	0	104	
MYCO000632	3	0	25	
MYCO000633	29	0	40	
MYCO000634	4	0	23	
MYCO000635	7	0	23	
MYCO000637	6	0	29	
MYCO000638	55	0	25	
MYCO000642	23	0	37	
MYCO000643	108	0	32	
MYCO000644	7	11	31	
MYCO000645	4	0	32	
MYCO000646	66	0	32	
MYCO000648	1307	0	129	
MYCO000649	1483	0	31	
MYCO000650	1064	0	28	
MYCO000653	24	0	25	
MYCO000654	408	0	63	
MYCO000656	26	0	20	
MYCO000657	5	0	5	
MYCO000658	23	0	38	
MYCO000659	10	0	20	
MYCO000660	44	0	13	
MYCO000661	54	0	15	
MYCO000662	58	0	11	
MYCO000663	325	0	102	
MYCO000664	3	0	9	
MYCO000665	43	0	15	
MYCO000666	7	0	13	
MYCO000669	367	0	74	
MYCO000670	678	0	19	
MYCO000671	81	0	39	
MYCO000673	512	0	39	
MYCO000674	46	0	18	
MYCO000675	189	0	24	
MYCO000676	18	1691	88	
MYCO000677	7	0	19	
MYCO000678	20	0	24	
MYCO000679	59	0	22	
MYCO000680	7	0	21	
MYCO000681	7	0	35	
MYCO000686	573	0	24	
MYCO000687	51	0	30	
MYCO000688	43	0	43	
MYCO000689	184	0	14	
MYCO000690	51	0	29	
MYCO000691	1	0	31	
MYCO000692	5	0	10	
MYCO000694	203	0	39	
MYCO000695	44	0	26	
MYCO000697	20	0	56	
MYCO000698	703	0	29	
MYCO000699	2	0	8	
MYCO000711	283	0	77	
MYCO000712	11	0	28	
MYCO000713	15	0	52	
MYCO000724	364	0	77	
MYCO000725	52	0	32	
MYCO000726	103	0	48	
MYCO000727	231	0	34	
MYCO000728	115	0	45	
MYCO000729	576	0	56	
MYCO000730	107	0	31	
MYCO000731	322	0	40	
MYCO000735	12	0	28	
MYCO000736	84	0	36	
MYCO000737	19	0	18	
MYCO000738	466	0	23	
MYCO000739	1921	0	16	
MYCO000740	941	0	32	
MYCO000741	24	441	22	
MYCO000742	3840	0	0	
MYCO000743	13	0	21	
MYCO000744	190	0	27	
MYCO000745	531	0	31	
MYCO000746	3478	0	23	
MYCO000747	3474	0	34	
MYCO000748	366	0	20	
MYCO000749	120	1824	50	
MYCO000750	876	1422	23	
MYCO000751	144	0	33	
MYCO000752	100	0	50	
MYCO000753	196	0	61	
MYCO000754	1057	0	62	
MYCO000755	480	0	105	
MYCO000756	105	0	30	
MYCO000759	0	0	11	
MYCO000760	118	0	21	
MYCO000761	33	0	32	
MYCO000762	11	0	23	
MYCO000763	7	0	10	
MYCO000764	23	0	45	
MYCO000765	80	0	35	
MYCO000766	931	0	42	
MYCO000767	292	0	29	
MYCO000768	42	0	62	
MYCO000769	10	0	31	
MYCO000770	229	0	32	
MYCO000771	53	0	23	
MYCO000773	78	0	69	
MYCO000774	146	0	48	
MYCO000775	61	0	30	
MYCO000776	162	0	32	
MYCO000778	203	0	44	
MYCO000779	1200	0	20	
MYCO000781	3745	0	1	
MYCO000783	28	0	75	
MYCO000784	118	0	33	
MYCO000785	115	0	55	
MYCO000786	146	0	19	
MYCO000787	557	0	41	
MYCO000789	7	0	17	
MYCO000790	29	0	38	
MYCO000791	95	0	51	
MYCO000792	19	0	35	
MYCO000793	11	0	14	
MYCO000794	63	0	55	
MYCO000795	454	2	17	
MYCO000796	3840	0	0	
MYCO000797	3784	0	10	
MYCO000798	23	0	25	
MYCO000799	8	0	29	
MYCO000800	48	0	53	
MYCO000801	4	0	18	
MYCO000802	87	0	40	
MYCO000804	691	0	23	
MYCO000805	11	0	43	
MYCO000806	20	0	54	
MYCO000807	15	0	12	
MYCO000811	246	0	37	
MYCO000812	22	0	32	
MYCO000813	274	0	31	
MYCO000816	7	0	26	
MYCO000817	4	0	33	
MYCO000818	84	0	28	
MYCO000819	66	0	42	
MYCO000822	685	0	71	
MYCO000825	39	0	47	
MYCO000826	227	0	32	
MYCO000827	304	0	21	
MYCO000828	83	0	28	
MYCO000829	110	1199	32	
MYCO000830	24	0	45	
MYCO000831	24	0	31	
MYCO000832	932	0	12	
MYCO000833	3075	0	51	
MYCO000834	2315	0	72	
MYCO000835	295	0	47	
MYCO000836	1918	0	14	
MYCO000837	126	0	48	
MYCO000838	48	0	31	
MYCO000839	58	0	19	
MYCO000840	63	0	32	
MYCO000841	41	0	15	
MYCO000842	197	0	62	
MYCO000843	17	0	57	
MYCO000844	95	0	38	
MYCO000845	46	0	57	
MYCO000846	164	0	50	
MYCO000847	484	0	16	
MYCO000848	63	0	51	
MYCO000849	513	0	56	
MYCO000850	19	0	11	
MYCO000851	296	0	26	
MYCO000852	26	0	42	
MYCO000853	144	0	64	
MYCO000854	11	0	20	
MYCO000855	100	0	50	
MYCO000856	9	0	16	
MYCO000857	20	0	18	
MYCO000858	208	0	59	
MYCO000862	334	0	100	
MYCO000863	10	0	9	
MYCO000864	18	0	24	
MYCO000865	24	0	13	
MYCO000866	302	0	20	
MYCO000867	1921	0	73	
MYCO000868	23	0	10	
MYCO000869	281	0	47	
MYCO000870	12	0	20	
MYCO000872	1759	0	67	
MYCO000873	57	0	69	
MYCO000874	337	1797	45	
MYCO000875	23	0	21	
MYCO000877	27	0	28	
MYCO000878	2795	0	40	
MYCO000879	90	0	18	
MYCO000880	51	0	19	
MYCO000881	27	0	37	
MYCO000882	40	0	16	
MYCO000883	129	0	25	
MYCO000887	14	0	12	
MYCO000888	867	0	65	
MYCO000890	154	0	121	
MYCO000891	108	0	34	
MYCO000892	30	0	77	
MYCO000893	37	0	58	
MYCO000894	50	0	58	
MYCO000895	126	0	53	
MYCO000897	799	0	69	
MYCO000898	4	0	8	
MYCO000899	15	0	33	
MYCO000900	13	0	8	
MYCO000901	191	0	29	
MYCO000904	608	0	52	
MYCO000905	29	0	30	
MYCO000907	3837	0	1	
MYCO000908	27	0	87	
MYCO000909	33	0	10	
MYCO000910	16	0	24	
MYCO000911	227	0	33	
MYCO000912	6	0	17	
MYCO000913	106	0	61	
MYCO000914	137	0	66	
MYCO000915	623	0	45	
MYCO000916	14	0	19	
MYCO000917	93	0	60	
MYCO000918	47	0	25	
MYCO000919	4	0	23	
MYCO000920	40	0	58	
MYCO000921	29	0	31	
MYCO000922	129	0	77	
MYCO000923	19	0	59	
MYCO000924	320	0	46	
MYCO000925	52	0	27	
MYCO000928	57	0	29	
MYCO000930	64	0	12	
MYCO000931	161	0	94	
MYCO000932	57	0	62	
MYCO000933	34	0	46	
MYCO000934	483	0	47	
MYCO000935	63	0	49	
MYCO000936	72	0	34	
MYCO000937	5	0	31	
MYCO000938	31	0	91	
MYCO000939	95	0	86	
MYCO000940	9	0	33	
MYCO000941	18	0	35	
MYCO000942	20	0	14	
MYCO000943	49	0	47	
MYCO000944	56	0	28	
MYCO000945	100	0	44	
MYCO000947	11	0	14	
MYCO000948	2	0	15	
MYCO000950	148	0	46	
MYCO000954	86	0	54	
MYCO000955	813	0	40	
MYCO000956	354	0	26	
MYCO000958	506	0	56	
MYCO000959	671	0	81	
MYCO000960	35	0	15	
MYCO000961	37	2373	13	
MYCO000962	200	0	23	
MYCO000963	235	0	45	
MYCO000964	25	0	20	
MYCO000965	10	0	27	
MYCO000966	420	0	21	
MYCO000967	25	0	12	
MYCO000968	36	0	17	
MYCO000969	928	0	82	
MYCO000970	9	0	28	
MYCO000971	410	0	30	
MYCO000972	52	0	59	
MYCO000973	255	0	107	
MYCO000974	157	0	86	
MYCO000975	375	0	45	
MYCO000976	470	0	69	
MYCO000977	2310	0	84	
MYCO000978	3567	0	56	
MYCO000979	17	0	14	
MYCO000980	3701	0	48	
MYCO000982	163	0	50	
MYCO000984	31	0	17	
MYCO000985	16	0	27	
MYCO000986	125	0	41	
MYCO000987	183	0	175	
MYCO000988	94	0	89	
MYCO000989	49	0	71	
MYCO000990	119	0	36	
MYCO000991	5	0	16	
MYCO000992	197	0	28	
MYCO000996	18	0	51	
MYCO000997	3	0	23	
MYCO000998	119	0	37	
MYCO000999	42	0	29	
MYCO001000	37	0	19	
MYCO001003	207	0	42	
MYCO001004	1497	0	58	
MYCO001005	1004	0	28	
MYCO001006	74	0	69	
MYCO001012	455	0	12	
MYCO001016	23	0	21	
MYCO001019	3	0	18	
MYCO001021	22	0	33	
MYCO001024	304	0	26	
MYCO001025	52	0	15	
MYCO001027	35	0	34	
MYCO001028	1028	0	87	
MYCO001029	42	0	77	
MYCO001030	37	0	92	
MYCO001031	57	0	22	
MYCO001032	81	0	65	
MYCO001033	38	0	26	
MYCO001034	484	0	18	
MYCO001035	612	0	27	
MYCO001036	89	0	17	
MYCO001037	321	1782	125	
MYCO001038	2162	411	102	
MYCO001039	802	0	44	
MYCO001040	410	0	35	
MYCO001041	147	26	42	
MYCO001042	48	2	24	
MYCO001043	22	0	45	
MYCO001044	5	0	17	
MYCO001045	776	0	29	
MYCO001046	3837	0	1	
MYCO001047	3736	33	8	
MYCO001048	19	0	71	
MYCO001049	15	0	26	
MYCO001050	163	0	31	
MYCO001051	26	0	47	
MYCO001052	39	0	18	
MYCO001053	18	0	13	
MYCO001054	7	0	12	
MYCO001055	1	0	5	
MYCO001056	36	113	31	
MYCO001057	27	0	59	
MYCO001058	96	0	50	
MYCO001059	64	0	56	
MYCO001060	26	0	19	
MYCO001061	20	0	33	
MYCO001062	241	0	27	
MYCO001063	70	0	54	
MYCO001064	256	0	21	
MYCO001065	71	0	31	
MYCO001066	430	0	13	
MYCO001067	3814	0	16	
MYCO001068	3724	0	18	
MYCO001069	98	0	84	
MYCO001073	93	0	44	
MYCO001074	89	0	44	
MYCO001075	126	0	56	
MYCO001076	34	0	51	
MYCO001078	934	0	23	
MYCO001081	55	0	16	
MYCO001083	9	0	11	
MYCO001084	1362	0	50	
MYCO001085	34	0	26	
MYCO001087	3217	0	77	
MYCO001088	331	0	23	
MYCO001089	3840	0	0	
MYCO001090	40	0	22	
MYCO001091	3515	0	63	
MYCO001093	56	0	43	
MYCO001096	52	0	41	
MYCO001097	20	0	46	
MYCO001100	28	0	34	
MYCO001101	107	0	40	
MYCO001102	19	0	10	
MYCO001103	9	0	10	
MYCO001104	12	0	31	
MYCO001105	28	0	20	
MYCO001106	81	0	30	
MYCO001107	0	0	11	
MYCO001109	13	0	24	
MYCO001111	37	0	34	
MYCO001113	3	0	6	
MYCO001114	7	0	13	
MYCO001115	75	0	44	
MYCO001116	21	0	9	
MYCO001117	4	0	13	
MYCO001118	206	0	32	
MYCO001119	17	0	6	
MYCO001120	18	0	24	
MYCO001121	78	0	64	
MYCO001122	358	0	43	
MYCO001123	50	0	37	
MYCO001124	84	0	36	
MYCO001125	452	0	55	
MYCO001126	16	0	23	
MYCO001127	22	0	57	
MYCO001128	1277	0	47	
MYCO001129	23	0	84	
MYCO001130	56	0	69	
MYCO001131	15	0	42	
MYCO001132	639	0	73	
MYCO001133	507	0	60	
MYCO001134	271	0	13	
MYCO001135	1176	0	77	
MYCO001136	3	0	19	
MYCO001137	22	0	15	
MYCO001138	48	0	37	
MYCO001139	284	0	31	
MYCO001140	12	0	23	
MYCO001141	43	1949	26	
MYCO001142	43	2182	22	
MYCO001143	58	0	35	
MYCO001144	53	0	29	
MYCO001145	1894	0	14	
MYCO001146	35	0	53	
MYCO001147	28	0	25	
MYCO001148	3708	31	30	
MYCO001149	48	1	24	
MYCO001150	3840	0	0	
MYCO001151	35	0	25	
MYCO001152	23	0	16	
MYCO001153	79	0	40	
MYCO001154	10	0	29	
MYCO001155	26	0	23	
MYCO001156	30	0	26	
MYCO001157	1619	0	31	
MYCO001158	850	0	27	
MYCO001159	15	0	51	
MYCO001160	56	0	20	
MYCO001161	112	0	133	
MYCO001162	52	0	66	
MYCO001163	43	0	19	
MYCO001164	17	0	24	
MYCO001166	162	0	61	
MYCO001167	28	0	18	
MYCO001168	566	0	49	
MYCO001169	7	0	17	
MYCO001170	39	0	36	
MYCO001171	11	0	22	
MYCO001172	518	0	39	
MYCO001174	3	0	17	
MYCO001175	1471	0	80	
MYCO001176	196	0	24	
MYCO001179	718	0	115	
MYCO001180	3831	0	1	
MYCO001181	228	0	175	
MYCO001182	24	0	39	
MYCO001183	39	0	121	
MYCO001184	25	0	38	
MYCO001185	47	0	57	
MYCO001186	308	0	77	
MYCO001187	400	0	57	
MYCO001188	220	0	49	
MYCO001189	69	0	37	
MYCO001190	494	0	33	
MYCO001191	689	0	33	
MYCO001192	399	0	25	
MYCO001194	58	0	60	
MYCO001195	21	0	13	
MYCO001196	1917	279	323	
MYCO001197	2161	438	106	
MYCO001198	321	1812	122	
MYCO001199	3736	34	9	
MYCO001200	274	0	56	
MYCO001203	285	0	27	
MYCO001204	276	0	56	
MYCO001205	64	0	24	
MYCO001206	65	0	55	
MYCO001209	53	0	13	
MYCO001210	27	0	16	
MYCO001211	11	0	6	
MYCO001212	49	0	46	
MYCO001214	131	0	16	
MYCO001215	529	0	79	
MYCO001216	76	0	33	
MYCO001217	626	0	76	
MYCO001218	14	0	48	
MYCO001219	30	0	33	
MYCO001222	9	0	21	
MYCO001224	16	0	26	
MYCO001225	975	0	36	
MYCO001226	522	0	71	
MYCO001227	26	0	25	
MYCO001228	13	0	35	
MYCO001230	335	0	76	
MYCO001231	117	0	26	
MYCO001232	97	0	62	
MYCO001233	160	0	35	
MYCO001234	32	0	19	
MYCO001235	21	0	38	
MYCO001236	48	0	38	
MYCO001237	13	0	24	
MYCO001240	63	0	45	
MYCO001241	32	0	14	
MYCO001242	31	0	19	
MYCO001243	2509	0	43	
MYCO001244	580	0	44	
MYCO001246	3	0	15	
MYCO001247	7	0	6	
MYCO001249	69	0	46	
MYCO001250	468	0	63	
MYCO001251	1051	0	89	
MYCO001252	20	0	23	
MYCO001254	378	0	39	
MYCO001255	45	0	32	
MYCO001256	111	0	47	
MYCO001257	43	0	74	
MYCO001258	909	0	51	
MYCO001259	160	0	30	
MYCO001260	403	0	32	
MYCO001261	23	0	17	
MYCO001262	22	0	22	
MYCO001263	373	0	56	
MYCO001264	123	0	55	
MYCO001265	95	0	23	
MYCO001266	870	0	76	
MYCO001267	31	0	42	
MYCO001268	233	0	38	
MYCO001269	762	0	18	
MYCO001270	186	0	31	
MYCO001271	20	0	17	
MYCO001274	388	0	19	
MYCO001275	12	0	25	
MYCO001276	190	0	23	
MYCO001278	764	0	76	
MYCO001279	59	0	57	
MYCO001280	24	0	67	
MYCO001281	84	0	58	
MYCO001282	3	0	26	
MYCO001283	98	0	28	
MYCO001284	9	0	13	
MYCO001285	13	0	48	
MYCO001286	22	0	82	
MYCO001287	10	0	12	
MYCO001288	1545	0	58	
MYCO001289	14	0	33	
MYCO001290	590	839	56	
MYCO001291	10	0	18	
MYCO001296	169	0	35	
MYCO001300	371	0	31	
MYCO001301	12	0	23	
MYCO001303	6	0	14	
MYCO001304	10	0	32	
MYCO001306	12	0	18	
MYCO001307	35	0	54	
MYCO001312	32	0	20	
MYCO001313	2056	38	32	
MYCO001314	46	0	37	
MYCO001316	37	0	26	
MYCO001317	160	0	66	
MYCO001318	182	0	65	
MYCO001319	2866	0	56	
MYCO001320	183	0	89	
MYCO001322	183	0	17	
MYCO001324	412	0	38	
MYCO001325	2462	0	59	
MYCO001329	452	0	76	
MYCO001330	268	0	66	
MYCO001331	14	0	10	
MYCO001332	14	0	29	
MYCO001333	209	0	42	
MYCO001334	104	0	16	
MYCO001335	94	0	16	
MYCO001336	282	0	33	
MYCO001337	4	0	28	
MYCO001339	17	0	32	
MYCO001341	32	0	22	
MYCO001342	10	0	16	
MYCO001343	17	0	22	
MYCO001344	1	0	15	
MYCO001345	48	0	59	
MYCO001346	12	0	30	
MYCO001347	9	0	35	
MYCO001348	254	0	77	
MYCO001349	107	0	51	
MYCO001350	15	0	29	
MYCO001351	16	0	21	
MYCO001352	13	0	26	
MYCO001353	169	0	36	
MYCO001354	212	0	90	
MYCO001355	595	0	114	
MYCO001356	203	0	36	
MYCO001357	33	0	40	
MYCO001358	1049	0	119	
MYCO001359	53	0	27	
MYCO001360	110	0	31	
MYCO001361	1864	279	338	
MYCO001362	26	0	25	
MYCO001363	322	0	35	
MYCO001364	304	0	75	
MYCO001365	24	0	15	
MYCO001366	237	0	32	
MYCO001367	268	0	52	
MYCO001368	74	0	35	
MYCO001369	3840	0	0	
MYCO001370	454	2	17	
MYCO001371	909	0	46	
MYCO001372	27	0	59	
MYCO001373	85	0	44	
MYCO001374	6	0	27	
MYCO001375	214	0	58	
MYCO001376	321	0	56	
MYCO001377	11	0	24	
MYCO001378	508	0	56	
MYCO001379	45	0	20	
MYCO001382	120	0	29	
MYCO001386	113	0	19	
MYCO001387	1457	0	52	
MYCO001389	80	0	33	
MYCO001393	106	0	47	
MYCO001394	31	0	58	
MYCO001395	27	0	51	
MYCO001396	2643	0	45	
MYCO001397	14	0	21	
MYCO001398	3	0	14	
MYCO001399	99	0	48	
MYCO001400	127	0	42	
MYCO001401	133	0	32	
MYCO001403	217	0	33	
MYCO001404	8	0	16	
MYCO001405	24	0	42	
MYCO001406	279	0	38	
MYCO001409	496	0	28	
MYCO001411	5	0	33	
MYCO001413	16	0	29	
MYCO001414	13	0	20	
MYCO001417	9	0	27	
MYCO001418	14	0	24	
MYCO001419	11	0	28	
MYCO001422	197	0	31	
MYCO001423	247	0	38	
MYCO001424	45	0	44	
MYCO001425	28	0	50	
MYCO001426	63	0	65	
MYCO001427	189	0	59	
MYCO001428	5	0	40	
MYCO001429	167	0	63	
MYCO001430	456	0	57	
MYCO001431	47	0	96	
MYCO001432	388	0	40	
MYCO001433	10	0	29	
MYCO001434	23	0	4	
MYCO001435	808	0	31	
MYCO001439	8	1025	19	
MYCO001441	2117	0	92	
MYCO001442	206	0	117	
MYCO001443	31	0	23	
MYCO001444	35	0	24	
MYCO001446	545	0	46	
MYCO001450	3836	0	4	
MYCO001452	3592	0	76	
MYCO001453	69	0	52	
MYCO001454	34	0	46	
MYCO001455	98	0	38	
MYCO001456	112	0	47	
MYCO001459	342	0	63	
MYCO001460	609	0	24	
MYCO001461	66	0	96	
MYCO001468	1970	0	35	
MYCO001469	323	0	70	
MYCO001470	8	0	14	
MYCO001471	23	0	10	
MYCO001472	39	0	46	
MYCO001476	3	0	23	
MYCO001477	105	0	52	
MYCO001478	50	0	22	
MYCO001482	35	0	39	
MYCO001486	30	0	38	
MYCO001487	7	0	19	
MYCO001488	48	0	31	
MYCO001489	14	0	18	
MYCO001490	37	0	70	
MYCO001491	8	0	34	
MYCO001492	439	0	68	
MYCO001494	5	0	12	
MYCO001495	6	0	18	
MYCO001496	36	0	43	
MYCO001497	128	0	57	
MYCO001498	44	0	37	
MYCO001499	30	0	17	
MYCO001500	68	0	52	
MYCO001501	37	0	36	
MYCO001502	77	0	55	
MYCO001503	3840	0	0	
MYCO001504	1030	0	18	
MYCO001505	46	0	45	
MYCO001506	96	0	28	
MYCO001507	86	0	38	
MYCO001508	180	96	83	
MYCO001509	322	0	33	
MYCO001510	16	2077	39	
MYCO001511	78	0	49	
MYCO001512	54	0	41	
MYCO001513	49	0	25	
MYCO001514	35	0	30	
MYCO001515	49	0	38	
MYCO001516	223	0	38	
MYCO001517	31	0	30	
MYCO001518	115	0	44	
MYCO001519	576	0	14	
MYCO001520	598	0	47	
MYCO001521	129	0	62	
MYCO001522	356	0	134	
MYCO001523	82	0	44	
MYCO001524	441	0	45	
MYCO001525	484	0	36	
MYCO001526	422	0	51	
MYCO001527	949	0	256	
MYCO001528	36	0	15	
MYCO001529	65	0	74	
MYCO001530	56	0	54	
MYCO001531	16	0	19	
MYCO001532	76	0	21	
MYCO001533	119	0	32	
MYCO001534	25	0	27	
MYCO001535	5	0	6	
MYCO001537	132	0	61	
MYCO001538	269	0	42	
MYCO001539	26	0	24	
MYCO001541	32	0	19	
MYCO001542	15	12	18	
MYCO001543	13	0	35	
MYCO001544	72	0	34	
MYCO001545	18	0	13	
MYCO001546	64	0	28	
MYCO001548	148	0	94	
MYCO001549	3797	0	2	
MYCO001550	470	0	56	
MYCO001551	911	0	68	
MYCO001552	121	0	83	
MYCO001553	146	0	20	
MYCO001554	10	0	16	
MYCO001555	8	0	17	
MYCO001556	20	0	35	
MYCO001558	22	0	15	
MYCO001560	4	0	7	
MYCO001561	9	0	21	
MYCO001562	413	0	62	
MYCO001563	269	0	89	
MYCO001565	496	0	63	
MYCO001566	160	0	35	
MYCO001567	4	0	23	
MYCO001570	447	0	24	
MYCO001571	376	0	21	
MYCO001572	2722	0	11	
MYCO001573	2477	0	9	
MYCO001574	2588	0	13	
MYCO001575	3836	0	3	
MYCO001576	765	460	124	
MYCO001577	2358	0	12	
MYCO001578	2363	0	19	
MYCO001579	2345	0	17	
MYCO001580	2369	0	10	
MYCO001581	2874	0	8	
MYCO001582	2357	0	39	
MYCO001583	311	635	23	
MYCO001584	2477	0	8	
MYCO001585	2637	0	18	
MYCO001586	2437	0	37	
MYCO001587	3801	0	9	
MYCO001588	3697	4	48	
MYCO001590	12	0	8	
MYCO001591	29	0	39	
MYCO001592	19	0	65	
MYCO001596	14	0	22	
MYCO001597	37	0	30	
MYCO001598	36	0	12	
MYCO001602	11	0	26	
MYCO001604	29	0	34	
MYCO001606	22	0	21	
MYCO001607	55	0	30	
MYCO001608	1	0	12	
MYCO001610	481	0	28	
MYCO001613	8	0	35	
MYCO001614	44	0	51	
MYCO001615	6	0	27	
MYCO001616	12	0	17	
MYCO001618	18	0	29	
MYCO001619	196	0	52	
MYCO001620	605	0	44	
MYCO001621	524	0	48	
MYCO001622	18	0	44	
MYCO001623	11	0	57	
MYCO001624	17	0	31	
MYCO001625	177	0	61	
MYCO001628	63	0	16	
MYCO001631	60	0	50	
MYCO001632	63	0	15	
MYCO001634	59	0	57	
MYCO001635	60	0	60	
MYCO001636	2	0	20	
MYCO001637	233	0	35	
MYCO001639	796	1195	55	
MYCO001640	93	0	140	
MYCO001644	280	0	39	
MYCO001645	412	0	46	
MYCO001646	358	0	40	
MYCO001647	989	0	31	
MYCO001648	14	0	36	
MYCO001650	594	0	110	
MYCO001651	2169	0	105	
MYCO001660	635	0	35	
MYCO001661	1111	0	239	
MYCO001662	965	0	215	
MYCO001663	127	0	84	
MYCO001664	300	0	130	
MYCO001665	182	0	54	
MYCO001666	140	0	47	
MYCO001667	60	0	26	
MYCO001668	3742	0	3	
MYCO001669	101	0	15	
MYCO001670	34	0	18	
MYCO001671	9	0	24	
MYCO001672	344	0	49	
MYCO001673	300	0	46	
MYCO001674	322	0	22	
MYCO001675	255	0	37	
MYCO001676	17	0	50	
MYCO001677	19	0	28	
MYCO001678	461	0	40	
MYCO001679	44	0	44	
MYCO001680	53	0	42	
MYCO001681	49	0	42	
MYCO001682	322	0	37	
MYCO001683	590	0	88	
MYCO001684	32	0	13	
MYCO001685	18	0	28	
MYCO001686	24	0	33	
MYCO001687	20	0	42	
MYCO001688	121	0	32	
MYCO001690	14	0	14	
MYCO001691	222	0	37	
MYCO001692	428	0	32	
MYCO001693	12	0	11	
MYCO001696	33	0	63	
MYCO001698	367	0	31	
MYCO001700	8	0	29	
MYCO001702	425	0	64	
MYCO001703	10	0	23	
MYCO001704	31	0	80	
MYCO001705	827	0	40	
MYCO001706	295	0	41	
MYCO001707	64	0	55	
MYCO001710	7	0	26	
MYCO001714	489	0	37	
MYCO001715	424	0	46	
MYCO001716	10	0	45	
MYCO001717	772	0	20	
MYCO001718	76	0	50	
MYCO001719	115	0	51	
MYCO001720	64	0	19	
MYCO001721	6	0	6	
MYCO001722	402	0	63	
MYCO001723	202	0	51	
MYCO001724	60	0	14	
MYCO001725	204	0	34	
MYCO001726	243	0	85	
MYCO001727	46	0	27	
MYCO001728	12	0	35	
MYCO001729	28	0	39	
MYCO001730	697	0	87	
MYCO001731	286	0	58	
MYCO001732	225	0	18	
MYCO001733	6	0	35	
MYCO001734	6	0	10	
MYCO001735	28	0	28	
MYCO001736	627	1594	96	
MYCO001737	639	0	37	
MYCO001738	45	0	21	
MYCO001739	203	0	69	
MYCO001740	8	0	10	
MYCO001741	6	1196	11	
MYCO001742	117	0	35	
MYCO001743	419	0	56	
MYCO001744	593	0	21	
MYCO001745	30	0	35	
MYCO001746	199	0	58	
MYCO001747	265	0	88	
MYCO001748	21	0	35	
MYCO001749	31	0	31	
MYCO001750	154	0	59	
MYCO001751	99	0	58	
MYCO001752	18	0	23	
MYCO001753	3809	0	19	
MYCO001754	1669	0	41	
MYCO001755	3840	0	0	
MYCO001756	3840	0	0	
MYCO001757	454	2	17	
MYCO001758	2619	0	30	
MYCO001759	3622	0	33	
MYCO001760	2020	0	44	
MYCO001761	1988	0	18	
MYCO001762	2024	0	24	
MYCO001763	454	2	17	
MYCO001764	3840	0	0	
MYCO001765	3833	0	2	
MYCO001766	17	0	8	
MYCO001767	8	0	18	
MYCO001768	1869	0	57	
MYCO001769	227	0	55	
MYCO001770	235	0	58	
MYCO001771	4	0	52	
MYCO001772	17	0	9	
MYCO001773	15	0	37	
MYCO001774	61	0	75	
MYCO001775	1023	0	25	
MYCO001776	21	0	31	
MYCO001777	236	0	71	
MYCO001778	436	0	16	
MYCO001779	353	0	95	
MYCO001780	10	0	21	
MYCO001781	410	0	98	
MYCO001782	90	0	44	
MYCO001783	207	0	108	
MYCO001785	20	0	42	
MYCO001786	2	0	11	
MYCO001787	3352	0	28	
MYCO001788	12	10	22	
MYCO001789	397	0	53	
MYCO001790	1630	0	54	
MYCO001791	18	0	12	
MYCO001792	3840	0	0	
MYCO001793	321	1439	96	
MYCO001794	5	0	34	
MYCO001795	399	0	58	
MYCO001796	172	0	75	
MYCO001797	16	0	53	
MYCO001798	24	0	53	
MYCO001799	318	0	8	
MYCO001800	143	0	94	
MYCO001801	1040	0	63	
MYCO001802	703	0	56	
MYCO001803	1136	0	64	
MYCO001804	25	0	18	
MYCO001805	3	0	23	
MYCO001806	9	0	14	
MYCO001807	3840	0	0	
MYCO001808	263	0	49	
MYCO001809	182	0	43	
MYCO001810	4	0	13	
MYCO001811	30	0	42	
MYCO001812	190	0	53	
MYCO001813	14	0	22	
MYCO001814	173	0	58	
MYCO001815	558	0	50	
MYCO001816	536	1065	21	
MYCO001817	433	0	68	
MYCO001818	2537	0	53	
MYCO001819	127	0	57	
MYCO001820	124	0	56	
MYCO001822	16	0	28	
MYCO001823	110	0	42	
MYCO001824	15	0	18	
MYCO001825	16	0	39	
MYCO001826	2	0	11	
MYCO001828	16	0	24	
MYCO001831	43	0	12	
MYCO001833	21	0	37	
MYCO001834	37	0	31	
MYCO001835	203	0	87	
MYCO001836	245	0	84	
MYCO001838	9	0	17	
MYCO001839	2	0	8	
MYCO001840	1857	0	54	
MYCO001841	52	0	47	
MYCO001845	709	0	31	
MYCO001846	27	0	28	
MYCO001847	42	0	29	
MYCO001848	58	0	16	
MYCO001849	3	0	7	
MYCO001850	231	0	76	
MYCO001851	375	0	29	
MYCO001852	80	0	19	
MYCO001853	21	0	28	
MYCO001855	58	0	43	
MYCO001856	538	0	32	
MYCO001857	10	0	30	
MYCO001858	26	0	20	
MYCO001859	73	0	42	
MYCO001860	612	0	39	
MYCO001861	4	0	20	
MYCO001862	33	0	41	
MYCO001863	31	0	36	
MYCO001864	14	0	30	
MYCO001865	9	0	27	
MYCO001866	91	0	92	
MYCO001867	207	0	64	
MYCO001868	311	0	97	
MYCO001869	137	0	37	
MYCO001870	445	0	28	
MYCO001871	138	0	22	
MYCO001872	35	0	69	
MYCO001873	47	0	30	
MYCO001874	25	0	40	
MYCO001875	23	0	26	
MYCO001876	54	0	23	
MYCO001877	183	0	89	
MYCO001878	256	0	53	
MYCO001879	158	0	40	
MYCO001880	52	0	65	
MYCO001881	35	0	22	
MYCO001882	14	0	37	
MYCO001883	31	0	25	
MYCO001884	15	0	24	
MYCO001885	31	0	36	
MYCO001887	204	0	54	
MYCO001888	3216	0	3	
MYCO001889	25	0	11	
MYCO001890	16	0	29	
MYCO001891	8	0	28	
MYCO001892	19	0	12	
MYCO001893	9	0	14	
MYCO001895	1106	0	28	
MYCO001896	258	0	54	
MYCO001897	32	0	25	
MYCO001898	13	0	12	
MYCO001899	1439	0	48	
MYCO001900	110	0	70	
MYCO001901	134	0	60	
MYCO001902	117	0	55	
MYCO001903	15	0	22	
MYCO001904	13	0	15	
MYCO001905	44	0	44	
MYCO001906	13	0	20	
MYCO001907	2692	0	30	
MYCO001908	130	0	136	
MYCO001909	11	0	26	
MYCO001910	124	0	29	
MYCO001911	141	0	28	
MYCO001912	1163	0	24	
MYCO001913	20	0	31	
MYCO001914	11	0	23	
MYCO001915	2380	0	19	
MYCO001916	56	0	37	
MYCO001917	3823	0	11	
MYCO001918	747	0	137	
MYCO001919	9	0	19	
MYCO001920	14	0	48	
MYCO001921	617	0	54	
MYCO001922	67	0	45	
MYCO001923	80	0	74	
MYCO001924	16	0	19	
MYCO001925	39	0	61	
MYCO001926	14	0	20	
MYCO001927	113	0	41	
MYCO001928	676	0	32	
MYCO001929	765	0	41	
MYCO001930	134	0	29	
MYCO001931	42	0	31	
MYCO001932	44	0	28	
MYCO001933	553	0	45	
MYCO001934	363	0	56	
MYCO001935	40	0	49	
MYCO001936	23	0	53	
MYCO001937	399	0	91	
MYCO001938	65	0	57	
MYCO001939	359	0	28	
MYCO001940	3161	0	12	
MYCO001941	62	0	35	
MYCO001942	4	0	16	
MYCO001943	15	0	18	
MYCO001944	28	0	40	
MYCO001945	3615	46	33	
MYCO001946	36	0	22	
MYCO001947	72	0	20	
MYCO001948	120	0	28	
MYCO001949	3840	0	0	
MYCO001950	13	0	8	
MYCO001951	169	0	13	
MYCO001952	12	0	7	
MYCO001953	13	0	25	
MYCO001954	36	0	27	
MYCO001955	19	0	17	
MYCO001956	40	0	26	
MYCO001957	17	0	26	
MYCO001958	56	0	36	
MYCO001959	2	0	11	
MYCO001960	2	0	10	
MYCO001961	96	0	29	
MYCO001962	10	0	21	
MYCO001963	95	0	40	
MYCO001964	135	0	28	
MYCO001965	143	0	36	
MYCO001966	112	0	55	
MYCO001967	101	0	54	
MYCO001968	1241	0	54	
MYCO001969	163	0	58	
MYCO001970	80	0	46	
MYCO001971	356	0	66	
MYCO001972	71	0	30	
MYCO001973	165	0	20	
MYCO001974	55	0	21	
MYCO001975	477	0	31	
MYCO001976	103	0	18	
MYCO001977	494	0	28	
MYCO001978	710	0	37	
MYCO001979	104	0	53	
MYCO001980	27	0	31	
MYCO001982	25	0	24	
MYCO001983	1065	0	61	
MYCO001984	182	0	31	
MYCO001985	112	0	30	
MYCO001986	47	0	36	
MYCO001987	35	0	23	
MYCO001988	102	0	25	
MYCO001989	29	0	24	
MYCO001990	1	0	12	
MYCO001991	3	0	13	
MYCO001992	1246	0	75	
MYCO001993	743	0	18	
MYCO001994	514	0	19	
MYCO001995	706	0	33	
MYCO001996	689	0	35	
MYCO001997	1672	0	91	
MYCO001998	37	0	36	
MYCO001999	275	0	65	
MYCO002000	93	0	80	
MYCO002001	15	0	43	
MYCO002002	35	0	26	
MYCO002003	84	0	48	
MYCO002004	139	0	58	
MYCO002005	15	0	34	
MYCO002006	189	0	185	
MYCO002007	6	0	11	
MYCO002008	24	0	58	
MYCO002009	5	0	9	
MYCO002010	17	0	14	
MYCO002011	2	0	22	
MYCO002012	12	0	32	
MYCO002013	377	0	20	
MYCO002014	93	0	31	
MYCO002015	1081	0	67	
MYCO002016	900	0	24	
MYCO002017	72	0	44	
MYCO002018	102	0	18	
MYCO002019	343	0	14	
MYCO002020	144	0	15	
MYCO002021	83	0	13	
MYCO002022	108	0	37	
MYCO002023	254	0	15	
MYCO002024	3542	0	17	
MYCO002025	77	0	45	
MYCO002026	24	0	44	
MYCO002027	878	0	46	
MYCO002028	170	0	32	
MYCO002029	129	0	45	
MYCO002030	240	0	91	
MYCO002031	10	0	22	
MYCO002032	155	0	42	
MYCO002033	527	0	39	
MYCO002034	192	0	11	
MYCO002035	5	0	26	
MYCO002036	14	0	29	
MYCO002037	48	0	57	
MYCO002038	8	0	34	
MYCO002039	7	0	30	
MYCO002040	11	0	24	
MYCO002041	19	0	51	
MYCO002042	88	0	39	
MYCO002043	171	0	157	
MYCO002044	585	0	14	
MYCO002045	48	0	73	
MYCO002046	157	0	29	
MYCO002047	211	0	88	
MYCO002048	3800	0	25	
MYCO002049	19	0	9	
MYCO002051	241	0	95	
MYCO002052	576	0	71	
MYCO002053	18	0	34	
MYCO002054	32	0	33	
MYCO002059	222	0	87	
MYCO002060	176	0	22	
MYCO002061	26	0	20	
MYCO002062	770	0	137	
MYCO002063	3	0	10	
MYCO002064	596	0	40	
MYCO002065	642	0	25	
MYCO002066	474	0	78	
MYCO002067	43	0	44	
MYCO002068	15	0	39	
MYCO002069	91	0	22	
MYCO002070	1449	0	25	
MYCO002071	51	0	54	
MYCO002072	242	0	48	
MYCO002073	196	0	31	
MYCO002074	85	0	13	
MYCO002075	210	0	67	
MYCO002076	2	0	7	
MYCO002077	81	0	46	
MYCO002078	6	0	20	
MYCO002079	898	0	60	
MYCO002080	24	0	35	
MYCO002081	2261	0	23	
MYCO002082	1825	0	100	
MYCO002083	276	0	45	
MYCO002084	1924	0	17	
MYCO002085	23	0	17	
MYCO002086	12	0	26	
MYCO002087	14	0	11	
MYCO002088	1196	0	54	
MYCO002091	44	0	33	
MYCO002094	1	0	11	
MYCO002095	469	0	38	
MYCO002098	3840	0	0	
MYCO002099	3840	0	0	
MYCO002100	821	0	62	
MYCO002101	766	0	112	
MYCO002102	201	0	28	
MYCO002103	44	0	24	
MYCO002104	3	0	16	
MYCO002105	454	2	17	
MYCO002106	3840	0	0	
MYCO002107	63	0	18	
MYCO002108	122	0	30	
MYCO002113	79	0	57	
MYCO002114	54	0	27	
MYCO002116	47	0	22	
MYCO002117	42	0	10	
MYCO002120	306	0	22	
MYCO002123	2287	0	37	
MYCO002124	287	0	130	
MYCO002126	1863	0	25	
MYCO002127	151	0	70	
MYCO002128	3	0	11	
MYCO002129	60	0	39	
MYCO002131	46	0	37	
MYCO002132	36	0	14	
MYCO002133	46	0	26	
MYCO002135	553	0	25	
MYCO002136	61	0	31	
MYCO002137	25	0	19	
MYCO002138	76	0	43	
MYCO002142	8	0	17	
MYCO002143	80	0	53	
MYCO002144	40	0	16	
MYCO002146	2	0	12	
MYCO002147	673	0	27	
MYCO002148	671	0	27	
MYCO002149	64	0	17	
MYCO002152	328	0	57	
MYCO002158	1106	0	68	
MYCO002159	736	0	53	
MYCO002160	2056	0	9	
MYCO002161	520	1110	41	
MYCO002162	2805	0	54	
MYCO002164	379	0	48	
MYCO002165	26	0	52	
MYCO002167	3840	0	0	
MYCO002168	454	2	17	
MYCO002169	19	0	18	
MYCO002171	12	0	32	
MYCO002172	14	0	39	
MYCO002173	200	0	44	
MYCO002174	60	0	59	
MYCO002175	4	0	20	
MYCO002177	1972	118	38	
MYCO002180	706	0	35	
MYCO002181	39	0	47	
MYCO002183	2	0	15	
MYCO002184	16	0	40	
MYCO002185	3	0	14	
MYCO002189	454	0	34	
MYCO002190	574	0	40	
MYCO002191	364	0	76	
MYCO002197	95	0	25	
MYCO002198	504	0	48	
MYCO002203	170	0	31	
MYCO002204	4	0	15	
MYCO002205	476	0	49	
MYCO002206	17	0	31	
MYCO002207	687	0	34	
MYCO002208	280	0	42	
MYCO002209	266	0	64	
MYCO002212	49	0	57	
MYCO002214	58	0	68	
MYCO002215	573	0	66	
MYCO002223	207	0	64	
MYCO002224	37	0	58	
MYCO002226	515	0	61	
MYCO002227	480	0	22	
MYCO002229	21	0	24	
MYCO002231	102	0	34	
MYCO002232	159	0	34	
MYCO002234	14	0	22	
MYCO002236	684	0	40	
MYCO002237	5	0	35	
MYCO002238	4	0	7	
MYCO002240	27	0	24	
MYCO002248	107	0	22	
MYCO002249	495	0	57	
MYCO002250	16	0	18	
MYCO002251	3837	0	1	
MYCO002252	18	0	43	
MYCO002253	36	0	24	
MYCO002254	23	0	25	
MYCO002255	23	0	13	
MYCO002256	4	0	17	
MYCO002258	363	0	48	
MYCO002260	11	0	27	
MYCO002261	29	0	19	
MYCO002262	3797	0	3	
MYCO002263	825	0	37	
MYCO002264	1814	0	56	
MYCO002265	394	0	47	
MYCO002266	20	0	57	
MYCO002267	49	0	52	
MYCO002268	216	0	65	
MYCO002269	16	0	20	
MYCO002270	150	0	28	
MYCO002271	136	0	11	
MYCO002272	137	0	14	
MYCO002273	154	0	17	
MYCO002274	159	0	26	
MYCO002275	488	0	36	
MYCO002276	161	0	54	
MYCO002277	158	3561	43	
MYCO002278	454	2	17	
MYCO002279	3840	0	0	
MYCO002280	253	0	56	
MYCO002281	30	0	70	
MYCO002282	487	1278	34	
MYCO002283	22	0	11	
MYCO002284	180	0	36	
MYCO002285	348	0	51	
MYCO002286	397	1019	29	
MYCO002287	112	0	62	
MYCO002288	10	0	24	
MYCO002289	87	0	36	
MYCO002290	32	0	28	
MYCO002291	47	0	35	
MYCO002292	19	0	7	
MYCO002293	1873	0	16	
MYCO002294	34	0	58	
MYCO002295	16	0	27	
MYCO002296	88	0	37	
MYCO002297	8	0	23	
MYCO002298	20	0	43	
MYCO002299	57	0	61	
MYCO002300	71	0	48	
MYCO002301	54	0	37	
MYCO002302	5	0	12	
MYCO002303	18	0	49	
MYCO002304	10	0	9	
MYCO002305	304	0	64	
MYCO002307	276	0	42	
MYCO002308	122	0	42	
MYCO002309	15	0	18	
MYCO002310	76	0	23	
MYCO002311	43	0	23	
MYCO002312	3	0	9	
MYCO002313	54	0	42	
MYCO002314	120	0	49	
MYCO002316	11	0	33	
MYCO002317	12	0	22	
MYCO002318	778	0	41	
MYCO002319	1494	0	32	
MYCO002320	41	0	54	
MYCO002321	9	0	26	
MYCO002322	13	0	27	
MYCO002323	22	0	54	
MYCO002324	9	0	28	
MYCO002325	235	0	36	
MYCO002326	339	0	68	
MYCO002327	67	0	19	
MYCO002328	40	0	41	
MYCO002329	209	0	72	
MYCO002330	13	0	26	
MYCO002331	7	0	19	
MYCO002332	44	0	62	
MYCO002333	589	0	40	
MYCO002334	86	0	35	
MYCO002335	110	0	32	
MYCO002336	225	0	44	
MYCO002337	122	0	45	
MYCO002338	426	0	45	
MYCO002339	990	0	104	
MYCO002340	454	0	52	
MYCO002341	78	0	21	
MYCO002342	17	0	16	
MYCO002345	344	0	79	
MYCO002346	321	1681	114	
MYCO002347	2162	421	105	
MYCO002348	30	0	16	
MYCO002349	395	0	67	
MYCO002350	468	1428	46	
MYCO002351	471	1440	48	
MYCO002352	875	27	52	
MYCO002353	3746	0	5	
MYCO002354	454	2	17	
MYCO002355	3840	0	0	
MYCO002356	2862	0	41	
MYCO002358	8	0	15	
MYCO002359	2	0	40	
MYCO002360	12	0	24	
MYCO002363	1045	0	31	
MYCO002365	390	0	10	
MYCO002369	36	0	16	
MYCO002370	38	0	61	
MYCO002371	163	0	6	
MYCO002372	135	0	33	
MYCO002375	7	0	12	
MYCO002376	64	0	27	
MYCO002377	17	0	9	
MYCO002378	70	0	46	
MYCO002379	324	0	116	
MYCO002380	679	0	166	
MYCO002381	284	0	100	
MYCO002382	154	0	48	
MYCO002383	600	463	145	
MYCO002384	314	0	42	
MYCO002385	64	0	53	
MYCO002386	134	0	47	
MYCO002387	19	0	47	
MYCO002388	118	0	48	
MYCO002389	9	0	20	
MYCO002390	47	0	23	
MYCO002391	16	0	58	
MYCO002392	84	0	28	
MYCO002393	142	2345	34	
MYCO002394	118	0	83	
MYCO002395	317	0	69	
MYCO002396	2163	0	44	
MYCO002397	90	0	44	
MYCO002398	4	0	36	
MYCO002401	3	0	15	
MYCO002403	64	0	21	
MYCO002405	30	0	30	
MYCO002406	129	0	16	
MYCO002407	199	0	46	
MYCO002408	256	0	24	
MYCO002414	303	0	68	
MYCO002415	87	0	33	
MYCO002416	95	0	52	
MYCO002417	719	0	31	
MYCO002418	157	0	33	
MYCO002419	100	0	29	
MYCO002422	15	0	12	
MYCO002423	28	0	48	
MYCO002424	3680	0	19	
MYCO002428	67	0	32	
MYCO002429	13	0	18	
MYCO002430	26	0	25	
MYCO002431	11	1374	15	
MYCO002432	31	0	18	
MYCO002433	11	0	14	
MYCO002434	726	0	57	
MYCO002435	120	0	87	
MYCO002436	269	0	41	
MYCO002437	867	0	13	
MYCO002438	67	0	68	
MYCO002443	37	0	66	
MYCO002444	335	0	105	
MYCO002446	9	0	16	
MYCO002449	414	0	53	
MYCO002450	272	0	36	
MYCO002451	39	0	19	
MYCO002452	0	0	14	
MYCO002453	38	0	30	
MYCO002456	60	0	44	
MYCO002458	31	0	32	
MYCO002459	45	0	58	
MYCO002463	13	0	35	
MYCO002464	101	0	47	
MYCO002468	33	0	24	
MYCO002469	41	0	34	
MYCO002471	56	0	75	
MYCO002472	4	0	12	
MYCO002473	76	0	29	
MYCO002474	143	0	32	
MYCO002475	7	0	16	
MYCO002476	829	0	134	
MYCO002478	300	0	22	
MYCO002479	3840	0	0	
MYCO002480	454	2	17	
MYCO002481	168	0	19	
MYCO002482	184	0	98	
MYCO002483	57	0	61	
MYCO002484	33	0	79	
MYCO002485	97	0	66	
MYCO002486	186	0	26	
MYCO002487	2261	0	79	
MYCO002488	801	0	126	
MYCO002489	70	0	13	
MYCO002490	3715	0	24	
MYCO002491	87	0	36	
MYCO002492	95	0	48	
MYCO002493	9	0	9	
MYCO002494	9	0	19	
MYCO002495	157	0	55	
MYCO002496	25	0	34	
MYCO002497	39	0	36	
MYCO002498	45	0	35	
MYCO002499	10	0	25	
MYCO002501	360	0	91	
MYCO002503	25	0	31	
MYCO002504	33	0	36	
MYCO002505	129	0	74	
MYCO002506	43	0	20	
MYCO002507	234	0	37	
MYCO002508	85	0	59	
MYCO002510	126	0	75	
MYCO002512	3736	34	9	
MYCO002513	18	0	21	
MYCO002514	36	0	25	
MYCO002515	24	0	50	
MYCO002516	11	0	27	
MYCO002517	32	0	8	
MYCO002519	506	0	71	
MYCO002520	1	0	14	
MYCO002522	359	0	69	
MYCO002525	213	0	23	
MYCO002526	1107	0	4	
MYCO002527	21	0	20	
MYCO002528	18	0	37	
MYCO002529	343	0	71	
MYCO002530	9	0	22	
MYCO002531	93	0	115	
MYCO002532	24	0	19	
MYCO002535	221	0	31	
MYCO002536	22	0	27	
MYCO002537	10	0	15	
MYCO002539	404	0	14	
MYCO002541	1610	0	12	
MYCO002542	438	0	63	
MYCO002543	1375	1075	44	
MYCO002544	1378	1101	60	
MYCO002545	856	0	14	
MYCO002546	4	0	18	
MYCO002547	16	0	20	
MYCO002548	26	0	20	
MYCO002549	64	0	18	
MYCO002550	2	0	14	
MYCO002551	256	0	14	
MYCO002552	264	0	38	
MYCO002553	123	0	57	
MYCO002554	104	0	16	
MYCO002556	8	0	17	
MYCO002557	20	0	31	
MYCO002558	34	0	22	
MYCO002560	111	0	46	
MYCO002561	3778	0	7	
MYCO002562	4	0	31	
MYCO002563	82	0	49	
MYCO002564	32	1413	41	
MYCO002565	89	0	70	
MYCO002566	1066	0	110	
MYCO002567	103	0	95	
MYCO002569	36	0	30	
MYCO002570	488	0	25	
MYCO002571	125	0	55	
MYCO002573	103	0	45	
MYCO002574	32	0	28	
MYCO002576	51	0	26	
MYCO002577	37	0	57	
MYCO002578	121	0	43	
MYCO002579	72	0	34	
MYCO002581	3	0	20	
MYCO002584	45	0	28	
MYCO002585	207	0	72	
MYCO002586	513	0	54	
MYCO002588	2	0	17	
MYCO002590	172	0	128	
MYCO002591	1794	0	74	
MYCO002595	28	0	10	
MYCO002596	8	0	25	
MYCO002597	36	0	29	
MYCO002598	35	0	21	
MYCO002599	214	0	23	
MYCO002600	37	0	16	
MYCO002601	320	0	51	
MYCO002602	8	0	17	
MYCO002604	47	0	24	
MYCO002605	79	0	33	
MYCO002607	11	0	26	
MYCO002608	638	0	50	
MYCO002609	213	0	39	
MYCO002615	3576	0	67	
MYCO002616	48	0	25	
MYCO002617	3	0	17	
MYCO002618	214	0	24	
MYCO002619	4	0	11	
MYCO002620	8	0	16	
MYCO002621	291	0	36	
MYCO002622	56	0	34	
MYCO002623	109	0	32	
MYCO002624	194	0	40	
MYCO002625	39	0	43	
MYCO002626	10	0	18	
MYCO002627	55	0	66	
MYCO002628	64	0	30	
MYCO002629	350	0	33	
MYCO002630	10	0	30	
MYCO002631	74	0	56	
MYCO002632	5	0	9	
MYCO002633	8	0	33	
MYCO002634	2129	0	69	
MYCO002635	8	0	13	
MYCO002636	43	0	39	
MYCO002637	191	1213	33	
MYCO002638	65	0	23	
MYCO002639	28	0	14	
MYCO002640	39	0	20	
MYCO002641	8	0	19	
MYCO002642	16	0	20	
MYCO002643	184	0	83	
MYCO002644	29	0	17	
MYCO002645	943	0	16	
MYCO002646	655	0	43	
MYCO002647	438	0	10	
MYCO002648	454	2	17	
MYCO002649	3840	0	0	
MYCO002650	765	405	112	
MYCO002651	159	752	38	
MYCO002652	436	0	42	
MYCO002653	379	0	25	
MYCO002654	2000	0	11	
MYCO002655	1122	0	48	
MYCO002656	311	593	23	
MYCO002657	442	0	16	
MYCO002658	355	0	11	
MYCO002659	382	0	31	
MYCO002660	10	0	15	
MYCO002661	21	0	14	
MYCO002662	8	0	13	
MYCO002663	1	0	15	
MYCO002664	18	0	13	
MYCO002665	234	0	16	
MYCO002666	3750	0	9	
MYCO002667	35	0	18	
MYCO002668	347	0	19	
MYCO002669	19	0	22	
MYCO002671	65	0	21	
MYCO002672	239	0	63	
MYCO002674	1	0	13	
MYCO002675	13	0	46	
MYCO002677	1104	0	36	
MYCO002679	98	0	34	
MYCO002680	423	0	29	
MYCO002681	499	0	43	
MYCO002683	7	0	22	
MYCO002684	27	305	56	
MYCO002685	275	0	46	
MYCO002686	30	0	29	
MYCO002687	37	0	36	
MYCO002688	68	0	44	
MYCO002689	123	0	46	
MYCO002690	89	0	44	
MYCO002691	9	0	25	
MYCO002692	25	0	25	
MYCO002693	14	0	22	
MYCO002694	7	0	32	
MYCO002695	360	0	23	
MYCO002698	8	0	18	
MYCO002700	2372	0	19	
MYCO002701	37	0	45	
MYCO002704	12	0	14	
MYCO002705	10	0	19	
MYCO002706	77	0	12	
MYCO002707	25	0	34	
MYCO002709	351	0	33	
MYCO002712	224	0	60	
MYCO002713	76	0	68	
MYCO002716	13	0	25	
MYCO002717	153	0	16	
MYCO002718	13	0	15	
MYCO002719	332	0	33	
MYCO002721	847	0	78	
MYCO002722	4	0	15	
MYCO002723	31	0	52	
MYCO002728	65	0	29	
MYCO002729	38	0	39	
MYCO002730	7	0	22	
MYCO002732	65	0	37	
MYCO002734	20	0	33	
MYCO002735	564	0	37	
MYCO002736	117	0	25	
MYCO002737	12	0	75	
MYCO002738	260	0	9	
MYCO002739	1046	0	24	
MYCO002740	12	0	26	
MYCO002741	2545	0	62	
MYCO002742	157	0	31	
MYCO002743	296	0	31	
MYCO002745	4	0	21	
MYCO002746	149	0	23	
MYCO002747	22	0	17	
MYCO002749	21	0	15	
MYCO002751	27	0	29	
MYCO002752	81	0	106	
MYCO002755	8	0	8	
MYCO002756	40	0	74	
MYCO002757	41	0	23	
MYCO002758	7	0	12	
MYCO002759	37	0	20	
MYCO002760	99	0	14	
MYCO002761	25	0	53	
MYCO002762	245	0	31	
MYCO002763	26	0	14	
MYCO002765	222	0	31	
MYCO002766	50	0	28	
MYCO002767	16	0	22	
MYCO002768	350	0	59	
MYCO002769	668	0	43	
MYCO002770	141	0	57	
MYCO002771	28	0	17	
MYCO002772	37	0	23	
MYCO002774	700	0	14	
MYCO002775	92	0	22	
MYCO002776	24	0	36	
MYCO002777	395	0	38	
MYCO002778	13	0	21	
MYCO002779	37	0	28	
MYCO002780	126	0	38	
MYCO002781	580	0	45	
MYCO002784	6	0	17	
MYCO002786	6	0	36	
MYCO002787	225	0	89	
MYCO002789	46	0	46	
MYCO002790	277	0	49	
MYCO002791	79	1903	54	
MYCO002792	77	0	29	
MYCO002793	378	0	30	
MYCO002796	38	0	34	
MYCO002797	201	0	57	
MYCO002798	4	0	15	
MYCO002799	87	0	39	
MYCO002800	711	0	67	
MYCO002801	43	0	11	
MYCO002802	745	0	45	
MYCO002803	37	0	19	
MYCO002804	82	0	32	
MYCO002805	56	0	19	
MYCO002806	26	0	6	
MYCO002807	1026	0	44	
MYCO002808	208	0	8	
MYCO002809	50	0	14	
MYCO002810	3840	0	0	
MYCO002811	694	0	24	
MYCO002812	482	0	60	
MYCO002813	354	0	35	
MYCO002814	3840	0	0	
MYCO002815	454	2	17	
MYCO002816	901	0	11	
MYCO002817	966	0	34	
MYCO002818	1068	0	25	
MYCO002819	955	0	39	
MYCO002820	887	0	38	
MYCO002821	42	0	28	
MYCO002822	13	0	16	
MYCO002823	66	0	90	
MYCO002824	18	0	47	
MYCO002825	2965	0	28	
MYCO002826	44	0	33	
MYCO002827	20	0	23	
MYCO002829	104	0	19	
MYCO002830	5	0	14	
MYCO002831	155	0	32	
MYCO002832	118	0	55	
MYCO002833	228	0	56	
MYCO002834	26	0	37	
MYCO002835	20	0	45	
MYCO002836	233	0	59	
MYCO002837	92	0	26	
MYCO002840	4	0	17	
MYCO002842	2	0	19	
MYCO002843	148	0	13	
MYCO002844	17	0	19	
MYCO002845	173	0	53	
MYCO002848	950	0	43	
MYCO002849	32	0	37	
MYCO002850	1182	0	80	
MYCO002851	13	0	20	
MYCO002852	98	0	63	
MYCO002853	1668	0	84	
MYCO002854	31	0	43	
MYCO002855	183	0	45	
MYCO002856	24	0	32	
MYCO002857	10	0	22	
MYCO002858	375	0	62	
MYCO002859	1206	0	48	
MYCO002860	26	0	52	
MYCO002862	10	0	21	
MYCO002863	6	0	15	
MYCO002865	7	0	11	
MYCO002866	7	0	7	
MYCO002867	452	0	40	
MYCO002869	19	0	49	
MYCO002871	680	0	10	
MYCO002872	56	0	22	
MYCO002873	7	0	21	
MYCO002874	188	0	85	
MYCO002875	117	0	21	
MYCO002876	2	0	27	
MYCO002877	111	0	43	
MYCO002878	12	0	21	
MYCO002879	3840	0	0	
MYCO002880	3561	0	6	
MYCO002881	8	0	30	
MYCO002884	93	0	30	
MYCO002885	158	656	70	
MYCO002886	98	0	37	
MYCO002887	21	0	17	
MYCO002888	326	0	49	
MYCO002891	681	0	31	
MYCO002892	210	0	49	
MYCO002893	48	0	56	
MYCO002895	160	0	39	
MYCO002896	297	0	53	
MYCO002897	237	0	75	
MYCO002898	9	0	19	
MYCO002899	7	0	26	
MYCO002900	38	0	79	
MYCO002903	47	0	38	
MYCO002905	32	0	50	
MYCO002906	11	0	18	
MYCO002907	85	0	19	
MYCO002908	31	0	9	
MYCO002910	6	0	26	
MYCO002911	92	0	30	
MYCO002912	18	0	18	
MYCO002913	84	0	86	
MYCO002914	248	0	63	
MYCO002920	86	0	71	
MYCO002922	706	0	89	
MYCO002923	44	0	17	
MYCO002924	53	0	33	
MYCO002925	20	0	23	
MYCO002926	7	0	31	
MYCO002928	12	0	27	
MYCO002929	18	0	17	
MYCO002930	34	0	51	
MYCO002931	3445	0	83	
MYCO002932	1073	0	137	
MYCO002933	988	0	139	
MYCO002934	1117	0	142	
MYCO002935	549	0	140	
MYCO002936	24	0	35	
MYCO002937	8	0	24	
MYCO002938	7	0	27	
MYCO002939	16	1805	39	
MYCO002940	217	0	202	
MYCO002941	28	0	71	
MYCO002942	87	0	107	
MYCO002943	143	0	52	
MYCO002944	24	0	37	
MYCO002945	1	0	25	
MYCO002946	713	0	165	
MYCO002947	1947	0	27	
MYCO002948	79	0	91	
MYCO002949	78	0	36	
MYCO002950	140	0	70	
MYCO002951	104	0	45	
MYCO002952	13	0	32	
MYCO002953	46	0	47	
MYCO002954	33	0	33	
MYCO002955	147	0	54	
MYCO002956	25	0	40	
MYCO002957	45	0	37	
MYCO002958	162	0	59	
MYCO002959	492	0	37	
MYCO002960	18	0	19	
MYCO002961	13	0	10	
MYCO002962	436	0	44	
MYCO002963	495	0	37	
MYCO002964	55	0	37	
MYCO002966	132	0	12	
MYCO002968	15	0	17	
MYCO002969	28	0	26	
MYCO002970	64	0	40	
MYCO002971	76	0	34	
MYCO002972	16	0	34	
MYCO002973	145	0	55	
MYCO002974	466	0	65	
MYCO002975	1865	0	7	
MYCO002977	226	0	26	
MYCO002978	78	1643	49	
MYCO002979	20	0	24	
MYCO002980	346	0	24	
MYCO002983	438	0	29	
MYCO002985	52	0	48	
MYCO002986	49	0	26	
MYCO002987	15	0	17	
MYCO002989	375	0	28	
MYCO002990	23	0	31	
MYCO002991	26	0	18	
MYCO002994	419	0	47	
MYCO002997	350	0	47	
MYCO002998	5	0	17	
MYCO002999	34	0	46	
MYCO003000	33	0	25	
MYCO003002	2	0	15	
MYCO003004	19	0	15	
MYCO003005	30	0	23	
MYCO003007	357	0	22	
MYCO003008	34	0	28	
MYCO003012	8	0	11	
MYCO003013	319	0	20	
MYCO003015	211	0	43	
MYCO003016	26	0	19	
MYCO003017	411	0	17	
MYCO003018	2944	0	27	
MYCO003019	1	66	24	
MYCO003020	12	12	18	
MYCO003021	3822	0	6	
MYCO003022	3840	0	0	
MYCO003023	3736	33	8	
MYCO003026	61	0	44	
MYCO003030	102	0	27	
MYCO003033	12	0	24	
MYCO003035	182	0	31	
MYCO003036	11	0	30	
MYCO003037	237	0	51	
MYCO003039	105	0	30	
MYCO003040	189	0	34	
MYCO003041	14	0	26	
MYCO003044	265	0	53	
MYCO003046	14	0	16	
MYCO003047	111	0	19	
MYCO003050	17	0	32	
MYCO003055	22	1198	24	
MYCO003056	31	0	57	
MYCO003058	6	0	25	
MYCO003059	43	0	46	
MYCO003060	664	0	78	
MYCO003061	395	0	73	
MYCO003062	1073	0	61	
MYCO003063	141	0	110	
MYCO003064	77	0	21	
MYCO003065	110	0	14	
MYCO003066	171	0	27	
MYCO003067	16	0	24	
MYCO003068	57	0	64	
MYCO003069	4	0	17	
MYCO003070	5	0	13	
MYCO003071	110	0	50	
MYCO003072	17	0	26	
MYCO003073	9	0	22	
MYCO003074	1170	1355	44	
MYCO003075	18	0	26	
MYCO003076	9	0	17	
MYCO003077	249	0	91	
MYCO003078	25	0	15	
MYCO003079	358	0	24	
MYCO003080	435	0	136	
MYCO003081	123	0	40	
MYCO003082	27	0	41	
MYCO003083	207	0	71	
MYCO003084	452	0	34	
MYCO003086	123	0	32	
MYCO003087	230	0	65	
MYCO003088	140	0	62	
MYCO003089	155	0	54	
MYCO003090	125	925	45	
MYCO003091	182	0	62	
MYCO003092	402	0	48	
MYCO003093	932	0	31	
MYCO003094	415	0	53	
MYCO003095	4	0	23	
MYCO003096	32	0	54	
MYCO003097	70	0	56	
MYCO003098	20	0	22	
MYCO003099	75	0	40	
MYCO003103	17	0	21	
MYCO003104	28	0	38	
MYCO003106	54	0	51	
MYCO003107	62	0	68	
MYCO003108	23	0	22	
MYCO003109	72	0	57	
MYCO003110	12	0	13	
MYCO003111	22	0	38	
MYCO003112	24	0	16	
MYCO003113	847	0	36	
MYCO003114	63	0	26	
MYCO003115	3736	33	8	
MYCO003116	110	0	49	
MYCO003119	31	0	25	
MYCO003120	40	0	30	
MYCO003121	96	0	49	
MYCO003122	35	0	20	
MYCO003123	22	0	22	
MYCO003124	77	0	39	
MYCO003125	553	0	40	
MYCO003126	23	0	14	
MYCO003127	31	0	49	
MYCO003128	3840	0	0	
MYCO003129	361	0	9	
MYCO003130	48	0	66	
MYCO003131	45	0	32	
MYCO003132	96	0	69	
MYCO003133	6	0	12	
MYCO003134	32	0	34	
MYCO003135	2361	0	7	
MYCO003136	70	0	39	
MYCO003137	23	0	33	
MYCO003138	48	0	59	
MYCO003141	156	0	35	
MYCO003142	527	0	19	
MYCO003143	5	0	11	
MYCO003144	648	0	53	
MYCO003145	17	0	11	
MYCO003146	3	0	19	
MYCO003147	27	0	11	
MYCO003148	22	0	41	
MYCO003149	38	0	30	
MYCO003150	355	0	35	
MYCO003151	786	0	73	
MYCO003152	5	0	37	
MYCO003153	74	0	27	
MYCO003154	7	0	34	
MYCO003155	6	0	11	
MYCO003156	52	0	61	
MYCO003157	92	0	73	
MYCO003158	18	0	60	
MYCO003159	1970	0	68	
MYCO003160	11	0	18	
MYCO003161	290	0	65	
MYCO003162	46	0	14	
MYCO003163	19	0	35	
MYCO003164	20	0	23	
MYCO003165	75	0	16	
MYCO003166	411	0	36	
MYCO003167	37	0	32	
MYCO003168	136	0	61	
MYCO003169	474	0	44	
MYCO003170	405	0	44	
MYCO003171	28	0	56	
MYCO003172	6	0	26	
MYCO003173	8	0	29	
MYCO003174	15	0	46	
MYCO003175	1056	0	54	
MYCO003176	89	0	49	
MYCO003177	33	0	28	
MYCO003178	35	0	19	
MYCO003179	313	0	52	
MYCO003180	25	0	19	
MYCO003181	100	0	17	
MYCO003182	20	0	9	
MYCO003183	151	0	16	
MYCO003184	454	2	17	
MYCO003185	3840	0	0	
MYCO003186	454	2	17	
MYCO003187	3840	0	0	
MYCO003188	15	0	14	
MYCO003189	37	0	25	
MYCO003190	128	0	52	
MYCO003191	45	0	45	
MYCO003192	45	0	29	
MYCO003196	61	0	39	
MYCO003199	312	0	46	
MYCO003200	21	0	52	
MYCO003201	680	0	108	
MYCO003202	538	0	113	
MYCO003203	27	0	35	
MYCO003204	1	0	15	
MYCO003209	10	0	23	
MYCO003210	11	0	24	
MYCO003212	456	0	46	
MYCO003215	23	0	51	
MYCO003216	3840	0	0	
MYCO003217	245	0	17	
MYCO003218	17	0	36	
MYCO003222	53	0	19	
MYCO003224	193	0	39	
MYCO003225	60	0	54	
MYCO003226	28	0	35	
MYCO003227	202	0	61	
MYCO003230	101	0	50	
MYCO003231	45	0	19	
MYCO003232	11	0	28	
MYCO003233	7	0	30	
MYCO003234	1902	0	21	
MYCO003235	301	0	30	
MYCO003236	236	0	50	
MYCO003237	9	0	25	
MYCO003238	10	0	30	
MYCO003239	1951	0	80	
MYCO003242	69	0	29	
MYCO003243	61	0	33	
MYCO003244	299	0	59	
MYCO003247	43	0	22	
MYCO003249	142	0	28	
MYCO003250	4	0	9	
MYCO003251	4	0	8	
MYCO003253	51	0	46	
MYCO003254	88	0	58	
MYCO003256	509	0	42	
MYCO003259	20	0	8	
MYCO003260	0	0	15	
MYCO003263	153	0	56	
MYCO003266	116	0	33	
MYCO003268	96	0	34	
MYCO003269	13	0	9	
MYCO003270	239	0	76	
MYCO003271	21	0	31	
MYCO003272	83	0	53	
MYCO003273	9	0	89	
MYCO003278	9	0	19	
MYCO003279	13	0	34	
MYCO003281	3695	0	7	
MYCO003282	14	0	36	
MYCO003283	18	0	41	
MYCO003284	36	0	18	
MYCO003286	397	0	36	
MYCO003287	11	0	10	
MYCO003288	5	0	17	
MYCO003289	32	0	21	
MYCO003291	19	0	15	
MYCO003292	175	0	55	
MYCO003293	476	0	53	
MYCO003294	12	0	32	
MYCO003295	19	0	25	
MYCO003297	67	0	40	
MYCO003298	214	0	25	
MYCO003299	609	0	133	
MYCO003300	47	0	36	
MYCO003301	21	0	28	
MYCO003307	126	0	32	
MYCO003308	463	0	61	
MYCO003309	18	0	23	
MYCO003310	22	0	34	
MYCO003311	41	0	52	
MYCO003312	23	0	35	
MYCO003314	92	0	44	
MYCO003315	11	0	19	
MYCO003316	3	0	10	
MYCO003320	37	0	18	
MYCO003321	2	0	6	
MYCO003322	16	0	24	
MYCO003323	211	0	35	
MYCO003324	202	0	21	
MYCO003325	454	2	17	
MYCO003326	3840	0	0	
MYCO003327	3800	0	6	
MYCO003331	354	0	56	
MYCO003332	315	0	56	
MYCO003333	939	0	31	
MYCO003334	4	0	24	
MYCO003335	72	0	34	
MYCO003337	443	0	20	
MYCO003338	44	0	30	
MYCO003339	59	0	51	
MYCO003342	284	0	18	
MYCO003343	3830	0	10	
MYCO003344	3840	0	0	
MYCO003345	3820	0	10	
MYCO003346	1209	1	17	
MYCO003347	2980	0	181	
MYCO003348	95	3	29	
MYCO003349	2011	0	25	
MYCO003350	3182	0	174	
MYCO003351	506	0	30	
MYCO003352	489	0	14	
MYCO003353	473	0	9	
MYCO003354	471	0	17	
MYCO003355	483	1	17	
MYCO003357	8	0	14	
MYCO003358	2	0	10	
MYCO003359	221	0	36	
MYCO003360	572	0	12	
MYCO003361	47	0	27	
MYCO003362	47	0	27	
MYCO003363	225	0	18	
MYCO003364	48	0	15	
MYCO003365	3474	0	22	
MYCO003366	37	0	23	
MYCO003367	1754	0	72	
MYCO003368	97	0	29	
MYCO003369	125	0	16	
MYCO003370	847	0	104	
MYCO003371	366	0	63	
MYCO003372	224	0	47	
MYCO003373	469	0	22	
MYCO003374	4	0	13	
MYCO003375	161	0	64	
MYCO003376	16	0	29	
MYCO003377	274	0	68	
MYCO003378	94	0	48	
MYCO003379	59	0	74	
MYCO003380	3840	0	0	
MYCO003381	454	2	17	
MYCO003382	130	0	29	
MYCO003383	814	0	56	
MYCO003384	40	0	13	
MYCO003385	75	0	11	
MYCO003386	191	0	35	
MYCO003387	16	0	29	
MYCO003388	2876	0	55	
MYCO003389	299	0	48	
MYCO003390	23	0	46	
MYCO003391	238	0	89	
MYCO003393	72	0	35	
MYCO003394	1120	0	43	
MYCO003395	89	0	33	
MYCO003397	19	0	28	
MYCO003398	93	0	56	
MYCO003399	32	0	33	
MYCO003400	115	0	19	
MYCO003401	432	0	93	
MYCO003402	117	0	46	
MYCO003403	56	0	79	
MYCO003404	32	0	36	
MYCO003405	5	0	23	
MYCO003406	119	0	38	
MYCO003407	11	0	8	
MYCO003408	3	0	15	
MYCO003413	325	0	27	
MYCO003414	18	0	29	
MYCO003415	311	0	38	
MYCO003416	37	0	12	
MYCO003420	78	0	19	
MYCO003421	923	0	38	
MYCO003423	34	0	56	
MYCO003424	257	2	22	
MYCO003425	191	1037	51	
MYCO003426	3750	0	3	
MYCO003427	1070	0	24	
MYCO003428	3646	0	7	
MYCO003429	191	867	48	
MYCO003430	264	0	77	
MYCO003431	52	0	32	
MYCO003434	169	0	43	
MYCO003435	16	0	53	
MYCO003437	161	0	23	
MYCO003438	50	0	38	
MYCO003439	703	0	58	
MYCO003440	41	0	22	
MYCO003444	17	0	16	
MYCO003445	21	0	18	
MYCO003446	710	0	59	
MYCO003447	323	0	136	
MYCO003448	179	0	56	
MYCO003449	147	0	65	
MYCO003450	560	0	66	
MYCO003451	63	0	48	
MYCO003452	451	0	31	
MYCO003453	2361	0	5	
MYCO003454	57	0	63	
MYCO003463	113	0	35	
MYCO003465	9	0	23	
MYCO003466	3697	35	44	
MYCO003467	3717	56	25	
MYCO003468	57	0	48	
MYCO003469	24	0	43	
MYCO003470	187	0	76	
MYCO003471	29	0	18	
MYCO003472	29	0	26	
MYCO003473	25	0	41	
MYCO003474	454	2	17	
MYCO003475	3840	0	0	
MYCO003476	46	0	59	
MYCO003477	94	0	12	
MYCO003478	1921	210	294	
MYCO003479	188	0	139	
MYCO003480	196	0	70	
MYCO003481	49	0	21	
MYCO003482	31	0	37	
MYCO003483	833	0	30	
MYCO003484	89	0	60	
MYCO003485	517	0	43	
MYCO003486	241	0	17	
MYCO003487	832	0	36	
MYCO003488	108	0	11	
MYCO003489	3	0	7	
MYCO003491	14	0	27	
MYCO003492	2	0	20	
MYCO003493	301	0	28	
MYCO003494	828	0	51	
MYCO003495	24	0	36	
MYCO003496	244	0	40	
MYCO003497	11	0	48	
MYCO003498	85	0	42	
MYCO003499	7	0	39	
MYCO003502	29	0	31	
MYCO003503	0	0	8	
MYCO003505	110	0	43	
MYCO003506	72	0	71	
MYCO003507	3580	0	73	
MYCO003508	3837	0	3	
MYCO003509	384	0	70	
MYCO003510	133	0	33	
MYCO003511	3832	0	4	
MYCO003512	3840	0	0	
MYCO003513	3643	0	14	
MYCO003514	3839	0	1	
MYCO003515	3443	0	22	
MYCO003516	574	0	29	
MYCO003517	835	0	27	
MYCO003518	112	0	38	
MYCO003519	19	0	33	
MYCO003521	36	0	33	
MYCO003522	7	0	43	
MYCO003523	350	0	34	
MYCO003524	49	0	55	
MYCO003525	222	0	24	
MYCO003526	8	0	31	
MYCO003527	5	0	25	
MYCO003528	53	0	48	
MYCO003529	445	0	54	
MYCO003530	22	1416	36	
MYCO003531	76	0	57	
MYCO003532	306	0	56	
MYCO003533	1169	0	78	
MYCO003534	55	0	35	
MYCO003535	935	0	28	
MYCO003536	14	0	34	
MYCO003537	24	0	50	
MYCO003538	6	0	33	
MYCO003539	494	0	56	
MYCO003540	325	0	41	
MYCO003541	2	0	17	
MYCO003542	94	0	35	
MYCO003543	76	0	40	
MYCO003544	41	0	41	
MYCO003545	31	0	65	
MYCO003546	86	0	38	
MYCO003547	45	0	30	
MYCO003548	18	0	25	
MYCO003549	129	0	34	
MYCO003550	51	0	26	
MYCO003551	51	0	27	
MYCO003552	9	0	21	
MYCO003553	399	0	32	
MYCO003554	73	0	95	
MYCO003555	579	0	31	
MYCO003556	108	0	34	
MYCO003557	0	0	20	
MYCO003558	916	0	61	
MYCO003559	233	0	30	
MYCO003560	116	0	50	
MYCO003561	606	0	65	
MYCO003562	59	0	54	
MYCO003563	145	0	42	
MYCO003564	543	0	30	
MYCO003565	78	0	58	
MYCO003566	118	0	36	
MYCO003567	41	0	17	
MYCO003568	442	0	24	
MYCO003569	333	0	33	
MYCO003572	35	0	24	
MYCO003573	389	0	76	
MYCO003574	57	0	18	
MYCO003575	102	0	38	
MYCO003576	61	0	34	
MYCO003577	67	0	25	
MYCO003578	299	0	59	
MYCO003581	12	0	20	
MYCO003582	26	0	32	
MYCO003584	15	0	18	
MYCO003585	46	0	58	
MYCO003586	16	0	47	
MYCO003587	183	0	37	
MYCO003588	51	0	15	
MYCO003590	2667	0	50	
MYCO003591	27	0	39	
MYCO003593	3	0	61	
MYCO003594	67	0	42	
MYCO003595	1739	0	54	
MYCO003597	252	0	12	
MYCO003599	161	0	6	
MYCO003602	602	0	38	
MYCO003603	205	0	40	
MYCO003604	827	0	54	
MYCO003605	266	0	19	
MYCO003606	14	0	24	
MYCO003607	134	0	16	
MYCO003608	42	0	34	
MYCO003611	3800	0	4	
MYCO003612	42	0	18	
MYCO003613	2	0	8	
MYCO003614	6	0	36	
MYCO003615	6	0	10	
MYCO003616	59	0	58	
MYCO003617	91	0	39	
MYCO003618	83	0	40	
MYCO003619	321	1782	125	
MYCO003620	2161	438	101	
MYCO003621	559	0	48	
MYCO003622	105	0	12	
MYCO003623	211	0	30	
MYCO003625	229	0	40	
MYCO003626	311	0	44	
MYCO003627	55	0	69	
MYCO003629	41	0	47	
MYCO003630	16	928	52	
MYCO003631	8	0	23	
MYCO003632	4	0	9	
MYCO003633	66	0	39	
MYCO003634	110	0	28	
MYCO003635	147	0	78	
MYCO003636	14	0	23	
MYCO003637	67	0	30	
MYCO003638	12	0	36	
MYCO003639	375	0	34	
MYCO003640	148	0	54	
MYCO003641	14	0	29	
MYCO003642	8	0	14	
MYCO003643	4	0	7	
MYCO003645	810	0	58	
MYCO003649	582	0	104	
MYCO003650	84	0	12	
MYCO003651	367	0	42	
MYCO003652	888	0	19	
MYCO003653	2272	0	28	
MYCO003654	478	0	24	
MYCO003655	3837	0	1	
MYCO003656	15	0	14	
MYCO003657	1184	932	24	
MYCO003658	422	0	39	
MYCO003659	768	0	43	
MYCO003660	167	0	57	
MYCO003661	62	0	22	
MYCO003662	1068	0	43	
MYCO003663	380	0	74	
MYCO003664	13	0	41	
MYCO003665	9	0	46	
MYCO003666	106	1028	54	
MYCO003667	286	0	86	
MYCO003669	8	0	23	
MYCO003671	22	0	50	
MYCO003672	61	0	37	
MYCO003673	136	0	27	
MYCO003675	1	0	20	
MYCO003678	13	0	21	
MYCO003681	18	0	24	
MYCO003685	102	0	63	
MYCO003686	73	0	14	
MYCO003687	16	0	16	
MYCO003688	21	0	24	
MYCO003689	200	0	82	
MYCO003690	366	0	23	
MYCO003691	83	0	52	
MYCO003692	58	0	42	
MYCO003693	1321	0	50	
MYCO003694	13	0	40	
MYCO003697	31	0	24	
MYCO003698	147	0	73	
MYCO003699	38	0	31	
MYCO003700	591	0	44	
MYCO003701	125	0	43	
MYCO003702	29	0	38	
MYCO003703	69	0	66	
MYCO003704	67	0	58	
MYCO003706	188	0	10	
MYCO003714	57	0	49	
MYCO003716	263	0	18	
MYCO003723	26	0	32	
MYCO003725	1867	0	23	
MYCO003726	298	0	47	
MYCO003727	253	0	91	
MYCO003728	2425	0	81	
MYCO003729	354	0	104	
MYCO003730	12	0	48	
MYCO003731	13	0	50	
MYCO003732	98	0	52	
MYCO003733	13	0	23	
MYCO003734	67	0	66	
MYCO003735	19	0	26	
MYCO003736	71	0	62	
MYCO003737	715	0	67	
MYCO003738	1326	0	40	
MYCO003739	937	0	15	
MYCO003740	109	0	60	
MYCO003741	24	0	40	
MYCO003742	11	0	25	
MYCO003743	167	0	106	
MYCO003744	4	0	22	
MYCO003745	14	1205	11	
MYCO003746	7	0	24	
MYCO003747	24	0	14	
MYCO003748	18	0	19	
MYCO003749	27	0	22	
MYCO003750	12	0	18	
MYCO003751	11	0	14	
MYCO003752	306	0	14	
MYCO003753	452	0	16	
MYCO003754	234	0	35	
MYCO003755	17	0	24	
MYCO003756	22	0	37	
MYCO003757	152	0	42	
MYCO003758	43	0	37	
MYCO003759	31	0	58	
MYCO003760	25	0	10	
MYCO003761	154	0	38	
MYCO003762	22	0	96	
MYCO003763	32	0	26	
MYCO003764	42	0	59	
MYCO003766	105	0	36	
MYCO003767	93	0	35	
MYCO003768	93	0	16	
MYCO003769	82	0	20	
MYCO003770	111	0	26	
MYCO003771	35	0	25	
MYCO003772	62	0	45	
MYCO003773	98	0	30	
MYCO003776	710	0	79	
MYCO003779	446	0	84	
MYCO003784	224	0	58	
MYCO003785	1673	0	40	
MYCO003786	305	0	58	
MYCO003787	94	0	49	
MYCO003788	10	0	20	
MYCO003789	4	0	15	
MYCO003792	210	0	98	
MYCO003796	27	0	60	
MYCO003797	196	0	88	
MYCO003798	2056	40	32	
MYCO003800	834	0	175	
MYCO003803	65	0	41	
MYCO003805	38	0	70	
MYCO003807	155	0	22	
MYCO003810	1068	0	30	
MYCO003811	173	0	67	
MYCO003812	1476	0	58	
MYCO003813	96	0	32	
MYCO003814	43	0	26	
MYCO003815	123	0	30	
MYCO003817	310	0	40	
MYCO003818	58	0	54	
MYCO003819	34	0	22	
MYCO003820	166	0	78	
MYCO003821	16	0	37	
MYCO003822	67	0	70	
MYCO003823	53	0	152	
MYCO003824	75	0	88	
MYCO003825	234	0	283	
MYCO003826	69	0	96	
MYCO003827	166	0	82	
MYCO003828	3	1483	22	
MYCO003829	783	0	82	
MYCO003830	879	0	41	
MYCO003831	19	0	42	
MYCO003832	109	0	38	
MYCO003833	488	0	50	
MYCO003836	441	0	27	
MYCO003837	34	0	48	
MYCO003838	124	0	56	
MYCO003839	12	0	40	
MYCO003840	55	0	36	
MYCO003841	7	0	29	
MYCO003843	333	0	51	
MYCO003844	95	3	29	
MYCO003845	2809	0	6	
MYCO003846	12	0	30	
MYCO003848	102	0	62	
MYCO003850	61	0	36	
MYCO003851	56	0	14	
MYCO003852	45	0	20	
MYCO003853	4	0	20	
MYCO003854	164	0	133	
MYCO003855	8	0	41	
MYCO003856	91	0	58	
MYCO003857	12	0	6	
MYCO003860	438	0	74	
MYCO003861	110	0	31	
MYCO003862	53	0	65	
MYCO003863	180	0	55	
MYCO003864	124	0	76	
MYCO003865	45	0	15	
MYCO003866	127	0	37	
MYCO003867	88	0	28	
MYCO003868	182	0	75	
MYCO003869	505	0	92	
MYCO003870	47	0	136	
MYCO003871	291	0	106	
MYCO003872	189	0	16	
MYCO003873	189	0	54	
MYCO003874	37	0	12	
MYCO003875	13	0	15	
MYCO003876	1740	0	81	
MYCO003877	50	0	105	
MYCO003878	461	0	48	
MYCO003879	1661	0	118	
MYCO003880	4	0	20	
MYCO003881	428	0	99	
MYCO003882	492	0	108	
MYCO003883	49	0	83	
MYCO003884	209	0	100	
MYCO003885	139	0	107	
MYCO003886	1323	0	62	
MYCO003887	394	0	86	
MYCO003888	110	0	87	
MYCO003889	256	0	67	
MYCO003890	78	0	21	
MYCO003891	20	0	28	
MYCO003892	883	0	71	
MYCO003893	72	0	19	
MYCO003894	1075	0	214	
MYCO003895	1048	0	73	
MYCO003896	231	0	69	
MYCO003897	3801	0	2	
MYCO003898	1875	0	11	
MYCO003899	1099	0	71	
MYCO003900	606	0	90	
MYCO003901	69	0	32	
MYCO003902	19	0	35	
MYCO003903	1239	0	131	
MYCO003904	10	0	26	
MYCO003905	28	0	22	
MYCO003906	47	0	41	
MYCO003909	206	0	134	
MYCO003910	252	0	257	
MYCO003911	3830	0	5	
MYCO003912	179	0	72	
MYCO003914	4	0	22	
MYCO003916	4	0	59	
MYCO003919	225	0	195	
MYCO003922	4	0	32	
MYCO003923	6	0	35	
MYCO010064	11	0	10	
MYCO010078	9	0	41	
MYCO010157	2	0	7	
MYCO010186	38	0	7	
MYCO010192	889	0	11	
MYCO010236	30	0	4	
MYCO010277	3840	0	0	
MYCO010397	3	1869	11	
MYCO010456	12	0	14	
MYCO010470	550	0	16	
MYCO010492	36	0	9	
MYCO010500	179	0	5	
MYCO010530	8	0	10	
MYCO010590	22	0	8	
MYCO010609	12	0	10	
MYCO010616	1	0	17	
MYCO010634	6	0	12	
MYCO010691	2	0	9	
MYCO010724	3840	0	0	
MYCO010749	11	0	8	
MYCO010755	63	0	5	
MYCO010787	35	0	6	
MYCO010959	4	0	6	
MYCO011028	1	0	7	
MYCO011087	33	0	8	
MYCO011089	4	0	8	
MYCO011116	20	0	11	
MYCO011135	3	0	22	
MYCO011159	6	0	12	
MYCO011290	35	0	14	
MYCO011322	10	0	24	
MYCO011366	13	0	12	
MYCO011473	31	0	10	
MYCO011489	105	0	9	
MYCO011498	57	0	13	
MYCO011507	74	0	33	
MYCO011508	35	0	12	
MYCO011638	265	0	14	
MYCO011706	5	0	8	
MYCO011765	29	0	14	
MYCO011888	1	0	12	
MYCO011954	15	0	10	
MYCO011962	0	2263	13	
MYCO011982	14	0	6	
MYCO011990	38	0	17	
MYCO011991	1	0	6	
MYCO012023	37	0	49	
MYCO012063	103	0	16	
MYCO012077	123	0	14	
MYCO012142	1	0	13	
MYCO012160	2087	0	8	
MYCO012219	5	0	15	
MYCO012231	31	0	23	
MYCO012237	23	0	9	
MYCO012250	3837	0	1	
MYCO012274	137	0	13	
MYCO012306	34	0	26	
MYCO012307	8	0	5	
MYCO012309	7	0	18	
MYCO012331	4	0	10	
MYCO012395	15	0	9	
MYCO012401	18	0	4	
MYCO012427	3840	0	0	
MYCO012438	7	0	15	
MYCO012468	1	0	10	
MYCO012530	3	0	14	
MYCO012548	8	0	14	
MYCO012601	2	0	9	
MYCO012614	450	0	11	
MYCO012737	13	0	9	
MYCO012801	1	0	8	
MYCO012828	699	0	14	
MYCO012862	3840	0	0	
MYCO012922	14	0	12	
MYCO012943	19	0	24	
MYCO012970	17	0	4	
MYCO012998	4	0	14	
MYCO013018	1437	2	8	
MYCO013022	616	0	11	
MYCO013032	20	0	16	
MYCO013098	11	0	17	
MYCO013136	4	0	22	
MYCO013190	137	0	8	
MYCO013196	3	0	6	
MYCO013197	37	0	11	
MYCO013198	5	0	14	
MYCO013208	6	0	14	
MYCO013221	1	0	14	
MYCO013224	17	0	16	
MYCO013312	52	0	19	
MYCO013324	3840	0	0	
MYCO013395	139	0	26	
MYCO013566	5	0	16	
MYCO013697	39	0	12	
MYCO013705	33	0	22	
MYCO013724	433	0	9	
MYCO013770	5	0	8	
MYCO020078	3	0	19	
MYCO020456	3840	0	0	
MYCO020500	0	0	3	
MYCO022231	2736	0	12	
MYCO022306	65	0	19	
MYCO022307	49	0	20	
MYCO022395	42	0	14	
MYCO023224	24	0	9	
MYCO023724	459	0	25	
MYCO023770	5	0	10	
MYCO032307	0	0	8	
