GbGDiv simplified results table from 'accumulate-13.txt' records table.
Isolate records read from table: 3328

Locus	Missing	Paralogous	CountNuc
id	0	0	3328	
isolate	0	0	3328	
rMLST_database_accession	0	0	3328	
BACT000001	9	0	66	
BACT000002	100	0	28	
BACT000003	321	0	34	
BACT000004	25	0	20	
BACT000005	56	0	23	
BACT000006	2	0	14	
BACT000007	7	0	17	
BACT000008	18	0	16	
BACT000009	12	0	23	
BACT000010	1	0	8	
BACT000011	28	0	17	
BACT000012	2	0	17	
BACT000013	7	0	17	
BACT000014	2	3032	2	
BACT000015	1	0	9	
BACT000016	34	0	26	
BACT000017	10	0	17	
BACT000018	1	2578	3	
BACT000019	0	0	11	
BACT000020	5	0	15	
BACT000021	3328	0	0	
BACT000030	29	928	23	
BACT000031	2	0	22	
BACT000032	6	0	15	
BACT000033	92	0	26	
BACT000034	6	0	19	
BACT000035	4	0	23	
BACT000036	221	0	17	
BACT000038	17	0	17	
BACT000039	13	0	19	
BACT000040	398	0	14	
BACT000042	6	0	21	
BACT000043	1	0	20	
BACT000044	22	0	14	
BACT000045	16	0	16	
BACT000046	3	0	27	
BACT000047	47	0	10	
BACT000048	0	0	16	
BACT000049	2	0	15	
BACT000050	18	0	14	
BACT000051	107	0	20	
BACT000052	1	0	11	
BACT000053	2	0	12	
BACT000056	6	0	12	
BACT000057	2	3228	3	
BACT000058	1	1	12	
BACT000059	0	0	9	
BACT000060	2	0	7	
BACT000061	9	0	12	
BACT000062	1	2796	7	
BACT000063	1	1	11	
BACT000064	3	0	12	
BACT000065	3	0	1	
MYCO000001	21	0	97	
MYCO000005	24	0	118	
MYCO000006	37	0	174	
MYCO000009	9	0	24	
MYCO000011	9	0	21	
MYCO000013	3	0	47	
MYCO000015	754	0	56	
MYCO000016	52	0	68	
MYCO000017	47	0	61	
MYCO000019	6	0	27	
MYCO000038	230	0	31	
MYCO000046	14	0	54	
MYCO000047	14	0	27	
MYCO000049	17	0	26	
MYCO000050	366	0	126	
MYCO000051	288	0	91	
MYCO000054	138	0	26	
MYCO000066	16	0	93	
MYCO000068	94	0	67	
MYCO000129	29	0	26	
MYCO000183	171	0	40	
MYCO000184	188	0	24	
MYCO000189	430	0	53	
MYCO000198	31	0	90	
MYCO000204	105	0	39	
MYCO000207	13	0	31	
MYCO000211	42	0	91	
MYCO000223	355	0	61	
MYCO000225	26	0	28	
MYCO000227	374	0	48	
MYCO000228	74	0	46	
MYCO000236	779	0	130	
MYCO000237	91	0	60	
MYCO000238	12	0	28	
MYCO000241	24	0	50	
MYCO000242	577	0	55	
MYCO000243	306	0	46	
MYCO000244	66	1668	63	
MYCO000247	8	0	25	
MYCO000248	22	0	51	
MYCO000270	31	0	72	
MYCO000274	213	0	34	
MYCO000321	6	0	18	
MYCO000322	37	0	44	
MYCO000334	4	0	21	
MYCO000337	31	0	40	
MYCO000350	50	0	44	
MYCO000352	357	0	40	
MYCO000357	14	0	40	
MYCO000360	122	0	23	
MYCO000383	641	0	22	
MYCO000384	437	0	74	
MYCO000407	147	0	40	
MYCO000410	99	0	73	
MYCO000411	83	0	34	
MYCO000414	711	0	25	
MYCO000415	745	0	36	
MYCO000417	240	826	27	
MYCO000423	24	0	43	
MYCO000429	8	0	23	
MYCO000432	8	0	24	
MYCO000433	17	0	33	
MYCO000439	132	0	38	
MYCO000440	41	0	45	
MYCO000462	9	0	31	
MYCO000465	34	0	64	
MYCO000466	13	0	24	
MYCO000467	14	0	32	
MYCO000468	30	0	28	
MYCO000472	6	0	24	
MYCO000475	81	0	28	
MYCO000483	41	0	37	
MYCO000484	37	0	32	
MYCO000486	207	0	51	
MYCO000489	494	0	23	
MYCO000490	48	0	34	
MYCO000491	6	0	16	
MYCO000495	12	0	32	
MYCO000496	43	0	36	
MYCO000498	63	0	36	
MYCO000501	20	0	36	
MYCO000502	25	0	25	
MYCO000505	807	0	27	
MYCO000509	77	0	54	
MYCO000510	64	0	33	
MYCO000512	72	0	32	
MYCO000524	276	0	41	
MYCO000527	103	0	25	
MYCO000528	531	0	42	
MYCO000529	123	0	44	
MYCO000548	25	0	24	
MYCO000551	113	0	73	
MYCO000553	324	0	36	
MYCO000555	316	0	39	
MYCO000557	38	0	52	
MYCO000558	166	0	24	
MYCO000562	15	0	40	
MYCO000563	72	0	33	
MYCO000564	42	0	49	
MYCO000566	8	0	19	
MYCO000636	7	0	19	
MYCO000639	136	0	20	
MYCO000647	125	0	49	
MYCO000655	23	0	39	
MYCO000667	175	0	210	
MYCO000668	141	0	200	
MYCO000672	144	0	77	
MYCO000684	50	0	69	
MYCO000685	12	0	23	
MYCO000693	311	0	42	
MYCO000696	58	0	50	
MYCO000732	7	0	45	
MYCO000733	8	0	19	
MYCO000734	365	0	21	
MYCO000757	7	0	24	
MYCO000758	90	0	115	
MYCO000772	107	0	45	
MYCO000777	39	0	34	
MYCO000780	13	0	28	
MYCO000782	3251	0	4	
MYCO000788	98	0	21	
MYCO000803	81	0	66	
MYCO000808	59	0	52	
MYCO000809	6	0	29	
MYCO000810	2	0	6	
MYCO000814	654	12	13	
MYCO000815	48	4	35	
MYCO000820	11	0	25	
MYCO000821	20	0	16	
MYCO000823	66	0	46	
MYCO000824	7	0	21	
MYCO000859	56	0	60	
MYCO000860	209	0	80	
MYCO000861	31	0	53	
MYCO000871	12	0	9	
MYCO000876	3	0	54	
MYCO000884	11	0	43	
MYCO000885	46	0	28	
MYCO000886	782	0	56	
MYCO000889	680	0	43	
MYCO000896	43	0	40	
MYCO000902	27	0	19	
MYCO000903	8	0	10	
MYCO000906	862	0	41	
MYCO000926	17	0	56	
MYCO000927	144	0	24	
MYCO000929	305	0	22	
MYCO000946	38	0	58	
MYCO000949	154	0	85	
MYCO000951	28	0	41	
MYCO000952	63	0	31	
MYCO000953	243	0	45	
MYCO000957	350	0	43	
MYCO000981	38	0	24	
MYCO000983	424	0	51	
MYCO000993	103	0	27	
MYCO000994	222	0	50	
MYCO000995	13	0	23	
MYCO001001	31	0	50	
MYCO001002	52	0	53	
MYCO001007	10	0	50	
MYCO001008	197	0	30	
MYCO001009	174	0	34	
MYCO001010	75	0	37	
MYCO001011	26	0	27	
MYCO001013	42	0	49	
MYCO001014	27	0	30	
MYCO001015	23	0	23	
MYCO001017	4	0	24	
MYCO001018	35	0	56	
MYCO001020	388	0	129	
MYCO001022	163	0	25	
MYCO001023	122	0	48	
MYCO001026	226	0	32	
MYCO001070	15	0	22	
MYCO001071	16	0	50	
MYCO001072	3	0	23	
MYCO001077	55	0	53	
MYCO001079	63	0	32	
MYCO001080	190	0	15	
MYCO001082	31	0	26	
MYCO001086	47	0	34	
MYCO001092	89	0	28	
MYCO001094	55	0	18	
MYCO001095	80	0	39	
MYCO001098	60	0	33	
MYCO001099	202	0	36	
MYCO001108	62	0	48	
MYCO001110	14	0	28	
MYCO001112	423	0	35	
MYCO001165	153	0	73	
MYCO001173	198	0	78	
MYCO001177	12	0	8	
MYCO001178	133	0	43	
MYCO001193	328	0	38	
MYCO001201	198	0	33	
MYCO001202	159	0	32	
MYCO001207	228	0	35	
MYCO001208	24	0	29	
MYCO001213	167	0	50	
MYCO001220	202	0	13	
MYCO001221	2	0	26	
MYCO001223	551	0	57	
MYCO001229	92	0	42	
MYCO001238	41	0	29	
MYCO001239	13	0	34	
MYCO001245	77	0	39	
MYCO001248	385	0	112	
MYCO001253	139	0	70	
MYCO001272	258	0	54	
MYCO001273	17	0	64	
MYCO001277	379	0	37	
MYCO001292	30	0	48	
MYCO001293	47	0	40	
MYCO001294	59	0	37	
MYCO001295	50	0	37	
MYCO001297	276	0	49	
MYCO001299	37	0	24	
MYCO001302	12	0	30	
MYCO001305	7	0	7	
MYCO001308	55	0	41	
MYCO001309	11	0	36	
MYCO001310	15	0	32	
MYCO001311	15	0	20	
MYCO001315	20	0	33	
MYCO001321	57	0	28	
MYCO001323	77	0	39	
MYCO001326	42	0	76	
MYCO001327	58	0	54	
MYCO001328	118	0	95	
MYCO001338	98	0	26	
MYCO001340	47	0	22	
MYCO001380	44	0	29	
MYCO001381	357	0	38	
MYCO001383	32	0	34	
MYCO001384	322	0	126	
MYCO001385	541	0	32	
MYCO001388	3	0	22	
MYCO001390	2	0	10	
MYCO001391	609	0	50	
MYCO001392	341	0	54	
MYCO001402	1378	0	49	
MYCO001407	475	0	59	
MYCO001408	110	0	21	
MYCO001410	11	0	44	
MYCO001412	18	0	24	
MYCO001415	14	0	39	
MYCO001416	7	0	19	
MYCO001420	26	0	53	
MYCO001421	21	0	30	
MYCO001436	5	0	32	
MYCO001437	37	0	39	
MYCO001438	14	0	23	
MYCO001440	18	0	13	
MYCO001445	210	0	32	
MYCO001447	393	0	67	
MYCO001448	40	0	41	
MYCO001449	174	0	66	
MYCO001451	71	0	34	
MYCO001457	7	0	25	
MYCO001458	16	0	36	
MYCO001462	44	0	48	
MYCO001463	10	0	23	
MYCO001464	182	0	43	
MYCO001465	10	0	13	
MYCO001466	5	0	8	
MYCO001467	66	1687	51	
MYCO001473	33	0	42	
MYCO001474	105	0	16	
MYCO001475	19	0	69	
MYCO001479	74	0	35	
MYCO001480	107	0	35	
MYCO001481	18	0	35	
MYCO001483	90	0	18	
MYCO001484	25	0	32	
MYCO001485	105	0	27	
MYCO001493	537	0	60	
MYCO001536	107	0	105	
MYCO001540	21	0	41	
MYCO001547	131	0	89	
MYCO001557	568	0	47	
MYCO001559	732	0	55	
MYCO001564	40	0	75	
MYCO001568	208	0	45	
MYCO001569	656	0	27	
MYCO001589	15	0	29	
MYCO001593	4	0	24	
MYCO001594	48	0	38	
MYCO001595	369	0	56	
MYCO001599	301	0	40	
MYCO001600	7	0	40	
MYCO001601	1	0	19	
MYCO001603	8	0	29	
MYCO001605	17	0	25	
MYCO001609	80	0	59	
MYCO001611	59	0	24	
MYCO001612	11	0	44	
MYCO001617	52	0	49	
MYCO001626	20	0	19	
MYCO001627	109	0	30	
MYCO001629	120	0	99	
MYCO001633	448	0	71	
MYCO001638	149	0	98	
MYCO001641	3328	0	0	
MYCO001649	271	0	27	
MYCO001652	195	0	31	
MYCO001653	601	0	28	
MYCO001654	94	0	21	
MYCO001655	378	0	40	
MYCO001656	283	0	27	
MYCO001657	318	0	17	
MYCO001658	104	0	42	
MYCO001659	311	0	41	
MYCO001689	13	0	35	
MYCO001694	123	0	29	
MYCO001695	4	0	32	
MYCO001697	6	0	26	
MYCO001699	20	0	79	
MYCO001701	52	0	22	
MYCO001708	21	0	24	
MYCO001709	4	0	33	
MYCO001711	2	0	31	
MYCO001712	24	0	28	
MYCO001713	151	0	46	
MYCO001821	35	0	80	
MYCO001827	4	0	18	
MYCO001829	33	0	19	
MYCO001830	16	0	45	
MYCO001832	97	0	110	
MYCO001837	84	0	66	
MYCO001842	75	0	55	
MYCO001843	88	0	58	
MYCO001844	49	0	67	
MYCO001854	35	0	50	
MYCO001886	68	0	43	
MYCO001894	144	0	55	
MYCO001981	16	0	19	
MYCO002050	4	0	9	
MYCO002089	254	0	47	
MYCO002090	3247	0	9	
MYCO002092	400	0	92	
MYCO002093	37	0	28	
MYCO002096	23	0	40	
MYCO002097	74	0	33	
MYCO002109	13	0	28	
MYCO002110	38	0	38	
MYCO002111	95	0	10	
MYCO002112	1454	0	43	
MYCO002115	33	0	64	
MYCO002118	13	0	22	
MYCO002119	25	0	40	
MYCO002121	44	0	22	
MYCO002122	3	0	12	
MYCO002125	35	0	25	
MYCO002130	435	0	32	
MYCO002134	18	0	20	
MYCO002139	70	0	34	
MYCO002140	2	0	20	
MYCO002141	67	0	51	
MYCO002145	53	0	26	
MYCO002150	221	0	29	
MYCO002151	227	0	21	
MYCO002153	672	0	54	
MYCO002154	723	0	31	
MYCO002155	556	0	64	
MYCO002156	18	0	41	
MYCO002157	1471	0	40	
MYCO002163	154	0	53	
MYCO002166	14	0	11	
MYCO002170	399	0	24	
MYCO002176	94	0	39	
MYCO002178	18	0	28	
MYCO002179	63	0	13	
MYCO002182	24	0	22	
MYCO002186	3	0	12	
MYCO002187	952	0	49	
MYCO002188	41	0	47	
MYCO002192	98	0	30	
MYCO002193	7	0	15	
MYCO002194	28	0	30	
MYCO002195	13	0	42	
MYCO002196	15	0	50	
MYCO002199	0	0	17	
MYCO002200	22	0	32	
MYCO002201	138	0	52	
MYCO002202	157	0	36	
MYCO002210	68	0	38	
MYCO002211	103	0	47	
MYCO002213	178	0	67	
MYCO002216	32	0	47	
MYCO002217	182	0	28	
MYCO002218	143	0	35	
MYCO002219	97	0	23	
MYCO002220	26	0	41	
MYCO002221	765	0	82	
MYCO002222	37	0	44	
MYCO002225	113	0	40	
MYCO002228	51	0	42	
MYCO002230	215	0	35	
MYCO002235	67	0	37	
MYCO002239	1	0	15	
MYCO002241	425	0	57	
MYCO002242	158	0	32	
MYCO002243	360	0	32	
MYCO002244	5	0	4	
MYCO002245	64	0	38	
MYCO002246	36	0	34	
MYCO002247	145	0	40	
MYCO002257	39	0	34	
MYCO002259	172	0	32	
MYCO002315	588	0	46	
MYCO002343	176	0	56	
MYCO002344	521	0	35	
MYCO002357	10	0	32	
MYCO002361	9	0	20	
MYCO002362	97	0	25	
MYCO002364	9	0	32	
MYCO002366	11	0	49	
MYCO002367	6	0	17	
MYCO002368	38	0	34	
MYCO002373	57	0	38	
MYCO002374	109	0	40	
MYCO002399	47	0	31	
MYCO002400	42	0	39	
MYCO002402	53	0	87	
MYCO002404	27	0	70	
MYCO002409	14	0	27	
MYCO002410	8	0	24	
MYCO002411	91	0	52	
MYCO002413	134	0	33	
MYCO002420	145	0	19	
MYCO002421	1	0	12	
MYCO002425	270	0	33	
MYCO002426	955	0	42	
MYCO002427	294	0	40	
MYCO002439	521	0	28	
MYCO002440	83	0	63	
MYCO002445	16	0	11	
MYCO002447	62	0	54	
MYCO002448	152	0	86	
MYCO002454	22	0	40	
MYCO002455	63	0	49	
MYCO002457	25	0	35	
MYCO002460	3	0	15	
MYCO002461	6	0	16	
MYCO002462	223	0	38	
MYCO002465	49	0	16	
MYCO002466	35	0	25	
MYCO002467	84	0	84	
MYCO002470	9	0	21	
MYCO002477	22	0	44	
MYCO002500	12	0	36	
MYCO002502	41	0	60	
MYCO002509	10	0	36	
MYCO002511	17	0	14	
MYCO002518	404	0	33	
MYCO002521	2	0	16	
MYCO002523	28	0	11	
MYCO002524	981	0	216	
MYCO002533	16	0	19	
MYCO002534	2	0	16	
MYCO002538	180	0	37	
MYCO002540	766	0	42	
MYCO002555	61	0	67	
MYCO002559	295	0	32	
MYCO002568	40	0	39	
MYCO002572	123	0	50	
MYCO002575	61	0	38	
MYCO002580	154	0	36	
MYCO002582	30	0	32	
MYCO002583	93	0	70	
MYCO002587	524	0	55	
MYCO002589	103	0	47	
MYCO002592	153	0	30	
MYCO002593	71	0	20	
MYCO002594	2	0	14	
MYCO002603	8	0	27	
MYCO002606	31	0	27	
MYCO002610	86	0	35	
MYCO002611	69	0	44	
MYCO002612	6	0	26	
MYCO002613	5	0	12	
MYCO002614	58	0	54	
MYCO002670	16	0	33	
MYCO002673	386	854	41	
MYCO002676	21	0	15	
MYCO002678	300	0	34	
MYCO002682	77	0	53	
MYCO002696	99	0	30	
MYCO002697	6	0	15	
MYCO002699	0	0	9	
MYCO002702	11	0	37	
MYCO002703	118	0	42	
MYCO002708	3	0	11	
MYCO002710	62	0	33	
MYCO002711	25	0	26	
MYCO002714	26	0	34	
MYCO002715	457	0	48	
MYCO002720	14	0	34	
MYCO002724	41	0	61	
MYCO002725	90	0	43	
MYCO002726	47	0	29	
MYCO002727	189	0	36	
MYCO002731	377	0	38	
MYCO002733	786	0	43	
MYCO002744	98	0	31	
MYCO002748	310	0	86	
MYCO002750	56	0	35	
MYCO002753	13	0	40	
MYCO002754	26	0	24	
MYCO002764	65	0	38	
MYCO002773	20	0	24	
MYCO002782	256	0	52	
MYCO002783	119	0	61	
MYCO002788	352	0	15	
MYCO002794	22	0	26	
MYCO002795	67	0	34	
MYCO002828	1505	398	40	
MYCO002838	55	0	16	
MYCO002839	1307	0	69	
MYCO002841	21	0	44	
MYCO002846	7	0	46	
MYCO002847	82	0	40	
MYCO002861	16	0	22	
MYCO002864	44	0	39	
MYCO002868	10	0	32	
MYCO002870	80	0	32	
MYCO002882	11	0	27	
MYCO002883	3	0	26	
MYCO002889	68	0	23	
MYCO002894	430	0	26	
MYCO002901	2	0	8	
MYCO002902	188	0	27	
MYCO002915	69	0	46	
MYCO002916	267	0	43	
MYCO002917	531	0	54	
MYCO002918	214	0	86	
MYCO002919	4	0	11	
MYCO002921	116	0	40	
MYCO002927	20	0	27	
MYCO002965	3	0	11	
MYCO002967	211	0	73	
MYCO002976	55	0	27	
MYCO002981	151	0	42	
MYCO002982	20	0	39	
MYCO002984	41	0	47	
MYCO002988	86	0	32	
MYCO002992	107	0	57	
MYCO002993	10	0	29	
MYCO002995	128	0	37	
MYCO002996	217	0	56	
MYCO003001	17	0	31	
MYCO003003	160	0	54	
MYCO003006	104	0	31	
MYCO003009	19	0	45	
MYCO003010	305	0	30	
MYCO003011	615	0	35	
MYCO003014	312	0	65	
MYCO003024	145	0	43	
MYCO003025	96	0	34	
MYCO003027	34	0	39	
MYCO003028	424	0	34	
MYCO003029	19	0	24	
MYCO003031	184	0	52	
MYCO003032	334	0	28	
MYCO003034	12	0	25	
MYCO003038	9	0	29	
MYCO003042	59	0	33	
MYCO003043	9	0	41	
MYCO003045	3	0	32	
MYCO003048	15	0	34	
MYCO003049	81	0	63	
MYCO003051	26	0	45	
MYCO003052	16	0	9	
MYCO003053	2	0	6	
MYCO003054	120	0	28	
MYCO003057	16	0	33	
MYCO003085	187	0	35	
MYCO003100	9	0	18	
MYCO003101	21	0	25	
MYCO003102	2	0	23	
MYCO003105	155	0	40	
MYCO003117	48	4	35	
MYCO003118	654	12	13	
MYCO003139	20	0	53	
MYCO003140	19	0	51	
MYCO003193	62	0	95	
MYCO003194	2	0	29	
MYCO003195	276	0	54	
MYCO003197	30	0	45	
MYCO003198	236	0	64	
MYCO003205	33	0	29	
MYCO003206	19	0	49	
MYCO003207	15	0	27	
MYCO003208	49	0	22	
MYCO003211	258	0	65	
MYCO003213	12	0	33	
MYCO003214	20	0	34	
MYCO003219	5	0	7	
MYCO003220	20	0	45	
MYCO003221	0	0	11	
MYCO003223	3	0	25	
MYCO003228	324	0	36	
MYCO003229	22	0	61	
MYCO003240	364	0	75	
MYCO003241	159	0	24	
MYCO003245	14	0	52	
MYCO003246	12	0	15	
MYCO003248	35	0	53	
MYCO003252	148	0	37	
MYCO003255	88	0	31	
MYCO003257	177	0	38	
MYCO003258	226	0	12	
MYCO003261	13	0	39	
MYCO003262	195	0	37	
MYCO003264	16	0	31	
MYCO003265	87	0	28	
MYCO003267	239	0	35	
MYCO003274	7	0	34	
MYCO003275	102	0	20	
MYCO003276	85	0	39	
MYCO003277	7	0	26	
MYCO003280	31	0	46	
MYCO003285	118	0	49	
MYCO003290	23	0	37	
MYCO003296	1012	0	148	
MYCO003302	63	0	43	
MYCO003303	3294	0	2	
MYCO003304	40	0	11	
MYCO003305	69	0	35	
MYCO003306	223	0	47	
MYCO003313	26	0	21	
MYCO003317	10	0	24	
MYCO003318	173	0	46	
MYCO003319	43	0	35	
MYCO003328	266	0	40	
MYCO003329	44	0	61	
MYCO003330	341	0	39	
MYCO003336	14	0	28	
MYCO003340	19	0	40	
MYCO003341	446	0	40	
MYCO003356	17	0	29	
MYCO003392	35	2523	15	
MYCO003396	63	0	48	
MYCO003409	90	0	51	
MYCO003410	597	0	34	
MYCO003411	147	0	52	
MYCO003412	8	0	17	
MYCO003417	11	1889	40	
MYCO003418	0	0	9	
MYCO003419	137	0	31	
MYCO003422	3	0	19	
MYCO003432	33	0	35	
MYCO003433	1199	0	25	
MYCO003436	833	0	52	
MYCO003441	377	0	51	
MYCO003455	164	0	27	
MYCO003457	15	0	39	
MYCO003462	8	0	11	
MYCO003464	11	0	33	
MYCO003490	41	0	56	
MYCO003500	15	0	33	
MYCO003501	19	0	25	
MYCO003504	25	0	38	
MYCO003520	40	0	42	
MYCO003570	9	0	29	
MYCO003571	45	0	35	
MYCO003579	488	0	44	
MYCO003580	74	0	33	
MYCO003583	3	0	16	
MYCO003589	781	0	24	
MYCO003592	6	0	13	
MYCO003596	264	0	79	
MYCO003598	29	0	39	
MYCO003600	32	0	22	
MYCO003601	28	0	17	
MYCO003609	4	0	15	
MYCO003610	338	0	64	
MYCO003624	8	0	28	
MYCO003628	13	0	19	
MYCO003644	180	0	49	
MYCO003646	515	0	97	
MYCO003647	53	0	20	
MYCO003648	6	0	23	
MYCO003668	10	0	21	
MYCO003670	177	0	30	
MYCO003674	7	0	26	
MYCO003676	8	0	19	
MYCO003677	41	0	33	
MYCO003679	19	0	42	
MYCO003680	85	0	37	
MYCO003682	113	0	76	
MYCO003683	65	0	36	
MYCO003684	52	0	21	
MYCO003695	28	0	41	
MYCO003696	141	0	75	
MYCO003705	6	0	24	
MYCO003707	98	0	38	
MYCO003708	108	0	35	
MYCO003709	66	0	39	
MYCO003710	1335	0	38	
MYCO003711	28	0	49	
MYCO003712	443	0	36	
MYCO003713	37	0	21	
MYCO003715	4	0	18	
MYCO003717	3	0	25	
MYCO003718	2	0	10	
MYCO003719	21	0	54	
MYCO003720	112	0	46	
MYCO003721	303	0	62	
MYCO003722	13	0	48	
MYCO003765	377	0	37	
MYCO003774	18	0	40	
MYCO003775	50	0	62	
MYCO003777	193	0	39	
MYCO003778	40	0	49	
MYCO003780	320	0	20	
MYCO003781	7	0	18	
MYCO003782	34	0	36	
MYCO003783	35	0	29	
MYCO003790	18	0	45	
MYCO003791	41	0	36	
MYCO003793	572	0	128	
MYCO003794	187	0	147	
MYCO003795	159	0	215	
MYCO003799	20	0	50	
MYCO003801	33	0	55	
MYCO003802	60	0	35	
MYCO003804	32	0	40	
MYCO003806	13	0	65	
MYCO003808	213	0	55	
MYCO003809	4	0	36	
MYCO003816	245	0	34	
MYCO003834	98	0	39	
MYCO003835	453	0	49	
MYCO003842	93	0	59	
MYCO003847	1257	0	23	
MYCO003849	4	0	16	
MYCO003858	39	0	41	
MYCO003859	344	0	156	
MYCO003907	33	0	69	
MYCO003908	126	0	32	
MYCO003913	62	0	72	
MYCO003915	11	0	69	
MYCO003917	9	0	75	
MYCO003918	11	0	71	
MYCO003920	9	0	35	
MYCO003921	14	0	71	
MYCO013678	1	0	14	
MYCO000002	39	0	78	
MYCO000003	31	0	65	
MYCO000004	10	0	50	
MYCO000007	360	0	89	
MYCO000008	15	0	32	
MYCO000010	11	0	61	
MYCO000012	26	0	63	
MYCO000014	13	0	89	
MYCO000018	191	0	72	
MYCO000020	177	0	114	
MYCO000021	472	0	59	
MYCO000022	36	0	37	
MYCO000023	38	0	52	
MYCO000024	1007	0	47	
MYCO000025	345	0	36	
MYCO000026	110	0	81	
MYCO000027	19	0	17	
MYCO000028	9	0	19	
MYCO000029	252	0	79	
MYCO000030	691	0	25	
MYCO000031	28	0	18	
MYCO000032	1027	0	96	
MYCO000033	9	0	12	
MYCO000034	6	0	23	
MYCO000035	44	0	111	
MYCO000036	72	0	52	
MYCO000037	43	0	64	
MYCO000039	146	0	18	
MYCO000040	58	0	52	
MYCO000041	315	0	141	
MYCO000042	222	0	63	
MYCO000043	30	0	41	
MYCO000044	424	0	42	
MYCO000045	1484	0	46	
MYCO000048	23	0	54	
MYCO000052	111	12	43	
MYCO000057	14	1969	49	
MYCO000058	57	0	115	
MYCO000059	15	0	40	
MYCO000060	7	0	39	
MYCO000061	756	0	16	
MYCO000062	171	0	69	
MYCO000063	250	0	90	
MYCO000064	1381	0	113	
MYCO000065	7	0	12	
MYCO000067	12	0	29	
MYCO000069	78	0	58	
MYCO000070	17	1905	42	
MYCO000071	905	0	50	
MYCO000072	777	0	42	
MYCO000073	23	1405	43	
MYCO000074	1272	0	56	
MYCO000075	164	0	54	
MYCO000076	8	0	18	
MYCO000077	38	0	40	
MYCO000078	41	0	24	
MYCO000079	57	0	32	
MYCO000080	66	0	37	
MYCO000081	6	0	27	
MYCO000082	847	0	24	
MYCO000083	1223	0	52	
MYCO000084	28	0	41	
MYCO000085	209	0	37	
MYCO000086	275	0	64	
MYCO000087	234	0	64	
MYCO000088	21	0	34	
MYCO000089	33	0	37	
MYCO000090	47	0	48	
MYCO000091	61	0	28	
MYCO000092	183	0	97	
MYCO000093	109	0	50	
MYCO000094	3211	51	30	
MYCO000095	1434	0	143	
MYCO000096	369	0	67	
MYCO000097	6	0	23	
MYCO000098	6	0	21	
MYCO000099	966	0	60	
MYCO000100	4	0	8	
MYCO000101	138	0	285	
MYCO000102	93	0	87	
MYCO000103	150	0	91	
MYCO000104	1052	0	63	
MYCO000106	75	0	40	
MYCO000107	3293	0	5	
MYCO000108	14	0	11	
MYCO000109	1073	0	57	
MYCO000110	14	0	30	
MYCO000111	116	0	84	
MYCO000112	27	0	55	
MYCO000113	176	0	46	
MYCO000114	152	0	28	
MYCO000115	442	0	56	
MYCO000116	17	0	38	
MYCO000117	14	0	46	
MYCO000118	106	0	87	
MYCO000119	88	0	69	
MYCO000120	83	0	105	
MYCO000121	104	0	26	
MYCO000122	17	0	10	
MYCO000123	7	0	13	
MYCO000124	3244	0	3	
MYCO000125	190	0	43	
MYCO000126	34	0	70	
MYCO000127	28	0	44	
MYCO000128	35	0	28	
MYCO000130	5	0	34	
MYCO000131	23	0	56	
MYCO000132	140	0	36	
MYCO000133	407	0	38	
MYCO000134	1114	0	26	
MYCO000135	8	0	21	
MYCO000136	354	0	73	
MYCO000137	387	0	28	
MYCO000138	353	0	24	
MYCO000139	36	0	42	
MYCO000140	10	0	19	
MYCO000141	9	0	21	
MYCO000142	531	0	42	
MYCO000143	209	0	75	
MYCO000144	220	0	35	
MYCO000145	172	0	41	
MYCO000146	586	0	42	
MYCO000147	128	0	77	
MYCO000148	34	0	29	
MYCO000149	616	0	40	
MYCO000150	28	0	19	
MYCO000151	229	0	85	
MYCO000152	77	0	83	
MYCO000153	67	0	35	
MYCO000154	33	0	40	
MYCO000155	94	0	41	
MYCO000156	3	0	15	
MYCO000157	262	0	50	
MYCO000158	12	0	27	
MYCO000159	265	0	75	
MYCO000160	37	0	68	
MYCO000161	107	0	59	
MYCO000162	185	0	55	
MYCO000163	1	0	28	
MYCO000164	9	0	18	
MYCO000165	1655	0	10	
MYCO000166	54	0	70	
MYCO000167	4	1648	27	
MYCO000168	47	0	45	
MYCO000169	95	0	71	
MYCO000170	8	0	35	
MYCO000171	884	0	63	
MYCO000172	154	0	64	
MYCO000173	12	0	50	
MYCO000174	61	0	64	
MYCO000175	44	0	42	
MYCO000176	125	0	47	
MYCO000177	2	0	18	
MYCO000178	15	0	39	
MYCO000179	196	0	52	
MYCO000180	391	0	69	
MYCO000181	8	0	29	
MYCO000182	257	0	65	
MYCO000185	66	0	17	
MYCO000186	185	0	90	
MYCO000187	50	0	35	
MYCO000188	13	0	22	
MYCO000190	1	0	11	
MYCO000191	343	0	51	
MYCO000192	790	0	39	
MYCO000193	35	0	84	
MYCO000194	266	0	162	
MYCO000195	546	0	25	
MYCO000196	49	0	22	
MYCO000197	3326	0	2	
MYCO000199	7	0	24	
MYCO000200	52	0	25	
MYCO000201	252	0	15	
MYCO000202	119	0	113	
MYCO000203	154	0	18	
MYCO000205	443	0	41	
MYCO000206	214	0	91	
MYCO000208	26	0	22	
MYCO000209	252	0	47	
MYCO000210	306	0	42	
MYCO000212	45	0	43	
MYCO000213	23	0	55	
MYCO000214	58	0	77	
MYCO000215	389	0	41	
MYCO000216	51	0	37	
MYCO000217	301	0	39	
MYCO000218	1002	0	45	
MYCO000219	3	0	28	
MYCO000220	141	0	48	
MYCO000221	366	0	44	
MYCO000222	81	0	33	
MYCO000224	49	0	23	
MYCO000226	209	0	69	
MYCO000229	13	0	31	
MYCO000230	12	0	52	
MYCO000231	47	0	67	
MYCO000232	23	0	35	
MYCO000233	334	0	30	
MYCO000234	179	0	50	
MYCO000235	60	0	82	
MYCO000239	7	0	13	
MYCO000240	8	0	21	
MYCO000245	18	0	26	
MYCO000246	146	0	53	
MYCO000249	17	0	28	
MYCO000250	5	0	12	
MYCO000251	6	0	30	
MYCO000252	58	0	118	
MYCO000253	20	0	17	
MYCO000254	44	0	20	
MYCO000255	308	0	60	
MYCO000256	931	0	59	
MYCO000257	425	0	24	
MYCO000258	38	0	20	
MYCO000259	8	0	31	
MYCO000260	55	0	54	
MYCO000261	47	0	71	
MYCO000262	13	0	19	
MYCO000263	316	0	32	
MYCO000264	74	0	29	
MYCO000265	16	0	52	
MYCO000266	856	0	125	
MYCO000267	368	0	47	
MYCO000268	35	0	24	
MYCO000269	75	0	49	
MYCO000271	118	0	86	
MYCO000272	65	0	54	
MYCO000273	54	0	31	
MYCO000275	338	0	51	
MYCO000276	161	933	35	
MYCO000277	102	1363	64	
MYCO000278	3323	0	3	
MYCO000279	3151	0	61	
MYCO000280	1457	0	65	
MYCO000281	164	0	42	
MYCO000282	50	0	76	
MYCO000283	288	0	58	
MYCO000284	612	0	145	
MYCO000285	117	0	11	
MYCO000286	980	0	60	
MYCO000287	12	11	12	
MYCO000288	3	0	21	
MYCO000289	75	0	50	
MYCO000290	538	0	76	
MYCO000291	460	0	49	
MYCO000292	34	0	39	
MYCO000293	88	0	51	
MYCO000294	78	0	43	
MYCO000295	14	0	23	
MYCO000296	55	0	43	
MYCO000297	1775	0	87	
MYCO000298	6	0	13	
MYCO000299	6	0	19	
MYCO000300	4	0	11	
MYCO000301	3	0	18	
MYCO000302	58	0	31	
MYCO000303	36	0	47	
MYCO000304	463	0	325	
MYCO000305	3278	0	7	
MYCO000306	13	0	29	
MYCO000307	12	0	24	
MYCO000308	5	0	35	
MYCO000309	26	0	21	
MYCO000310	5	0	16	
MYCO000311	21	0	55	
MYCO000312	284	0	59	
MYCO000313	4	0	20	
MYCO000314	131	0	36	
MYCO000315	810	0	36	
MYCO000316	313	0	28	
MYCO000317	48	0	34	
MYCO000318	26	0	30	
MYCO000319	42	0	32	
MYCO000320	13	0	28	
MYCO000323	362	0	31	
MYCO000324	17	0	31	
MYCO000325	1618	0	5	
MYCO000326	171	0	19	
MYCO000327	202	0	45	
MYCO000328	9	0	20	
MYCO000329	102	0	29	
MYCO000330	24	0	33	
MYCO000331	193	0	65	
MYCO000332	29	0	40	
MYCO000333	4	0	20	
MYCO000335	468	0	17	
MYCO000336	2882	375	19	
MYCO000338	640	0	80	
MYCO000339	499	0	99	
MYCO000340	9	0	24	
MYCO000341	1046	0	44	
MYCO000342	102	0	59	
MYCO000343	138	0	66	
MYCO000344	17	0	20	
MYCO000345	7	0	25	
MYCO000346	145	0	46	
MYCO000347	6	12	28	
MYCO000348	6	0	16	
MYCO000349	11	0	26	
MYCO000351	88	0	22	
MYCO000353	4	0	18	
MYCO000354	3326	0	1	
MYCO000355	2027	0	272	
MYCO000356	284	0	34	
MYCO000358	921	0	23	
MYCO000359	55	0	32	
MYCO000361	11	0	30	
MYCO000362	26	0	69	
MYCO000363	33	0	41	
MYCO000364	12	0	31	
MYCO000365	103	0	43	
MYCO000366	55	0	23	
MYCO000367	27	0	15	
MYCO000368	152	0	54	
MYCO000369	10	0	20	
MYCO000370	28	0	49	
MYCO000371	26	0	19	
MYCO000372	89	0	40	
MYCO000373	130	0	112	
MYCO000374	15	0	24	
MYCO000375	362	0	28	
MYCO000376	278	0	48	
MYCO000377	262	0	47	
MYCO000378	463	0	9	
MYCO000379	14	0	15	
MYCO000380	53	0	24	
MYCO000381	47	0	32	
MYCO000382	23	0	12	
MYCO000385	11	0	32	
MYCO000386	300	0	124	
MYCO000387	1230	0	21	
MYCO000388	3325	0	2	
MYCO000389	436	0	53	
MYCO000390	7	0	14	
MYCO000391	62	0	35	
MYCO000392	190	0	64	
MYCO000393	1058	0	79	
MYCO000394	36	0	31	
MYCO000395	543	0	14	
MYCO000396	23	0	17	
MYCO000397	511	1111	65	
MYCO000398	204	0	24	
MYCO000399	53	0	59	
MYCO000400	88	0	39	
MYCO000401	168	0	15	
MYCO000402	577	0	97	
MYCO000403	753	0	18	
MYCO000404	103	0	109	
MYCO000405	1605	0	141	
MYCO000406	40	0	34	
MYCO000408	23	0	82	
MYCO000409	27	0	42	
MYCO000412	27	0	49	
MYCO000413	105	0	22	
MYCO000416	1	0	8	
MYCO000418	30	0	53	
MYCO000419	61	0	62	
MYCO000420	4	0	29	
MYCO000421	22	0	27	
MYCO000422	19	0	29	
MYCO000424	1	0	14	
MYCO000425	799	0	136	
MYCO000426	56	0	25	
MYCO000427	41	0	38	
MYCO000428	181	0	33	
MYCO000430	51	0	8	
MYCO000431	21	0	13	
MYCO000434	29	0	27	
MYCO000435	236	0	83	
MYCO000436	236	0	32	
MYCO000437	184	0	20	
MYCO000438	60	0	44	
MYCO000441	212	0	17	
MYCO000442	98	0	55	
MYCO000443	119	0	21	
MYCO000444	523	0	35	
MYCO000445	16	0	19	
MYCO000446	736	0	25	
MYCO000447	152	0	56	
MYCO000448	62	0	20	
MYCO000449	56	0	41	
MYCO000450	47	0	97	
MYCO000451	7	0	24	
MYCO000452	4	0	22	
MYCO000453	864	0	40	
MYCO000454	13	0	14	
MYCO000455	3	0	17	
MYCO000456	35	0	39	
MYCO000457	383	0	65	
MYCO000458	261	0	59	
MYCO000459	96	0	34	
MYCO000460	2	0	11	
MYCO000461	38	0	28	
MYCO000463	60	0	10	
MYCO000464	3	0	18	
MYCO000469	60	0	43	
MYCO000470	24	0	28	
MYCO000471	60	0	31	
MYCO000473	27	0	45	
MYCO000474	5	0	19	
MYCO000476	7	0	11	
MYCO000477	46	0	16	
MYCO000478	19	0	29	
MYCO000479	346	0	26	
MYCO000480	106	0	26	
MYCO000481	19	0	19	
MYCO000482	35	0	35	
MYCO000485	68	0	44	
MYCO000487	104	0	29	
MYCO000488	19	0	27	
MYCO000492	453	0	71	
MYCO000493	123	0	47	
MYCO000494	95	0	26	
MYCO000497	425	0	32	
MYCO000499	84	0	34	
MYCO000500	296	0	29	
MYCO000503	5	0	17	
MYCO000504	2	0	14	
MYCO000506	19	0	9	
MYCO000507	270	0	133	
MYCO000508	0	0	8	
MYCO000511	538	0	53	
MYCO000513	45	0	18	
MYCO000514	28	0	25	
MYCO000515	2882	222	19	
MYCO000516	12	0	17	
MYCO000517	77	0	56	
MYCO000518	13	0	25	
MYCO000519	390	0	33	
MYCO000520	37	0	14	
MYCO000521	5	0	14	
MYCO000522	18	0	38	
MYCO000523	176	0	16	
MYCO000525	316	0	35	
MYCO000526	49	0	23	
MYCO000530	268	0	54	
MYCO000531	433	0	16	
MYCO000532	3123	0	10	
MYCO000533	71	0	27	
MYCO000534	129	0	41	
MYCO000535	53	0	34	
MYCO000536	521	0	31	
MYCO000537	263	0	60	
MYCO000538	812	0	96	
MYCO000539	1316	0	18	
MYCO000540	293	0	20	
MYCO000541	124	0	43	
MYCO000542	439	0	34	
MYCO000543	0	0	7	
MYCO000544	310	0	14	
MYCO000545	117	0	48	
MYCO000546	11	0	16	
MYCO000547	211	0	42	
MYCO000549	43	0	21	
MYCO000550	14	0	10	
MYCO000552	701	0	55	
MYCO000554	229	0	27	
MYCO000556	7	0	16	
MYCO000559	62	0	11	
MYCO000560	20	0	29	
MYCO000561	221	0	31	
MYCO000565	128	0	77	
MYCO000567	60	0	40	
MYCO000568	117	0	52	
MYCO000569	8	0	14	
MYCO000570	198	0	88	
MYCO000571	318	0	47	
MYCO000572	14	0	18	
MYCO000573	199	0	60	
MYCO000574	179	0	36	
MYCO000575	226	0	44	
MYCO000576	249	0	47	
MYCO000577	271	0	32	
MYCO000578	2528	0	104	
MYCO000579	173	0	36	
MYCO000580	22	0	20	
MYCO000581	112	0	12	
MYCO000582	14	0	12	
MYCO000583	82	0	30	
MYCO000584	44	0	112	
MYCO000585	112	0	90	
MYCO000586	16	1033	32	
MYCO000587	108	0	50	
MYCO000588	143	0	37	
MYCO000589	38	0	52	
MYCO000590	1623	0	23	
MYCO000591	249	0	65	
MYCO000592	591	0	44	
MYCO000593	41	0	49	
MYCO000594	192	0	76	
MYCO000595	25	0	19	
MYCO000596	28	0	7	
MYCO000597	11	0	39	
MYCO000598	14	0	20	
MYCO000599	7	1839	11	
MYCO000600	162	0	19	
MYCO000601	144	0	32	
MYCO000602	424	0	36	
MYCO000603	638	0	10	
MYCO000604	161	0	44	
MYCO000605	23	0	17	
MYCO000606	72	0	30	
MYCO000607	7	0	12	
MYCO000608	1	0	7	
MYCO000609	18	0	19	
MYCO000610	394	0	35	
MYCO000611	7	0	18	
MYCO000612	424	0	22	
MYCO000613	903	0	78	
MYCO000614	123	0	39	
MYCO000615	46	0	9	
MYCO000616	24	0	15	
MYCO000617	13	0	20	
MYCO000618	433	0	22	
MYCO000619	3328	0	0	
MYCO000620	884	0	46	
MYCO000621	442	0	35	
MYCO000622	13	0	40	
MYCO000623	8	0	9	
MYCO000624	11	0	19	
MYCO000625	239	0	32	
MYCO000626	21	0	11	
MYCO000627	26	0	15	
MYCO000628	289	1526	49	
MYCO000629	609	0	64	
MYCO000630	897	0	95	
MYCO000631	923	0	99	
MYCO000632	3	0	23	
MYCO000633	28	0	38	
MYCO000634	4	0	18	
MYCO000635	7	0	21	
MYCO000637	6	0	28	
MYCO000638	50	0	21	
MYCO000642	21	0	37	
MYCO000643	89	0	29	
MYCO000644	4	11	29	
MYCO000645	4	0	30	
MYCO000646	60	0	30	
MYCO000648	1154	0	119	
MYCO000649	1295	0	31	
MYCO000650	930	0	25	
MYCO000653	24	0	21	
MYCO000654	348	0	62	
MYCO000656	26	0	19	
MYCO000657	5	0	5	
MYCO000658	21	0	36	
MYCO000659	8	0	20	
MYCO000660	36	0	12	
MYCO000661	47	0	14	
MYCO000662	50	0	10	
MYCO000663	279	0	92	
MYCO000664	3	0	8	
MYCO000665	40	0	13	
MYCO000666	6	0	12	
MYCO000669	321	0	71	
MYCO000670	612	0	19	
MYCO000671	71	0	34	
MYCO000673	448	0	31	
MYCO000674	42	0	17	
MYCO000675	165	0	23	
MYCO000676	16	1466	83	
MYCO000677	3	0	18	
MYCO000678	17	0	19	
MYCO000679	54	0	20	
MYCO000680	7	0	20	
MYCO000681	6	0	32	
MYCO000686	504	0	20	
MYCO000687	44	0	28	
MYCO000688	41	0	39	
MYCO000689	166	0	11	
MYCO000690	44	0	27	
MYCO000691	1	0	30	
MYCO000692	5	0	9	
MYCO000694	175	0	36	
MYCO000695	39	0	25	
MYCO000697	20	0	55	
MYCO000698	595	0	28	
MYCO000699	1	0	8	
MYCO000711	251	0	70	
MYCO000712	10	0	24	
MYCO000713	12	0	46	
MYCO000724	319	0	70	
MYCO000725	46	0	29	
MYCO000726	92	0	43	
MYCO000727	196	0	33	
MYCO000728	101	0	40	
MYCO000729	505	0	48	
MYCO000730	96	0	29	
MYCO000731	285	0	34	
MYCO000735	12	0	26	
MYCO000736	79	0	30	
MYCO000737	19	0	17	
MYCO000738	408	0	23	
MYCO000739	1670	0	14	
MYCO000740	822	0	29	
MYCO000741	22	381	20	
MYCO000742	3328	0	0	
MYCO000743	12	0	20	
MYCO000744	170	0	27	
MYCO000745	459	0	29	
MYCO000746	3019	0	21	
MYCO000747	3024	0	30	
MYCO000748	316	0	17	
MYCO000749	102	1565	46	
MYCO000750	763	1220	22	
MYCO000751	133	0	31	
MYCO000752	90	0	46	
MYCO000753	178	0	55	
MYCO000754	926	0	59	
MYCO000755	424	0	99	
MYCO000756	92	0	30	
MYCO000759	0	0	10	
MYCO000760	107	0	18	
MYCO000761	29	0	28	
MYCO000762	11	0	21	
MYCO000763	6	0	8	
MYCO000764	17	0	43	
MYCO000765	76	0	31	
MYCO000766	815	0	41	
MYCO000767	256	0	26	
MYCO000768	37	0	61	
MYCO000769	9	0	28	
MYCO000770	206	0	28	
MYCO000771	48	0	21	
MYCO000773	69	0	67	
MYCO000774	129	0	44	
MYCO000775	51	0	27	
MYCO000776	144	0	30	
MYCO000778	175	0	41	
MYCO000779	1059	0	18	
MYCO000781	3251	0	1	
MYCO000783	24	0	70	
MYCO000784	103	0	29	
MYCO000785	105	0	53	
MYCO000786	133	0	19	
MYCO000787	480	0	39	
MYCO000789	7	0	16	
MYCO000790	26	0	37	
MYCO000791	82	0	46	
MYCO000792	18	0	33	
MYCO000793	9	0	13	
MYCO000794	56	0	49	
MYCO000795	405	2	14	
MYCO000796	3328	0	0	
MYCO000797	3284	0	9	
MYCO000798	21	0	23	
MYCO000799	8	0	28	
MYCO000800	47	0	47	
MYCO000801	4	0	15	
MYCO000802	81	0	38	
MYCO000804	606	0	21	
MYCO000805	7	0	41	
MYCO000806	19	0	47	
MYCO000807	13	0	10	
MYCO000811	217	0	32	
MYCO000812	19	0	27	
MYCO000813	239	0	28	
MYCO000816	7	0	22	
MYCO000817	4	0	31	
MYCO000818	77	0	25	
MYCO000819	60	0	38	
MYCO000822	606	0	63	
MYCO000825	37	0	42	
MYCO000826	198	0	31	
MYCO000827	267	0	21	
MYCO000828	70	0	28	
MYCO000829	91	1034	27	
MYCO000830	20	0	42	
MYCO000831	20	0	31	
MYCO000832	797	0	12	
MYCO000833	2666	0	49	
MYCO000834	2018	0	66	
MYCO000835	255	0	43	
MYCO000836	1663	0	14	
MYCO000837	109	0	41	
MYCO000838	43	0	26	
MYCO000839	55	0	18	
MYCO000840	58	0	30	
MYCO000841	37	0	12	
MYCO000842	182	0	54	
MYCO000843	15	0	50	
MYCO000844	80	0	35	
MYCO000845	42	0	53	
MYCO000846	146	0	46	
MYCO000847	419	0	14	
MYCO000848	57	0	47	
MYCO000849	455	0	55	
MYCO000850	18	0	10	
MYCO000851	255	0	24	
MYCO000852	24	0	40	
MYCO000853	122	0	57	
MYCO000854	10	0	20	
MYCO000855	93	0	45	
MYCO000856	6	0	13	
MYCO000857	17	0	17	
MYCO000858	181	0	53	
MYCO000862	290	0	94	
MYCO000863	10	0	8	
MYCO000864	16	0	23	
MYCO000865	22	0	11	
MYCO000866	266	0	19	
MYCO000867	1660	0	69	
MYCO000868	20	0	10	
MYCO000869	250	0	43	
MYCO000870	9	0	20	
MYCO000872	1530	0	62	
MYCO000873	52	0	65	
MYCO000874	290	1545	44	
MYCO000875	22	0	21	
MYCO000877	25	0	27	
MYCO000878	2424	0	38	
MYCO000879	81	0	17	
MYCO000880	49	0	19	
MYCO000881	25	0	34	
MYCO000882	37	0	14	
MYCO000883	107	0	22	
MYCO000887	13	0	11	
MYCO000888	753	0	62	
MYCO000890	132	0	119	
MYCO000891	98	0	32	
MYCO000892	25	0	72	
MYCO000893	31	0	54	
MYCO000894	38	0	56	
MYCO000895	112	0	50	
MYCO000897	703	0	62	
MYCO000898	4	0	8	
MYCO000899	12	0	30	
MYCO000900	12	0	7	
MYCO000901	176	0	26	
MYCO000904	535	0	47	
MYCO000905	26	0	27	
MYCO000907	3326	0	1	
MYCO000908	22	0	81	
MYCO000909	31	0	10	
MYCO000910	15	0	19	
MYCO000911	199	0	32	
MYCO000912	4	0	14	
MYCO000913	95	0	52	
MYCO000914	118	0	64	
MYCO000915	546	0	44	
MYCO000916	13	0	18	
MYCO000917	84	0	53	
MYCO000918	41	0	24	
MYCO000919	4	0	22	
MYCO000920	38	0	55	
MYCO000921	25	0	28	
MYCO000922	116	0	72	
MYCO000923	15	0	55	
MYCO000924	280	0	45	
MYCO000925	48	0	27	
MYCO000928	50	0	27	
MYCO000930	58	0	10	
MYCO000931	145	0	88	
MYCO000932	52	0	59	
MYCO000933	32	0	37	
MYCO000934	419	0	41	
MYCO000935	52	0	45	
MYCO000936	61	0	30	
MYCO000937	4	0	25	
MYCO000938	28	0	84	
MYCO000939	86	0	84	
MYCO000940	9	0	29	
MYCO000941	14	0	34	
MYCO000942	17	0	13	
MYCO000943	46	0	43	
MYCO000944	48	0	26	
MYCO000945	86	0	39	
MYCO000947	11	0	14	
MYCO000948	1	0	14	
MYCO000950	129	0	42	
MYCO000954	80	0	50	
MYCO000955	708	0	36	
MYCO000956	309	0	22	
MYCO000958	438	0	50	
MYCO000959	585	0	74	
MYCO000960	27	0	14	
MYCO000961	32	2049	11	
MYCO000962	173	0	22	
MYCO000963	204	0	40	
MYCO000964	23	0	18	
MYCO000965	10	0	25	
MYCO000966	356	0	21	
MYCO000967	24	0	12	
MYCO000968	29	0	16	
MYCO000969	814	0	77	
MYCO000970	9	0	25	
MYCO000971	356	0	27	
MYCO000972	49	0	57	
MYCO000973	228	0	101	
MYCO000974	141	0	76	
MYCO000975	327	0	43	
MYCO000976	415	0	63	
MYCO000977	2016	0	80	
MYCO000978	3096	0	51	
MYCO000979	14	0	12	
MYCO000980	3211	0	43	
MYCO000982	143	0	47	
MYCO000984	28	0	15	
MYCO000985	14	0	25	
MYCO000986	112	0	39	
MYCO000987	168	0	161	
MYCO000988	85	0	81	
MYCO000989	43	0	66	
MYCO000990	108	0	33	
MYCO000991	5	0	15	
MYCO000992	171	0	28	
MYCO000996	18	0	45	
MYCO000997	1	0	23	
MYCO000998	105	0	32	
MYCO000999	42	0	29	
MYCO001000	36	0	18	
MYCO001003	186	0	39	
MYCO001004	1299	0	53	
MYCO001005	864	0	25	
MYCO001006	65	0	62	
MYCO001012	384	0	12	
MYCO001016	20	0	18	
MYCO001019	3	0	16	
MYCO001021	20	0	32	
MYCO001024	264	0	24	
MYCO001025	50	0	15	
MYCO001027	34	0	31	
MYCO001028	893	0	81	
MYCO001029	37	0	73	
MYCO001030	34	0	82	
MYCO001031	50	0	20	
MYCO001032	69	0	62	
MYCO001033	29	0	24	
MYCO001034	434	0	18	
MYCO001035	526	0	27	
MYCO001036	74	0	17	
MYCO001037	278	1537	120	
MYCO001038	1876	353	95	
MYCO001039	700	0	41	
MYCO001040	354	0	33	
MYCO001041	129	22	39	
MYCO001042	45	2	23	
MYCO001043	22	0	42	
MYCO001044	4	0	15	
MYCO001045	673	0	26	
MYCO001046	3326	0	1	
MYCO001047	3235	29	8	
MYCO001048	13	0	62	
MYCO001049	13	0	24	
MYCO001050	145	0	28	
MYCO001051	24	0	45	
MYCO001052	33	0	17	
MYCO001053	15	0	12	
MYCO001054	6	0	12	
MYCO001055	0	0	5	
MYCO001056	34	96	29	
MYCO001057	22	0	54	
MYCO001058	84	0	47	
MYCO001059	53	0	52	
MYCO001060	25	0	16	
MYCO001061	18	0	31	
MYCO001062	209	0	25	
MYCO001063	63	0	49	
MYCO001064	225	0	20	
MYCO001065	64	0	24	
MYCO001066	375	0	13	
MYCO001067	3306	0	13	
MYCO001068	3227	0	16	
MYCO001069	93	0	78	
MYCO001073	79	0	43	
MYCO001074	78	0	38	
MYCO001075	113	0	52	
MYCO001076	33	0	48	
MYCO001078	812	0	21	
MYCO001081	51	0	16	
MYCO001083	8	0	9	
MYCO001084	1192	0	44	
MYCO001085	33	0	25	
MYCO001087	2803	0	65	
MYCO001088	281	0	20	
MYCO001089	3328	0	0	
MYCO001090	36	0	21	
MYCO001091	3052	0	58	
MYCO001093	50	0	42	
MYCO001096	47	0	38	
MYCO001097	20	0	39	
MYCO001100	26	0	29	
MYCO001101	99	0	38	
MYCO001102	18	0	8	
MYCO001103	7	0	7	
MYCO001104	11	0	31	
MYCO001105	25	0	18	
MYCO001106	74	0	26	
MYCO001107	0	0	11	
MYCO001109	12	0	22	
MYCO001111	34	0	33	
MYCO001113	2	0	5	
MYCO001114	6	0	13	
MYCO001115	70	0	42	
MYCO001116	15	0	8	
MYCO001117	3	0	11	
MYCO001118	182	0	31	
MYCO001119	15	0	5	
MYCO001120	16	0	23	
MYCO001121	72	0	58	
MYCO001122	311	0	38	
MYCO001123	42	0	35	
MYCO001124	72	0	33	
MYCO001125	394	0	47	
MYCO001126	15	0	21	
MYCO001127	20	0	50	
MYCO001128	1106	0	42	
MYCO001129	21	0	76	
MYCO001130	50	0	66	
MYCO001131	13	0	37	
MYCO001132	560	0	65	
MYCO001133	446	0	59	
MYCO001134	234	0	12	
MYCO001135	1011	0	76	
MYCO001136	3	0	15	
MYCO001137	22	0	15	
MYCO001138	44	0	35	
MYCO001139	254	0	28	
MYCO001140	12	0	21	
MYCO001141	35	1683	25	
MYCO001142	35	1885	19	
MYCO001143	50	0	34	
MYCO001144	48	0	27	
MYCO001145	1646	0	13	
MYCO001146	30	0	51	
MYCO001147	25	0	22	
MYCO001148	3212	25	27	
MYCO001149	45	1	23	
MYCO001150	3328	0	0	
MYCO001151	32	0	25	
MYCO001152	20	0	15	
MYCO001153	70	0	36	
MYCO001154	8	0	28	
MYCO001155	26	0	19	
MYCO001156	29	0	21	
MYCO001157	1417	0	30	
MYCO001158	740	0	26	
MYCO001159	15	0	47	
MYCO001160	48	0	17	
MYCO001161	99	0	122	
MYCO001162	45	0	60	
MYCO001163	36	0	16	
MYCO001164	17	0	23	
MYCO001166	142	0	54	
MYCO001167	25	0	16	
MYCO001168	493	0	43	
MYCO001169	7	0	17	
MYCO001170	37	0	35	
MYCO001171	9	0	19	
MYCO001172	454	0	36	
MYCO001174	3	0	17	
MYCO001175	1279	0	72	
MYCO001176	176	0	20	
MYCO001179	622	0	105	
MYCO001180	3322	0	1	
MYCO001181	197	0	166	
MYCO001182	21	0	34	
MYCO001183	33	0	110	
MYCO001184	24	0	35	
MYCO001185	43	0	53	
MYCO001186	273	0	69	
MYCO001187	357	0	52	
MYCO001188	194	0	45	
MYCO001189	64	0	31	
MYCO001190	427	0	29	
MYCO001191	604	0	33	
MYCO001192	350	0	21	
MYCO001194	49	0	57	
MYCO001195	19	0	10	
MYCO001196	1651	248	307	
MYCO001197	1875	376	99	
MYCO001198	278	1563	118	
MYCO001199	3235	30	9	
MYCO001200	236	0	50	
MYCO001203	244	0	23	
MYCO001204	243	0	54	
MYCO001205	58	0	22	
MYCO001206	58	0	51	
MYCO001209	48	0	13	
MYCO001210	21	0	16	
MYCO001211	11	0	6	
MYCO001212	46	0	40	
MYCO001214	119	0	15	
MYCO001215	467	0	75	
MYCO001216	67	0	27	
MYCO001217	551	0	68	
MYCO001218	11	0	47	
MYCO001219	27	0	32	
MYCO001222	9	0	21	
MYCO001224	14	0	25	
MYCO001225	850	0	36	
MYCO001226	458	0	65	
MYCO001227	21	0	22	
MYCO001228	13	0	34	
MYCO001230	287	0	70	
MYCO001231	108	0	23	
MYCO001232	78	0	57	
MYCO001233	143	0	32	
MYCO001234	28	0	19	
MYCO001235	20	0	36	
MYCO001236	43	0	36	
MYCO001237	9	0	24	
MYCO001240	56	0	41	
MYCO001241	31	0	13	
MYCO001242	30	0	19	
MYCO001243	2181	0	40	
MYCO001244	510	0	41	
MYCO001246	3	0	14	
MYCO001247	7	0	6	
MYCO001249	61	0	41	
MYCO001250	419	0	52	
MYCO001251	926	0	81	
MYCO001252	17	0	21	
MYCO001254	330	0	36	
MYCO001255	36	0	30	
MYCO001256	95	0	38	
MYCO001257	39	0	65	
MYCO001258	779	0	44	
MYCO001259	137	0	26	
MYCO001260	337	0	30	
MYCO001261	18	0	17	
MYCO001262	20	0	19	
MYCO001263	327	0	52	
MYCO001264	111	0	52	
MYCO001265	80	0	19	
MYCO001266	747	0	70	
MYCO001267	29	0	41	
MYCO001268	215	0	35	
MYCO001269	658	0	15	
MYCO001270	171	0	30	
MYCO001271	13	0	13	
MYCO001274	340	0	18	
MYCO001275	9	0	23	
MYCO001276	172	0	19	
MYCO001278	670	0	71	
MYCO001279	57	0	49	
MYCO001280	22	0	64	
MYCO001281	76	0	54	
MYCO001282	3	0	24	
MYCO001283	90	0	26	
MYCO001284	8	0	13	
MYCO001285	10	0	45	
MYCO001286	20	0	75	
MYCO001287	7	0	11	
MYCO001288	1334	0	52	
MYCO001289	14	0	32	
MYCO001290	517	723	54	
MYCO001291	9	0	16	
MYCO001296	144	0	33	
MYCO001300	326	0	23	
MYCO001301	12	0	19	
MYCO001303	6	0	13	
MYCO001304	8	0	30	
MYCO001306	11	0	18	
MYCO001307	31	0	51	
MYCO001312	29	0	20	
MYCO001313	1783	35	29	
MYCO001314	44	0	34	
MYCO001316	35	0	26	
MYCO001317	142	0	63	
MYCO001318	156	0	57	
MYCO001319	2493	0	53	
MYCO001320	158	0	78	
MYCO001322	162	0	16	
MYCO001324	358	0	37	
MYCO001325	2146	0	54	
MYCO001329	398	0	66	
MYCO001330	235	0	64	
MYCO001331	14	0	10	
MYCO001332	13	0	27	
MYCO001333	182	0	39	
MYCO001334	94	0	14	
MYCO001335	87	0	15	
MYCO001336	247	0	30	
MYCO001337	4	0	25	
MYCO001339	14	0	29	
MYCO001341	28	0	19	
MYCO001342	9	0	14	
MYCO001343	17	0	20	
MYCO001344	1	0	13	
MYCO001345	43	0	58	
MYCO001346	12	0	28	
MYCO001347	9	0	32	
MYCO001348	227	0	73	
MYCO001349	97	0	50	
MYCO001350	13	0	26	
MYCO001351	12	0	17	
MYCO001352	11	0	26	
MYCO001353	140	0	34	
MYCO001354	178	0	84	
MYCO001355	504	0	107	
MYCO001356	176	0	35	
MYCO001357	28	0	37	
MYCO001358	936	0	100	
MYCO001359	47	0	27	
MYCO001360	99	0	31	
MYCO001361	1605	246	316	
MYCO001362	24	0	21	
MYCO001363	281	0	31	
MYCO001364	263	0	65	
MYCO001365	20	0	15	
MYCO001366	220	0	29	
MYCO001367	228	0	52	
MYCO001368	69	0	33	
MYCO001369	3328	0	0	
MYCO001370	405	2	14	
MYCO001371	785	0	42	
MYCO001372	25	0	57	
MYCO001373	76	0	40	
MYCO001374	4	0	25	
MYCO001375	189	0	50	
MYCO001376	281	0	52	
MYCO001377	9	0	24	
MYCO001378	443	0	54	
MYCO001379	42	0	17	
MYCO001382	102	0	28	
MYCO001386	102	0	17	
MYCO001387	1274	0	49	
MYCO001389	76	0	33	
MYCO001393	96	0	43	
MYCO001394	30	0	54	
MYCO001395	22	0	46	
MYCO001396	2291	0	44	
MYCO001397	13	0	18	
MYCO001398	2	0	12	
MYCO001399	86	0	45	
MYCO001400	108	0	39	
MYCO001401	119	0	30	
MYCO001403	195	0	31	
MYCO001404	8	0	14	
MYCO001405	22	0	37	
MYCO001406	248	0	34	
MYCO001409	435	0	27	
MYCO001411	5	0	30	
MYCO001413	13	0	29	
MYCO001414	13	0	18	
MYCO001417	8	0	24	
MYCO001418	11	0	20	
MYCO001419	9	0	22	
MYCO001422	176	0	26	
MYCO001423	215	0	36	
MYCO001424	42	0	38	
MYCO001425	25	0	47	
MYCO001426	56	0	58	
MYCO001427	161	0	57	
MYCO001428	5	0	37	
MYCO001429	148	0	53	
MYCO001430	390	0	49	
MYCO001431	43	0	90	
MYCO001432	341	0	37	
MYCO001433	8	0	28	
MYCO001434	21	0	4	
MYCO001435	698	0	29	
MYCO001439	5	877	14	
MYCO001441	1844	0	86	
MYCO001442	185	0	107	
MYCO001443	26	0	21	
MYCO001444	28	0	22	
MYCO001446	492	0	44	
MYCO001450	3325	0	3	
MYCO001452	3111	0	67	
MYCO001453	65	0	45	
MYCO001454	31	0	41	
MYCO001455	91	0	37	
MYCO001456	103	0	44	
MYCO001459	299	0	60	
MYCO001460	533	0	22	
MYCO001461	57	0	89	
MYCO001468	1725	0	32	
MYCO001469	283	0	67	
MYCO001470	7	0	12	
MYCO001471	21	0	9	
MYCO001472	37	0	44	
MYCO001476	2	0	21	
MYCO001477	95	0	49	
MYCO001478	44	0	21	
MYCO001482	32	0	34	
MYCO001486	27	0	34	
MYCO001487	7	0	19	
MYCO001488	40	0	29	
MYCO001489	10	0	17	
MYCO001490	34	0	64	
MYCO001491	5	0	32	
MYCO001492	376	0	65	
MYCO001494	5	0	12	
MYCO001495	6	0	17	
MYCO001496	31	0	35	
MYCO001497	114	0	49	
MYCO001498	39	0	37	
MYCO001499	30	0	17	
MYCO001500	62	0	47	
MYCO001501	36	0	34	
MYCO001502	66	0	46	
MYCO001503	3328	0	0	
MYCO001504	892	0	17	
MYCO001505	43	0	42	
MYCO001506	84	0	28	
MYCO001507	78	0	35	
MYCO001508	154	83	78	
MYCO001509	274	0	28	
MYCO001510	13	1788	36	
MYCO001511	67	0	44	
MYCO001512	46	0	38	
MYCO001513	45	0	21	
MYCO001514	31	0	28	
MYCO001515	43	0	34	
MYCO001516	192	0	37	
MYCO001517	29	0	27	
MYCO001518	105	0	44	
MYCO001519	505	0	13	
MYCO001520	527	0	43	
MYCO001521	113	0	57	
MYCO001522	310	0	128	
MYCO001523	74	0	42	
MYCO001524	377	0	43	
MYCO001525	415	0	35	
MYCO001526	346	0	51	
MYCO001527	821	0	231	
MYCO001528	31	0	13	
MYCO001529	54	0	71	
MYCO001530	51	0	51	
MYCO001531	14	0	16	
MYCO001532	66	0	18	
MYCO001533	107	0	28	
MYCO001534	20	0	26	
MYCO001535	5	0	5	
MYCO001537	117	0	57	
MYCO001538	239	0	39	
MYCO001539	25	0	20	
MYCO001541	27	0	18	
MYCO001542	13	11	16	
MYCO001543	12	0	34	
MYCO001544	64	0	32	
MYCO001545	17	0	13	
MYCO001546	55	0	25	
MYCO001548	134	0	87	
MYCO001549	3294	0	2	
MYCO001550	404	0	54	
MYCO001551	792	0	63	
MYCO001552	107	0	77	
MYCO001553	133	0	18	
MYCO001554	8	0	16	
MYCO001555	8	0	16	
MYCO001556	18	0	34	
MYCO001558	17	0	14	
MYCO001560	4	0	7	
MYCO001561	6	0	19	
MYCO001562	351	0	58	
MYCO001563	237	0	79	
MYCO001565	434	0	59	
MYCO001566	135	0	34	
MYCO001567	4	0	23	
MYCO001570	389	0	21	
MYCO001571	327	0	18	
MYCO001572	2376	0	9	
MYCO001573	2171	0	9	
MYCO001574	2268	0	13	
MYCO001575	3324	0	3	
MYCO001576	668	403	112	
MYCO001577	2073	0	12	
MYCO001578	2076	0	18	
MYCO001579	2060	0	14	
MYCO001580	2083	0	9	
MYCO001581	2527	0	7	
MYCO001582	2074	0	34	
MYCO001583	268	555	22	
MYCO001584	2169	0	8	
MYCO001585	2312	0	18	
MYCO001586	2139	0	33	
MYCO001587	3296	0	9	
MYCO001588	3206	4	43	
MYCO001590	11	0	8	
MYCO001591	23	0	36	
MYCO001592	15	0	60	
MYCO001596	13	0	21	
MYCO001597	31	0	28	
MYCO001598	31	0	11	
MYCO001602	9	0	24	
MYCO001604	24	0	30	
MYCO001606	21	0	19	
MYCO001607	49	0	28	
MYCO001608	1	0	11	
MYCO001610	418	0	25	
MYCO001613	7	0	33	
MYCO001614	42	0	47	
MYCO001615	6	0	24	
MYCO001616	11	0	16	
MYCO001618	16	0	26	
MYCO001619	176	0	49	
MYCO001620	528	0	39	
MYCO001621	462	0	45	
MYCO001622	16	0	40	
MYCO001623	8	0	51	
MYCO001624	16	0	27	
MYCO001625	160	0	60	
MYCO001628	49	0	16	
MYCO001631	53	0	45	
MYCO001632	55	0	15	
MYCO001634	54	0	49	
MYCO001635	53	0	56	
MYCO001636	2	0	20	
MYCO001637	196	0	30	
MYCO001639	690	1030	51	
MYCO001640	80	0	129	
MYCO001644	254	0	37	
MYCO001645	364	0	39	
MYCO001646	317	0	37	
MYCO001647	861	0	29	
MYCO001648	13	0	33	
MYCO001650	524	0	96	
MYCO001651	1889	0	100	
MYCO001660	539	0	29	
MYCO001661	973	0	213	
MYCO001662	838	0	197	
MYCO001663	114	0	78	
MYCO001664	253	0	121	
MYCO001665	157	0	48	
MYCO001666	126	0	39	
MYCO001667	55	0	24	
MYCO001668	3250	0	3	
MYCO001669	91	0	14	
MYCO001670	32	0	17	
MYCO001671	7	0	22	
MYCO001672	290	0	44	
MYCO001673	254	0	42	
MYCO001674	274	0	19	
MYCO001675	218	0	36	
MYCO001676	16	0	45	
MYCO001677	19	0	27	
MYCO001678	406	0	39	
MYCO001679	40	0	40	
MYCO001680	49	0	36	
MYCO001681	43	0	36	
MYCO001682	272	0	35	
MYCO001683	516	0	79	
MYCO001684	27	0	10	
MYCO001685	18	0	25	
MYCO001686	23	0	29	
MYCO001687	15	0	36	
MYCO001688	107	0	30	
MYCO001690	13	0	14	
MYCO001691	198	0	34	
MYCO001692	375	0	32	
MYCO001693	12	0	10	
MYCO001696	30	0	55	
MYCO001698	318	0	30	
MYCO001700	8	0	27	
MYCO001702	365	0	57	
MYCO001703	9	0	21	
MYCO001704	26	0	74	
MYCO001705	723	0	33	
MYCO001706	265	0	37	
MYCO001707	59	0	51	
MYCO001710	7	0	24	
MYCO001714	421	0	35	
MYCO001715	374	0	45	
MYCO001716	9	0	42	
MYCO001717	694	0	18	
MYCO001718	64	0	46	
MYCO001719	100	0	47	
MYCO001720	53	0	17	
MYCO001721	6	0	6	
MYCO001722	345	0	59	
MYCO001723	182	0	49	
MYCO001724	55	0	13	
MYCO001725	174	0	31	
MYCO001726	211	0	82	
MYCO001727	38	0	24	
MYCO001728	11	0	33	
MYCO001729	26	0	35	
MYCO001730	598	0	75	
MYCO001731	249	0	52	
MYCO001732	192	0	18	
MYCO001733	5	0	32	
MYCO001734	6	0	10	
MYCO001735	27	0	25	
MYCO001736	552	1374	85	
MYCO001737	552	0	33	
MYCO001738	36	0	21	
MYCO001739	181	0	65	
MYCO001740	8	0	8	
MYCO001741	6	1028	9	
MYCO001742	102	0	33	
MYCO001743	368	0	49	
MYCO001744	513	0	19	
MYCO001745	29	0	32	
MYCO001746	174	0	56	
MYCO001747	236	0	81	
MYCO001748	20	0	31	
MYCO001749	31	0	28	
MYCO001750	137	0	55	
MYCO001751	86	0	55	
MYCO001752	16	0	22	
MYCO001753	3302	0	17	
MYCO001754	1468	0	38	
MYCO001755	3328	0	0	
MYCO001756	3328	0	0	
MYCO001757	405	2	14	
MYCO001758	2280	0	28	
MYCO001759	3142	0	28	
MYCO001760	1767	0	39	
MYCO001761	1738	0	16	
MYCO001762	1766	0	22	
MYCO001763	405	2	14	
MYCO001764	3328	0	0	
MYCO001765	3323	0	2	
MYCO001766	16	0	8	
MYCO001767	8	0	16	
MYCO001768	1627	0	52	
MYCO001769	204	0	52	
MYCO001770	207	0	56	
MYCO001771	4	0	48	
MYCO001772	13	0	8	
MYCO001773	12	0	35	
MYCO001774	53	0	70	
MYCO001775	885	0	25	
MYCO001776	18	0	29	
MYCO001777	221	0	66	
MYCO001778	376	0	16	
MYCO001779	310	0	88	
MYCO001780	9	0	17	
MYCO001781	360	0	92	
MYCO001782	82	0	40	
MYCO001783	184	0	98	
MYCO001785	17	0	39	
MYCO001786	2	0	11	
MYCO001787	2901	0	28	
MYCO001788	12	9	19	
MYCO001789	341	0	46	
MYCO001790	1411	0	50	
MYCO001791	17	0	12	
MYCO001792	3328	0	0	
MYCO001793	278	1246	90	
MYCO001794	5	0	29	
MYCO001795	359	0	53	
MYCO001796	144	0	71	
MYCO001797	14	0	49	
MYCO001798	20	0	48	
MYCO001799	270	0	8	
MYCO001800	127	0	89	
MYCO001801	905	0	56	
MYCO001802	618	0	52	
MYCO001803	992	0	61	
MYCO001804	23	0	16	
MYCO001805	1	0	23	
MYCO001806	7	0	13	
MYCO001807	3328	0	0	
MYCO001808	235	0	43	
MYCO001809	155	0	40	
MYCO001810	4	0	13	
MYCO001811	24	0	41	
MYCO001812	174	0	44	
MYCO001813	12	0	22	
MYCO001814	150	0	54	
MYCO001815	489	0	45	
MYCO001816	470	916	17	
MYCO001817	379	0	65	
MYCO001818	2216	0	49	
MYCO001819	113	0	52	
MYCO001820	104	0	49	
MYCO001822	15	0	25	
MYCO001823	99	0	38	
MYCO001824	13	0	18	
MYCO001825	15	0	36	
MYCO001826	2	0	11	
MYCO001828	14	0	22	
MYCO001831	33	0	10	
MYCO001833	18	0	34	
MYCO001834	33	0	27	
MYCO001835	175	0	77	
MYCO001836	217	0	75	
MYCO001838	8	0	15	
MYCO001839	2	0	8	
MYCO001840	1617	0	51	
MYCO001841	47	0	42	
MYCO001845	621	0	29	
MYCO001846	26	0	25	
MYCO001847	40	0	28	
MYCO001848	48	0	13	
MYCO001849	3	0	7	
MYCO001850	205	0	68	
MYCO001851	326	0	28	
MYCO001852	70	0	17	
MYCO001853	17	0	26	
MYCO001855	51	0	40	
MYCO001856	460	0	29	
MYCO001857	8	0	29	
MYCO001858	26	0	20	
MYCO001859	64	0	40	
MYCO001860	530	0	35	
MYCO001861	4	0	17	
MYCO001862	27	0	37	
MYCO001863	30	0	30	
MYCO001864	12	0	27	
MYCO001865	8	0	25	
MYCO001866	83	0	84	
MYCO001867	179	0	60	
MYCO001868	261	0	87	
MYCO001869	125	0	31	
MYCO001870	379	0	28	
MYCO001871	126	0	22	
MYCO001872	31	0	65	
MYCO001873	41	0	28	
MYCO001874	23	0	36	
MYCO001875	22	0	25	
MYCO001876	47	0	22	
MYCO001877	164	0	84	
MYCO001878	225	0	50	
MYCO001879	141	0	38	
MYCO001880	47	0	62	
MYCO001881	32	0	20	
MYCO001882	11	0	34	
MYCO001883	22	0	21	
MYCO001884	15	0	21	
MYCO001885	27	0	34	
MYCO001887	176	0	51	
MYCO001888	2803	0	3	
MYCO001889	22	0	11	
MYCO001890	14	0	24	
MYCO001891	8	0	24	
MYCO001892	14	0	10	
MYCO001893	9	0	11	
MYCO001895	955	0	25	
MYCO001896	220	0	50	
MYCO001897	29	0	23	
MYCO001898	11	0	9	
MYCO001899	1250	0	44	
MYCO001900	101	0	66	
MYCO001901	123	0	55	
MYCO001902	101	0	54	
MYCO001903	12	0	22	
MYCO001904	9	0	15	
MYCO001905	38	0	42	
MYCO001906	12	0	19	
MYCO001907	2349	0	29	
MYCO001908	117	0	125	
MYCO001909	8	0	22	
MYCO001910	107	0	27	
MYCO001911	112	0	25	
MYCO001912	1008	0	23	
MYCO001913	16	0	31	
MYCO001914	9	0	21	
MYCO001915	2058	0	17	
MYCO001916	48	0	35	
MYCO001917	3314	0	9	
MYCO001918	648	0	123	
MYCO001919	9	0	19	
MYCO001920	14	0	45	
MYCO001921	542	0	51	
MYCO001922	58	0	41	
MYCO001923	70	0	67	
MYCO001924	13	0	18	
MYCO001925	33	0	55	
MYCO001926	14	0	19	
MYCO001927	92	0	39	
MYCO001928	572	0	29	
MYCO001929	654	0	38	
MYCO001930	120	0	25	
MYCO001931	35	0	30	
MYCO001932	36	0	27	
MYCO001933	479	0	42	
MYCO001934	318	0	53	
MYCO001935	31	0	46	
MYCO001936	22	0	49	
MYCO001937	351	0	84	
MYCO001938	58	0	54	
MYCO001939	317	0	26	
MYCO001940	2730	0	11	
MYCO001941	56	0	33	
MYCO001942	4	0	14	
MYCO001943	14	0	17	
MYCO001944	24	0	37	
MYCO001945	3132	40	30	
MYCO001946	32	0	20	
MYCO001947	65	0	17	
MYCO001948	101	0	26	
MYCO001949	3328	0	0	
MYCO001950	13	0	6	
MYCO001951	155	0	10	
MYCO001952	11	0	7	
MYCO001953	9	0	24	
MYCO001954	31	0	25	
MYCO001955	19	0	17	
MYCO001956	34	0	25	
MYCO001957	16	0	24	
MYCO001958	49	0	34	
MYCO001959	2	0	11	
MYCO001960	2	0	10	
MYCO001961	83	0	26	
MYCO001962	7	0	19	
MYCO001963	83	0	36	
MYCO001964	123	0	23	
MYCO001965	129	0	35	
MYCO001966	99	0	50	
MYCO001967	93	0	48	
MYCO001968	1083	0	49	
MYCO001969	147	0	53	
MYCO001970	73	0	42	
MYCO001971	301	0	60	
MYCO001972	64	0	27	
MYCO001973	151	0	18	
MYCO001974	51	0	19	
MYCO001975	414	0	31	
MYCO001976	95	0	17	
MYCO001977	421	0	26	
MYCO001978	624	0	33	
MYCO001979	90	0	48	
MYCO001980	25	0	27	
MYCO001982	23	0	23	
MYCO001983	937	0	57	
MYCO001984	155	0	30	
MYCO001985	105	0	28	
MYCO001986	42	0	35	
MYCO001987	31	0	22	
MYCO001988	92	0	24	
MYCO001989	22	0	19	
MYCO001990	1	0	12	
MYCO001991	3	0	12	
MYCO001992	1104	0	69	
MYCO001993	659	0	18	
MYCO001994	464	0	15	
MYCO001995	635	0	30	
MYCO001996	618	0	29	
MYCO001997	1469	0	81	
MYCO001998	35	0	32	
MYCO001999	242	0	61	
MYCO002000	78	0	71	
MYCO002001	13	0	35	
MYCO002002	31	0	25	
MYCO002003	75	0	42	
MYCO002004	131	0	52	
MYCO002005	13	0	32	
MYCO002006	168	0	164	
MYCO002007	4	0	9	
MYCO002008	20	0	55	
MYCO002009	4	0	9	
MYCO002010	16	0	13	
MYCO002011	1	0	19	
MYCO002012	10	0	32	
MYCO002013	336	0	19	
MYCO002014	88	0	28	
MYCO002015	939	0	61	
MYCO002016	788	0	18	
MYCO002017	66	0	40	
MYCO002018	85	0	18	
MYCO002019	300	0	13	
MYCO002020	122	0	14	
MYCO002021	75	0	11	
MYCO002022	96	0	36	
MYCO002023	220	0	14	
MYCO002024	3076	0	17	
MYCO002025	68	0	42	
MYCO002026	19	0	41	
MYCO002027	766	0	41	
MYCO002028	151	0	31	
MYCO002029	113	0	44	
MYCO002030	208	0	80	
MYCO002031	9	0	20	
MYCO002032	138	0	39	
MYCO002033	467	0	36	
MYCO002034	166	0	9	
MYCO002035	5	0	25	
MYCO002036	13	0	26	
MYCO002037	42	0	52	
MYCO002038	7	0	32	
MYCO002039	6	0	27	
MYCO002040	11	0	24	
MYCO002041	16	0	49	
MYCO002042	79	0	35	
MYCO002043	151	0	149	
MYCO002044	515	0	12	
MYCO002045	40	0	70	
MYCO002046	133	0	28	
MYCO002047	185	0	77	
MYCO002048	3293	0	22	
MYCO002049	18	0	9	
MYCO002051	212	0	82	
MYCO002052	502	0	64	
MYCO002053	17	0	30	
MYCO002054	25	0	31	
MYCO002059	195	0	80	
MYCO002060	153	0	21	
MYCO002061	24	0	19	
MYCO002062	678	0	127	
MYCO002063	2	0	10	
MYCO002064	525	0	34	
MYCO002065	551	0	24	
MYCO002066	417	0	73	
MYCO002067	40	0	42	
MYCO002068	12	0	34	
MYCO002069	81	0	21	
MYCO002070	1274	0	25	
MYCO002071	46	0	53	
MYCO002072	210	0	48	
MYCO002073	171	0	29	
MYCO002074	78	0	12	
MYCO002075	191	0	59	
MYCO002076	2	0	7	
MYCO002077	69	0	43	
MYCO002078	6	0	20	
MYCO002079	785	0	58	
MYCO002080	21	0	27	
MYCO002081	1963	0	22	
MYCO002082	1580	0	95	
MYCO002083	242	0	42	
MYCO002084	1672	0	16	
MYCO002085	20	0	14	
MYCO002086	11	0	24	
MYCO002087	11	0	10	
MYCO002088	1062	0	49	
MYCO002091	41	0	31	
MYCO002094	1	0	11	
MYCO002095	410	0	37	
MYCO002098	3328	0	0	
MYCO002099	3328	0	0	
MYCO002100	720	0	56	
MYCO002101	672	0	104	
MYCO002102	174	0	25	
MYCO002103	41	0	23	
MYCO002104	3	0	15	
MYCO002105	405	2	14	
MYCO002106	3328	0	0	
MYCO002107	52	0	17	
MYCO002108	110	0	26	
MYCO002113	70	0	51	
MYCO002114	43	0	25	
MYCO002116	41	0	20	
MYCO002117	39	0	8	
MYCO002120	272	0	21	
MYCO002123	2010	0	35	
MYCO002124	244	0	119	
MYCO002126	1626	0	24	
MYCO002127	141	0	64	
MYCO002128	3	0	11	
MYCO002129	53	0	35	
MYCO002131	42	0	35	
MYCO002132	32	0	12	
MYCO002133	42	0	23	
MYCO002135	482	0	23	
MYCO002136	53	0	29	
MYCO002137	23	0	16	
MYCO002138	65	0	40	
MYCO002142	6	0	16	
MYCO002143	70	0	46	
MYCO002144	39	0	14	
MYCO002146	2	0	12	
MYCO002147	576	0	26	
MYCO002148	574	0	25	
MYCO002149	55	0	14	
MYCO002152	290	0	50	
MYCO002158	968	0	62	
MYCO002159	648	0	49	
MYCO002160	1783	0	9	
MYCO002161	458	944	38	
MYCO002162	2438	0	50	
MYCO002164	336	0	47	
MYCO002165	25	0	48	
MYCO002167	3328	0	0	
MYCO002168	405	2	14	
MYCO002169	19	0	16	
MYCO002171	12	0	31	
MYCO002172	14	0	35	
MYCO002173	170	0	41	
MYCO002174	55	0	52	
MYCO002175	4	0	20	
MYCO002177	1725	99	30	
MYCO002180	604	0	33	
MYCO002181	33	0	46	
MYCO002183	2	0	12	
MYCO002184	15	0	35	
MYCO002185	3	0	13	
MYCO002189	390	0	33	
MYCO002190	504	0	36	
MYCO002191	321	0	69	
MYCO002197	87	0	24	
MYCO002198	439	0	47	
MYCO002203	153	0	30	
MYCO002204	4	0	14	
MYCO002205	412	0	43	
MYCO002206	15	0	29	
MYCO002207	599	0	29	
MYCO002208	241	0	36	
MYCO002209	233	0	59	
MYCO002212	44	0	55	
MYCO002214	56	0	65	
MYCO002215	498	0	59	
MYCO002223	178	0	58	
MYCO002224	34	0	55	
MYCO002226	446	0	55	
MYCO002227	412	0	18	
MYCO002229	21	0	23	
MYCO002231	89	0	30	
MYCO002232	144	0	28	
MYCO002234	12	0	22	
MYCO002236	595	0	33	
MYCO002237	3	0	31	
MYCO002238	4	0	6	
MYCO002240	24	0	22	
MYCO002248	94	0	20	
MYCO002249	437	0	55	
MYCO002250	16	0	18	
MYCO002251	3326	0	1	
MYCO002252	15	0	38	
MYCO002253	31	0	21	
MYCO002254	21	0	24	
MYCO002255	19	0	13	
MYCO002256	3	0	15	
MYCO002258	323	0	44	
MYCO002260	9	0	27	
MYCO002261	27	0	17	
MYCO002262	3294	0	2	
MYCO002263	714	0	34	
MYCO002264	1580	0	48	
MYCO002265	348	0	41	
MYCO002266	19	0	53	
MYCO002267	43	0	51	
MYCO002268	183	0	61	
MYCO002269	16	0	19	
MYCO002270	127	0	28	
MYCO002271	116	0	11	
MYCO002272	117	0	12	
MYCO002273	132	0	16	
MYCO002274	134	0	24	
MYCO002275	411	0	33	
MYCO002276	138	0	45	
MYCO002277	137	3092	35	
MYCO002278	405	2	14	
MYCO002279	3328	0	0	
MYCO002280	221	0	51	
MYCO002281	28	0	63	
MYCO002282	433	1087	31	
MYCO002283	21	0	11	
MYCO002284	157	0	34	
MYCO002285	301	0	46	
MYCO002286	348	871	27	
MYCO002287	96	0	55	
MYCO002288	10	0	22	
MYCO002289	76	0	35	
MYCO002290	29	0	28	
MYCO002291	42	0	31	
MYCO002292	17	0	7	
MYCO002293	1626	0	16	
MYCO002294	29	0	53	
MYCO002295	16	0	24	
MYCO002296	80	0	32	
MYCO002297	8	0	20	
MYCO002298	17	0	36	
MYCO002299	52	0	59	
MYCO002300	61	0	41	
MYCO002301	49	0	36	
MYCO002302	5	0	11	
MYCO002303	16	0	45	
MYCO002304	9	0	9	
MYCO002305	262	0	61	
MYCO002307	238	0	39	
MYCO002308	113	0	36	
MYCO002309	12	0	17	
MYCO002310	69	0	22	
MYCO002311	38	0	22	
MYCO002312	3	0	8	
MYCO002313	49	0	37	
MYCO002314	107	0	48	
MYCO002316	11	0	31	
MYCO002317	9	0	19	
MYCO002318	673	0	39	
MYCO002319	1300	0	29	
MYCO002320	39	0	52	
MYCO002321	8	0	24	
MYCO002322	11	0	26	
MYCO002323	22	0	51	
MYCO002324	8	0	26	
MYCO002325	208	0	32	
MYCO002326	304	0	62	
MYCO002327	62	0	16	
MYCO002328	35	0	39	
MYCO002329	192	0	65	
MYCO002330	11	0	26	
MYCO002331	5	0	19	
MYCO002332	39	0	57	
MYCO002333	501	0	39	
MYCO002334	77	0	31	
MYCO002335	100	0	30	
MYCO002336	197	0	41	
MYCO002337	107	0	42	
MYCO002338	360	0	43	
MYCO002339	867	0	95	
MYCO002340	400	0	43	
MYCO002341	69	0	19	
MYCO002342	17	0	16	
MYCO002345	294	0	75	
MYCO002346	278	1456	108	
MYCO002347	1876	361	98	
MYCO002348	26	0	15	
MYCO002349	346	0	62	
MYCO002350	411	1221	43	
MYCO002351	414	1231	42	
MYCO002352	772	20	47	
MYCO002353	3252	0	4	
MYCO002354	405	2	14	
MYCO002355	3328	0	0	
MYCO002356	2482	0	39	
MYCO002358	6	0	13	
MYCO002359	2	0	37	
MYCO002360	12	0	23	
MYCO002363	893	0	27	
MYCO002365	341	0	10	
MYCO002369	34	0	14	
MYCO002370	31	0	57	
MYCO002371	140	0	6	
MYCO002372	119	0	29	
MYCO002375	5	0	10	
MYCO002376	59	0	26	
MYCO002377	16	0	9	
MYCO002378	63	0	38	
MYCO002379	284	0	105	
MYCO002380	593	0	151	
MYCO002381	252	0	95	
MYCO002382	137	0	44	
MYCO002383	528	396	133	
MYCO002384	275	0	38	
MYCO002385	62	0	48	
MYCO002386	118	0	44	
MYCO002387	15	0	44	
MYCO002388	102	0	44	
MYCO002389	8	0	19	
MYCO002390	42	0	19	
MYCO002391	13	0	54	
MYCO002392	73	0	25	
MYCO002393	119	2030	30	
MYCO002394	111	0	79	
MYCO002395	287	0	64	
MYCO002396	1886	0	41	
MYCO002397	82	0	39	
MYCO002398	2	0	32	
MYCO002401	3	0	14	
MYCO002403	57	0	19	
MYCO002405	30	0	27	
MYCO002406	108	0	15	
MYCO002407	169	0	42	
MYCO002408	222	0	22	
MYCO002414	261	0	65	
MYCO002415	73	0	33	
MYCO002416	85	0	49	
MYCO002417	616	0	27	
MYCO002418	146	0	33	
MYCO002419	92	0	28	
MYCO002422	14	0	11	
MYCO002423	26	0	43	
MYCO002424	3195	0	16	
MYCO002428	60	0	31	
MYCO002429	12	0	18	
MYCO002430	23	0	23	
MYCO002431	11	1185	13	
MYCO002432	30	0	17	
MYCO002433	9	0	13	
MYCO002434	626	0	53	
MYCO002435	105	0	80	
MYCO002436	231	0	38	
MYCO002437	754	0	11	
MYCO002438	62	0	57	
MYCO002443	32	0	62	
MYCO002444	295	0	96	
MYCO002446	7	0	15	
MYCO002449	362	0	49	
MYCO002450	233	0	32	
MYCO002451	37	0	15	
MYCO002452	0	0	11	
MYCO002453	32	0	27	
MYCO002456	48	0	39	
MYCO002458	28	0	27	
MYCO002459	36	0	51	
MYCO002463	12	0	31	
MYCO002464	86	0	44	
MYCO002468	30	0	22	
MYCO002469	38	0	33	
MYCO002471	51	0	74	
MYCO002472	4	0	11	
MYCO002473	68	0	28	
MYCO002474	129	0	29	
MYCO002475	4	0	15	
MYCO002476	722	0	127	
MYCO002478	262	0	20	
MYCO002479	3328	0	0	
MYCO002480	405	2	14	
MYCO002481	144	0	18	
MYCO002482	154	0	89	
MYCO002483	45	0	55	
MYCO002484	30	0	68	
MYCO002485	87	0	60	
MYCO002486	165	0	25	
MYCO002487	1957	0	73	
MYCO002488	691	0	117	
MYCO002489	68	0	13	
MYCO002490	3215	0	21	
MYCO002491	79	0	33	
MYCO002492	84	0	44	
MYCO002493	9	0	9	
MYCO002494	8	0	18	
MYCO002495	136	0	47	
MYCO002496	25	0	33	
MYCO002497	36	0	32	
MYCO002498	43	0	34	
MYCO002499	9	0	24	
MYCO002501	312	0	87	
MYCO002503	23	0	29	
MYCO002504	26	0	36	
MYCO002505	115	0	71	
MYCO002506	39	0	18	
MYCO002507	203	0	32	
MYCO002508	73	0	53	
MYCO002510	110	0	68	
MYCO002512	3235	30	9	
MYCO002513	16	0	19	
MYCO002514	33	0	23	
MYCO002515	23	0	49	
MYCO002516	11	0	24	
MYCO002517	31	0	7	
MYCO002519	441	0	67	
MYCO002520	1	0	14	
MYCO002522	313	0	64	
MYCO002525	192	0	23	
MYCO002526	958	0	4	
MYCO002527	20	0	20	
MYCO002528	17	0	36	
MYCO002529	304	0	59	
MYCO002530	8	0	20	
MYCO002531	77	0	101	
MYCO002532	20	0	19	
MYCO002535	194	0	30	
MYCO002536	18	0	25	
MYCO002537	10	0	14	
MYCO002539	355	0	13	
MYCO002541	1402	0	12	
MYCO002542	382	0	58	
MYCO002543	1193	929	43	
MYCO002544	1195	955	56	
MYCO002545	746	0	14	
MYCO002546	4	0	17	
MYCO002547	14	0	19	
MYCO002548	25	0	19	
MYCO002549	54	0	17	
MYCO002550	2	0	13	
MYCO002551	221	0	14	
MYCO002552	230	0	34	
MYCO002553	108	0	49	
MYCO002554	95	0	13	
MYCO002556	8	0	14	
MYCO002557	16	0	29	
MYCO002558	27	0	19	
MYCO002560	98	0	42	
MYCO002561	3277	0	7	
MYCO002562	4	0	30	
MYCO002563	65	0	45	
MYCO002564	25	1209	39	
MYCO002565	78	0	65	
MYCO002566	915	0	103	
MYCO002567	95	0	84	
MYCO002569	31	0	29	
MYCO002570	439	0	24	
MYCO002571	108	0	49	
MYCO002573	91	0	40	
MYCO002574	28	0	25	
MYCO002576	45	0	25	
MYCO002577	36	0	54	
MYCO002578	105	0	38	
MYCO002579	61	0	30	
MYCO002581	3	0	19	
MYCO002584	42	0	28	
MYCO002585	189	0	70	
MYCO002586	453	0	48	
MYCO002588	2	0	15	
MYCO002590	154	0	122	
MYCO002591	1559	0	68	
MYCO002595	25	0	9	
MYCO002596	8	0	23	
MYCO002597	35	0	26	
MYCO002598	33	0	17	
MYCO002599	193	0	23	
MYCO002600	34	0	14	
MYCO002601	289	0	48	
MYCO002602	7	0	16	
MYCO002604	41	0	23	
MYCO002605	68	0	32	
MYCO002607	9	0	25	
MYCO002608	561	0	46	
MYCO002609	189	0	35	
MYCO002615	3108	0	62	
MYCO002616	39	0	22	
MYCO002617	1	0	14	
MYCO002618	190	0	23	
MYCO002619	4	0	11	
MYCO002620	8	0	14	
MYCO002621	260	0	32	
MYCO002622	52	0	30	
MYCO002623	103	0	31	
MYCO002624	170	0	38	
MYCO002625	34	0	40	
MYCO002626	8	0	17	
MYCO002627	52	0	59	
MYCO002628	57	0	29	
MYCO002629	311	0	30	
MYCO002630	10	0	28	
MYCO002631	71	0	55	
MYCO002632	5	0	9	
MYCO002633	7	0	33	
MYCO002634	1859	0	60	
MYCO002635	8	0	13	
MYCO002636	38	0	31	
MYCO002637	173	1040	26	
MYCO002638	56	0	21	
MYCO002639	27	0	13	
MYCO002640	34	0	18	
MYCO002641	6	0	15	
MYCO002642	15	0	18	
MYCO002643	161	0	76	
MYCO002644	27	0	15	
MYCO002645	820	0	15	
MYCO002646	568	0	38	
MYCO002647	376	0	10	
MYCO002648	405	2	14	
MYCO002649	3328	0	0	
MYCO002650	668	353	101	
MYCO002651	138	642	34	
MYCO002652	383	0	38	
MYCO002653	325	0	22	
MYCO002654	1746	0	10	
MYCO002655	971	0	42	
MYCO002656	268	520	21	
MYCO002657	378	0	15	
MYCO002658	302	0	10	
MYCO002659	326	0	30	
MYCO002660	7	0	12	
MYCO002661	17	0	13	
MYCO002662	6	0	13	
MYCO002663	0	0	14	
MYCO002664	17	0	12	
MYCO002665	191	0	16	
MYCO002666	3248	0	9	
MYCO002667	31	0	18	
MYCO002668	307	0	19	
MYCO002669	17	0	19	
MYCO002671	59	0	20	
MYCO002672	205	0	59	
MYCO002674	1	0	13	
MYCO002675	13	0	42	
MYCO002677	977	0	32	
MYCO002679	86	0	29	
MYCO002680	362	0	25	
MYCO002681	436	0	37	
MYCO002683	7	0	22	
MYCO002684	20	261	53	
MYCO002685	234	0	44	
MYCO002686	26	0	27	
MYCO002687	32	0	33	
MYCO002688	63	0	41	
MYCO002689	104	0	42	
MYCO002690	77	0	42	
MYCO002691	8	0	25	
MYCO002692	25	0	21	
MYCO002693	13	0	21	
MYCO002694	5	0	30	
MYCO002695	311	0	22	
MYCO002698	6	0	17	
MYCO002700	2058	0	18	
MYCO002701	30	0	42	
MYCO002704	12	0	12	
MYCO002705	9	0	18	
MYCO002706	65	0	12	
MYCO002707	21	0	31	
MYCO002709	302	0	32	
MYCO002712	203	0	52	
MYCO002713	66	0	68	
MYCO002716	13	0	23	
MYCO002717	132	0	15	
MYCO002718	12	0	14	
MYCO002719	293	0	29	
MYCO002721	731	0	70	
MYCO002722	4	0	12	
MYCO002723	26	0	47	
MYCO002728	58	0	28	
MYCO002729	35	0	35	
MYCO002730	6	0	21	
MYCO002732	62	0	33	
MYCO002734	18	0	30	
MYCO002735	497	0	36	
MYCO002736	107	0	24	
MYCO002737	12	0	67	
MYCO002738	236	0	9	
MYCO002739	913	0	21	
MYCO002740	10	0	25	
MYCO002741	2221	0	55	
MYCO002742	145	0	27	
MYCO002743	257	0	30	
MYCO002745	4	0	19	
MYCO002746	122	0	22	
MYCO002747	20	0	16	
MYCO002749	19	0	14	
MYCO002751	23	0	27	
MYCO002752	68	0	99	
MYCO002755	8	0	8	
MYCO002756	37	0	70	
MYCO002757	35	0	20	
MYCO002758	7	0	12	
MYCO002759	30	0	18	
MYCO002760	87	0	13	
MYCO002761	23	0	48	
MYCO002762	212	0	29	
MYCO002763	23	0	13	
MYCO002765	195	0	30	
MYCO002766	45	0	27	
MYCO002767	15	0	18	
MYCO002768	304	0	53	
MYCO002769	583	0	41	
MYCO002770	125	0	47	
MYCO002771	26	0	16	
MYCO002772	34	0	21	
MYCO002774	606	0	11	
MYCO002775	84	0	21	
MYCO002776	22	0	36	
MYCO002777	334	0	33	
MYCO002778	13	0	20	
MYCO002779	32	0	28	
MYCO002780	113	0	36	
MYCO002781	508	0	41	
MYCO002784	6	0	16	
MYCO002786	6	0	34	
MYCO002787	190	0	81	
MYCO002789	40	0	39	
MYCO002790	232	0	42	
MYCO002791	65	1641	52	
MYCO002792	68	0	27	
MYCO002793	337	0	29	
MYCO002796	35	0	32	
MYCO002797	178	0	47	
MYCO002798	4	0	13	
MYCO002799	76	0	35	
MYCO002800	626	0	62	
MYCO002801	36	0	11	
MYCO002802	658	0	41	
MYCO002803	35	0	19	
MYCO002804	65	0	31	
MYCO002805	41	0	17	
MYCO002806	24	0	6	
MYCO002807	899	0	39	
MYCO002808	178	0	7	
MYCO002809	45	0	13	
MYCO002810	3328	0	0	
MYCO002811	606	0	20	
MYCO002812	424	0	55	
MYCO002813	311	0	30	
MYCO002814	3328	0	0	
MYCO002815	405	2	14	
MYCO002816	790	0	10	
MYCO002817	842	0	32	
MYCO002818	928	0	20	
MYCO002819	835	0	37	
MYCO002820	774	0	37	
MYCO002821	34	0	24	
MYCO002822	11	0	16	
MYCO002823	60	0	85	
MYCO002824	18	0	43	
MYCO002825	2563	0	27	
MYCO002826	41	0	29	
MYCO002827	17	0	21	
MYCO002829	97	0	19	
MYCO002830	5	0	12	
MYCO002831	136	0	28	
MYCO002832	101	0	51	
MYCO002833	197	0	53	
MYCO002834	23	0	34	
MYCO002835	20	0	43	
MYCO002836	200	0	55	
MYCO002837	80	0	23	
MYCO002840	4	0	15	
MYCO002842	2	0	18	
MYCO002843	133	0	12	
MYCO002844	16	0	18	
MYCO002845	156	0	49	
MYCO002848	828	0	40	
MYCO002849	30	0	36	
MYCO002850	1029	0	72	
MYCO002851	12	0	20	
MYCO002852	84	0	61	
MYCO002853	1452	0	79	
MYCO002854	28	0	42	
MYCO002855	159	0	43	
MYCO002856	21	0	29	
MYCO002857	10	0	22	
MYCO002858	329	0	56	
MYCO002859	1056	0	47	
MYCO002860	25	0	50	
MYCO002862	9	0	18	
MYCO002863	6	0	15	
MYCO002865	6	0	10	
MYCO002866	6	0	7	
MYCO002867	398	0	37	
MYCO002869	16	0	46	
MYCO002871	604	0	10	
MYCO002872	53	0	19	
MYCO002873	7	0	17	
MYCO002874	168	0	77	
MYCO002875	103	0	21	
MYCO002876	2	0	27	
MYCO002877	99	0	35	
MYCO002878	11	0	19	
MYCO002879	3328	0	0	
MYCO002880	3089	0	6	
MYCO002881	8	0	25	
MYCO002884	80	0	29	
MYCO002885	136	564	66	
MYCO002886	78	0	35	
MYCO002887	19	0	17	
MYCO002888	287	0	47	
MYCO002891	595	0	28	
MYCO002892	190	0	47	
MYCO002893	41	0	48	
MYCO002895	145	0	38	
MYCO002896	260	0	48	
MYCO002897	204	0	72	
MYCO002898	8	0	18	
MYCO002899	7	0	25	
MYCO002900	35	0	73	
MYCO002903	42	0	36	
MYCO002905	27	0	47	
MYCO002906	8	0	17	
MYCO002907	78	0	17	
MYCO002908	28	0	6	
MYCO002910	5	0	25	
MYCO002911	83	0	27	
MYCO002912	15	0	17	
MYCO002913	72	0	83	
MYCO002914	216	0	55	
MYCO002920	77	0	67	
MYCO002922	619	0	79	
MYCO002923	43	0	17	
MYCO002924	50	0	31	
MYCO002925	19	0	23	
MYCO002926	5	0	28	
MYCO002928	11	0	27	
MYCO002929	18	0	15	
MYCO002930	29	0	47	
MYCO002931	2983	0	72	
MYCO002932	932	0	125	
MYCO002933	856	0	125	
MYCO002934	966	0	133	
MYCO002935	479	0	131	
MYCO002936	21	0	33	
MYCO002937	8	0	22	
MYCO002938	6	0	24	
MYCO002939	16	1564	34	
MYCO002940	192	0	190	
MYCO002941	21	0	63	
MYCO002942	80	0	98	
MYCO002943	125	0	45	
MYCO002944	23	0	36	
MYCO002945	1	0	25	
MYCO002946	621	0	150	
MYCO002947	1693	0	24	
MYCO002948	73	0	85	
MYCO002949	70	0	35	
MYCO002950	121	0	66	
MYCO002951	94	0	39	
MYCO002952	13	0	30	
MYCO002953	42	0	45	
MYCO002954	29	0	31	
MYCO002955	128	0	50	
MYCO002956	23	0	37	
MYCO002957	41	0	34	
MYCO002958	146	0	54	
MYCO002959	441	0	31	
MYCO002960	15	0	18	
MYCO002961	11	0	10	
MYCO002962	375	0	39	
MYCO002963	430	0	35	
MYCO002964	49	0	34	
MYCO002966	118	0	11	
MYCO002968	14	0	16	
MYCO002969	27	0	23	
MYCO002970	53	0	37	
MYCO002971	70	0	29	
MYCO002972	14	0	31	
MYCO002973	135	0	52	
MYCO002974	408	0	60	
MYCO002975	1622	0	6	
MYCO002977	200	0	25	
MYCO002978	64	1420	48	
MYCO002979	16	0	23	
MYCO002980	302	0	22	
MYCO002983	387	0	27	
MYCO002985	46	0	45	
MYCO002986	45	0	23	
MYCO002987	14	0	16	
MYCO002989	328	0	26	
MYCO002990	21	0	31	
MYCO002991	23	0	17	
MYCO002994	359	0	44	
MYCO002997	304	0	45	
MYCO002998	5	0	17	
MYCO002999	31	0	41	
MYCO003000	30	0	24	
MYCO003002	2	0	13	
MYCO003004	16	0	12	
MYCO003005	28	0	22	
MYCO003007	297	0	18	
MYCO003008	29	0	26	
MYCO003012	8	0	10	
MYCO003013	279	0	17	
MYCO003015	184	0	42	
MYCO003016	24	0	19	
MYCO003017	355	0	16	
MYCO003018	2560	0	27	
MYCO003019	1	52	23	
MYCO003020	12	11	18	
MYCO003021	3313	0	6	
MYCO003022	3328	0	0	
MYCO003023	3235	29	8	
MYCO003026	53	0	43	
MYCO003030	94	0	22	
MYCO003033	12	0	21	
MYCO003035	156	0	26	
MYCO003036	11	0	26	
MYCO003037	211	0	48	
MYCO003039	92	0	28	
MYCO003040	171	0	29	
MYCO003041	14	0	25	
MYCO003044	234	0	49	
MYCO003046	14	0	16	
MYCO003047	94	0	17	
MYCO003050	16	0	30	
MYCO003055	21	1031	19	
MYCO003056	28	0	50	
MYCO003058	6	0	21	
MYCO003059	39	0	41	
MYCO003060	585	0	72	
MYCO003061	349	0	71	
MYCO003062	932	0	56	
MYCO003063	125	0	98	
MYCO003064	65	0	18	
MYCO003065	104	0	12	
MYCO003066	152	0	26	
MYCO003067	16	0	24	
MYCO003068	50	0	54	
MYCO003069	4	0	17	
MYCO003070	5	0	12	
MYCO003071	102	0	48	
MYCO003072	14	0	25	
MYCO003073	9	0	22	
MYCO003074	1019	1160	40	
MYCO003075	17	0	25	
MYCO003076	9	0	16	
MYCO003077	217	0	82	
MYCO003078	19	0	15	
MYCO003079	300	0	19	
MYCO003080	379	0	125	
MYCO003081	115	0	35	
MYCO003082	26	0	38	
MYCO003083	180	0	65	
MYCO003084	398	0	32	
MYCO003086	109	0	27	
MYCO003087	204	0	61	
MYCO003088	121	0	58	
MYCO003089	138	0	51	
MYCO003090	110	795	42	
MYCO003091	163	0	57	
MYCO003092	356	0	43	
MYCO003093	811	0	29	
MYCO003094	361	0	50	
MYCO003095	4	0	21	
MYCO003096	30	0	45	
MYCO003097	62	0	53	
MYCO003098	17	0	21	
MYCO003099	64	0	38	
MYCO003103	14	0	20	
MYCO003104	21	0	37	
MYCO003106	52	0	48	
MYCO003107	57	0	65	
MYCO003108	20	0	22	
MYCO003109	62	0	52	
MYCO003110	11	0	13	
MYCO003111	19	0	38	
MYCO003112	22	0	15	
MYCO003113	756	0	34	
MYCO003114	57	0	25	
MYCO003115	3235	29	8	
MYCO003116	101	0	40	
MYCO003119	30	0	23	
MYCO003120	36	0	28	
MYCO003121	85	0	45	
MYCO003122	32	0	16	
MYCO003123	20	0	22	
MYCO003124	69	0	38	
MYCO003125	479	0	38	
MYCO003126	22	0	14	
MYCO003127	28	0	46	
MYCO003128	3328	0	0	
MYCO003129	301	0	9	
MYCO003130	43	0	61	
MYCO003131	42	0	31	
MYCO003132	84	0	67	
MYCO003133	5	0	12	
MYCO003134	31	0	33	
MYCO003135	2041	0	7	
MYCO003136	61	0	35	
MYCO003137	19	0	32	
MYCO003138	42	0	57	
MYCO003141	136	0	34	
MYCO003142	463	0	16	
MYCO003143	5	0	10	
MYCO003144	564	0	49	
MYCO003145	16	0	10	
MYCO003146	3	0	18	
MYCO003147	25	0	9	
MYCO003148	20	0	36	
MYCO003149	33	0	29	
MYCO003150	320	0	32	
MYCO003151	683	0	66	
MYCO003152	5	0	33	
MYCO003153	68	0	23	
MYCO003154	7	0	28	
MYCO003155	6	0	11	
MYCO003156	47	0	59	
MYCO003157	78	0	68	
MYCO003158	16	0	60	
MYCO003159	1709	0	62	
MYCO003160	9	0	15	
MYCO003161	250	0	60	
MYCO003162	42	0	12	
MYCO003163	15	0	33	
MYCO003164	19	0	21	
MYCO003165	64	0	16	
MYCO003166	363	0	34	
MYCO003167	32	0	31	
MYCO003168	128	0	57	
MYCO003169	411	0	41	
MYCO003170	340	0	42	
MYCO003171	27	0	54	
MYCO003172	4	0	25	
MYCO003173	7	0	27	
MYCO003174	13	0	42	
MYCO003175	916	0	49	
MYCO003176	77	0	45	
MYCO003177	27	0	26	
MYCO003178	29	0	18	
MYCO003179	261	0	46	
MYCO003180	23	0	17	
MYCO003181	84	0	16	
MYCO003182	17	0	9	
MYCO003183	126	0	14	
MYCO003184	405	2	14	
MYCO003185	3328	0	0	
MYCO003186	405	2	14	
MYCO003187	3328	0	0	
MYCO003188	15	0	13	
MYCO003189	34	0	24	
MYCO003190	105	0	49	
MYCO003191	42	0	40	
MYCO003192	39	0	27	
MYCO003196	53	0	36	
MYCO003199	278	0	45	
MYCO003200	19	0	47	
MYCO003201	602	0	94	
MYCO003202	471	0	104	
MYCO003203	24	0	30	
MYCO003204	1	0	15	
MYCO003209	9	0	20	
MYCO003210	11	0	23	
MYCO003212	404	0	45	
MYCO003215	21	0	47	
MYCO003216	3328	0	0	
MYCO003217	208	0	17	
MYCO003218	14	0	33	
MYCO003222	48	0	18	
MYCO003224	173	0	35	
MYCO003225	56	0	49	
MYCO003226	27	0	32	
MYCO003227	174	0	56	
MYCO003230	88	0	48	
MYCO003231	42	0	19	
MYCO003232	11	0	26	
MYCO003233	4	0	27	
MYCO003234	1654	0	19	
MYCO003235	260	0	29	
MYCO003236	210	0	47	
MYCO003237	9	0	24	
MYCO003238	8	0	28	
MYCO003239	1696	0	70	
MYCO003242	58	0	27	
MYCO003243	52	0	30	
MYCO003244	267	0	56	
MYCO003247	42	0	21	
MYCO003249	123	0	24	
MYCO003250	4	0	9	
MYCO003251	3	0	8	
MYCO003253	43	0	46	
MYCO003254	80	0	52	
MYCO003256	446	0	39	
MYCO003259	16	0	7	
MYCO003260	0	0	14	
MYCO003263	136	0	52	
MYCO003266	99	0	32	
MYCO003268	85	0	32	
MYCO003269	12	0	8	
MYCO003270	211	0	71	
MYCO003271	19	0	31	
MYCO003272	77	0	47	
MYCO003273	8	0	81	
MYCO003278	8	0	17	
MYCO003279	11	0	32	
MYCO003281	3207	0	6	
MYCO003282	14	0	34	
MYCO003283	17	0	37	
MYCO003284	29	0	17	
MYCO003286	349	0	34	
MYCO003287	10	0	10	
MYCO003288	5	0	16	
MYCO003289	29	0	21	
MYCO003291	17	0	14	
MYCO003292	154	0	52	
MYCO003293	418	0	45	
MYCO003294	10	0	29	
MYCO003295	17	0	22	
MYCO003297	58	0	36	
MYCO003298	191	0	24	
MYCO003299	532	0	118	
MYCO003300	39	0	35	
MYCO003301	16	0	26	
MYCO003307	117	0	30	
MYCO003308	405	0	56	
MYCO003309	17	0	22	
MYCO003310	17	0	34	
MYCO003311	37	0	51	
MYCO003312	19	0	34	
MYCO003314	80	0	41	
MYCO003315	9	0	17	
MYCO003316	3	0	10	
MYCO003320	32	0	17	
MYCO003321	2	0	6	
MYCO003322	12	0	22	
MYCO003323	182	0	30	
MYCO003324	179	0	21	
MYCO003325	405	2	14	
MYCO003326	3328	0	0	
MYCO003327	3298	0	5	
MYCO003331	314	0	53	
MYCO003332	273	0	53	
MYCO003333	823	0	28	
MYCO003334	4	0	22	
MYCO003335	63	0	33	
MYCO003337	378	0	20	
MYCO003338	41	0	30	
MYCO003339	53	0	45	
MYCO003342	253	0	16	
MYCO003343	3320	0	8	
MYCO003344	3328	0	0	
MYCO003345	3313	0	8	
MYCO003346	1061	1	14	
MYCO003347	2586	0	168	
MYCO003348	79	3	29	
MYCO003349	1746	0	25	
MYCO003350	2761	0	158	
MYCO003351	455	0	27	
MYCO003352	440	0	12	
MYCO003353	425	0	8	
MYCO003354	424	0	14	
MYCO003355	420	1	17	
MYCO003357	6	0	12	
MYCO003358	2	0	9	
MYCO003359	192	0	30	
MYCO003360	502	0	11	
MYCO003361	37	0	25	
MYCO003362	42	0	26	
MYCO003363	198	0	18	
MYCO003364	39	0	13	
MYCO003365	3009	0	19	
MYCO003366	34	0	22	
MYCO003367	1530	0	68	
MYCO003368	87	0	25	
MYCO003369	113	0	15	
MYCO003370	730	0	97	
MYCO003371	309	0	58	
MYCO003372	194	0	43	
MYCO003373	398	0	21	
MYCO003374	4	0	13	
MYCO003375	139	0	60	
MYCO003376	15	0	27	
MYCO003377	236	0	64	
MYCO003378	83	0	46	
MYCO003379	53	0	62	
MYCO003380	3328	0	0	
MYCO003381	405	2	14	
MYCO003382	117	0	25	
MYCO003383	706	0	52	
MYCO003384	36	0	13	
MYCO003385	66	0	10	
MYCO003386	162	0	32	
MYCO003387	14	0	29	
MYCO003388	2500	0	51	
MYCO003389	260	0	46	
MYCO003390	22	0	43	
MYCO003391	212	0	83	
MYCO003393	64	0	33	
MYCO003394	976	0	40	
MYCO003395	81	0	31	
MYCO003397	18	0	23	
MYCO003398	87	0	54	
MYCO003399	29	0	32	
MYCO003400	98	0	17	
MYCO003401	370	0	88	
MYCO003402	108	0	42	
MYCO003403	51	0	76	
MYCO003404	28	0	34	
MYCO003405	3	0	21	
MYCO003406	105	0	35	
MYCO003407	11	0	6	
MYCO003408	3	0	15	
MYCO003413	284	0	23	
MYCO003414	16	0	25	
MYCO003415	279	0	33	
MYCO003416	33	0	12	
MYCO003420	73	0	19	
MYCO003421	812	0	35	
MYCO003423	30	0	53	
MYCO003424	219	2	20	
MYCO003425	158	910	48	
MYCO003426	3254	0	3	
MYCO003427	939	0	23	
MYCO003428	3163	0	7	
MYCO003429	158	757	44	
MYCO003430	218	0	75	
MYCO003431	47	0	29	
MYCO003434	153	0	40	
MYCO003435	14	0	50	
MYCO003437	147	0	21	
MYCO003438	47	0	34	
MYCO003439	611	0	56	
MYCO003440	38	0	20	
MYCO003444	15	0	16	
MYCO003445	20	0	15	
MYCO003446	619	0	51	
MYCO003447	285	0	125	
MYCO003448	158	0	52	
MYCO003449	127	0	59	
MYCO003450	498	0	57	
MYCO003451	57	0	43	
MYCO003452	398	0	30	
MYCO003453	2040	0	5	
MYCO003454	45	0	56	
MYCO003463	96	0	33	
MYCO003465	8	0	23	
MYCO003466	3206	32	40	
MYCO003467	3224	50	23	
MYCO003468	52	0	43	
MYCO003469	21	0	41	
MYCO003470	160	0	66	
MYCO003471	27	0	18	
MYCO003472	25	0	23	
MYCO003473	23	0	39	
MYCO003474	405	2	14	
MYCO003475	3328	0	0	
MYCO003476	40	0	57	
MYCO003477	86	0	9	
MYCO003478	1655	185	282	
MYCO003479	178	0	132	
MYCO003480	179	0	67	
MYCO003481	38	0	21	
MYCO003482	26	0	34	
MYCO003483	720	0	26	
MYCO003484	83	0	55	
MYCO003485	457	0	39	
MYCO003486	207	0	16	
MYCO003487	727	0	34	
MYCO003488	96	0	11	
MYCO003489	3	0	7	
MYCO003491	14	0	25	
MYCO003492	2	0	19	
MYCO003493	260	0	27	
MYCO003494	720	0	47	
MYCO003495	23	0	33	
MYCO003496	212	0	37	
MYCO003497	8	0	46	
MYCO003498	77	0	39	
MYCO003499	6	0	36	
MYCO003502	26	0	29	
MYCO003503	0	0	8	
MYCO003505	103	0	41	
MYCO003506	66	0	63	
MYCO003507	3103	0	69	
MYCO003508	3326	0	2	
MYCO003509	337	0	63	
MYCO003510	119	0	31	
MYCO003511	3322	0	4	
MYCO003512	3328	0	0	
MYCO003513	3152	0	14	
MYCO003514	3327	0	1	
MYCO003515	2977	0	20	
MYCO003516	505	0	25	
MYCO003517	734	0	24	
MYCO003518	99	0	37	
MYCO003519	16	0	29	
MYCO003521	34	0	32	
MYCO003522	6	0	40	
MYCO003523	302	0	29	
MYCO003524	43	0	53	
MYCO003525	186	0	20	
MYCO003526	6	0	29	
MYCO003527	4	0	25	
MYCO003528	46	0	45	
MYCO003529	392	0	49	
MYCO003530	21	1218	31	
MYCO003531	72	0	52	
MYCO003532	270	0	52	
MYCO003533	1022	0	71	
MYCO003534	50	0	27	
MYCO003535	818	0	24	
MYCO003536	14	0	33	
MYCO003537	23	0	44	
MYCO003538	6	0	30	
MYCO003539	431	0	52	
MYCO003540	285	0	39	
MYCO003541	1	0	17	
MYCO003542	84	0	30	
MYCO003543	68	0	39	
MYCO003544	36	0	34	
MYCO003545	28	0	61	
MYCO003546	74	0	38	
MYCO003547	41	0	26	
MYCO003548	15	0	22	
MYCO003549	110	0	32	
MYCO003550	44	0	23	
MYCO003551	42	0	25	
MYCO003552	9	0	19	
MYCO003553	352	0	30	
MYCO003554	64	0	88	
MYCO003555	505	0	29	
MYCO003556	101	0	33	
MYCO003557	0	0	20	
MYCO003558	804	0	60	
MYCO003559	208	0	28	
MYCO003560	104	0	47	
MYCO003561	532	0	60	
MYCO003562	53	0	52	
MYCO003563	129	0	41	
MYCO003564	474	0	26	
MYCO003565	69	0	52	
MYCO003566	103	0	33	
MYCO003567	39	0	17	
MYCO003568	387	0	24	
MYCO003569	295	0	32	
MYCO003572	31	0	21	
MYCO003573	343	0	70	
MYCO003574	56	0	18	
MYCO003575	95	0	31	
MYCO003576	47	0	33	
MYCO003577	60	0	24	
MYCO003578	265	0	54	
MYCO003581	12	0	17	
MYCO003582	24	0	29	
MYCO003584	15	0	15	
MYCO003585	42	0	53	
MYCO003586	15	0	44	
MYCO003587	153	0	35	
MYCO003588	49	0	14	
MYCO003590	2318	0	41	
MYCO003591	25	0	34	
MYCO003593	3	0	56	
MYCO003594	62	0	41	
MYCO003595	1516	0	50	
MYCO003597	220	0	11	
MYCO003599	146	0	6	
MYCO003602	527	0	36	
MYCO003603	177	0	35	
MYCO003604	712	0	46	
MYCO003605	240	0	19	
MYCO003606	12	0	22	
MYCO003607	121	0	15	
MYCO003608	37	0	30	
MYCO003611	3293	0	4	
MYCO003612	33	0	18	
MYCO003613	2	0	7	
MYCO003614	6	0	35	
MYCO003615	6	0	10	
MYCO003616	51	0	56	
MYCO003617	77	0	36	
MYCO003618	72	0	38	
MYCO003619	278	1537	120	
MYCO003620	1875	377	94	
MYCO003621	489	0	45	
MYCO003622	95	0	12	
MYCO003623	187	0	25	
MYCO003625	199	0	35	
MYCO003626	278	0	44	
MYCO003627	49	0	62	
MYCO003629	36	0	40	
MYCO003630	13	796	49	
MYCO003631	6	0	22	
MYCO003632	2	0	8	
MYCO003633	60	0	33	
MYCO003634	101	0	25	
MYCO003635	129	0	74	
MYCO003636	13	0	19	
MYCO003637	56	0	28	
MYCO003638	10	0	31	
MYCO003639	321	0	30	
MYCO003640	135	0	50	
MYCO003641	13	0	24	
MYCO003642	8	0	13	
MYCO003643	4	0	7	
MYCO003645	695	0	58	
MYCO003649	509	0	96	
MYCO003650	72	0	12	
MYCO003651	306	0	37	
MYCO003652	793	0	17	
MYCO003653	1969	0	26	
MYCO003654	417	0	22	
MYCO003655	3326	0	1	
MYCO003656	14	0	13	
MYCO003657	1040	802	22	
MYCO003658	368	0	34	
MYCO003659	675	0	40	
MYCO003660	150	0	54	
MYCO003661	56	0	18	
MYCO003662	938	0	41	
MYCO003663	330	0	72	
MYCO003664	13	0	38	
MYCO003665	7	0	42	
MYCO003666	98	886	51	
MYCO003667	254	0	80	
MYCO003669	8	0	22	
MYCO003671	21	0	47	
MYCO003672	55	0	32	
MYCO003673	123	0	26	
MYCO003675	0	0	19	
MYCO003678	12	0	18	
MYCO003681	16	0	21	
MYCO003685	91	0	59	
MYCO003686	66	0	13	
MYCO003687	15	0	15	
MYCO003688	20	0	23	
MYCO003689	171	0	79	
MYCO003690	325	0	22	
MYCO003691	70	0	50	
MYCO003692	51	0	39	
MYCO003693	1150	0	46	
MYCO003694	11	0	38	
MYCO003697	27	0	22	
MYCO003698	131	0	70	
MYCO003699	37	0	28	
MYCO003700	519	0	40	
MYCO003701	113	0	39	
MYCO003702	29	0	33	
MYCO003703	61	0	58	
MYCO003704	59	0	53	
MYCO003706	159	0	10	
MYCO003714	53	0	43	
MYCO003716	228	0	17	
MYCO003723	22	0	28	
MYCO003725	1621	0	22	
MYCO003726	264	0	43	
MYCO003727	229	0	83	
MYCO003728	2111	0	73	
MYCO003729	309	0	92	
MYCO003730	10	0	46	
MYCO003731	10	0	47	
MYCO003732	79	0	51	
MYCO003733	11	0	22	
MYCO003734	55	0	60	
MYCO003735	17	0	21	
MYCO003736	65	0	56	
MYCO003737	628	0	60	
MYCO003738	1150	0	37	
MYCO003739	810	0	14	
MYCO003740	100	0	58	
MYCO003741	22	0	35	
MYCO003742	10	0	23	
MYCO003743	143	0	96	
MYCO003744	3	0	20	
MYCO003745	12	1043	11	
MYCO003746	7	0	21	
MYCO003747	24	0	12	
MYCO003748	15	0	16	
MYCO003749	23	0	18	
MYCO003750	12	0	15	
MYCO003751	11	0	13	
MYCO003752	266	0	14	
MYCO003753	386	0	14	
MYCO003754	197	0	33	
MYCO003755	16	0	23	
MYCO003756	22	0	33	
MYCO003757	133	0	37	
MYCO003758	34	0	36	
MYCO003759	29	0	53	
MYCO003760	22	0	10	
MYCO003761	129	0	34	
MYCO003762	19	0	91	
MYCO003763	30	0	25	
MYCO003764	33	0	55	
MYCO003766	87	0	36	
MYCO003767	81	0	33	
MYCO003768	81	0	15	
MYCO003769	70	0	18	
MYCO003770	95	0	25	
MYCO003771	32	0	25	
MYCO003772	59	0	39	
MYCO003773	83	0	26	
MYCO003776	631	0	73	
MYCO003779	392	0	75	
MYCO003784	187	0	52	
MYCO003785	1457	0	35	
MYCO003786	260	0	53	
MYCO003787	81	0	42	
MYCO003788	9	0	20	
MYCO003789	4	0	13	
MYCO003792	187	0	92	
MYCO003796	26	0	58	
MYCO003797	178	0	82	
MYCO003798	1783	37	29	
MYCO003800	734	0	154	
MYCO003803	59	0	39	
MYCO003805	33	0	64	
MYCO003807	137	0	22	
MYCO003810	934	0	29	
MYCO003811	146	0	62	
MYCO003812	1284	0	55	
MYCO003813	83	0	26	
MYCO003814	39	0	24	
MYCO003815	112	0	29	
MYCO003817	274	0	38	
MYCO003818	53	0	53	
MYCO003819	32	0	19	
MYCO003820	145	0	72	
MYCO003821	13	0	36	
MYCO003822	62	0	62	
MYCO003823	47	0	138	
MYCO003824	68	0	84	
MYCO003825	208	0	254	
MYCO003826	59	0	88	
MYCO003827	139	0	72	
MYCO003828	1	1271	20	
MYCO003829	681	0	75	
MYCO003830	766	0	38	
MYCO003831	19	0	39	
MYCO003832	96	0	35	
MYCO003833	427	0	49	
MYCO003836	378	0	24	
MYCO003837	31	0	44	
MYCO003838	105	0	53	
MYCO003839	12	0	35	
MYCO003840	46	0	35	
MYCO003841	5	0	28	
MYCO003843	283	0	47	
MYCO003844	79	3	29	
MYCO003845	2434	0	4	
MYCO003846	10	0	28	
MYCO003848	87	0	58	
MYCO003850	53	0	34	
MYCO003851	50	0	14	
MYCO003852	39	0	19	
MYCO003853	4	0	19	
MYCO003854	140	0	118	
MYCO003855	8	0	36	
MYCO003856	76	0	54	
MYCO003857	11	0	6	
MYCO003860	384	0	69	
MYCO003861	101	0	26	
MYCO003862	47	0	61	
MYCO003863	152	0	52	
MYCO003864	103	0	68	
MYCO003865	37	0	15	
MYCO003866	121	0	35	
MYCO003867	79	0	21	
MYCO003868	164	0	66	
MYCO003869	437	0	89	
MYCO003870	45	0	127	
MYCO003871	252	0	99	
MYCO003872	164	0	14	
MYCO003873	170	0	50	
MYCO003874	33	0	12	
MYCO003875	12	0	15	
MYCO003876	1504	0	77	
MYCO003877	46	0	98	
MYCO003878	391	0	45	
MYCO003879	1438	0	106	
MYCO003880	3	0	18	
MYCO003881	371	0	92	
MYCO003882	426	0	99	
MYCO003883	43	0	73	
MYCO003884	179	0	88	
MYCO003885	121	0	100	
MYCO003886	1159	0	59	
MYCO003887	344	0	79	
MYCO003888	97	0	80	
MYCO003889	224	0	62	
MYCO003890	74	0	18	
MYCO003891	19	0	26	
MYCO003892	766	0	62	
MYCO003893	65	0	18	
MYCO003894	934	0	193	
MYCO003895	912	0	66	
MYCO003896	206	0	67	
MYCO003897	3297	0	2	
MYCO003898	1630	0	11	
MYCO003899	947	0	71	
MYCO003900	517	0	87	
MYCO003901	53	0	30	
MYCO003902	17	0	29	
MYCO003903	1084	0	117	
MYCO003904	8	0	26	
MYCO003905	23	0	19	
MYCO003906	40	0	38	
MYCO003909	187	0	122	
MYCO003910	217	0	239	
MYCO003911	3319	0	5	
MYCO003912	155	0	64	
MYCO003914	3	0	21	
MYCO003916	3	0	54	
MYCO003919	190	0	183	
MYCO003922	3	0	30	
MYCO003923	5	0	33	
MYCO010064	8	0	10	
MYCO010078	9	0	41	
MYCO010157	2	0	6	
MYCO010186	35	0	7	
MYCO010192	772	0	10	
MYCO010236	29	0	4	
MYCO010277	3328	0	0	
MYCO010397	2	1602	11	
MYCO010456	9	0	13	
MYCO010470	485	0	15	
MYCO010492	34	0	8	
MYCO010500	165	0	5	
MYCO010530	6	0	8	
MYCO010590	17	0	8	
MYCO010609	11	0	10	
MYCO010616	1	0	14	
MYCO010634	6	0	10	
MYCO010691	2	0	9	
MYCO010724	3328	0	0	
MYCO010749	10	0	8	
MYCO010755	54	0	4	
MYCO010787	35	0	6	
MYCO010959	4	0	4	
MYCO011028	1	0	7	
MYCO011087	32	0	7	
MYCO011089	4	0	8	
MYCO011116	16	0	10	
MYCO011135	3	0	22	
MYCO011159	6	0	10	
MYCO011290	29	0	11	
MYCO011322	9	0	21	
MYCO011366	11	0	10	
MYCO011473	26	0	10	
MYCO011489	88	0	9	
MYCO011498	52	0	12	
MYCO011507	66	0	33	
MYCO011508	29	0	10	
MYCO011638	230	0	13	
MYCO011706	4	0	7	
MYCO011765	24	0	12	
MYCO011888	1	0	10	
MYCO011954	12	0	9	
MYCO011962	0	1954	12	
MYCO011982	13	0	6	
MYCO011990	34	0	16	
MYCO011991	1	0	6	
MYCO012023	34	0	46	
MYCO012063	93	0	16	
MYCO012077	104	0	13	
MYCO012142	1	0	13	
MYCO012160	1812	0	8	
MYCO012219	5	0	14	
MYCO012231	26	0	22	
MYCO012237	18	0	9	
MYCO012250	3326	0	1	
MYCO012274	116	0	13	
MYCO012306	32	0	24	
MYCO012307	8	0	5	
MYCO012309	7	0	15	
MYCO012331	3	0	10	
MYCO012395	14	0	9	
MYCO012401	15	0	4	
MYCO012427	3328	0	0	
MYCO012438	6	0	13	
MYCO012468	1	0	10	
MYCO012530	3	0	14	
MYCO012548	7	0	14	
MYCO012601	2	0	9	
MYCO012614	397	0	10	
MYCO012737	12	0	8	
MYCO012801	1	0	5	
MYCO012828	612	0	12	
MYCO012862	3328	0	0	
MYCO012922	13	0	12	
MYCO012943	18	0	24	
MYCO012970	15	0	4	
MYCO012998	4	0	14	
MYCO013018	1252	2	6	
MYCO013022	538	0	10	
MYCO013032	18	0	14	
MYCO013098	11	0	17	
MYCO013136	3	0	19	
MYCO013190	120	0	8	
MYCO013196	3	0	5	
MYCO013197	29	0	11	
MYCO013198	4	0	13	
MYCO013208	6	0	12	
MYCO013221	1	0	12	
MYCO013224	16	0	15	
MYCO013312	46	0	19	
MYCO013324	3328	0	0	
MYCO013395	126	0	19	
MYCO013566	5	0	14	
MYCO013697	32	0	12	
MYCO013705	30	0	22	
MYCO013724	369	0	9	
MYCO013770	3	0	8	
MYCO020078	2	0	18	
MYCO020456	3328	0	0	
MYCO020500	0	0	3	
MYCO022231	2381	0	10	
MYCO022306	58	0	18	
MYCO022307	44	0	18	
MYCO022395	37	0	12	
MYCO023224	23	0	8	
MYCO023724	391	0	24	
MYCO023770	4	0	9	
MYCO032307	0	0	8	
