GbGDiv simplified results table from 'accumulate-7.txt' records table.
Isolate records read from table: 1792

Locus	Missing	Paralogous	CountNuc
id	0	0	1792	
isolate	0	0	1792	
rMLST_database_accession	0	0	1792	
BACT000001	5	0	42	
BACT000002	48	0	17	
BACT000003	160	0	22	
BACT000004	14	0	14	
BACT000005	29	0	15	
BACT000006	0	0	11	
BACT000007	5	0	12	
BACT000008	8	0	9	
BACT000009	2	0	19	
BACT000010	0	0	5	
BACT000011	11	0	9	
BACT000012	1	0	13	
BACT000013	2	0	11	
BACT000014	1	1631	2	
BACT000015	1	0	8	
BACT000016	19	0	18	
BACT000017	8	0	15	
BACT000018	0	1372	3	
BACT000019	0	0	6	
BACT000020	2	0	9	
BACT000021	1792	0	0	
BACT000030	12	479	18	
BACT000031	2	0	13	
BACT000032	3	0	13	
BACT000033	46	0	17	
BACT000034	4	0	16	
BACT000035	2	0	13	
BACT000036	110	0	12	
BACT000038	5	0	13	
BACT000039	5	0	16	
BACT000040	209	0	9	
BACT000042	1	0	15	
BACT000043	0	0	13	
BACT000044	10	0	8	
BACT000045	4	0	10	
BACT000046	2	0	20	
BACT000047	19	0	8	
BACT000048	0	0	12	
BACT000049	1	0	12	
BACT000050	5	0	11	
BACT000051	47	0	13	
BACT000052	1	0	6	
BACT000053	2	0	5	
BACT000056	0	0	6	
BACT000057	1	1734	3	
BACT000058	0	0	8	
BACT000059	0	0	4	
BACT000060	2	0	3	
BACT000061	3	0	8	
BACT000062	0	1502	6	
BACT000063	1	0	6	
BACT000064	0	0	8	
BACT000065	1	0	1	
MYCO000001	14	0	71	
MYCO000005	9	0	83	
MYCO000006	13	0	116	
MYCO000009	4	0	15	
MYCO000011	3	0	12	
MYCO000013	1	0	30	
MYCO000015	395	0	40	
MYCO000016	23	0	42	
MYCO000017	21	0	40	
MYCO000019	2	0	21	
MYCO000038	119	0	16	
MYCO000046	2	0	39	
MYCO000047	6	0	23	
MYCO000049	11	0	18	
MYCO000050	203	0	83	
MYCO000051	155	0	58	
MYCO000054	65	0	17	
MYCO000066	11	0	71	
MYCO000068	47	0	45	
MYCO000129	16	0	23	
MYCO000183	83	0	24	
MYCO000184	84	0	16	
MYCO000189	227	0	37	
MYCO000198	12	0	69	
MYCO000204	48	0	28	
MYCO000207	5	0	23	
MYCO000211	17	0	62	
MYCO000223	170	0	38	
MYCO000225	10	0	24	
MYCO000227	185	0	40	
MYCO000228	30	0	33	
MYCO000236	408	0	85	
MYCO000237	46	0	41	
MYCO000238	4	0	20	
MYCO000241	7	0	32	
MYCO000242	311	0	37	
MYCO000243	142	0	35	
MYCO000244	29	886	44	
MYCO000247	4	0	17	
MYCO000248	4	0	34	
MYCO000270	15	0	59	
MYCO000274	114	0	23	
MYCO000321	3	0	9	
MYCO000322	14	0	30	
MYCO000334	2	0	19	
MYCO000337	14	0	28	
MYCO000350	23	0	32	
MYCO000352	184	0	28	
MYCO000357	6	0	29	
MYCO000360	71	0	18	
MYCO000383	333	0	17	
MYCO000384	233	0	49	
MYCO000407	70	0	24	
MYCO000410	52	0	51	
MYCO000411	36	0	24	
MYCO000414	381	0	17	
MYCO000415	389	0	24	
MYCO000417	119	425	19	
MYCO000423	13	0	31	
MYCO000429	6	0	15	
MYCO000432	1	0	15	
MYCO000433	7	0	24	
MYCO000439	62	0	22	
MYCO000440	19	0	25	
MYCO000462	5	0	22	
MYCO000465	16	0	47	
MYCO000466	8	0	15	
MYCO000467	3	0	27	
MYCO000468	19	0	15	
MYCO000472	3	0	15	
MYCO000475	47	0	22	
MYCO000483	19	0	26	
MYCO000484	16	0	25	
MYCO000486	95	0	33	
MYCO000489	258	0	16	
MYCO000490	19	0	28	
MYCO000491	2	0	11	
MYCO000495	3	0	21	
MYCO000496	20	0	23	
MYCO000498	21	0	27	
MYCO000501	12	0	26	
MYCO000502	12	0	19	
MYCO000505	425	0	20	
MYCO000509	36	0	40	
MYCO000510	31	0	21	
MYCO000512	32	0	24	
MYCO000524	143	0	29	
MYCO000527	45	0	17	
MYCO000528	263	0	29	
MYCO000529	53	0	30	
MYCO000548	10	0	15	
MYCO000551	61	0	48	
MYCO000553	162	0	22	
MYCO000555	171	0	24	
MYCO000557	20	0	42	
MYCO000558	85	0	15	
MYCO000562	6	0	29	
MYCO000563	32	0	24	
MYCO000564	20	0	31	
MYCO000566	3	0	14	
MYCO000636	5	0	17	
MYCO000639	73	0	13	
MYCO000647	69	0	31	
MYCO000655	10	0	28	
MYCO000667	96	0	141	
MYCO000668	67	0	141	
MYCO000672	70	0	53	
MYCO000684	27	0	49	
MYCO000685	9	0	15	
MYCO000693	153	0	26	
MYCO000696	29	0	34	
MYCO000732	4	0	32	
MYCO000733	2	0	13	
MYCO000734	182	0	12	
MYCO000757	3	0	19	
MYCO000758	38	0	72	
MYCO000772	52	0	33	
MYCO000777	15	0	23	
MYCO000780	4	0	21	
MYCO000782	1748	0	4	
MYCO000788	45	0	15	
MYCO000803	39	0	53	
MYCO000808	34	0	38	
MYCO000809	3	0	22	
MYCO000810	0	0	5	
MYCO000814	347	9	12	
MYCO000815	27	4	23	
MYCO000820	5	0	16	
MYCO000821	8	0	12	
MYCO000823	33	0	29	
MYCO000824	5	0	18	
MYCO000859	27	0	42	
MYCO000860	116	0	52	
MYCO000861	9	0	41	
MYCO000871	6	0	8	
MYCO000876	1	0	42	
MYCO000884	4	0	29	
MYCO000885	24	0	19	
MYCO000886	402	0	33	
MYCO000889	355	0	29	
MYCO000896	25	0	29	
MYCO000902	11	0	12	
MYCO000903	6	0	8	
MYCO000906	446	0	26	
MYCO000926	6	0	41	
MYCO000927	67	0	15	
MYCO000929	154	0	16	
MYCO000946	19	0	39	
MYCO000949	74	0	58	
MYCO000951	10	0	26	
MYCO000952	31	0	23	
MYCO000953	123	0	32	
MYCO000957	180	0	29	
MYCO000981	19	0	19	
MYCO000983	219	0	39	
MYCO000993	51	0	19	
MYCO000994	112	0	30	
MYCO000995	9	0	17	
MYCO001001	12	0	38	
MYCO001002	21	0	36	
MYCO001007	5	0	31	
MYCO001008	94	0	19	
MYCO001009	88	0	19	
MYCO001010	31	0	22	
MYCO001011	7	0	23	
MYCO001013	18	0	31	
MYCO001014	9	0	20	
MYCO001015	9	0	17	
MYCO001017	1	0	19	
MYCO001018	13	0	41	
MYCO001020	189	0	79	
MYCO001022	81	0	17	
MYCO001023	59	0	33	
MYCO001026	121	0	28	
MYCO001070	3	0	14	
MYCO001071	8	0	32	
MYCO001072	2	0	17	
MYCO001077	26	0	36	
MYCO001079	27	0	18	
MYCO001080	95	0	9	
MYCO001082	12	0	20	
MYCO001086	22	0	26	
MYCO001092	44	0	22	
MYCO001094	24	0	11	
MYCO001095	45	0	26	
MYCO001098	27	0	23	
MYCO001099	96	0	25	
MYCO001108	23	0	30	
MYCO001110	3	0	24	
MYCO001112	216	0	26	
MYCO001165	70	0	56	
MYCO001173	97	0	52	
MYCO001177	6	0	5	
MYCO001178	66	0	30	
MYCO001193	171	0	28	
MYCO001201	104	0	27	
MYCO001202	80	0	24	
MYCO001207	112	0	30	
MYCO001208	7	0	19	
MYCO001213	84	0	36	
MYCO001220	97	0	9	
MYCO001221	0	0	19	
MYCO001223	284	0	37	
MYCO001229	38	0	29	
MYCO001238	17	0	18	
MYCO001239	3	0	23	
MYCO001245	39	0	29	
MYCO001248	195	0	75	
MYCO001253	75	0	52	
MYCO001272	142	0	42	
MYCO001273	7	0	39	
MYCO001277	198	0	28	
MYCO001292	11	0	31	
MYCO001293	27	0	26	
MYCO001294	27	0	23	
MYCO001295	21	0	30	
MYCO001297	142	0	38	
MYCO001299	13	0	17	
MYCO001302	7	0	22	
MYCO001305	4	0	4	
MYCO001308	24	0	28	
MYCO001309	5	0	24	
MYCO001310	5	0	23	
MYCO001311	9	0	12	
MYCO001315	8	0	23	
MYCO001321	28	0	21	
MYCO001323	36	0	30	
MYCO001326	15	0	43	
MYCO001327	33	0	33	
MYCO001328	56	0	63	
MYCO001338	46	0	16	
MYCO001340	22	0	15	
MYCO001380	21	0	25	
MYCO001381	183	0	27	
MYCO001383	13	0	22	
MYCO001384	161	0	87	
MYCO001385	280	0	20	
MYCO001388	2	0	14	
MYCO001390	1	0	7	
MYCO001391	309	0	38	
MYCO001392	175	0	43	
MYCO001402	736	0	36	
MYCO001407	246	0	43	
MYCO001408	43	0	14	
MYCO001410	4	0	29	
MYCO001412	9	0	16	
MYCO001415	8	0	24	
MYCO001416	3	0	15	
MYCO001420	13	0	44	
MYCO001421	10	0	20	
MYCO001436	2	0	22	
MYCO001437	18	0	22	
MYCO001438	6	0	17	
MYCO001440	7	0	9	
MYCO001445	99	0	26	
MYCO001447	213	0	44	
MYCO001448	21	0	31	
MYCO001449	90	0	48	
MYCO001451	37	0	29	
MYCO001457	5	0	17	
MYCO001458	10	0	28	
MYCO001462	21	0	32	
MYCO001463	4	0	20	
MYCO001464	82	0	29	
MYCO001465	5	0	8	
MYCO001466	2	0	7	
MYCO001467	29	891	36	
MYCO001473	13	0	32	
MYCO001474	47	0	13	
MYCO001475	7	0	45	
MYCO001479	37	0	23	
MYCO001480	51	0	26	
MYCO001481	8	0	23	
MYCO001483	47	0	10	
MYCO001484	8	0	21	
MYCO001485	51	0	17	
MYCO001493	282	0	40	
MYCO001536	53	0	73	
MYCO001540	5	0	27	
MYCO001547	62	0	64	
MYCO001557	292	0	36	
MYCO001559	383	0	39	
MYCO001564	23	0	49	
MYCO001568	102	0	31	
MYCO001569	346	0	18	
MYCO001589	6	0	17	
MYCO001593	3	0	13	
MYCO001594	18	0	26	
MYCO001595	190	0	40	
MYCO001599	154	0	26	
MYCO001600	3	0	27	
MYCO001601	0	0	14	
MYCO001603	2	0	18	
MYCO001605	2	0	17	
MYCO001609	37	0	37	
MYCO001611	26	0	15	
MYCO001612	3	0	30	
MYCO001617	22	0	34	
MYCO001626	9	0	11	
MYCO001627	53	0	21	
MYCO001629	59	0	66	
MYCO001633	231	0	59	
MYCO001638	80	0	65	
MYCO001641	1792	0	0	
MYCO001649	140	0	19	
MYCO001652	96	0	24	
MYCO001653	307	0	19	
MYCO001654	48	0	13	
MYCO001655	186	0	24	
MYCO001656	146	0	16	
MYCO001657	169	0	13	
MYCO001658	45	0	29	
MYCO001659	158	0	28	
MYCO001689	7	0	24	
MYCO001694	52	0	18	
MYCO001695	2	0	19	
MYCO001697	3	0	12	
MYCO001699	7	0	54	
MYCO001701	20	0	17	
MYCO001708	8	0	16	
MYCO001709	0	0	27	
MYCO001711	0	0	23	
MYCO001712	10	0	25	
MYCO001713	66	0	29	
MYCO001821	16	0	59	
MYCO001827	3	0	12	
MYCO001829	13	0	17	
MYCO001830	5	0	29	
MYCO001832	48	0	66	
MYCO001837	43	0	43	
MYCO001842	36	0	38	
MYCO001843	40	0	31	
MYCO001844	23	0	48	
MYCO001854	20	0	33	
MYCO001886	28	0	28	
MYCO001894	78	0	37	
MYCO001981	7	0	11	
MYCO002050	2	0	7	
MYCO002089	124	0	33	
MYCO002090	1753	0	4	
MYCO002092	207	0	68	
MYCO002093	21	0	22	
MYCO002096	9	0	27	
MYCO002097	32	0	23	
MYCO002109	11	0	21	
MYCO002110	16	0	26	
MYCO002111	45	0	8	
MYCO002112	767	0	33	
MYCO002115	17	0	46	
MYCO002118	2	0	13	
MYCO002119	8	0	30	
MYCO002121	19	0	17	
MYCO002122	1	0	9	
MYCO002125	20	0	13	
MYCO002130	216	0	19	
MYCO002134	7	0	16	
MYCO002139	30	0	24	
MYCO002140	1	0	12	
MYCO002141	30	0	34	
MYCO002145	28	0	17	
MYCO002150	112	0	21	
MYCO002151	112	0	13	
MYCO002153	355	0	33	
MYCO002154	375	0	23	
MYCO002155	285	0	44	
MYCO002156	7	0	29	
MYCO002157	773	0	30	
MYCO002163	79	0	37	
MYCO002166	6	0	10	
MYCO002170	206	0	14	
MYCO002176	49	0	28	
MYCO002178	8	0	22	
MYCO002179	33	0	9	
MYCO002182	11	0	14	
MYCO002186	2	0	6	
MYCO002187	494	0	30	
MYCO002188	13	0	36	
MYCO002192	48	0	23	
MYCO002193	5	0	9	
MYCO002194	13	0	23	
MYCO002195	9	0	22	
MYCO002196	10	0	36	
MYCO002199	0	0	9	
MYCO002200	13	0	18	
MYCO002201	62	0	32	
MYCO002202	85	0	24	
MYCO002210	35	0	28	
MYCO002211	43	0	32	
MYCO002213	87	0	48	
MYCO002216	13	0	37	
MYCO002217	86	0	24	
MYCO002218	74	0	27	
MYCO002219	49	0	16	
MYCO002220	12	0	31	
MYCO002221	388	0	64	
MYCO002222	20	0	33	
MYCO002225	53	0	31	
MYCO002228	23	0	31	
MYCO002230	106	0	28	
MYCO002235	29	0	25	
MYCO002239	1	0	9	
MYCO002241	225	0	44	
MYCO002242	69	0	25	
MYCO002243	194	0	22	
MYCO002244	2	0	2	
MYCO002245	35	0	24	
MYCO002246	18	0	21	
MYCO002247	78	0	32	
MYCO002257	15	0	24	
MYCO002259	80	0	20	
MYCO002315	310	0	36	
MYCO002343	81	0	43	
MYCO002344	270	0	30	
MYCO002357	8	0	21	
MYCO002361	4	0	13	
MYCO002362	40	0	18	
MYCO002364	5	0	23	
MYCO002366	3	0	31	
MYCO002367	2	0	13	
MYCO002368	22	0	26	
MYCO002373	27	0	27	
MYCO002374	46	0	30	
MYCO002399	21	0	21	
MYCO002400	23	0	25	
MYCO002402	22	0	59	
MYCO002404	12	0	46	
MYCO002409	7	0	18	
MYCO002410	4	0	16	
MYCO002411	45	0	37	
MYCO002413	66	0	23	
MYCO002420	70	0	18	
MYCO002421	0	0	11	
MYCO002425	140	0	22	
MYCO002426	524	0	33	
MYCO002427	143	0	22	
MYCO002439	264	0	22	
MYCO002440	41	0	44	
MYCO002445	8	0	7	
MYCO002447	21	0	38	
MYCO002448	78	0	62	
MYCO002454	8	0	26	
MYCO002455	27	0	30	
MYCO002457	14	0	23	
MYCO002460	1	0	13	
MYCO002461	3	0	11	
MYCO002462	122	0	28	
MYCO002465	22	0	10	
MYCO002466	15	0	20	
MYCO002467	37	0	56	
MYCO002470	5	0	12	
MYCO002477	8	0	35	
MYCO002500	5	0	26	
MYCO002502	19	0	45	
MYCO002509	6	0	26	
MYCO002511	7	0	11	
MYCO002518	217	0	24	
MYCO002521	1	0	12	
MYCO002523	15	0	8	
MYCO002524	505	0	143	
MYCO002533	7	0	12	
MYCO002534	0	0	11	
MYCO002538	84	0	29	
MYCO002540	404	0	28	
MYCO002555	31	0	44	
MYCO002559	142	0	26	
MYCO002568	16	0	32	
MYCO002572	48	0	33	
MYCO002575	31	0	26	
MYCO002580	75	0	25	
MYCO002582	15	0	19	
MYCO002583	44	0	44	
MYCO002587	270	0	33	
MYCO002589	43	0	32	
MYCO002592	70	0	24	
MYCO002593	34	0	17	
MYCO002594	0	0	9	
MYCO002603	1	0	19	
MYCO002606	15	0	18	
MYCO002610	42	0	29	
MYCO002611	28	0	26	
MYCO002612	3	0	19	
MYCO002613	2	0	9	
MYCO002614	28	0	38	
MYCO002670	6	0	22	
MYCO002673	212	436	23	
MYCO002676	10	0	12	
MYCO002678	150	0	24	
MYCO002682	34	0	35	
MYCO002696	41	0	22	
MYCO002697	3	0	12	
MYCO002699	0	0	6	
MYCO002702	5	0	29	
MYCO002703	49	0	31	
MYCO002708	3	0	7	
MYCO002710	33	0	19	
MYCO002711	11	0	17	
MYCO002714	10	0	23	
MYCO002715	257	0	27	
MYCO002720	6	0	24	
MYCO002724	28	0	47	
MYCO002725	50	0	25	
MYCO002726	18	0	17	
MYCO002727	104	0	29	
MYCO002731	190	0	26	
MYCO002733	412	0	30	
MYCO002744	48	0	17	
MYCO002748	161	0	51	
MYCO002750	29	0	21	
MYCO002753	9	0	32	
MYCO002754	13	0	17	
MYCO002764	30	0	25	
MYCO002773	7	0	15	
MYCO002782	127	0	33	
MYCO002783	58	0	44	
MYCO002788	171	0	12	
MYCO002794	7	0	19	
MYCO002795	32	0	25	
MYCO002828	806	220	30	
MYCO002838	27	0	10	
MYCO002839	694	0	42	
MYCO002841	11	0	27	
MYCO002846	3	0	34	
MYCO002847	38	0	30	
MYCO002861	9	0	16	
MYCO002864	23	0	26	
MYCO002868	3	0	27	
MYCO002870	34	0	17	
MYCO002882	3	0	19	
MYCO002883	2	0	17	
MYCO002889	32	0	16	
MYCO002894	221	0	15	
MYCO002901	1	0	6	
MYCO002902	96	0	19	
MYCO002915	31	0	30	
MYCO002916	136	0	27	
MYCO002917	271	0	36	
MYCO002918	107	0	61	
MYCO002919	2	0	10	
MYCO002921	51	0	24	
MYCO002927	9	0	20	
MYCO002965	2	0	8	
MYCO002967	102	0	53	
MYCO002976	28	0	22	
MYCO002981	77	0	30	
MYCO002982	9	0	30	
MYCO002984	20	0	34	
MYCO002988	37	0	26	
MYCO002992	54	0	42	
MYCO002993	3	0	19	
MYCO002995	61	0	30	
MYCO002996	110	0	44	
MYCO003001	12	0	22	
MYCO003003	72	0	35	
MYCO003006	51	0	14	
MYCO003009	7	0	30	
MYCO003010	170	0	19	
MYCO003011	326	0	19	
MYCO003014	151	0	50	
MYCO003024	76	0	31	
MYCO003025	48	0	23	
MYCO003027	16	0	25	
MYCO003028	217	0	17	
MYCO003029	7	0	19	
MYCO003031	85	0	36	
MYCO003032	179	0	21	
MYCO003034	3	0	13	
MYCO003038	4	0	20	
MYCO003042	23	0	22	
MYCO003043	3	0	27	
MYCO003045	3	0	20	
MYCO003048	8	0	19	
MYCO003049	40	0	43	
MYCO003051	15	0	34	
MYCO003052	8	0	6	
MYCO003053	1	0	3	
MYCO003054	63	0	21	
MYCO003057	7	0	22	
MYCO003085	103	0	25	
MYCO003100	3	0	15	
MYCO003101	7	0	21	
MYCO003102	2	0	20	
MYCO003105	71	0	23	
MYCO003117	27	4	23	
MYCO003118	347	9	12	
MYCO003139	8	0	38	
MYCO003140	7	0	33	
MYCO003193	30	0	59	
MYCO003194	1	0	22	
MYCO003195	154	0	42	
MYCO003197	8	0	30	
MYCO003198	116	0	44	
MYCO003205	12	0	20	
MYCO003206	5	0	34	
MYCO003207	10	0	22	
MYCO003208	22	0	18	
MYCO003211	127	0	46	
MYCO003213	5	0	21	
MYCO003214	9	0	22	
MYCO003219	2	0	6	
MYCO003220	11	0	30	
MYCO003221	0	0	11	
MYCO003223	0	0	20	
MYCO003228	160	0	26	
MYCO003229	15	0	42	
MYCO003240	187	0	51	
MYCO003241	88	0	17	
MYCO003245	3	0	35	
MYCO003246	6	0	10	
MYCO003248	12	0	34	
MYCO003252	83	0	29	
MYCO003255	35	0	25	
MYCO003257	90	0	25	
MYCO003258	112	0	5	
MYCO003261	6	0	25	
MYCO003262	90	0	25	
MYCO003264	7	0	22	
MYCO003265	46	0	20	
MYCO003267	126	0	23	
MYCO003274	1	0	24	
MYCO003275	43	0	16	
MYCO003276	38	0	25	
MYCO003277	4	0	17	
MYCO003280	12	0	35	
MYCO003285	54	0	32	
MYCO003290	9	0	24	
MYCO003296	533	0	96	
MYCO003302	26	0	31	
MYCO003303	1774	0	2	
MYCO003304	15	0	7	
MYCO003305	33	0	26	
MYCO003306	121	0	38	
MYCO003313	9	0	15	
MYCO003317	7	0	17	
MYCO003318	82	0	33	
MYCO003319	23	0	21	
MYCO003328	132	0	28	
MYCO003329	19	0	39	
MYCO003330	174	0	25	
MYCO003336	7	0	18	
MYCO003340	12	0	29	
MYCO003341	222	0	29	
MYCO003356	6	0	21	
MYCO003392	21	1343	12	
MYCO003396	28	0	34	
MYCO003409	45	0	36	
MYCO003410	308	0	16	
MYCO003411	68	0	35	
MYCO003412	1	0	11	
MYCO003417	2	1005	33	
MYCO003418	0	0	6	
MYCO003419	68	0	20	
MYCO003422	2	0	13	
MYCO003432	10	0	20	
MYCO003433	625	0	15	
MYCO003436	431	0	38	
MYCO003441	193	0	38	
MYCO003455	72	0	15	
MYCO003457	11	0	30	
MYCO003462	5	0	11	
MYCO003464	4	0	26	
MYCO003490	23	0	40	
MYCO003500	9	0	23	
MYCO003501	11	0	16	
MYCO003504	9	0	23	
MYCO003520	18	0	29	
MYCO003570	4	0	17	
MYCO003571	16	0	25	
MYCO003579	256	0	34	
MYCO003580	32	0	24	
MYCO003583	1	0	8	
MYCO003589	413	0	19	
MYCO003592	3	0	11	
MYCO003596	136	0	55	
MYCO003598	12	0	27	
MYCO003600	10	0	17	
MYCO003601	17	0	11	
MYCO003609	2	0	10	
MYCO003610	173	0	42	
MYCO003624	5	0	20	
MYCO003628	3	0	15	
MYCO003644	84	0	31	
MYCO003646	278	0	68	
MYCO003647	27	0	13	
MYCO003648	5	0	13	
MYCO003668	3	0	17	
MYCO003670	75	0	20	
MYCO003674	3	0	17	
MYCO003676	2	0	16	
MYCO003677	20	0	23	
MYCO003679	8	0	29	
MYCO003680	43	0	23	
MYCO003682	46	0	53	
MYCO003683	33	0	26	
MYCO003684	18	0	14	
MYCO003695	12	0	30	
MYCO003696	74	0	49	
MYCO003705	2	0	17	
MYCO003707	45	0	27	
MYCO003708	46	0	26	
MYCO003709	37	0	27	
MYCO003710	720	0	26	
MYCO003711	16	0	37	
MYCO003712	223	0	19	
MYCO003713	16	0	15	
MYCO003715	1	0	14	
MYCO003717	2	0	19	
MYCO003718	1	0	8	
MYCO003719	9	0	36	
MYCO003720	47	0	30	
MYCO003721	150	0	38	
MYCO003722	8	0	33	
MYCO003765	199	0	28	
MYCO003774	5	0	29	
MYCO003775	20	0	46	
MYCO003777	94	0	32	
MYCO003778	15	0	30	
MYCO003780	165	0	16	
MYCO003781	5	0	9	
MYCO003782	16	0	23	
MYCO003783	17	0	22	
MYCO003790	10	0	33	
MYCO003791	19	0	28	
MYCO003793	309	0	83	
MYCO003794	89	0	104	
MYCO003795	85	0	145	
MYCO003799	9	0	34	
MYCO003801	10	0	40	
MYCO003802	30	0	25	
MYCO003804	19	0	29	
MYCO003806	4	0	39	
MYCO003808	109	0	41	
MYCO003809	2	0	26	
MYCO003816	125	0	27	
MYCO003834	46	0	28	
MYCO003835	232	0	31	
MYCO003842	42	0	37	
MYCO003847	682	0	17	
MYCO003849	3	0	6	
MYCO003858	16	0	29	
MYCO003859	184	0	92	
MYCO003907	14	0	45	
MYCO003908	59	0	22	
MYCO003913	32	0	52	
MYCO003915	5	0	41	
MYCO003917	4	0	49	
MYCO003918	6	0	45	
MYCO003920	4	0	27	
MYCO003921	9	0	43	
MYCO013678	1	0	12	
MYCO000002	15	0	58	
MYCO000003	13	0	46	
MYCO000004	5	0	37	
MYCO000007	182	0	63	
MYCO000008	6	0	26	
MYCO000010	5	0	44	
MYCO000012	10	0	38	
MYCO000014	8	0	66	
MYCO000018	85	0	52	
MYCO000020	91	0	80	
MYCO000021	260	0	40	
MYCO000022	19	0	23	
MYCO000023	17	0	35	
MYCO000024	532	0	29	
MYCO000025	180	0	25	
MYCO000026	47	0	59	
MYCO000027	9	0	13	
MYCO000028	4	0	13	
MYCO000029	128	0	56	
MYCO000030	387	0	20	
MYCO000031	18	0	10	
MYCO000032	549	0	62	
MYCO000033	4	0	10	
MYCO000034	4	0	15	
MYCO000035	26	0	76	
MYCO000036	33	0	36	
MYCO000037	22	0	45	
MYCO000039	67	0	13	
MYCO000040	28	0	34	
MYCO000041	170	0	94	
MYCO000042	122	0	36	
MYCO000043	10	0	27	
MYCO000044	218	0	30	
MYCO000045	805	0	32	
MYCO000048	9	0	41	
MYCO000052	51	7	28	
MYCO000057	9	1042	29	
MYCO000058	28	0	74	
MYCO000059	7	0	25	
MYCO000060	5	0	27	
MYCO000061	401	0	14	
MYCO000062	82	0	45	
MYCO000063	129	0	65	
MYCO000064	746	0	81	
MYCO000065	4	0	7	
MYCO000067	6	0	22	
MYCO000069	41	0	46	
MYCO000070	6	1007	32	
MYCO000071	476	0	41	
MYCO000072	413	0	31	
MYCO000073	8	752	32	
MYCO000074	677	0	37	
MYCO000075	87	0	37	
MYCO000076	6	0	12	
MYCO000077	26	0	27	
MYCO000078	21	0	17	
MYCO000079	22	0	27	
MYCO000080	34	0	25	
MYCO000081	3	0	20	
MYCO000082	460	0	18	
MYCO000083	647	0	42	
MYCO000084	11	0	25	
MYCO000085	104	0	29	
MYCO000086	137	0	44	
MYCO000087	116	0	40	
MYCO000088	11	0	21	
MYCO000089	19	0	28	
MYCO000090	31	0	28	
MYCO000091	30	0	20	
MYCO000092	88	0	74	
MYCO000093	51	0	35	
MYCO000094	1726	28	25	
MYCO000095	761	0	111	
MYCO000096	192	0	44	
MYCO000097	5	0	13	
MYCO000098	6	0	16	
MYCO000099	519	0	37	
MYCO000100	4	0	6	
MYCO000101	66	0	197	
MYCO000102	47	0	52	
MYCO000103	77	0	58	
MYCO000104	541	0	46	
MYCO000106	29	0	31	
MYCO000107	1774	0	3	
MYCO000108	8	0	9	
MYCO000109	563	0	37	
MYCO000110	8	0	17	
MYCO000111	54	0	57	
MYCO000112	20	0	40	
MYCO000113	91	0	34	
MYCO000114	88	0	20	
MYCO000115	219	0	40	
MYCO000116	11	0	26	
MYCO000117	7	0	32	
MYCO000118	57	0	58	
MYCO000119	43	0	52	
MYCO000120	43	0	68	
MYCO000121	57	0	22	
MYCO000122	5	0	6	
MYCO000123	4	0	10	
MYCO000124	1743	0	2	
MYCO000125	91	0	29	
MYCO000126	15	0	50	
MYCO000127	13	0	31	
MYCO000128	18	0	21	
MYCO000130	4	0	20	
MYCO000131	11	0	35	
MYCO000132	66	0	23	
MYCO000133	206	0	27	
MYCO000134	576	0	19	
MYCO000135	3	0	12	
MYCO000136	177	0	51	
MYCO000137	214	0	16	
MYCO000138	199	0	19	
MYCO000139	12	0	32	
MYCO000140	4	0	13	
MYCO000141	5	0	17	
MYCO000142	276	0	28	
MYCO000143	105	0	53	
MYCO000144	107	0	22	
MYCO000145	99	0	27	
MYCO000146	321	0	28	
MYCO000147	65	0	50	
MYCO000148	18	0	18	
MYCO000149	339	0	27	
MYCO000150	14	0	12	
MYCO000151	118	0	61	
MYCO000152	29	0	58	
MYCO000153	30	0	27	
MYCO000154	17	0	22	
MYCO000155	46	0	20	
MYCO000156	1	0	12	
MYCO000157	142	0	34	
MYCO000158	4	0	22	
MYCO000159	131	0	45	
MYCO000160	17	0	43	
MYCO000161	53	0	42	
MYCO000162	88	0	32	
MYCO000163	1	0	19	
MYCO000164	3	0	14	
MYCO000165	877	0	8	
MYCO000166	30	0	50	
MYCO000167	2	875	20	
MYCO000168	31	0	33	
MYCO000169	42	0	50	
MYCO000170	6	0	23	
MYCO000171	474	0	42	
MYCO000172	88	0	42	
MYCO000173	5	0	30	
MYCO000174	28	0	42	
MYCO000175	28	0	32	
MYCO000176	59	0	36	
MYCO000177	2	0	14	
MYCO000178	5	0	25	
MYCO000179	100	0	31	
MYCO000180	221	0	46	
MYCO000181	4	0	24	
MYCO000182	137	0	48	
MYCO000185	29	0	12	
MYCO000186	91	0	62	
MYCO000187	24	0	25	
MYCO000188	6	0	15	
MYCO000190	0	0	9	
MYCO000191	172	0	30	
MYCO000192	401	0	26	
MYCO000193	20	0	57	
MYCO000194	133	0	108	
MYCO000195	308	0	18	
MYCO000196	22	0	17	
MYCO000197	1792	0	0	
MYCO000199	2	0	19	
MYCO000200	22	0	13	
MYCO000201	130	0	7	
MYCO000202	57	0	78	
MYCO000203	74	0	15	
MYCO000205	245	0	31	
MYCO000206	96	0	60	
MYCO000208	11	0	15	
MYCO000209	123	0	35	
MYCO000210	152	0	28	
MYCO000212	23	0	29	
MYCO000213	11	0	37	
MYCO000214	29	0	55	
MYCO000215	191	0	28	
MYCO000216	19	0	23	
MYCO000217	157	0	24	
MYCO000218	521	0	32	
MYCO000219	0	0	22	
MYCO000220	66	0	29	
MYCO000221	175	0	29	
MYCO000222	33	0	22	
MYCO000224	22	0	11	
MYCO000226	92	0	52	
MYCO000229	4	0	23	
MYCO000230	7	0	43	
MYCO000231	21	0	43	
MYCO000232	8	0	25	
MYCO000233	174	0	23	
MYCO000234	89	0	34	
MYCO000235	27	0	61	
MYCO000239	5	0	7	
MYCO000240	6	0	16	
MYCO000245	9	0	15	
MYCO000246	71	0	41	
MYCO000249	6	0	21	
MYCO000250	3	0	8	
MYCO000251	3	0	22	
MYCO000252	25	0	80	
MYCO000253	11	0	11	
MYCO000254	19	0	11	
MYCO000255	158	0	38	
MYCO000256	481	0	41	
MYCO000257	213	0	16	
MYCO000258	16	0	17	
MYCO000259	3	0	24	
MYCO000260	29	0	34	
MYCO000261	27	0	50	
MYCO000262	7	0	15	
MYCO000263	164	0	20	
MYCO000264	41	0	21	
MYCO000265	7	0	36	
MYCO000266	457	0	82	
MYCO000267	182	0	34	
MYCO000268	14	0	16	
MYCO000269	36	0	26	
MYCO000271	62	0	64	
MYCO000272	29	0	36	
MYCO000273	22	0	22	
MYCO000275	178	0	30	
MYCO000276	76	481	26	
MYCO000277	58	714	42	
MYCO000278	1789	0	2	
MYCO000279	1689	0	41	
MYCO000280	770	0	50	
MYCO000281	79	0	26	
MYCO000282	24	0	49	
MYCO000283	147	0	43	
MYCO000284	328	0	97	
MYCO000285	47	0	8	
MYCO000286	518	0	41	
MYCO000287	6	6	6	
MYCO000288	1	0	15	
MYCO000289	39	0	32	
MYCO000290	289	0	47	
MYCO000291	241	0	28	
MYCO000292	13	0	26	
MYCO000293	49	0	35	
MYCO000294	48	0	31	
MYCO000295	8	0	17	
MYCO000296	26	0	31	
MYCO000297	950	0	56	
MYCO000298	3	0	12	
MYCO000299	3	0	14	
MYCO000300	2	0	8	
MYCO000301	1	0	12	
MYCO000302	28	0	22	
MYCO000303	15	0	30	
MYCO000304	245	0	217	
MYCO000305	1761	0	6	
MYCO000306	8	0	20	
MYCO000307	7	0	18	
MYCO000308	4	0	25	
MYCO000309	11	0	11	
MYCO000310	1	0	10	
MYCO000311	11	0	37	
MYCO000312	146	0	46	
MYCO000313	1	0	15	
MYCO000314	61	0	22	
MYCO000315	425	0	27	
MYCO000316	147	0	18	
MYCO000317	25	0	21	
MYCO000318	11	0	16	
MYCO000319	17	0	21	
MYCO000320	4	0	16	
MYCO000323	191	0	22	
MYCO000324	6	0	20	
MYCO000325	859	0	3	
MYCO000326	95	0	16	
MYCO000327	108	0	34	
MYCO000328	6	0	13	
MYCO000329	49	0	20	
MYCO000330	12	0	27	
MYCO000331	105	0	44	
MYCO000332	14	0	27	
MYCO000333	1	0	15	
MYCO000335	224	0	13	
MYCO000336	1557	200	12	
MYCO000338	348	0	54	
MYCO000339	246	0	72	
MYCO000340	3	0	18	
MYCO000341	540	0	31	
MYCO000342	43	0	43	
MYCO000343	69	0	40	
MYCO000344	7	0	17	
MYCO000345	2	0	12	
MYCO000346	76	0	29	
MYCO000347	3	7	18	
MYCO000348	4	0	10	
MYCO000349	8	0	19	
MYCO000351	42	0	16	
MYCO000353	2	0	13	
MYCO000354	1791	0	1	
MYCO000355	1079	0	181	
MYCO000356	143	0	22	
MYCO000358	486	0	17	
MYCO000359	22	0	28	
MYCO000361	7	0	21	
MYCO000362	9	0	46	
MYCO000363	17	0	29	
MYCO000364	4	0	25	
MYCO000365	44	0	29	
MYCO000366	24	0	17	
MYCO000367	10	0	13	
MYCO000368	68	0	38	
MYCO000369	6	0	13	
MYCO000370	9	0	40	
MYCO000371	11	0	13	
MYCO000372	37	0	27	
MYCO000373	65	0	78	
MYCO000374	6	0	18	
MYCO000375	179	0	20	
MYCO000376	139	0	36	
MYCO000377	134	0	33	
MYCO000378	242	0	6	
MYCO000379	6	0	10	
MYCO000380	27	0	18	
MYCO000381	19	0	24	
MYCO000382	6	0	8	
MYCO000385	3	0	20	
MYCO000386	151	0	90	
MYCO000387	644	0	15	
MYCO000388	1791	0	1	
MYCO000389	227	0	40	
MYCO000390	3	0	8	
MYCO000391	32	0	22	
MYCO000392	102	0	46	
MYCO000393	557	0	59	
MYCO000394	22	0	23	
MYCO000395	307	0	11	
MYCO000396	11	0	14	
MYCO000397	268	593	51	
MYCO000398	100	0	17	
MYCO000399	29	0	44	
MYCO000400	33	0	26	
MYCO000401	81	0	10	
MYCO000402	330	0	65	
MYCO000403	405	0	12	
MYCO000404	52	0	79	
MYCO000405	867	0	91	
MYCO000406	16	0	21	
MYCO000408	7	0	56	
MYCO000409	10	0	32	
MYCO000412	15	0	37	
MYCO000413	44	0	17	
MYCO000416	1	0	8	
MYCO000418	9	0	39	
MYCO000419	30	0	39	
MYCO000420	3	0	20	
MYCO000421	9	0	18	
MYCO000422	2	0	22	
MYCO000424	1	0	9	
MYCO000425	419	0	94	
MYCO000426	30	0	17	
MYCO000427	19	0	30	
MYCO000428	76	0	22	
MYCO000430	22	0	7	
MYCO000431	11	0	10	
MYCO000434	8	0	21	
MYCO000435	110	0	58	
MYCO000436	118	0	20	
MYCO000437	87	0	11	
MYCO000438	28	0	28	
MYCO000441	114	0	14	
MYCO000442	37	0	37	
MYCO000443	50	0	14	
MYCO000444	288	0	26	
MYCO000445	4	0	15	
MYCO000446	408	0	15	
MYCO000447	72	0	39	
MYCO000448	31	0	14	
MYCO000449	19	0	23	
MYCO000450	21	0	62	
MYCO000451	3	0	11	
MYCO000452	2	0	13	
MYCO000453	446	0	25	
MYCO000454	4	0	8	
MYCO000455	1	0	12	
MYCO000456	14	0	34	
MYCO000457	189	0	40	
MYCO000458	126	0	43	
MYCO000459	49	0	26	
MYCO000460	2	0	7	
MYCO000461	22	0	20	
MYCO000463	24	0	8	
MYCO000464	1	0	14	
MYCO000469	38	0	37	
MYCO000470	17	0	14	
MYCO000471	32	0	24	
MYCO000473	12	0	26	
MYCO000474	4	0	14	
MYCO000476	6	0	8	
MYCO000477	22	0	7	
MYCO000478	8	0	18	
MYCO000479	189	0	19	
MYCO000480	54	0	16	
MYCO000481	12	0	12	
MYCO000482	11	0	25	
MYCO000485	28	0	29	
MYCO000487	56	0	19	
MYCO000488	8	0	21	
MYCO000492	229	0	50	
MYCO000493	56	0	34	
MYCO000494	40	0	21	
MYCO000497	219	0	22	
MYCO000499	39	0	15	
MYCO000500	156	0	21	
MYCO000503	4	0	11	
MYCO000504	1	0	10	
MYCO000506	12	0	6	
MYCO000507	150	0	91	
MYCO000508	0	0	4	
MYCO000511	275	0	32	
MYCO000513	19	0	12	
MYCO000514	15	0	17	
MYCO000515	1557	115	13	
MYCO000516	1	0	11	
MYCO000517	41	0	35	
MYCO000518	3	0	17	
MYCO000519	199	0	21	
MYCO000520	13	0	9	
MYCO000521	2	0	11	
MYCO000522	5	0	28	
MYCO000523	92	0	14	
MYCO000525	155	0	23	
MYCO000526	18	0	15	
MYCO000530	137	0	38	
MYCO000531	217	0	12	
MYCO000532	1684	0	5	
MYCO000533	35	0	18	
MYCO000534	59	0	25	
MYCO000535	26	0	20	
MYCO000536	280	0	19	
MYCO000537	143	0	44	
MYCO000538	423	0	66	
MYCO000539	702	0	11	
MYCO000540	135	0	9	
MYCO000541	66	0	34	
MYCO000542	223	0	23	
MYCO000543	0	0	6	
MYCO000544	157	0	8	
MYCO000545	51	0	30	
MYCO000546	6	0	10	
MYCO000547	104	0	28	
MYCO000549	22	0	16	
MYCO000550	5	0	8	
MYCO000552	386	0	34	
MYCO000554	117	0	19	
MYCO000556	3	0	12	
MYCO000559	27	0	8	
MYCO000560	6	0	18	
MYCO000561	104	0	17	
MYCO000565	75	0	50	
MYCO000567	24	0	30	
MYCO000568	55	0	37	
MYCO000569	3	0	9	
MYCO000570	102	0	54	
MYCO000571	160	0	36	
MYCO000572	9	0	12	
MYCO000573	96	0	45	
MYCO000574	93	0	27	
MYCO000575	115	0	31	
MYCO000576	127	0	36	
MYCO000577	128	0	23	
MYCO000578	1362	0	65	
MYCO000579	91	0	26	
MYCO000580	10	0	17	
MYCO000581	53	0	11	
MYCO000582	6	0	10	
MYCO000583	37	0	20	
MYCO000584	21	0	68	
MYCO000585	51	0	60	
MYCO000586	5	528	19	
MYCO000587	45	0	39	
MYCO000588	74	0	25	
MYCO000589	15	0	35	
MYCO000590	866	0	12	
MYCO000591	122	0	42	
MYCO000592	314	0	34	
MYCO000593	20	0	33	
MYCO000594	105	0	47	
MYCO000595	8	0	12	
MYCO000596	13	0	6	
MYCO000597	7	0	28	
MYCO000598	4	0	15	
MYCO000599	2	962	8	
MYCO000600	74	0	12	
MYCO000601	69	0	21	
MYCO000602	212	0	28	
MYCO000603	321	0	6	
MYCO000604	77	0	32	
MYCO000605	8	0	14	
MYCO000606	35	0	23	
MYCO000607	4	0	9	
MYCO000608	1	0	6	
MYCO000609	10	0	12	
MYCO000610	191	0	25	
MYCO000611	5	0	13	
MYCO000612	212	0	13	
MYCO000613	479	0	54	
MYCO000614	59	0	25	
MYCO000615	16	0	7	
MYCO000616	11	0	9	
MYCO000617	2	0	17	
MYCO000618	207	0	13	
MYCO000619	1792	0	0	
MYCO000620	472	0	30	
MYCO000621	213	0	21	
MYCO000622	4	0	28	
MYCO000623	1	0	4	
MYCO000624	1	0	15	
MYCO000625	118	0	22	
MYCO000626	10	0	9	
MYCO000627	11	0	7	
MYCO000628	141	823	39	
MYCO000629	320	0	42	
MYCO000630	462	0	52	
MYCO000631	483	0	70	
MYCO000632	1	0	16	
MYCO000633	16	0	29	
MYCO000634	3	0	13	
MYCO000635	6	0	18	
MYCO000637	4	0	20	
MYCO000638	23	0	16	
MYCO000642	12	0	24	
MYCO000643	48	0	20	
MYCO000644	3	6	22	
MYCO000645	3	0	20	
MYCO000646	23	0	17	
MYCO000648	609	0	82	
MYCO000649	683	0	18	
MYCO000650	482	0	19	
MYCO000653	11	0	12	
MYCO000654	192	0	38	
MYCO000656	13	0	17	
MYCO000657	3	0	4	
MYCO000658	9	0	21	
MYCO000659	4	0	11	
MYCO000660	18	0	9	
MYCO000661	24	0	9	
MYCO000662	15	0	8	
MYCO000663	147	0	55	
MYCO000664	3	0	6	
MYCO000665	20	0	10	
MYCO000666	2	0	8	
MYCO000669	157	0	54	
MYCO000670	343	0	13	
MYCO000671	36	0	25	
MYCO000673	235	0	21	
MYCO000674	18	0	10	
MYCO000675	73	0	17	
MYCO000676	5	769	63	
MYCO000677	1	0	14	
MYCO000678	11	0	14	
MYCO000679	24	0	12	
MYCO000680	2	0	12	
MYCO000681	3	0	17	
MYCO000686	272	0	14	
MYCO000687	18	0	24	
MYCO000688	18	0	24	
MYCO000689	72	0	9	
MYCO000690	21	0	17	
MYCO000691	0	0	26	
MYCO000692	0	0	7	
MYCO000694	74	0	28	
MYCO000695	11	0	20	
MYCO000697	13	0	34	
MYCO000698	310	0	23	
MYCO000699	0	0	7	
MYCO000711	132	0	52	
MYCO000712	4	0	16	
MYCO000713	6	0	33	
MYCO000724	165	0	45	
MYCO000725	22	0	19	
MYCO000726	47	0	31	
MYCO000727	87	0	26	
MYCO000728	46	0	30	
MYCO000729	261	0	38	
MYCO000730	41	0	21	
MYCO000731	156	0	21	
MYCO000735	5	0	16	
MYCO000736	30	0	21	
MYCO000737	6	0	16	
MYCO000738	217	0	16	
MYCO000739	888	0	9	
MYCO000740	446	0	23	
MYCO000741	11	197	13	
MYCO000742	1792	0	0	
MYCO000743	6	0	14	
MYCO000744	85	0	18	
MYCO000745	233	0	22	
MYCO000746	1622	0	16	
MYCO000747	1626	0	22	
MYCO000748	163	0	13	
MYCO000749	58	815	34	
MYCO000750	412	631	20	
MYCO000751	59	0	24	
MYCO000752	45	0	34	
MYCO000753	87	0	35	
MYCO000754	483	0	42	
MYCO000755	218	0	64	
MYCO000756	46	0	20	
MYCO000759	0	0	6	
MYCO000760	62	0	9	
MYCO000761	13	0	21	
MYCO000762	8	0	13	
MYCO000763	5	0	7	
MYCO000764	8	0	37	
MYCO000765	37	0	18	
MYCO000766	457	0	28	
MYCO000767	129	0	16	
MYCO000768	22	0	38	
MYCO000769	4	0	16	
MYCO000770	104	0	19	
MYCO000771	27	0	16	
MYCO000773	29	0	52	
MYCO000774	58	0	30	
MYCO000775	20	0	20	
MYCO000776	73	0	22	
MYCO000778	97	0	27	
MYCO000779	560	0	12	
MYCO000781	1748	0	1	
MYCO000783	10	0	50	
MYCO000784	45	0	18	
MYCO000785	55	0	37	
MYCO000786	60	0	12	
MYCO000787	251	0	25	
MYCO000789	3	0	11	
MYCO000790	16	0	25	
MYCO000791	40	0	36	
MYCO000792	8	0	26	
MYCO000793	4	0	9	
MYCO000794	18	0	34	
MYCO000795	215	1	11	
MYCO000796	1792	0	0	
MYCO000797	1764	0	6	
MYCO000798	11	0	13	
MYCO000799	3	0	19	
MYCO000800	19	0	35	
MYCO000801	3	0	10	
MYCO000802	33	0	27	
MYCO000804	317	0	14	
MYCO000805	4	0	32	
MYCO000806	15	0	29	
MYCO000807	5	0	5	
MYCO000811	101	0	20	
MYCO000812	9	0	18	
MYCO000813	111	0	23	
MYCO000816	2	0	15	
MYCO000817	3	0	25	
MYCO000818	33	0	20	
MYCO000819	25	0	27	
MYCO000822	312	0	41	
MYCO000825	17	0	29	
MYCO000826	100	0	18	
MYCO000827	132	0	16	
MYCO000828	34	0	17	
MYCO000829	49	545	22	
MYCO000830	13	0	28	
MYCO000831	10	0	23	
MYCO000832	401	0	9	
MYCO000833	1431	0	35	
MYCO000834	1082	0	46	
MYCO000835	148	0	26	
MYCO000836	881	0	11	
MYCO000837	47	0	24	
MYCO000838	17	0	18	
MYCO000839	24	0	14	
MYCO000840	31	0	18	
MYCO000841	17	0	11	
MYCO000842	90	0	34	
MYCO000843	8	0	33	
MYCO000844	37	0	26	
MYCO000845	20	0	35	
MYCO000846	74	0	34	
MYCO000847	217	0	12	
MYCO000848	27	0	33	
MYCO000849	247	0	39	
MYCO000850	8	0	5	
MYCO000851	121	0	20	
MYCO000852	10	0	30	
MYCO000853	59	0	42	
MYCO000854	6	0	17	
MYCO000855	47	0	29	
MYCO000856	3	0	11	
MYCO000857	7	0	11	
MYCO000858	89	0	38	
MYCO000862	143	0	65	
MYCO000863	4	0	4	
MYCO000864	9	0	14	
MYCO000865	13	0	7	
MYCO000866	129	0	13	
MYCO000867	893	0	47	
MYCO000868	11	0	8	
MYCO000869	116	0	30	
MYCO000870	7	0	15	
MYCO000872	798	0	46	
MYCO000873	28	0	32	
MYCO000874	142	829	36	
MYCO000875	11	0	15	
MYCO000877	8	0	18	
MYCO000878	1292	0	31	
MYCO000879	47	0	13	
MYCO000880	25	0	11	
MYCO000881	8	0	25	
MYCO000882	17	0	10	
MYCO000883	49	0	17	
MYCO000887	6	0	9	
MYCO000888	398	0	42	
MYCO000890	72	0	83	
MYCO000891	51	0	19	
MYCO000892	15	0	56	
MYCO000893	16	0	43	
MYCO000894	22	0	42	
MYCO000895	49	0	36	
MYCO000897	360	0	42	
MYCO000898	0	0	4	
MYCO000899	4	0	21	
MYCO000900	3	0	5	
MYCO000901	80	0	20	
MYCO000904	277	0	32	
MYCO000905	9	0	19	
MYCO000907	1791	0	1	
MYCO000908	10	0	57	
MYCO000909	14	0	7	
MYCO000910	7	0	13	
MYCO000911	105	0	26	
MYCO000912	2	0	13	
MYCO000913	54	0	31	
MYCO000914	59	0	46	
MYCO000915	278	0	33	
MYCO000916	6	0	12	
MYCO000917	44	0	38	
MYCO000918	19	0	18	
MYCO000919	1	0	13	
MYCO000920	22	0	37	
MYCO000921	14	0	20	
MYCO000922	52	0	52	
MYCO000923	8	0	36	
MYCO000924	140	0	33	
MYCO000925	20	0	16	
MYCO000928	28	0	15	
MYCO000930	26	0	9	
MYCO000931	65	0	64	
MYCO000932	29	0	45	
MYCO000933	13	0	22	
MYCO000934	227	0	23	
MYCO000935	22	0	32	
MYCO000936	22	0	18	
MYCO000937	2	0	18	
MYCO000938	13	0	60	
MYCO000939	38	0	52	
MYCO000940	4	0	21	
MYCO000941	7	0	25	
MYCO000942	3	0	6	
MYCO000943	20	0	33	
MYCO000944	17	0	18	
MYCO000945	36	0	26	
MYCO000947	7	0	12	
MYCO000948	1	0	9	
MYCO000950	57	0	36	
MYCO000954	38	0	36	
MYCO000955	360	0	25	
MYCO000956	166	0	19	
MYCO000958	224	0	35	
MYCO000959	299	0	56	
MYCO000960	13	0	13	
MYCO000961	17	1077	7	
MYCO000962	91	0	17	
MYCO000963	106	0	24	
MYCO000964	13	0	10	
MYCO000965	5	0	18	
MYCO000966	177	0	17	
MYCO000967	10	0	9	
MYCO000968	14	0	13	
MYCO000969	411	0	58	
MYCO000970	3	0	16	
MYCO000971	181	0	19	
MYCO000972	25	0	43	
MYCO000973	105	0	61	
MYCO000974	66	0	43	
MYCO000975	161	0	30	
MYCO000976	217	0	40	
MYCO000977	1057	0	56	
MYCO000978	1658	0	40	
MYCO000979	7	0	7	
MYCO000980	1724	0	32	
MYCO000982	61	0	31	
MYCO000984	12	0	7	
MYCO000985	5	0	20	
MYCO000986	59	0	29	
MYCO000987	101	0	103	
MYCO000988	52	0	52	
MYCO000989	21	0	46	
MYCO000990	44	0	21	
MYCO000991	2	0	7	
MYCO000992	78	0	19	
MYCO000996	7	0	31	
MYCO000997	1	0	14	
MYCO000998	43	0	22	
MYCO000999	20	0	16	
MYCO001000	13	0	10	
MYCO001003	87	0	24	
MYCO001004	682	0	38	
MYCO001005	439	0	14	
MYCO001006	28	0	42	
MYCO001012	191	0	8	
MYCO001016	8	0	11	
MYCO001019	1	0	13	
MYCO001021	8	0	21	
MYCO001024	129	0	17	
MYCO001025	24	0	12	
MYCO001027	11	0	18	
MYCO001028	467	0	52	
MYCO001029	19	0	51	
MYCO001030	19	0	59	
MYCO001031	25	0	12	
MYCO001032	31	0	39	
MYCO001033	13	0	15	
MYCO001034	243	0	12	
MYCO001035	281	0	19	
MYCO001036	42	0	12	
MYCO001037	146	827	101	
MYCO001038	1000	174	74	
MYCO001039	371	0	31	
MYCO001040	181	0	21	
MYCO001041	66	14	31	
MYCO001042	25	2	17	
MYCO001043	9	0	26	
MYCO001044	1	0	13	
MYCO001045	359	0	18	
MYCO001046	1791	0	1	
MYCO001047	1740	17	8	
MYCO001048	7	0	43	
MYCO001049	11	0	17	
MYCO001050	70	0	18	
MYCO001051	15	0	30	
MYCO001052	13	0	12	
MYCO001053	4	0	9	
MYCO001054	2	0	9	
MYCO001055	0	0	3	
MYCO001056	16	57	22	
MYCO001057	11	0	38	
MYCO001058	46	0	30	
MYCO001059	22	0	40	
MYCO001060	5	0	13	
MYCO001061	3	0	22	
MYCO001062	102	0	19	
MYCO001063	32	0	35	
MYCO001064	109	0	11	
MYCO001065	36	0	14	
MYCO001066	197	0	9	
MYCO001067	1781	0	9	
MYCO001068	1727	0	13	
MYCO001069	48	0	48	
MYCO001073	43	0	31	
MYCO001074	36	0	29	
MYCO001075	52	0	36	
MYCO001076	19	0	27	
MYCO001078	433	0	12	
MYCO001081	19	0	14	
MYCO001083	1	0	6	
MYCO001084	628	0	29	
MYCO001085	18	0	18	
MYCO001087	1509	0	42	
MYCO001088	152	0	16	
MYCO001089	1792	0	0	
MYCO001090	21	0	12	
MYCO001091	1640	0	39	
MYCO001093	24	0	33	
MYCO001096	24	0	18	
MYCO001097	6	0	32	
MYCO001100	13	0	20	
MYCO001101	47	0	26	
MYCO001102	5	0	6	
MYCO001103	2	0	5	
MYCO001104	2	0	25	
MYCO001105	13	0	12	
MYCO001106	35	0	16	
MYCO001107	0	0	7	
MYCO001109	4	0	15	
MYCO001111	16	0	29	
MYCO001113	0	0	3	
MYCO001114	1	0	10	
MYCO001115	28	0	34	
MYCO001116	6	0	6	
MYCO001117	3	0	7	
MYCO001118	93	0	25	
MYCO001119	6	0	3	
MYCO001120	7	0	15	
MYCO001121	37	0	36	
MYCO001122	159	0	24	
MYCO001123	21	0	24	
MYCO001124	34	0	27	
MYCO001125	203	0	32	
MYCO001126	6	0	16	
MYCO001127	10	0	36	
MYCO001128	584	0	33	
MYCO001129	9	0	56	
MYCO001130	18	0	40	
MYCO001131	5	0	29	
MYCO001132	309	0	36	
MYCO001133	236	0	35	
MYCO001134	111	0	9	
MYCO001135	525	0	49	
MYCO001136	1	0	8	
MYCO001137	10	0	9	
MYCO001138	23	0	20	
MYCO001139	140	0	19	
MYCO001140	5	0	15	
MYCO001141	15	891	22	
MYCO001142	15	1006	18	
MYCO001143	25	0	23	
MYCO001144	24	0	17	
MYCO001145	876	0	9	
MYCO001146	17	0	30	
MYCO001147	6	0	13	
MYCO001148	1730	8	18	
MYCO001149	25	1	17	
MYCO001150	1792	0	0	
MYCO001151	12	0	13	
MYCO001152	9	0	9	
MYCO001153	32	0	26	
MYCO001154	4	0	17	
MYCO001155	10	0	14	
MYCO001156	13	0	16	
MYCO001157	758	0	19	
MYCO001158	392	0	16	
MYCO001159	5	0	33	
MYCO001160	29	0	16	
MYCO001161	56	0	81	
MYCO001162	25	0	39	
MYCO001163	15	0	9	
MYCO001164	6	0	15	
MYCO001166	66	0	35	
MYCO001167	12	0	12	
MYCO001168	263	0	28	
MYCO001169	7	0	12	
MYCO001170	14	0	23	
MYCO001171	4	0	13	
MYCO001172	228	0	28	
MYCO001174	2	0	13	
MYCO001175	686	0	52	
MYCO001176	86	0	16	
MYCO001179	318	0	71	
MYCO001180	1789	0	1	
MYCO001181	93	0	117	
MYCO001182	10	0	23	
MYCO001183	13	0	74	
MYCO001184	10	0	24	
MYCO001185	22	0	35	
MYCO001186	132	0	46	
MYCO001187	187	0	35	
MYCO001188	92	0	30	
MYCO001189	32	0	21	
MYCO001190	221	0	17	
MYCO001191	308	0	24	
MYCO001192	192	0	14	
MYCO001194	18	0	37	
MYCO001195	5	0	5	
MYCO001196	877	129	213	
MYCO001197	1000	192	77	
MYCO001198	146	838	101	
MYCO001199	1740	18	9	
MYCO001200	128	0	40	
MYCO001203	113	0	18	
MYCO001204	120	0	45	
MYCO001205	29	0	13	
MYCO001206	26	0	32	
MYCO001209	17	0	9	
MYCO001210	8	0	6	
MYCO001211	2	0	5	
MYCO001212	21	0	26	
MYCO001214	52	0	10	
MYCO001215	251	0	60	
MYCO001216	36	0	16	
MYCO001217	296	0	46	
MYCO001218	6	0	36	
MYCO001219	16	0	19	
MYCO001222	3	0	14	
MYCO001224	5	0	20	
MYCO001225	440	0	28	
MYCO001226	234	0	39	
MYCO001227	11	0	13	
MYCO001228	5	0	27	
MYCO001230	133	0	51	
MYCO001231	51	0	14	
MYCO001232	34	0	43	
MYCO001233	81	0	25	
MYCO001234	13	0	16	
MYCO001235	6	0	24	
MYCO001236	19	0	20	
MYCO001237	4	0	10	
MYCO001240	28	0	31	
MYCO001241	14	0	11	
MYCO001242	11	0	13	
MYCO001243	1165	0	26	
MYCO001244	273	0	31	
MYCO001246	3	0	11	
MYCO001247	5	0	5	
MYCO001249	22	0	30	
MYCO001250	212	0	34	
MYCO001251	506	0	61	
MYCO001252	6	0	13	
MYCO001254	168	0	27	
MYCO001255	16	0	25	
MYCO001256	41	0	27	
MYCO001257	10	0	49	
MYCO001258	408	0	36	
MYCO001259	57	0	18	
MYCO001260	163	0	21	
MYCO001261	12	0	12	
MYCO001262	13	0	11	
MYCO001263	170	0	35	
MYCO001264	54	0	34	
MYCO001265	38	0	10	
MYCO001266	375	0	45	
MYCO001267	13	0	27	
MYCO001268	106	0	21	
MYCO001269	350	0	9	
MYCO001270	89	0	20	
MYCO001271	4	0	8	
MYCO001274	178	0	9	
MYCO001275	2	0	17	
MYCO001276	85	0	16	
MYCO001278	350	0	51	
MYCO001279	34	0	35	
MYCO001280	10	0	44	
MYCO001281	32	0	37	
MYCO001282	2	0	11	
MYCO001283	45	0	18	
MYCO001284	4	0	12	
MYCO001285	3	0	31	
MYCO001286	6	0	56	
MYCO001287	3	0	9	
MYCO001288	731	0	36	
MYCO001289	5	0	18	
MYCO001290	274	379	36	
MYCO001291	7	0	12	
MYCO001296	67	0	25	
MYCO001300	175	0	13	
MYCO001301	7	0	14	
MYCO001303	3	0	9	
MYCO001304	5	0	22	
MYCO001306	2	0	15	
MYCO001307	13	0	38	
MYCO001312	15	0	17	
MYCO001313	939	24	18	
MYCO001314	18	0	20	
MYCO001316	18	0	16	
MYCO001317	71	0	44	
MYCO001318	73	0	40	
MYCO001319	1353	0	36	
MYCO001320	75	0	53	
MYCO001322	77	0	9	
MYCO001324	184	0	29	
MYCO001325	1150	0	39	
MYCO001329	217	0	41	
MYCO001330	110	0	42	
MYCO001331	6	0	7	
MYCO001332	5	0	15	
MYCO001333	81	0	27	
MYCO001334	54	0	11	
MYCO001335	45	0	11	
MYCO001336	138	0	22	
MYCO001337	3	0	17	
MYCO001339	9	0	20	
MYCO001341	15	0	11	
MYCO001342	7	0	9	
MYCO001343	10	0	14	
MYCO001344	1	0	10	
MYCO001345	18	0	42	
MYCO001346	5	0	14	
MYCO001347	2	0	22	
MYCO001348	107	0	54	
MYCO001349	43	0	39	
MYCO001350	8	0	16	
MYCO001351	7	0	13	
MYCO001352	5	0	16	
MYCO001353	74	0	22	
MYCO001354	93	0	59	
MYCO001355	283	0	70	
MYCO001356	87	0	28	
MYCO001357	14	0	25	
MYCO001358	527	0	65	
MYCO001359	29	0	16	
MYCO001360	51	0	20	
MYCO001361	846	131	229	
MYCO001362	11	0	16	
MYCO001363	141	0	25	
MYCO001364	140	0	40	
MYCO001365	13	0	12	
MYCO001366	119	0	15	
MYCO001367	124	0	39	
MYCO001368	44	0	25	
MYCO001369	1792	0	0	
MYCO001370	215	1	11	
MYCO001371	417	0	30	
MYCO001372	10	0	40	
MYCO001373	29	0	25	
MYCO001374	2	0	19	
MYCO001375	93	0	34	
MYCO001376	136	0	36	
MYCO001377	5	0	20	
MYCO001378	227	0	39	
MYCO001379	19	0	14	
MYCO001382	48	0	19	
MYCO001386	50	0	12	
MYCO001387	673	0	34	
MYCO001389	32	0	29	
MYCO001393	50	0	25	
MYCO001394	10	0	35	
MYCO001395	8	0	36	
MYCO001396	1233	0	37	
MYCO001397	8	0	10	
MYCO001398	2	0	7	
MYCO001399	31	0	35	
MYCO001400	63	0	25	
MYCO001401	53	0	22	
MYCO001403	104	0	23	
MYCO001404	1	0	8	
MYCO001405	7	0	23	
MYCO001406	128	0	26	
MYCO001409	223	0	21	
MYCO001411	2	0	18	
MYCO001413	3	0	18	
MYCO001414	3	0	17	
MYCO001417	5	0	16	
MYCO001418	6	0	13	
MYCO001419	6	0	15	
MYCO001422	86	0	16	
MYCO001423	103	0	29	
MYCO001424	20	0	23	
MYCO001425	11	0	33	
MYCO001426	25	0	37	
MYCO001427	75	0	38	
MYCO001428	3	0	26	
MYCO001429	79	0	40	
MYCO001430	205	0	35	
MYCO001431	15	0	59	
MYCO001432	175	0	24	
MYCO001433	5	0	19	
MYCO001434	9	0	3	
MYCO001435	372	0	21	
MYCO001439	2	468	11	
MYCO001441	973	0	55	
MYCO001442	88	0	74	
MYCO001443	8	0	14	
MYCO001444	13	0	15	
MYCO001446	269	0	30	
MYCO001450	1790	0	2	
MYCO001452	1672	0	43	
MYCO001453	32	0	34	
MYCO001454	12	0	28	
MYCO001455	44	0	25	
MYCO001456	52	0	29	
MYCO001459	154	0	38	
MYCO001460	270	0	16	
MYCO001461	29	0	63	
MYCO001468	911	0	26	
MYCO001469	139	0	48	
MYCO001470	2	0	8	
MYCO001471	11	0	6	
MYCO001472	20	0	34	
MYCO001476	0	0	14	
MYCO001477	48	0	35	
MYCO001478	26	0	16	
MYCO001482	11	0	25	
MYCO001486	9	0	28	
MYCO001487	6	0	13	
MYCO001488	24	0	21	
MYCO001489	4	0	13	
MYCO001490	16	0	51	
MYCO001491	2	0	20	
MYCO001492	186	0	48	
MYCO001494	3	0	10	
MYCO001495	4	0	8	
MYCO001496	14	0	24	
MYCO001497	55	0	36	
MYCO001498	22	0	28	
MYCO001499	11	0	11	
MYCO001500	26	0	33	
MYCO001501	22	0	21	
MYCO001502	35	0	34	
MYCO001503	1792	0	0	
MYCO001504	473	0	10	
MYCO001505	18	0	30	
MYCO001506	47	0	15	
MYCO001507	38	0	24	
MYCO001508	84	49	46	
MYCO001509	147	0	18	
MYCO001510	3	961	24	
MYCO001511	31	0	26	
MYCO001512	23	0	27	
MYCO001513	24	0	12	
MYCO001514	19	0	19	
MYCO001515	24	0	26	
MYCO001516	95	0	25	
MYCO001517	20	0	19	
MYCO001518	64	0	32	
MYCO001519	285	0	10	
MYCO001520	297	0	34	
MYCO001521	58	0	36	
MYCO001522	169	0	86	
MYCO001523	37	0	28	
MYCO001524	186	0	31	
MYCO001525	204	0	23	
MYCO001526	169	0	34	
MYCO001527	431	0	147	
MYCO001528	17	0	7	
MYCO001529	35	0	50	
MYCO001530	21	0	34	
MYCO001531	5	0	12	
MYCO001532	28	0	13	
MYCO001533	52	0	21	
MYCO001534	12	0	17	
MYCO001535	4	0	3	
MYCO001537	60	0	42	
MYCO001538	119	0	29	
MYCO001539	11	0	14	
MYCO001541	16	0	15	
MYCO001542	6	7	11	
MYCO001543	8	0	25	
MYCO001544	31	0	22	
MYCO001545	8	0	10	
MYCO001546	24	0	20	
MYCO001548	66	0	63	
MYCO001549	1773	0	2	
MYCO001550	198	0	38	
MYCO001551	415	0	40	
MYCO001552	52	0	59	
MYCO001553	72	0	14	
MYCO001554	4	0	14	
MYCO001555	5	0	8	
MYCO001556	8	0	21	
MYCO001558	9	0	10	
MYCO001560	1	0	6	
MYCO001561	4	0	11	
MYCO001562	169	0	39	
MYCO001563	113	0	49	
MYCO001565	244	0	42	
MYCO001566	57	0	28	
MYCO001567	2	0	11	
MYCO001570	192	0	16	
MYCO001571	168	0	9	
MYCO001572	1281	0	6	
MYCO001573	1165	0	8	
MYCO001574	1234	0	12	
MYCO001575	1790	0	2	
MYCO001576	340	224	74	
MYCO001577	1122	0	8	
MYCO001578	1125	0	11	
MYCO001579	1114	0	5	
MYCO001580	1128	0	6	
MYCO001581	1373	0	4	
MYCO001582	1122	0	18	
MYCO001583	128	294	16	
MYCO001584	1171	0	5	
MYCO001585	1257	0	15	
MYCO001586	1153	0	25	
MYCO001587	1774	0	7	
MYCO001588	1721	2	30	
MYCO001590	5	0	7	
MYCO001591	10	0	29	
MYCO001592	8	0	37	
MYCO001596	7	0	15	
MYCO001597	14	0	22	
MYCO001598	13	0	11	
MYCO001602	3	0	19	
MYCO001604	7	0	23	
MYCO001606	7	0	11	
MYCO001607	22	0	17	
MYCO001608	1	0	9	
MYCO001610	214	0	18	
MYCO001613	5	0	22	
MYCO001614	14	0	31	
MYCO001615	4	0	13	
MYCO001616	4	0	8	
MYCO001618	4	0	22	
MYCO001619	82	0	32	
MYCO001620	260	0	27	
MYCO001621	243	0	29	
MYCO001622	9	0	30	
MYCO001623	7	0	39	
MYCO001624	6	0	20	
MYCO001625	80	0	37	
MYCO001628	26	0	13	
MYCO001631	29	0	32	
MYCO001632	21	0	11	
MYCO001634	21	0	35	
MYCO001635	25	0	40	
MYCO001636	2	0	12	
MYCO001637	91	0	21	
MYCO001639	361	551	34	
MYCO001640	35	0	92	
MYCO001644	134	0	26	
MYCO001645	193	0	28	
MYCO001646	160	0	23	
MYCO001647	467	0	18	
MYCO001648	8	0	24	
MYCO001650	276	0	69	
MYCO001651	1000	0	68	
MYCO001660	264	0	21	
MYCO001661	519	0	131	
MYCO001662	456	0	124	
MYCO001663	55	0	55	
MYCO001664	122	0	82	
MYCO001665	74	0	27	
MYCO001666	57	0	27	
MYCO001667	22	0	20	
MYCO001668	1748	0	3	
MYCO001669	53	0	9	
MYCO001670	19	0	11	
MYCO001671	4	0	16	
MYCO001672	154	0	29	
MYCO001673	134	0	24	
MYCO001674	148	0	12	
MYCO001675	124	0	25	
MYCO001676	6	0	29	
MYCO001677	8	0	16	
MYCO001678	200	0	27	
MYCO001679	17	0	31	
MYCO001680	21	0	27	
MYCO001681	18	0	25	
MYCO001682	152	0	25	
MYCO001683	274	0	47	
MYCO001684	12	0	7	
MYCO001685	4	0	14	
MYCO001686	10	0	20	
MYCO001687	5	0	23	
MYCO001688	46	0	17	
MYCO001690	5	0	7	
MYCO001691	97	0	23	
MYCO001692	192	0	20	
MYCO001693	5	0	7	
MYCO001696	14	0	35	
MYCO001698	152	0	21	
MYCO001700	4	0	20	
MYCO001702	185	0	36	
MYCO001703	2	0	15	
MYCO001704	11	0	52	
MYCO001705	382	0	21	
MYCO001706	129	0	22	
MYCO001707	24	0	39	
MYCO001710	4	0	20	
MYCO001714	216	0	24	
MYCO001715	199	0	30	
MYCO001716	7	0	30	
MYCO001717	387	0	13	
MYCO001718	28	0	32	
MYCO001719	40	0	31	
MYCO001720	32	0	9	
MYCO001721	2	0	4	
MYCO001722	180	0	36	
MYCO001723	87	0	28	
MYCO001724	33	0	8	
MYCO001725	91	0	25	
MYCO001726	99	0	52	
MYCO001727	15	0	20	
MYCO001728	7	0	22	
MYCO001729	13	0	23	
MYCO001730	324	0	57	
MYCO001731	130	0	35	
MYCO001732	92	0	12	
MYCO001733	2	0	25	
MYCO001734	3	0	8	
MYCO001735	12	0	17	
MYCO001736	294	739	60	
MYCO001737	283	0	24	
MYCO001738	20	0	12	
MYCO001739	102	0	44	
MYCO001740	0	0	7	
MYCO001741	2	526	8	
MYCO001742	51	0	22	
MYCO001743	195	0	32	
MYCO001744	271	0	14	
MYCO001745	10	0	22	
MYCO001746	77	0	38	
MYCO001747	122	0	49	
MYCO001748	9	0	18	
MYCO001749	13	0	21	
MYCO001750	77	0	33	
MYCO001751	42	0	32	
MYCO001752	9	0	16	
MYCO001753	1776	0	13	
MYCO001754	788	0	30	
MYCO001755	1792	0	0	
MYCO001756	1792	0	0	
MYCO001757	215	1	11	
MYCO001758	1244	0	20	
MYCO001759	1678	0	23	
MYCO001760	956	0	30	
MYCO001761	940	0	15	
MYCO001762	957	0	16	
MYCO001763	215	1	11	
MYCO001764	1792	0	0	
MYCO001765	1788	0	2	
MYCO001766	8	0	6	
MYCO001767	6	0	12	
MYCO001768	860	0	40	
MYCO001769	128	0	39	
MYCO001770	93	0	37	
MYCO001771	2	0	40	
MYCO001772	9	0	6	
MYCO001773	5	0	24	
MYCO001774	34	0	47	
MYCO001775	481	0	15	
MYCO001776	11	0	18	
MYCO001777	126	0	40	
MYCO001778	190	0	10	
MYCO001779	164	0	60	
MYCO001780	6	0	13	
MYCO001781	202	0	64	
MYCO001782	39	0	27	
MYCO001783	83	0	71	
MYCO001785	9	0	22	
MYCO001786	1	0	6	
MYCO001787	1546	0	21	
MYCO001788	3	6	13	
MYCO001789	164	0	34	
MYCO001790	764	0	40	
MYCO001791	7	0	6	
MYCO001792	1792	0	0	
MYCO001793	146	657	80	
MYCO001794	1	0	18	
MYCO001795	187	0	35	
MYCO001796	67	0	56	
MYCO001797	4	0	39	
MYCO001798	15	0	33	
MYCO001799	151	0	5	
MYCO001800	64	0	68	
MYCO001801	485	0	34	
MYCO001802	325	0	37	
MYCO001803	506	0	46	
MYCO001804	6	0	13	
MYCO001805	1	0	14	
MYCO001806	5	0	9	
MYCO001807	1792	0	0	
MYCO001808	117	0	31	
MYCO001809	78	0	32	
MYCO001810	2	0	10	
MYCO001811	9	0	34	
MYCO001812	89	0	30	
MYCO001813	5	0	14	
MYCO001814	91	0	31	
MYCO001815	262	0	29	
MYCO001816	263	466	13	
MYCO001817	196	0	46	
MYCO001818	1186	0	39	
MYCO001819	57	0	31	
MYCO001820	47	0	37	
MYCO001822	5	0	16	
MYCO001823	41	0	25	
MYCO001824	3	0	13	
MYCO001825	5	0	24	
MYCO001826	2	0	10	
MYCO001828	9	0	13	
MYCO001831	15	0	8	
MYCO001833	6	0	25	
MYCO001834	14	0	19	
MYCO001835	76	0	55	
MYCO001836	105	0	52	
MYCO001838	4	0	12	
MYCO001839	1	0	8	
MYCO001840	855	0	36	
MYCO001841	26	0	25	
MYCO001845	319	0	20	
MYCO001846	16	0	15	
MYCO001847	19	0	23	
MYCO001848	24	0	7	
MYCO001849	1	0	4	
MYCO001850	107	0	48	
MYCO001851	159	0	22	
MYCO001852	32	0	12	
MYCO001853	8	0	17	
MYCO001855	20	0	27	
MYCO001856	263	0	23	
MYCO001857	5	0	22	
MYCO001858	9	0	15	
MYCO001859	29	0	30	
MYCO001860	271	0	30	
MYCO001861	2	0	14	
MYCO001862	10	0	23	
MYCO001863	15	0	23	
MYCO001864	7	0	15	
MYCO001865	6	0	15	
MYCO001866	39	0	60	
MYCO001867	88	0	37	
MYCO001868	135	0	55	
MYCO001869	63	0	23	
MYCO001870	187	0	17	
MYCO001871	66	0	15	
MYCO001872	13	0	40	
MYCO001873	22	0	19	
MYCO001874	15	0	25	
MYCO001875	10	0	20	
MYCO001876	18	0	15	
MYCO001877	79	0	58	
MYCO001878	104	0	30	
MYCO001879	75	0	27	
MYCO001880	22	0	47	
MYCO001881	16	0	16	
MYCO001882	8	0	27	
MYCO001883	10	0	19	
MYCO001884	5	0	12	
MYCO001885	10	0	24	
MYCO001887	85	0	33	
MYCO001888	1499	0	3	
MYCO001889	9	0	10	
MYCO001890	7	0	11	
MYCO001891	5	0	21	
MYCO001892	8	0	5	
MYCO001893	3	0	8	
MYCO001895	512	0	13	
MYCO001896	119	0	37	
MYCO001897	8	0	17	
MYCO001898	5	0	7	
MYCO001899	656	0	27	
MYCO001900	43	0	48	
MYCO001901	64	0	38	
MYCO001902	46	0	36	
MYCO001903	6	0	17	
MYCO001904	5	0	12	
MYCO001905	20	0	27	
MYCO001906	2	0	13	
MYCO001907	1255	0	24	
MYCO001908	50	0	78	
MYCO001909	2	0	14	
MYCO001910	49	0	18	
MYCO001911	55	0	17	
MYCO001912	525	0	19	
MYCO001913	6	0	23	
MYCO001914	2	0	15	
MYCO001915	1085	0	13	
MYCO001916	27	0	21	
MYCO001917	1785	0	4	
MYCO001918	337	0	91	
MYCO001919	4	0	12	
MYCO001920	7	0	35	
MYCO001921	296	0	34	
MYCO001922	31	0	29	
MYCO001923	32	0	43	
MYCO001924	8	0	14	
MYCO001925	16	0	38	
MYCO001926	4	0	16	
MYCO001927	55	0	21	
MYCO001928	295	0	20	
MYCO001929	343	0	30	
MYCO001930	59	0	15	
MYCO001931	19	0	17	
MYCO001932	18	0	21	
MYCO001933	255	0	31	
MYCO001934	153	0	29	
MYCO001935	19	0	34	
MYCO001936	11	0	30	
MYCO001937	170	0	63	
MYCO001938	22	0	40	
MYCO001939	170	0	19	
MYCO001940	1461	0	9	
MYCO001941	26	0	20	
MYCO001942	3	0	9	
MYCO001943	7	0	14	
MYCO001944	9	0	31	
MYCO001945	1683	17	22	
MYCO001946	13	0	15	
MYCO001947	27	0	14	
MYCO001948	52	0	24	
MYCO001949	1792	0	0	
MYCO001950	4	0	5	
MYCO001951	73	0	5	
MYCO001952	5	0	5	
MYCO001953	4	0	15	
MYCO001954	20	0	19	
MYCO001955	11	0	9	
MYCO001956	18	0	18	
MYCO001957	8	0	17	
MYCO001958	21	0	24	
MYCO001959	0	0	10	
MYCO001960	1	0	8	
MYCO001961	30	0	19	
MYCO001962	3	0	11	
MYCO001963	36	0	20	
MYCO001964	66	0	14	
MYCO001965	68	0	29	
MYCO001966	48	0	38	
MYCO001967	45	0	35	
MYCO001968	558	0	33	
MYCO001969	65	0	36	
MYCO001970	34	0	27	
MYCO001971	160	0	39	
MYCO001972	32	0	23	
MYCO001973	64	0	10	
MYCO001974	28	0	13	
MYCO001975	222	0	20	
MYCO001976	45	0	13	
MYCO001977	207	0	17	
MYCO001978	356	0	19	
MYCO001979	51	0	34	
MYCO001980	13	0	21	
MYCO001982	6	0	17	
MYCO001983	488	0	42	
MYCO001984	85	0	19	
MYCO001985	53	0	19	
MYCO001986	21	0	24	
MYCO001987	16	0	12	
MYCO001988	37	0	17	
MYCO001989	14	0	15	
MYCO001990	0	0	7	
MYCO001991	2	0	7	
MYCO001992	602	0	46	
MYCO001993	356	0	13	
MYCO001994	264	0	10	
MYCO001995	349	0	23	
MYCO001996	338	0	23	
MYCO001997	787	0	53	
MYCO001998	19	0	24	
MYCO001999	129	0	41	
MYCO002000	40	0	47	
MYCO002001	6	0	24	
MYCO002002	13	0	20	
MYCO002003	33	0	30	
MYCO002004	67	0	37	
MYCO002005	10	0	23	
MYCO002006	92	0	104	
MYCO002007	1	0	3	
MYCO002008	11	0	42	
MYCO002009	3	0	6	
MYCO002010	6	0	12	
MYCO002011	0	0	10	
MYCO002012	4	0	22	
MYCO002013	168	0	15	
MYCO002014	37	0	20	
MYCO002015	496	0	45	
MYCO002016	418	0	14	
MYCO002017	35	0	31	
MYCO002018	43	0	12	
MYCO002019	162	0	10	
MYCO002020	74	0	10	
MYCO002021	47	0	7	
MYCO002022	61	0	22	
MYCO002023	114	0	9	
MYCO002024	1647	0	12	
MYCO002025	27	0	29	
MYCO002026	6	0	28	
MYCO002027	393	0	31	
MYCO002028	76	0	20	
MYCO002029	63	0	34	
MYCO002030	96	0	44	
MYCO002031	4	0	8	
MYCO002032	66	0	27	
MYCO002033	242	0	32	
MYCO002034	79	0	6	
MYCO002035	2	0	19	
MYCO002036	5	0	16	
MYCO002037	15	0	40	
MYCO002038	3	0	26	
MYCO002039	4	0	17	
MYCO002040	7	0	16	
MYCO002041	11	0	34	
MYCO002042	35	0	26	
MYCO002043	76	0	98	
MYCO002044	290	0	11	
MYCO002045	21	0	51	
MYCO002046	51	0	25	
MYCO002047	78	0	53	
MYCO002048	1771	0	11	
MYCO002049	7	0	6	
MYCO002051	112	0	57	
MYCO002052	266	0	37	
MYCO002053	4	0	22	
MYCO002054	16	0	20	
MYCO002059	105	0	55	
MYCO002060	82	0	13	
MYCO002061	13	0	14	
MYCO002062	361	0	83	
MYCO002063	2	0	5	
MYCO002064	274	0	27	
MYCO002065	281	0	18	
MYCO002066	211	0	46	
MYCO002067	25	0	32	
MYCO002068	5	0	26	
MYCO002069	42	0	16	
MYCO002070	670	0	16	
MYCO002071	23	0	39	
MYCO002072	98	0	26	
MYCO002073	79	0	20	
MYCO002074	40	0	9	
MYCO002075	84	0	42	
MYCO002076	1	0	6	
MYCO002077	38	0	27	
MYCO002078	3	0	17	
MYCO002079	414	0	38	
MYCO002080	8	0	18	
MYCO002081	1051	0	14	
MYCO002082	852	0	72	
MYCO002083	124	0	30	
MYCO002084	891	0	13	
MYCO002085	10	0	7	
MYCO002086	5	0	15	
MYCO002087	8	0	6	
MYCO002088	567	0	33	
MYCO002091	16	0	22	
MYCO002094	1	0	10	
MYCO002095	211	0	31	
MYCO002098	1792	0	0	
MYCO002099	1792	0	0	
MYCO002100	366	0	41	
MYCO002101	348	0	66	
MYCO002102	85	0	14	
MYCO002103	20	0	14	
MYCO002104	2	0	10	
MYCO002105	215	1	11	
MYCO002106	1792	0	0	
MYCO002107	29	0	13	
MYCO002108	57	0	18	
MYCO002113	40	0	32	
MYCO002114	22	0	18	
MYCO002116	24	0	18	
MYCO002117	17	0	5	
MYCO002120	147	0	13	
MYCO002123	1095	0	25	
MYCO002124	124	0	82	
MYCO002126	852	0	20	
MYCO002127	67	0	43	
MYCO002128	3	0	4	
MYCO002129	27	0	28	
MYCO002131	19	0	24	
MYCO002132	18	0	3	
MYCO002133	17	0	17	
MYCO002135	254	0	15	
MYCO002136	24	0	17	
MYCO002137	11	0	13	
MYCO002138	30	0	29	
MYCO002142	4	0	10	
MYCO002143	37	0	29	
MYCO002144	24	0	10	
MYCO002146	2	0	9	
MYCO002147	312	0	19	
MYCO002148	311	0	17	
MYCO002149	25	0	9	
MYCO002152	147	0	33	
MYCO002158	516	0	49	
MYCO002159	334	0	30	
MYCO002160	947	0	7	
MYCO002161	231	497	32	
MYCO002162	1300	0	38	
MYCO002164	170	0	37	
MYCO002165	8	0	36	
MYCO002167	1792	0	0	
MYCO002168	215	1	11	
MYCO002169	8	0	12	
MYCO002171	1	0	22	
MYCO002172	5	0	20	
MYCO002173	81	0	23	
MYCO002174	22	0	34	
MYCO002175	3	0	17	
MYCO002177	914	55	17	
MYCO002180	321	0	20	
MYCO002181	19	0	32	
MYCO002183	1	0	8	
MYCO002184	9	0	25	
MYCO002185	2	0	10	
MYCO002189	192	0	22	
MYCO002190	267	0	29	
MYCO002191	162	0	39	
MYCO002197	39	0	18	
MYCO002198	222	0	26	
MYCO002203	71	0	21	
MYCO002204	1	0	8	
MYCO002205	213	0	36	
MYCO002206	11	0	17	
MYCO002207	320	0	19	
MYCO002208	117	0	21	
MYCO002209	110	0	41	
MYCO002212	23	0	43	
MYCO002214	28	0	46	
MYCO002215	260	0	41	
MYCO002223	84	0	39	
MYCO002224	14	0	39	
MYCO002226	247	0	35	
MYCO002227	202	0	15	
MYCO002229	8	0	11	
MYCO002231	41	0	26	
MYCO002232	61	0	16	
MYCO002234	7	0	18	
MYCO002236	308	0	23	
MYCO002237	1	0	19	
MYCO002238	2	0	4	
MYCO002240	17	0	16	
MYCO002248	54	0	13	
MYCO002249	225	0	42	
MYCO002250	3	0	9	
MYCO002251	1791	0	1	
MYCO002252	5	0	29	
MYCO002253	10	0	16	
MYCO002254	11	0	20	
MYCO002255	6	0	11	
MYCO002256	2	0	8	
MYCO002258	165	0	33	
MYCO002260	3	0	15	
MYCO002261	9	0	13	
MYCO002262	1773	0	2	
MYCO002263	381	0	23	
MYCO002264	856	0	33	
MYCO002265	180	0	31	
MYCO002266	6	0	40	
MYCO002267	17	0	33	
MYCO002268	95	0	43	
MYCO002269	4	0	12	
MYCO002270	69	0	24	
MYCO002271	63	0	8	
MYCO002272	63	0	8	
MYCO002273	68	0	11	
MYCO002274	69	0	17	
MYCO002275	210	0	23	
MYCO002276	78	0	34	
MYCO002277	69	1674	25	
MYCO002278	215	1	11	
MYCO002279	1792	0	0	
MYCO002280	113	0	36	
MYCO002281	13	0	41	
MYCO002282	242	551	24	
MYCO002283	14	0	8	
MYCO002284	80	0	25	
MYCO002285	168	0	35	
MYCO002286	189	443	19	
MYCO002287	44	0	28	
MYCO002288	5	0	17	
MYCO002289	43	0	18	
MYCO002290	14	0	20	
MYCO002291	16	0	18	
MYCO002292	6	0	7	
MYCO002293	866	0	11	
MYCO002294	13	0	35	
MYCO002295	5	0	18	
MYCO002296	45	0	21	
MYCO002297	5	0	14	
MYCO002298	10	0	25	
MYCO002299	28	0	37	
MYCO002300	30	0	32	
MYCO002301	24	0	23	
MYCO002302	2	0	9	
MYCO002303	11	0	29	
MYCO002304	5	0	6	
MYCO002305	131	0	41	
MYCO002307	112	0	27	
MYCO002308	53	0	22	
MYCO002309	4	0	15	
MYCO002310	36	0	17	
MYCO002311	19	0	15	
MYCO002312	1	0	4	
MYCO002313	31	0	25	
MYCO002314	54	0	34	
MYCO002316	6	0	21	
MYCO002317	3	0	14	
MYCO002318	358	0	35	
MYCO002319	686	0	22	
MYCO002320	26	0	36	
MYCO002321	4	0	18	
MYCO002322	4	0	19	
MYCO002323	9	0	30	
MYCO002324	5	0	17	
MYCO002325	96	0	19	
MYCO002326	161	0	40	
MYCO002327	26	0	7	
MYCO002328	12	0	34	
MYCO002329	105	0	50	
MYCO002330	10	0	19	
MYCO002331	0	0	11	
MYCO002332	16	0	36	
MYCO002333	261	0	28	
MYCO002334	36	0	28	
MYCO002335	49	0	21	
MYCO002336	100	0	28	
MYCO002337	63	0	26	
MYCO002338	181	0	35	
MYCO002339	452	0	66	
MYCO002340	203	0	33	
MYCO002341	35	0	15	
MYCO002342	5	0	11	
MYCO002345	145	0	49	
MYCO002346	146	776	90	
MYCO002347	1000	185	76	
MYCO002348	14	0	13	
MYCO002349	178	0	47	
MYCO002350	223	638	34	
MYCO002351	224	660	37	
MYCO002352	402	9	30	
MYCO002353	1752	0	4	
MYCO002354	215	1	11	
MYCO002355	1792	0	0	
MYCO002356	1335	0	26	
MYCO002358	2	0	9	
MYCO002359	2	0	24	
MYCO002360	4	0	17	
MYCO002363	466	0	12	
MYCO002365	176	0	7	
MYCO002369	11	0	11	
MYCO002370	16	0	45	
MYCO002371	59	0	4	
MYCO002372	48	0	20	
MYCO002375	3	0	6	
MYCO002376	28	0	22	
MYCO002377	6	0	5	
MYCO002378	30	0	24	
MYCO002379	143	0	73	
MYCO002380	307	0	111	
MYCO002381	121	0	64	
MYCO002382	61	0	34	
MYCO002383	268	220	83	
MYCO002384	134	0	30	
MYCO002385	33	0	29	
MYCO002386	55	0	35	
MYCO002387	7	0	32	
MYCO002388	48	0	26	
MYCO002389	7	0	11	
MYCO002390	21	0	13	
MYCO002391	4	0	33	
MYCO002392	35	0	17	
MYCO002393	60	1095	22	
MYCO002394	50	0	56	
MYCO002395	151	0	42	
MYCO002396	1010	0	26	
MYCO002397	37	0	24	
MYCO002398	1	0	22	
MYCO002401	2	0	10	
MYCO002403	24	0	13	
MYCO002405	6	0	18	
MYCO002406	49	0	13	
MYCO002407	85	0	24	
MYCO002408	113	0	19	
MYCO002414	133	0	44	
MYCO002415	39	0	23	
MYCO002416	45	0	28	
MYCO002417	315	0	18	
MYCO002418	80	0	17	
MYCO002419	38	0	22	
MYCO002422	8	0	7	
MYCO002423	10	0	30	
MYCO002424	1717	0	13	
MYCO002428	36	0	22	
MYCO002429	9	0	12	
MYCO002430	15	0	17	
MYCO002431	8	614	7	
MYCO002432	15	0	11	
MYCO002433	3	0	8	
MYCO002434	334	0	36	
MYCO002435	49	0	57	
MYCO002436	110	0	26	
MYCO002437	395	0	6	
MYCO002438	30	0	32	
MYCO002443	20	0	43	
MYCO002444	137	0	62	
MYCO002446	2	0	9	
MYCO002449	182	0	32	
MYCO002450	126	0	28	
MYCO002451	15	0	13	
MYCO002452	0	0	8	
MYCO002453	9	0	22	
MYCO002456	21	0	25	
MYCO002458	10	0	20	
MYCO002459	17	0	30	
MYCO002463	3	0	17	
MYCO002464	48	0	22	
MYCO002468	12	0	15	
MYCO002469	18	0	25	
MYCO002471	21	0	55	
MYCO002472	4	0	8	
MYCO002473	33	0	20	
MYCO002474	62	0	23	
MYCO002475	1	0	13	
MYCO002476	394	0	87	
MYCO002478	137	0	13	
MYCO002479	1792	0	0	
MYCO002480	215	1	11	
MYCO002481	71	0	14	
MYCO002482	85	0	67	
MYCO002483	20	0	34	
MYCO002484	14	0	46	
MYCO002485	35	0	38	
MYCO002486	70	0	16	
MYCO002487	1049	0	52	
MYCO002488	345	0	75	
MYCO002489	30	0	10	
MYCO002490	1731	0	16	
MYCO002491	42	0	19	
MYCO002492	41	0	29	
MYCO002493	3	0	6	
MYCO002494	4	0	13	
MYCO002495	60	0	32	
MYCO002496	8	0	24	
MYCO002497	18	0	21	
MYCO002498	16	0	24	
MYCO002499	7	0	20	
MYCO002501	153	0	66	
MYCO002503	16	0	23	
MYCO002504	14	0	21	
MYCO002505	53	0	51	
MYCO002506	21	0	12	
MYCO002507	102	0	20	
MYCO002508	27	0	34	
MYCO002510	61	0	53	
MYCO002512	1740	18	9	
MYCO002513	8	0	11	
MYCO002514	15	0	14	
MYCO002515	12	0	36	
MYCO002516	7	0	17	
MYCO002517	15	0	5	
MYCO002519	229	0	47	
MYCO002520	1	0	9	
MYCO002522	153	0	47	
MYCO002525	96	0	18	
MYCO002526	505	0	3	
MYCO002527	8	0	14	
MYCO002528	9	0	23	
MYCO002529	150	0	32	
MYCO002530	2	0	12	
MYCO002531	43	0	70	
MYCO002532	8	0	17	
MYCO002535	91	0	19	
MYCO002536	8	0	16	
MYCO002537	2	0	10	
MYCO002539	180	0	7	
MYCO002541	740	0	8	
MYCO002542	196	0	43	
MYCO002543	626	491	36	
MYCO002544	626	506	44	
MYCO002545	390	0	9	
MYCO002546	3	0	14	
MYCO002547	5	0	13	
MYCO002548	7	0	12	
MYCO002549	25	0	12	
MYCO002550	0	0	8	
MYCO002551	112	0	11	
MYCO002552	111	0	28	
MYCO002553	55	0	29	
MYCO002554	45	0	6	
MYCO002556	1	0	9	
MYCO002557	5	0	25	
MYCO002558	11	0	13	
MYCO002560	46	0	27	
MYCO002561	1763	0	6	
MYCO002562	2	0	20	
MYCO002563	34	0	31	
MYCO002564	10	639	26	
MYCO002565	33	0	45	
MYCO002566	483	0	65	
MYCO002567	47	0	54	
MYCO002569	16	0	22	
MYCO002570	243	0	17	
MYCO002571	40	0	34	
MYCO002573	29	0	27	
MYCO002574	13	0	15	
MYCO002576	21	0	20	
MYCO002577	14	0	37	
MYCO002578	51	0	27	
MYCO002579	26	0	26	
MYCO002581	1	0	11	
MYCO002584	16	0	21	
MYCO002585	81	0	43	
MYCO002586	230	0	38	
MYCO002588	2	0	12	
MYCO002590	74	0	78	
MYCO002591	824	0	54	
MYCO002595	13	0	8	
MYCO002596	3	0	19	
MYCO002597	15	0	19	
MYCO002598	15	0	13	
MYCO002599	97	0	18	
MYCO002600	15	0	8	
MYCO002601	143	0	31	
MYCO002602	3	0	9	
MYCO002604	17	0	18	
MYCO002605	29	0	19	
MYCO002607	8	0	19	
MYCO002608	289	0	33	
MYCO002609	84	0	21	
MYCO002615	1667	0	42	
MYCO002616	17	0	17	
MYCO002617	0	0	10	
MYCO002618	98	0	16	
MYCO002619	1	0	8	
MYCO002620	2	0	9	
MYCO002621	121	0	25	
MYCO002622	14	0	21	
MYCO002623	40	0	22	
MYCO002624	97	0	28	
MYCO002625	18	0	30	
MYCO002626	5	0	10	
MYCO002627	28	0	37	
MYCO002628	30	0	25	
MYCO002629	169	0	19	
MYCO002630	6	0	21	
MYCO002631	35	0	37	
MYCO002632	2	0	6	
MYCO002633	6	0	20	
MYCO002634	996	0	37	
MYCO002635	6	0	7	
MYCO002636	12	0	21	
MYCO002637	92	543	19	
MYCO002638	29	0	15	
MYCO002639	15	0	9	
MYCO002640	13	0	13	
MYCO002641	5	0	11	
MYCO002642	7	0	10	
MYCO002643	90	0	53	
MYCO002644	15	0	12	
MYCO002645	415	0	8	
MYCO002646	280	0	26	
MYCO002647	183	0	9	
MYCO002648	215	1	11	
MYCO002649	1792	0	0	
MYCO002650	340	198	66	
MYCO002651	72	344	21	
MYCO002652	188	0	31	
MYCO002653	156	0	20	
MYCO002654	929	0	8	
MYCO002655	506	0	32	
MYCO002656	128	275	17	
MYCO002657	191	0	12	
MYCO002658	148	0	5	
MYCO002659	147	0	22	
MYCO002660	4	0	10	
MYCO002661	9	0	9	
MYCO002662	3	0	10	
MYCO002663	0	0	9	
MYCO002664	7	0	9	
MYCO002665	102	0	13	
MYCO002666	1745	0	8	
MYCO002667	16	0	9	
MYCO002668	148	0	12	
MYCO002669	9	0	10	
MYCO002671	28	0	17	
MYCO002672	102	0	38	
MYCO002674	1	0	11	
MYCO002675	7	0	29	
MYCO002677	513	0	20	
MYCO002679	35	0	21	
MYCO002680	195	0	17	
MYCO002681	227	0	27	
MYCO002683	3	0	16	
MYCO002684	9	124	37	
MYCO002685	117	0	32	
MYCO002686	8	0	16	
MYCO002687	12	0	17	
MYCO002688	31	0	25	
MYCO002689	40	0	28	
MYCO002690	45	0	28	
MYCO002691	5	0	19	
MYCO002692	9	0	13	
MYCO002693	6	0	15	
MYCO002694	2	0	16	
MYCO002695	160	0	14	
MYCO002698	3	0	11	
MYCO002700	1099	0	14	
MYCO002701	8	0	26	
MYCO002704	4	0	11	
MYCO002705	3	0	8	
MYCO002706	28	0	5	
MYCO002707	8	0	22	
MYCO002709	159	0	23	
MYCO002712	101	0	33	
MYCO002713	36	0	42	
MYCO002716	3	0	19	
MYCO002717	63	0	12	
MYCO002718	6	0	7	
MYCO002719	151	0	20	
MYCO002721	389	0	44	
MYCO002722	3	0	10	
MYCO002723	18	0	28	
MYCO002728	27	0	17	
MYCO002729	21	0	27	
MYCO002730	3	0	15	
MYCO002732	26	0	26	
MYCO002734	8	0	24	
MYCO002735	277	0	29	
MYCO002736	53	0	15	
MYCO002737	6	0	44	
MYCO002738	119	0	6	
MYCO002739	477	0	18	
MYCO002740	6	0	21	
MYCO002741	1180	0	40	
MYCO002742	70	0	19	
MYCO002743	131	0	22	
MYCO002745	2	0	11	
MYCO002746	56	0	17	
MYCO002747	11	0	13	
MYCO002749	11	0	10	
MYCO002751	9	0	23	
MYCO002752	34	0	69	
MYCO002755	6	0	5	
MYCO002756	19	0	50	
MYCO002757	19	0	13	
MYCO002758	3	0	9	
MYCO002759	14	0	8	
MYCO002760	35	0	9	
MYCO002761	11	0	34	
MYCO002762	104	0	16	
MYCO002763	12	0	9	
MYCO002765	103	0	23	
MYCO002766	20	0	21	
MYCO002767	5	0	10	
MYCO002768	163	0	40	
MYCO002769	286	0	31	
MYCO002770	56	0	34	
MYCO002771	9	0	12	
MYCO002772	13	0	13	
MYCO002774	328	0	6	
MYCO002775	40	0	13	
MYCO002776	11	0	24	
MYCO002777	158	0	18	
MYCO002778	12	0	18	
MYCO002779	9	0	21	
MYCO002780	56	0	24	
MYCO002781	264	0	29	
MYCO002784	2	0	13	
MYCO002786	3	0	23	
MYCO002787	100	0	52	
MYCO002789	20	0	25	
MYCO002790	137	0	30	
MYCO002791	33	866	36	
MYCO002792	33	0	24	
MYCO002793	171	0	19	
MYCO002796	18	0	20	
MYCO002797	82	0	29	
MYCO002798	2	0	8	
MYCO002799	29	0	25	
MYCO002800	324	0	38	
MYCO002801	13	0	9	
MYCO002802	350	0	27	
MYCO002803	13	0	16	
MYCO002804	27	0	19	
MYCO002805	20	0	13	
MYCO002806	14	0	5	
MYCO002807	491	0	25	
MYCO002808	102	0	6	
MYCO002809	22	0	9	
MYCO002810	1792	0	0	
MYCO002811	312	0	13	
MYCO002812	216	0	38	
MYCO002813	163	0	22	
MYCO002814	1792	0	0	
MYCO002815	215	1	11	
MYCO002816	416	0	6	
MYCO002817	448	0	22	
MYCO002818	483	0	15	
MYCO002819	436	0	23	
MYCO002820	409	0	26	
MYCO002821	21	0	14	
MYCO002822	6	0	12	
MYCO002823	29	0	54	
MYCO002824	13	0	30	
MYCO002825	1370	0	19	
MYCO002826	21	0	20	
MYCO002827	6	0	14	
MYCO002829	45	0	13	
MYCO002830	1	0	8	
MYCO002831	69	0	21	
MYCO002832	48	0	33	
MYCO002833	89	0	37	
MYCO002834	8	0	21	
MYCO002835	6	0	29	
MYCO002836	98	0	37	
MYCO002837	34	0	15	
MYCO002840	1	0	13	
MYCO002842	0	0	10	
MYCO002843	70	0	9	
MYCO002844	6	0	11	
MYCO002845	77	0	36	
MYCO002848	435	0	25	
MYCO002849	14	0	22	
MYCO002850	541	0	52	
MYCO002851	5	0	15	
MYCO002852	38	0	48	
MYCO002853	771	0	58	
MYCO002854	13	0	24	
MYCO002855	85	0	27	
MYCO002856	9	0	20	
MYCO002857	6	0	17	
MYCO002858	162	0	36	
MYCO002859	576	0	33	
MYCO002860	10	0	34	
MYCO002862	5	0	11	
MYCO002863	4	0	12	
MYCO002865	1	0	7	
MYCO002866	1	0	6	
MYCO002867	217	0	25	
MYCO002869	7	0	34	
MYCO002871	331	0	7	
MYCO002872	25	0	11	
MYCO002873	5	0	9	
MYCO002874	83	0	56	
MYCO002875	45	0	15	
MYCO002876	0	0	18	
MYCO002877	47	0	22	
MYCO002878	4	0	15	
MYCO002879	1792	0	0	
MYCO002880	1654	0	5	
MYCO002881	3	0	16	
MYCO002884	32	0	21	
MYCO002885	70	298	39	
MYCO002886	42	0	26	
MYCO002887	6	0	15	
MYCO002888	164	0	33	
MYCO002891	318	0	19	
MYCO002892	84	0	30	
MYCO002893	20	0	35	
MYCO002895	69	0	28	
MYCO002896	133	0	35	
MYCO002897	100	0	48	
MYCO002898	3	0	12	
MYCO002899	4	0	17	
MYCO002900	16	0	49	
MYCO002903	22	0	24	
MYCO002905	13	0	31	
MYCO002906	1	0	7	
MYCO002907	37	0	12	
MYCO002908	14	0	3	
MYCO002910	3	0	16	
MYCO002911	34	0	18	
MYCO002912	6	0	13	
MYCO002913	40	0	55	
MYCO002914	103	0	35	
MYCO002920	36	0	42	
MYCO002922	305	0	61	
MYCO002923	17	0	11	
MYCO002924	22	0	27	
MYCO002925	7	0	18	
MYCO002926	2	0	18	
MYCO002928	7	0	19	
MYCO002929	10	0	13	
MYCO002930	12	0	33	
MYCO002931	1601	0	54	
MYCO002932	497	0	82	
MYCO002933	429	0	83	
MYCO002934	501	0	90	
MYCO002935	246	0	73	
MYCO002936	10	0	21	
MYCO002937	4	0	17	
MYCO002938	4	0	16	
MYCO002939	8	817	21	
MYCO002940	90	0	130	
MYCO002941	14	0	41	
MYCO002942	36	0	61	
MYCO002943	62	0	29	
MYCO002944	11	0	22	
MYCO002945	1	0	15	
MYCO002946	316	0	95	
MYCO002947	899	0	21	
MYCO002948	34	0	58	
MYCO002949	31	0	28	
MYCO002950	62	0	42	
MYCO002951	43	0	24	
MYCO002952	10	0	22	
MYCO002953	16	0	31	
MYCO002954	11	0	25	
MYCO002955	58	0	35	
MYCO002956	11	0	25	
MYCO002957	21	0	22	
MYCO002958	65	0	36	
MYCO002959	248	0	26	
MYCO002960	8	0	14	
MYCO002961	8	0	7	
MYCO002962	200	0	28	
MYCO002963	236	0	24	
MYCO002964	29	0	26	
MYCO002966	54	0	7	
MYCO002968	4	0	11	
MYCO002969	8	0	14	
MYCO002970	28	0	25	
MYCO002971	31	0	23	
MYCO002972	9	0	25	
MYCO002973	68	0	30	
MYCO002974	209	0	40	
MYCO002975	861	0	6	
MYCO002977	99	0	18	
MYCO002978	32	738	35	
MYCO002979	5	0	18	
MYCO002980	156	0	19	
MYCO002983	195	0	22	
MYCO002985	20	0	31	
MYCO002986	20	0	16	
MYCO002987	5	0	13	
MYCO002989	166	0	16	
MYCO002990	11	0	22	
MYCO002991	9	0	15	
MYCO002994	175	0	34	
MYCO002997	156	0	29	
MYCO002998	4	0	12	
MYCO002999	10	0	28	
MYCO003000	12	0	14	
MYCO003002	1	0	6	
MYCO003004	10	0	9	
MYCO003005	9	0	17	
MYCO003007	147	0	13	
MYCO003008	16	0	20	
MYCO003012	2	0	8	
MYCO003013	133	0	11	
MYCO003015	96	0	32	
MYCO003016	11	0	15	
MYCO003017	189	0	11	
MYCO003018	1366	0	19	
MYCO003019	0	23	16	
MYCO003020	6	6	13	
MYCO003021	1783	0	4	
MYCO003022	1792	0	0	
MYCO003023	1740	17	8	
MYCO003026	20	0	30	
MYCO003030	42	0	16	
MYCO003033	6	0	12	
MYCO003035	80	0	14	
MYCO003036	3	0	16	
MYCO003037	100	0	29	
MYCO003039	33	0	20	
MYCO003040	78	0	17	
MYCO003041	6	0	16	
MYCO003044	123	0	35	
MYCO003046	6	0	9	
MYCO003047	51	0	11	
MYCO003050	7	0	21	
MYCO003055	4	528	12	
MYCO003056	16	0	28	
MYCO003058	1	0	10	
MYCO003059	23	0	32	
MYCO003060	301	0	48	
MYCO003061	189	0	53	
MYCO003062	489	0	35	
MYCO003063	59	0	68	
MYCO003064	33	0	9	
MYCO003065	52	0	7	
MYCO003066	77	0	20	
MYCO003067	8	0	18	
MYCO003068	23	0	37	
MYCO003069	1	0	10	
MYCO003070	3	0	6	
MYCO003071	47	0	29	
MYCO003072	4	0	19	
MYCO003073	4	0	19	
MYCO003074	538	611	30	
MYCO003075	9	0	20	
MYCO003076	2	0	14	
MYCO003077	109	0	55	
MYCO003078	8	0	11	
MYCO003079	148	0	15	
MYCO003080	186	0	76	
MYCO003081	59	0	27	
MYCO003082	11	0	27	
MYCO003083	100	0	39	
MYCO003084	221	0	26	
MYCO003086	47	0	15	
MYCO003087	93	0	34	
MYCO003088	55	0	39	
MYCO003089	75	0	35	
MYCO003090	53	393	32	
MYCO003091	71	0	39	
MYCO003092	188	0	35	
MYCO003093	415	0	18	
MYCO003094	186	0	31	
MYCO003095	2	0	11	
MYCO003096	12	0	33	
MYCO003097	34	0	36	
MYCO003098	7	0	15	
MYCO003099	29	0	25	
MYCO003103	8	0	12	
MYCO003104	10	0	26	
MYCO003106	23	0	29	
MYCO003107	22	0	43	
MYCO003108	9	0	18	
MYCO003109	34	0	33	
MYCO003110	7	0	9	
MYCO003111	12	0	29	
MYCO003112	13	0	8	
MYCO003113	432	0	25	
MYCO003114	32	0	16	
MYCO003115	1740	17	8	
MYCO003116	55	0	22	
MYCO003119	13	0	16	
MYCO003120	16	0	22	
MYCO003121	49	0	34	
MYCO003122	18	0	11	
MYCO003123	11	0	13	
MYCO003124	40	0	27	
MYCO003125	251	0	30	
MYCO003126	11	0	10	
MYCO003127	16	0	35	
MYCO003128	1792	0	0	
MYCO003129	145	0	7	
MYCO003130	23	0	40	
MYCO003131	19	0	20	
MYCO003132	42	0	48	
MYCO003133	3	0	8	
MYCO003134	13	0	26	
MYCO003135	1079	0	5	
MYCO003136	29	0	28	
MYCO003137	7	0	24	
MYCO003138	27	0	39	
MYCO003141	72	0	22	
MYCO003142	261	0	8	
MYCO003143	2	0	10	
MYCO003144	284	0	38	
MYCO003145	5	0	5	
MYCO003146	3	0	15	
MYCO003147	13	0	9	
MYCO003148	7	0	21	
MYCO003149	17	0	19	
MYCO003150	171	0	26	
MYCO003151	357	0	44	
MYCO003152	4	0	22	
MYCO003153	29	0	22	
MYCO003154	5	0	18	
MYCO003155	3	0	7	
MYCO003156	22	0	36	
MYCO003157	34	0	46	
MYCO003158	7	0	40	
MYCO003159	915	0	38	
MYCO003160	3	0	11	
MYCO003161	131	0	43	
MYCO003162	16	0	6	
MYCO003163	8	0	24	
MYCO003164	15	0	18	
MYCO003165	35	0	9	
MYCO003166	184	0	25	
MYCO003167	8	0	19	
MYCO003168	68	0	43	
MYCO003169	212	0	28	
MYCO003170	158	0	27	
MYCO003171	10	0	32	
MYCO003172	2	0	20	
MYCO003173	3	0	19	
MYCO003174	9	0	31	
MYCO003175	487	0	33	
MYCO003176	28	0	32	
MYCO003177	17	0	20	
MYCO003178	12	0	14	
MYCO003179	142	0	36	
MYCO003180	11	0	13	
MYCO003181	39	0	12	
MYCO003182	11	0	4	
MYCO003183	69	0	10	
MYCO003184	215	1	11	
MYCO003185	1792	0	0	
MYCO003186	215	1	11	
MYCO003187	1792	0	0	
MYCO003188	11	0	10	
MYCO003189	20	0	18	
MYCO003190	51	0	30	
MYCO003191	20	0	27	
MYCO003192	21	0	18	
MYCO003196	22	0	28	
MYCO003199	140	0	24	
MYCO003200	7	0	35	
MYCO003201	312	0	70	
MYCO003202	245	0	70	
MYCO003203	9	0	20	
MYCO003204	0	0	12	
MYCO003209	4	0	12	
MYCO003210	4	0	16	
MYCO003212	211	0	36	
MYCO003215	9	0	27	
MYCO003216	1792	0	0	
MYCO003217	109	0	11	
MYCO003218	6	0	24	
MYCO003222	20	0	14	
MYCO003224	88	0	26	
MYCO003225	22	0	35	
MYCO003226	12	0	16	
MYCO003227	79	0	34	
MYCO003230	49	0	38	
MYCO003231	15	0	15	
MYCO003232	5	0	16	
MYCO003233	4	0	19	
MYCO003234	876	0	14	
MYCO003235	127	0	20	
MYCO003236	112	0	33	
MYCO003237	7	0	15	
MYCO003238	4	0	15	
MYCO003239	880	0	49	
MYCO003242	28	0	20	
MYCO003243	28	0	20	
MYCO003244	125	0	37	
MYCO003247	16	0	13	
MYCO003249	70	0	17	
MYCO003250	3	0	8	
MYCO003251	2	0	6	
MYCO003253	22	0	28	
MYCO003254	38	0	35	
MYCO003256	233	0	28	
MYCO003259	7	0	6	
MYCO003260	0	0	9	
MYCO003263	77	0	38	
MYCO003266	47	0	28	
MYCO003268	42	0	21	
MYCO003269	6	0	6	
MYCO003270	105	0	46	
MYCO003271	7	0	20	
MYCO003272	35	0	34	
MYCO003273	1	0	62	
MYCO003278	3	0	14	
MYCO003279	6	0	22	
MYCO003281	1722	0	5	
MYCO003282	5	0	27	
MYCO003283	8	0	25	
MYCO003284	15	0	17	
MYCO003286	195	0	15	
MYCO003287	6	0	7	
MYCO003288	2	0	10	
MYCO003289	16	0	11	
MYCO003291	7	0	12	
MYCO003292	77	0	34	
MYCO003293	217	0	28	
MYCO003294	5	0	21	
MYCO003295	5	0	16	
MYCO003297	30	0	23	
MYCO003298	97	0	13	
MYCO003299	278	0	79	
MYCO003300	15	0	24	
MYCO003301	6	0	19	
MYCO003307	60	0	20	
MYCO003308	210	0	33	
MYCO003309	7	0	15	
MYCO003310	10	0	21	
MYCO003311	18	0	30	
MYCO003312	10	0	26	
MYCO003314	38	0	25	
MYCO003315	3	0	13	
MYCO003316	3	0	4	
MYCO003320	18	0	13	
MYCO003321	2	0	5	
MYCO003322	3	0	21	
MYCO003323	98	0	19	
MYCO003324	96	0	14	
MYCO003325	215	1	11	
MYCO003326	1792	0	0	
MYCO003327	1776	0	3	
MYCO003331	163	0	36	
MYCO003332	125	0	39	
MYCO003333	426	0	18	
MYCO003334	2	0	10	
MYCO003335	27	0	28	
MYCO003337	186	0	14	
MYCO003338	18	0	26	
MYCO003339	34	0	24	
MYCO003342	115	0	11	
MYCO003343	1787	0	5	
MYCO003344	1792	0	0	
MYCO003345	1788	0	3	
MYCO003346	583	0	10	
MYCO003347	1373	0	117	
MYCO003348	49	1	17	
MYCO003349	939	0	19	
MYCO003350	1492	0	104	
MYCO003351	253	0	18	
MYCO003352	248	0	7	
MYCO003353	239	0	5	
MYCO003354	237	0	9	
MYCO003355	226	0	12	
MYCO003357	2	0	7	
MYCO003358	1	0	8	
MYCO003359	98	0	20	
MYCO003360	280	0	6	
MYCO003361	21	0	16	
MYCO003362	20	0	18	
MYCO003363	100	0	10	
MYCO003364	27	0	7	
MYCO003365	1618	0	16	
MYCO003366	14	0	18	
MYCO003367	810	0	42	
MYCO003368	40	0	16	
MYCO003369	53	0	12	
MYCO003370	389	0	58	
MYCO003371	158	0	38	
MYCO003372	84	0	26	
MYCO003373	192	0	15	
MYCO003374	2	0	10	
MYCO003375	64	0	46	
MYCO003376	6	0	19	
MYCO003377	129	0	45	
MYCO003378	50	0	34	
MYCO003379	22	0	47	
MYCO003380	1792	0	0	
MYCO003381	215	1	11	
MYCO003382	64	0	14	
MYCO003383	373	0	40	
MYCO003384	18	0	10	
MYCO003385	26	0	9	
MYCO003386	79	0	21	
MYCO003387	9	0	19	
MYCO003388	1336	0	28	
MYCO003389	122	0	27	
MYCO003390	9	0	29	
MYCO003391	103	0	53	
MYCO003393	29	0	29	
MYCO003394	525	0	32	
MYCO003395	39	0	21	
MYCO003397	11	0	16	
MYCO003398	40	0	37	
MYCO003399	18	0	15	
MYCO003400	43	0	14	
MYCO003401	192	0	61	
MYCO003402	53	0	29	
MYCO003403	27	0	51	
MYCO003404	18	0	24	
MYCO003405	0	0	18	
MYCO003406	51	0	24	
MYCO003407	5	0	4	
MYCO003408	1	0	8	
MYCO003413	141	0	16	
MYCO003414	5	0	16	
MYCO003415	137	0	22	
MYCO003416	18	0	11	
MYCO003420	30	0	14	
MYCO003421	426	0	26	
MYCO003423	12	0	38	
MYCO003424	128	0	16	
MYCO003425	78	476	35	
MYCO003426	1749	0	3	
MYCO003427	520	0	13	
MYCO003428	1694	0	5	
MYCO003429	78	393	34	
MYCO003430	117	0	52	
MYCO003431	28	0	21	
MYCO003434	89	0	30	
MYCO003435	8	0	26	
MYCO003437	71	0	15	
MYCO003438	20	0	28	
MYCO003439	319	0	40	
MYCO003440	17	0	14	
MYCO003444	7	0	14	
MYCO003445	11	0	11	
MYCO003446	320	0	35	
MYCO003447	154	0	77	
MYCO003448	74	0	38	
MYCO003449	64	0	39	
MYCO003450	252	0	41	
MYCO003451	30	0	29	
MYCO003452	208	0	19	
MYCO003453	1076	0	4	
MYCO003454	23	0	34	
MYCO003463	43	0	22	
MYCO003465	5	0	18	
MYCO003466	1721	20	29	
MYCO003467	1731	27	20	
MYCO003468	23	0	29	
MYCO003469	16	0	28	
MYCO003470	77	0	51	
MYCO003471	9	0	13	
MYCO003472	13	0	19	
MYCO003473	12	0	22	
MYCO003474	215	1	11	
MYCO003475	1792	0	0	
MYCO003476	22	0	45	
MYCO003477	42	0	7	
MYCO003478	878	96	194	
MYCO003479	82	0	92	
MYCO003480	91	0	43	
MYCO003481	21	0	13	
MYCO003482	11	0	25	
MYCO003483	380	0	19	
MYCO003484	38	0	36	
MYCO003485	252	0	25	
MYCO003486	111	0	10	
MYCO003487	406	0	26	
MYCO003488	55	0	8	
MYCO003489	3	0	6	
MYCO003491	7	0	17	
MYCO003492	1	0	14	
MYCO003493	134	0	18	
MYCO003494	370	0	33	
MYCO003495	10	0	23	
MYCO003496	102	0	26	
MYCO003497	2	0	27	
MYCO003498	38	0	28	
MYCO003499	4	0	22	
MYCO003502	11	0	22	
MYCO003503	0	0	5	
MYCO003505	52	0	27	
MYCO003506	32	0	46	
MYCO003507	1666	0	49	
MYCO003508	1792	0	0	
MYCO003509	175	0	43	
MYCO003510	58	0	20	
MYCO003511	1790	0	2	
MYCO003512	1792	0	0	
MYCO003513	1696	0	9	
MYCO003514	1792	0	0	
MYCO003515	1594	0	15	
MYCO003516	283	0	21	
MYCO003517	394	0	19	
MYCO003518	47	0	27	
MYCO003519	7	0	23	
MYCO003521	12	0	22	
MYCO003522	4	0	26	
MYCO003523	141	0	20	
MYCO003524	13	0	34	
MYCO003525	91	0	14	
MYCO003526	2	0	20	
MYCO003527	0	0	20	
MYCO003528	24	0	29	
MYCO003529	210	0	36	
MYCO003530	14	633	19	
MYCO003531	41	0	41	
MYCO003532	143	0	35	
MYCO003533	532	0	45	
MYCO003534	21	0	15	
MYCO003535	430	0	18	
MYCO003536	3	0	25	
MYCO003537	9	0	34	
MYCO003538	1	0	21	
MYCO003539	224	0	34	
MYCO003540	154	0	30	
MYCO003541	0	0	11	
MYCO003542	41	0	21	
MYCO003543	34	0	26	
MYCO003544	15	0	26	
MYCO003545	15	0	42	
MYCO003546	32	0	29	
MYCO003547	19	0	19	
MYCO003548	6	0	16	
MYCO003549	56	0	23	
MYCO003550	21	0	14	
MYCO003551	19	0	17	
MYCO003552	2	0	13	
MYCO003553	181	0	20	
MYCO003554	29	0	62	
MYCO003555	263	0	17	
MYCO003556	39	0	17	
MYCO003557	0	0	12	
MYCO003558	425	0	36	
MYCO003559	96	0	20	
MYCO003560	57	0	29	
MYCO003561	272	0	34	
MYCO003562	21	0	34	
MYCO003563	56	0	30	
MYCO003564	238	0	20	
MYCO003565	33	0	37	
MYCO003566	53	0	23	
MYCO003567	17	0	14	
MYCO003568	205	0	11	
MYCO003569	154	0	23	
MYCO003572	12	0	14	
MYCO003573	168	0	44	
MYCO003574	24	0	14	
MYCO003575	45	0	22	
MYCO003576	23	0	20	
MYCO003577	21	0	19	
MYCO003578	117	0	37	
MYCO003581	4	0	11	
MYCO003582	8	0	21	
MYCO003584	8	0	10	
MYCO003585	18	0	38	
MYCO003586	5	0	29	
MYCO003587	75	0	24	
MYCO003588	20	0	10	
MYCO003590	1248	0	32	
MYCO003591	13	0	18	
MYCO003593	3	0	45	
MYCO003594	36	0	27	
MYCO003595	790	0	35	
MYCO003597	111	0	6	
MYCO003599	72	0	4	
MYCO003602	276	0	24	
MYCO003603	84	0	22	
MYCO003604	365	0	36	
MYCO003605	114	0	12	
MYCO003606	3	0	14	
MYCO003607	64	0	9	
MYCO003608	17	0	23	
MYCO003611	1772	0	3	
MYCO003612	22	0	10	
MYCO003613	2	0	4	
MYCO003614	5	0	26	
MYCO003615	4	0	8	
MYCO003616	20	0	45	
MYCO003617	39	0	22	
MYCO003618	36	0	26	
MYCO003619	146	827	101	
MYCO003620	1000	193	74	
MYCO003621	253	0	32	
MYCO003622	45	0	6	
MYCO003623	91	0	18	
MYCO003625	96	0	25	
MYCO003626	138	0	35	
MYCO003627	18	0	43	
MYCO003629	18	0	27	
MYCO003630	3	418	39	
MYCO003631	3	0	15	
MYCO003632	1	0	6	
MYCO003633	34	0	27	
MYCO003634	50	0	19	
MYCO003635	58	0	48	
MYCO003636	2	0	10	
MYCO003637	25	0	20	
MYCO003638	5	0	22	
MYCO003639	171	0	24	
MYCO003640	64	0	34	
MYCO003641	8	0	17	
MYCO003642	2	0	7	
MYCO003643	1	0	6	
MYCO003645	362	0	42	
MYCO003649	258	0	68	
MYCO003650	35	0	10	
MYCO003651	148	0	26	
MYCO003652	440	0	13	
MYCO003653	1052	0	18	
MYCO003654	217	0	16	
MYCO003655	1791	0	1	
MYCO003656	7	0	8	
MYCO003657	556	423	15	
MYCO003658	183	0	23	
MYCO003659	363	0	27	
MYCO003660	65	0	37	
MYCO003661	28	0	13	
MYCO003662	473	0	26	
MYCO003663	158	0	44	
MYCO003664	2	0	27	
MYCO003665	2	0	27	
MYCO003666	46	453	35	
MYCO003667	140	0	48	
MYCO003669	5	0	18	
MYCO003671	14	0	35	
MYCO003672	30	0	20	
MYCO003673	55	0	20	
MYCO003675	0	0	12	
MYCO003678	3	0	12	
MYCO003681	6	0	16	
MYCO003685	49	0	42	
MYCO003686	30	0	9	
MYCO003687	8	0	12	
MYCO003688	12	0	13	
MYCO003689	79	0	54	
MYCO003690	181	0	17	
MYCO003691	30	0	34	
MYCO003692	25	0	26	
MYCO003693	594	0	32	
MYCO003694	6	0	24	
MYCO003697	10	0	15	
MYCO003698	61	0	42	
MYCO003699	19	0	20	
MYCO003700	266	0	29	
MYCO003701	56	0	28	
MYCO003702	13	0	23	
MYCO003703	25	0	42	
MYCO003704	27	0	37	
MYCO003706	75	0	7	
MYCO003714	19	0	29	
MYCO003716	112	0	9	
MYCO003723	11	0	24	
MYCO003725	862	0	14	
MYCO003726	143	0	34	
MYCO003727	121	0	55	
MYCO003728	1120	0	49	
MYCO003729	154	0	63	
MYCO003730	4	0	35	
MYCO003731	3	0	34	
MYCO003732	43	0	33	
MYCO003733	6	0	17	
MYCO003734	28	0	39	
MYCO003735	11	0	16	
MYCO003736	26	0	36	
MYCO003737	342	0	46	
MYCO003738	607	0	25	
MYCO003739	433	0	9	
MYCO003740	50	0	42	
MYCO003741	8	0	24	
MYCO003742	5	0	13	
MYCO003743	72	0	64	
MYCO003744	1	0	16	
MYCO003745	6	533	7	
MYCO003746	2	0	17	
MYCO003747	9	0	5	
MYCO003748	6	0	10	
MYCO003749	15	0	13	
MYCO003750	5	0	7	
MYCO003751	6	0	11	
MYCO003752	131	0	12	
MYCO003753	193	0	10	
MYCO003754	88	0	26	
MYCO003755	6	0	13	
MYCO003756	10	0	24	
MYCO003757	57	0	26	
MYCO003758	16	0	28	
MYCO003759	13	0	39	
MYCO003760	7	0	7	
MYCO003761	75	0	25	
MYCO003762	5	0	65	
MYCO003763	8	0	20	
MYCO003764	14	0	36	
MYCO003766	51	0	24	
MYCO003767	46	0	28	
MYCO003768	49	0	11	
MYCO003769	44	0	9	
MYCO003770	54	0	17	
MYCO003771	16	0	18	
MYCO003772	24	0	25	
MYCO003773	36	0	19	
MYCO003776	326	0	52	
MYCO003779	197	0	52	
MYCO003784	97	0	39	
MYCO003785	791	0	25	
MYCO003786	124	0	38	
MYCO003787	39	0	30	
MYCO003788	4	0	14	
MYCO003789	4	0	12	
MYCO003792	87	0	68	
MYCO003796	10	0	41	
MYCO003797	95	0	54	
MYCO003798	939	26	18	
MYCO003800	377	0	107	
MYCO003803	30	0	26	
MYCO003805	19	0	38	
MYCO003807	66	0	16	
MYCO003810	487	0	22	
MYCO003811	60	0	42	
MYCO003812	701	0	35	
MYCO003813	34	0	16	
MYCO003814	21	0	18	
MYCO003815	41	0	17	
MYCO003817	136	0	28	
MYCO003818	23	0	38	
MYCO003819	12	0	12	
MYCO003820	77	0	47	
MYCO003821	5	0	22	
MYCO003822	21	0	43	
MYCO003823	21	0	100	
MYCO003824	34	0	57	
MYCO003825	107	0	173	
MYCO003826	38	0	60	
MYCO003827	69	0	55	
MYCO003828	0	658	12	
MYCO003829	361	0	60	
MYCO003830	404	0	29	
MYCO003831	6	0	28	
MYCO003832	43	0	26	
MYCO003833	227	0	34	
MYCO003836	183	0	17	
MYCO003837	18	0	34	
MYCO003838	52	0	34	
MYCO003839	5	0	25	
MYCO003840	22	0	20	
MYCO003841	2	0	23	
MYCO003843	143	0	34	
MYCO003844	49	1	17	
MYCO003845	1302	0	4	
MYCO003846	6	0	18	
MYCO003848	43	0	41	
MYCO003850	27	0	27	
MYCO003851	29	0	12	
MYCO003852	17	0	15	
MYCO003853	1	0	11	
MYCO003854	76	0	87	
MYCO003855	6	0	27	
MYCO003856	35	0	27	
MYCO003857	8	0	4	
MYCO003860	195	0	50	
MYCO003861	50	0	18	
MYCO003862	17	0	40	
MYCO003863	71	0	41	
MYCO003864	48	0	43	
MYCO003865	19	0	10	
MYCO003866	57	0	21	
MYCO003867	35	0	12	
MYCO003868	87	0	42	
MYCO003869	237	0	59	
MYCO003870	20	0	90	
MYCO003871	136	0	62	
MYCO003872	88	0	7	
MYCO003873	75	0	33	
MYCO003874	12	0	8	
MYCO003875	7	0	8	
MYCO003876	801	0	51	
MYCO003877	21	0	66	
MYCO003878	182	0	29	
MYCO003879	757	0	68	
MYCO003880	1	0	15	
MYCO003881	189	0	67	
MYCO003882	227	0	74	
MYCO003883	22	0	48	
MYCO003884	95	0	61	
MYCO003885	59	0	70	
MYCO003886	595	0	42	
MYCO003887	171	0	56	
MYCO003888	60	0	57	
MYCO003889	122	0	43	
MYCO003890	37	0	10	
MYCO003891	9	0	19	
MYCO003892	397	0	44	
MYCO003893	41	0	12	
MYCO003894	494	0	129	
MYCO003895	478	0	51	
MYCO003896	99	0	41	
MYCO003897	1776	0	2	
MYCO003898	863	0	8	
MYCO003899	472	0	46	
MYCO003900	267	0	57	
MYCO003901	32	0	22	
MYCO003902	8	0	19	
MYCO003903	566	0	68	
MYCO003904	7	0	18	
MYCO003905	13	0	13	
MYCO003906	21	0	24	
MYCO003909	97	0	77	
MYCO003910	100	0	171	
MYCO003911	1788	0	4	
MYCO003912	66	0	41	
MYCO003914	1	0	12	
MYCO003916	1	0	41	
MYCO003919	99	0	126	
MYCO003922	1	0	20	
MYCO003923	2	0	22	
MYCO010064	3	0	8	
MYCO010078	7	0	26	
MYCO010157	2	0	5	
MYCO010186	16	0	5	
MYCO010192	392	0	5	
MYCO010236	11	0	2	
MYCO010277	1792	0	0	
MYCO010397	1	828	10	
MYCO010456	5	0	9	
MYCO010470	267	0	9	
MYCO010492	11	0	6	
MYCO010500	86	0	4	
MYCO010530	1	0	8	
MYCO010590	12	0	4	
MYCO010609	9	0	7	
MYCO010616	0	0	8	
MYCO010634	4	0	5	
MYCO010691	1	0	7	
MYCO010724	1792	0	0	
MYCO010749	8	0	7	
MYCO010755	28	0	4	
MYCO010787	18	0	4	
MYCO010959	2	0	3	
MYCO011028	0	0	5	
MYCO011087	13	0	6	
MYCO011089	2	0	8	
MYCO011116	8	0	7	
MYCO011135	1	0	15	
MYCO011159	2	0	5	
MYCO011290	14	0	6	
MYCO011322	7	0	13	
MYCO011366	8	0	7	
MYCO011473	10	0	7	
MYCO011489	47	0	5	
MYCO011498	26	0	11	
MYCO011507	33	0	23	
MYCO011508	15	0	6	
MYCO011638	120	0	9	
MYCO011706	1	0	5	
MYCO011765	16	0	8	
MYCO011888	1	0	8	
MYCO011954	6	0	5	
MYCO011962	0	1022	11	
MYCO011982	4	0	4	
MYCO011990	23	0	14	
MYCO011991	1	0	3	
MYCO012023	23	0	25	
MYCO012063	44	0	11	
MYCO012077	54	0	9	
MYCO012142	0	0	10	
MYCO012160	962	0	6	
MYCO012219	2	0	9	
MYCO012231	15	0	15	
MYCO012237	8	0	6	
MYCO012250	1791	0	1	
MYCO012274	63	0	8	
MYCO012306	14	0	18	
MYCO012307	5	0	4	
MYCO012309	4	0	10	
MYCO012331	1	0	6	
MYCO012395	7	0	6	
MYCO012401	3	0	2	
MYCO012427	1792	0	0	
MYCO012438	1	0	7	
MYCO012468	1	0	6	
MYCO012530	3	0	10	
MYCO012548	0	0	9	
MYCO012601	0	0	6	
MYCO012614	216	0	8	
MYCO012737	3	0	7	
MYCO012801	0	0	2	
MYCO012828	325	0	7	
MYCO012862	1792	0	0	
MYCO012922	5	0	8	
MYCO012943	9	0	12	
MYCO012970	8	0	3	
MYCO012998	1	0	11	
MYCO013018	669	0	4	
MYCO013022	287	0	10	
MYCO013032	7	0	8	
MYCO013098	7	0	14	
MYCO013136	2	0	13	
MYCO013190	72	0	5	
MYCO013196	2	0	4	
MYCO013197	15	0	6	
MYCO013198	3	0	7	
MYCO013208	2	0	8	
MYCO013221	1	0	8	
MYCO013224	6	0	12	
MYCO013312	21	0	15	
MYCO013324	1792	0	0	
MYCO013395	57	0	15	
MYCO013566	2	0	10	
MYCO013697	19	0	10	
MYCO013705	14	0	16	
MYCO013724	184	0	4	
MYCO013770	3	0	6	
MYCO020078	2	0	11	
MYCO020456	1792	0	0	
MYCO020500	0	0	3	
MYCO022231	1289	0	9	
MYCO022306	30	0	11	
MYCO022307	31	0	14	
MYCO022395	18	0	8	
MYCO023224	8	0	6	
MYCO023724	197	0	15	
MYCO023770	3	0	7	
MYCO032307	0	0	8	
