GbGDiv simplified results table from 'accumulate-17.txt' records table.
Isolate records read from table: 4352

Locus	Missing	Paralogous	CountNuc
id	0	0	4352	
isolate	0	0	4352	
rMLST_database_accession	0	0	4352	
BACT000001	10	0	75	
BACT000002	128	0	30	
BACT000003	425	0	37	
BACT000004	28	0	27	
BACT000005	72	0	29	
BACT000006	4	0	16	
BACT000007	11	0	18	
BACT000008	22	0	19	
BACT000009	19	0	27	
BACT000010	1	0	9	
BACT000011	34	0	20	
BACT000012	2	0	18	
BACT000013	9	0	20	
BACT000014	2	3974	2	
BACT000015	1	0	9	
BACT000016	43	0	26	
BACT000017	15	0	19	
BACT000018	1	3394	3	
BACT000019	1	0	11	
BACT000020	5	0	15	
BACT000021	4351	0	1	
BACT000030	38	1210	27	
BACT000031	2	0	25	
BACT000032	10	0	19	
BACT000033	120	0	30	
BACT000034	11	0	21	
BACT000035	4	0	24	
BACT000036	281	0	21	
BACT000038	19	0	19	
BACT000039	16	0	22	
BACT000040	515	0	16	
BACT000042	6	0	23	
BACT000043	3	0	23	
BACT000044	25	0	17	
BACT000045	20	0	18	
BACT000046	4	0	28	
BACT000047	60	0	12	
BACT000048	1	0	16	
BACT000049	3	0	16	
BACT000050	22	0	15	
BACT000051	140	0	22	
BACT000052	1	0	13	
BACT000053	4	0	14	
BACT000056	7	0	13	
BACT000057	2	4219	3	
BACT000058	1	1	12	
BACT000059	0	0	11	
BACT000060	2	0	8	
BACT000061	10	0	14	
BACT000062	1	3644	7	
BACT000063	2	1	12	
BACT000064	3	0	13	
BACT000065	3	0	3	
MYCO000001	28	0	115	
MYCO000005	27	0	128	
MYCO000006	48	0	213	
MYCO000009	11	0	32	
MYCO000011	9	0	24	
MYCO000013	4	0	59	
MYCO000015	970	0	69	
MYCO000016	67	0	83	
MYCO000017	57	0	77	
MYCO000019	8	0	31	
MYCO000038	287	0	33	
MYCO000046	15	0	60	
MYCO000047	16	0	30	
MYCO000049	23	0	28	
MYCO000050	484	0	141	
MYCO000051	373	0	106	
MYCO000054	171	0	30	
MYCO000066	22	0	114	
MYCO000068	118	0	76	
MYCO000129	35	0	33	
MYCO000183	224	0	49	
MYCO000184	250	0	26	
MYCO000189	550	0	58	
MYCO000198	48	0	103	
MYCO000204	134	0	46	
MYCO000207	13	0	35	
MYCO000211	50	0	100	
MYCO000223	451	0	72	
MYCO000225	31	0	33	
MYCO000227	486	0	52	
MYCO000228	98	0	51	
MYCO000236	993	0	160	
MYCO000237	110	0	64	
MYCO000238	15	0	33	
MYCO000241	29	0	54	
MYCO000242	722	0	64	
MYCO000243	400	0	58	
MYCO000244	84	2188	69	
MYCO000247	11	0	27	
MYCO000248	25	0	57	
MYCO000270	42	0	89	
MYCO000274	278	0	38	
MYCO000321	11	0	23	
MYCO000322	52	0	51	
MYCO000334	4	0	27	
MYCO000337	39	0	43	
MYCO000350	69	0	56	
MYCO000352	453	0	46	
MYCO000357	14	0	48	
MYCO000360	155	0	26	
MYCO000383	809	0	25	
MYCO000384	556	0	87	
MYCO000407	198	0	49	
MYCO000410	131	0	92	
MYCO000411	109	0	40	
MYCO000414	905	0	30	
MYCO000415	953	0	41	
MYCO000417	304	1081	30	
MYCO000423	27	0	48	
MYCO000429	10	0	30	
MYCO000432	13	0	27	
MYCO000433	25	0	39	
MYCO000439	163	0	45	
MYCO000440	49	0	51	
MYCO000462	11	0	38	
MYCO000465	37	0	71	
MYCO000466	18	0	29	
MYCO000467	19	0	41	
MYCO000468	38	0	34	
MYCO000472	10	0	29	
MYCO000475	101	0	31	
MYCO000483	49	0	49	
MYCO000484	43	0	33	
MYCO000486	266	0	61	
MYCO000489	641	0	26	
MYCO000490	57	0	39	
MYCO000491	7	0	18	
MYCO000495	12	0	36	
MYCO000496	54	0	40	
MYCO000498	76	0	42	
MYCO000501	24	0	38	
MYCO000502	34	0	38	
MYCO000505	1051	0	34	
MYCO000509	99	0	60	
MYCO000510	77	0	34	
MYCO000512	91	0	33	
MYCO000524	357	0	50	
MYCO000527	134	0	31	
MYCO000528	671	0	52	
MYCO000529	157	0	51	
MYCO000548	28	0	31	
MYCO000551	147	0	83	
MYCO000553	422	0	38	
MYCO000555	403	0	47	
MYCO000557	51	0	61	
MYCO000558	209	0	26	
MYCO000562	22	0	44	
MYCO000563	92	0	41	
MYCO000564	48	0	54	
MYCO000566	12	0	21	
MYCO000636	7	0	20	
MYCO000639	169	0	23	
MYCO000647	161	0	56	
MYCO000655	25	0	47	
MYCO000667	213	0	241	
MYCO000668	173	0	228	
MYCO000672	182	0	82	
MYCO000684	65	0	83	
MYCO000685	16	0	29	
MYCO000693	403	0	47	
MYCO000696	72	0	61	
MYCO000732	10	0	50	
MYCO000733	9	0	20	
MYCO000734	459	0	27	
MYCO000757	10	0	25	
MYCO000758	114	0	136	
MYCO000772	140	0	52	
MYCO000777	50	0	38	
MYCO000780	13	0	34	
MYCO000782	4249	0	5	
MYCO000788	130	0	24	
MYCO000803	99	0	78	
MYCO000808	74	0	60	
MYCO000809	7	0	34	
MYCO000810	2	0	8	
MYCO000814	865	16	13	
MYCO000815	57	4	40	
MYCO000820	13	0	26	
MYCO000821	24	0	18	
MYCO000823	88	0	51	
MYCO000824	9	0	22	
MYCO000859	66	0	69	
MYCO000860	264	0	93	
MYCO000861	39	0	60	
MYCO000871	13	0	12	
MYCO000876	5	0	61	
MYCO000884	13	0	48	
MYCO000885	57	0	34	
MYCO000886	1014	0	66	
MYCO000889	871	0	49	
MYCO000896	54	0	52	
MYCO000902	35	0	28	
MYCO000903	8	0	12	
MYCO000906	1127	0	48	
MYCO000926	20	0	64	
MYCO000927	195	0	32	
MYCO000929	393	0	29	
MYCO000946	44	0	69	
MYCO000949	187	0	93	
MYCO000951	38	0	48	
MYCO000952	80	0	40	
MYCO000953	316	0	49	
MYCO000957	462	0	49	
MYCO000981	47	0	27	
MYCO000983	550	0	59	
MYCO000993	131	0	31	
MYCO000994	288	0	52	
MYCO000995	19	0	28	
MYCO001001	40	0	58	
MYCO001002	62	0	66	
MYCO001007	13	0	60	
MYCO001008	252	0	36	
MYCO001009	220	0	37	
MYCO001010	90	0	46	
MYCO001011	37	0	31	
MYCO001013	50	0	55	
MYCO001014	34	0	34	
MYCO001015	29	0	28	
MYCO001017	5	0	29	
MYCO001018	49	0	65	
MYCO001020	502	0	154	
MYCO001022	209	0	31	
MYCO001023	154	0	51	
MYCO001026	282	0	38	
MYCO001070	23	0	22	
MYCO001071	19	0	55	
MYCO001072	4	0	29	
MYCO001077	68	0	61	
MYCO001079	77	0	38	
MYCO001080	239	0	17	
MYCO001082	42	0	32	
MYCO001086	60	0	37	
MYCO001092	112	0	30	
MYCO001094	70	0	19	
MYCO001095	101	0	47	
MYCO001098	76	0	41	
MYCO001099	266	0	41	
MYCO001108	80	0	50	
MYCO001110	14	0	30	
MYCO001112	561	0	42	
MYCO001165	199	0	77	
MYCO001173	256	0	91	
MYCO001177	14	0	8	
MYCO001178	156	0	51	
MYCO001193	416	0	47	
MYCO001201	253	0	40	
MYCO001202	200	0	34	
MYCO001207	300	0	41	
MYCO001208	29	0	32	
MYCO001213	206	0	54	
MYCO001220	252	0	18	
MYCO001221	6	0	30	
MYCO001223	705	0	66	
MYCO001229	127	0	47	
MYCO001238	49	0	35	
MYCO001239	17	0	46	
MYCO001245	91	0	46	
MYCO001248	494	0	136	
MYCO001253	194	0	74	
MYCO001272	328	0	64	
MYCO001273	23	0	72	
MYCO001277	479	0	40	
MYCO001292	35	0	64	
MYCO001293	58	0	47	
MYCO001294	77	0	46	
MYCO001295	62	0	42	
MYCO001297	366	0	56	
MYCO001299	43	0	27	
MYCO001302	14	0	32	
MYCO001305	8	0	9	
MYCO001308	71	0	48	
MYCO001309	15	0	39	
MYCO001310	21	0	40	
MYCO001311	16	0	23	
MYCO001315	23	0	38	
MYCO001321	64	0	30	
MYCO001323	92	0	47	
MYCO001326	53	0	83	
MYCO001327	78	0	69	
MYCO001328	151	0	108	
MYCO001338	118	0	31	
MYCO001340	56	0	25	
MYCO001380	52	0	31	
MYCO001381	464	0	45	
MYCO001383	40	0	41	
MYCO001384	413	0	144	
MYCO001385	685	0	37	
MYCO001388	5	0	24	
MYCO001390	2	0	14	
MYCO001391	776	0	55	
MYCO001392	436	0	64	
MYCO001402	1787	0	60	
MYCO001407	597	0	70	
MYCO001408	145	0	26	
MYCO001410	13	0	55	
MYCO001412	19	0	28	
MYCO001415	22	0	43	
MYCO001416	8	0	19	
MYCO001420	29	0	67	
MYCO001421	25	0	35	
MYCO001436	7	0	40	
MYCO001437	48	0	46	
MYCO001438	23	0	29	
MYCO001440	22	0	13	
MYCO001445	279	0	33	
MYCO001447	518	0	86	
MYCO001448	52	0	48	
MYCO001449	221	0	75	
MYCO001451	88	0	38	
MYCO001457	9	0	29	
MYCO001458	23	0	40	
MYCO001462	57	0	53	
MYCO001463	15	0	27	
MYCO001464	233	0	46	
MYCO001465	13	0	14	
MYCO001466	9	0	9	
MYCO001467	84	2224	56	
MYCO001473	42	0	49	
MYCO001474	139	0	18	
MYCO001475	25	0	79	
MYCO001479	91	0	42	
MYCO001480	130	0	41	
MYCO001481	24	0	36	
MYCO001483	115	0	22	
MYCO001484	29	0	36	
MYCO001485	132	0	32	
MYCO001493	688	0	67	
MYCO001536	150	0	120	
MYCO001540	30	0	49	
MYCO001547	164	0	105	
MYCO001557	740	0	56	
MYCO001559	950	0	58	
MYCO001564	52	0	82	
MYCO001568	266	0	46	
MYCO001569	834	0	32	
MYCO001589	17	0	32	
MYCO001593	4	0	27	
MYCO001594	56	0	47	
MYCO001595	476	0	62	
MYCO001599	396	0	49	
MYCO001600	10	0	46	
MYCO001601	2	0	23	
MYCO001603	11	0	33	
MYCO001605	18	0	31	
MYCO001609	98	0	68	
MYCO001611	75	0	24	
MYCO001612	11	0	51	
MYCO001617	58	0	57	
MYCO001626	22	0	23	
MYCO001627	134	0	36	
MYCO001629	155	0	114	
MYCO001633	571	0	82	
MYCO001638	203	0	114	
MYCO001641	4352	0	0	
MYCO001649	335	0	37	
MYCO001652	245	0	37	
MYCO001653	763	0	36	
MYCO001654	118	0	26	
MYCO001655	475	0	50	
MYCO001656	364	0	32	
MYCO001657	402	0	18	
MYCO001658	132	0	50	
MYCO001659	404	0	48	
MYCO001689	15	0	40	
MYCO001694	161	0	37	
MYCO001695	4	0	36	
MYCO001697	6	0	30	
MYCO001699	23	0	94	
MYCO001701	66	0	28	
MYCO001708	23	0	30	
MYCO001709	7	0	41	
MYCO001711	3	0	35	
MYCO001712	28	0	29	
MYCO001713	202	0	56	
MYCO001821	45	0	94	
MYCO001827	6	0	21	
MYCO001829	45	0	21	
MYCO001830	23	0	58	
MYCO001832	126	0	117	
MYCO001837	109	0	88	
MYCO001842	89	0	72	
MYCO001843	109	0	60	
MYCO001844	62	0	76	
MYCO001854	46	0	62	
MYCO001886	89	0	48	
MYCO001894	195	0	60	
MYCO001981	20	0	26	
MYCO002050	4	0	12	
MYCO002089	324	0	52	
MYCO002090	4256	0	10	
MYCO002092	521	0	106	
MYCO002093	43	0	32	
MYCO002096	32	0	46	
MYCO002097	93	0	39	
MYCO002109	17	0	32	
MYCO002110	55	0	38	
MYCO002111	124	0	10	
MYCO002112	1899	0	50	
MYCO002115	44	0	73	
MYCO002118	16	0	23	
MYCO002119	30	0	42	
MYCO002121	60	0	28	
MYCO002122	4	0	13	
MYCO002125	42	0	28	
MYCO002130	555	0	35	
MYCO002134	25	0	22	
MYCO002139	88	0	44	
MYCO002140	2	0	22	
MYCO002141	76	0	60	
MYCO002145	62	0	28	
MYCO002150	273	0	33	
MYCO002151	291	0	24	
MYCO002153	839	0	59	
MYCO002154	927	0	35	
MYCO002155	710	0	83	
MYCO002156	19	0	46	
MYCO002157	1910	0	49	
MYCO002163	189	0	66	
MYCO002166	15	0	12	
MYCO002170	523	0	27	
MYCO002176	120	0	49	
MYCO002178	24	0	32	
MYCO002179	89	0	14	
MYCO002182	32	0	26	
MYCO002186	4	0	14	
MYCO002187	1237	0	62	
MYCO002188	48	0	57	
MYCO002192	134	0	38	
MYCO002193	8	0	18	
MYCO002194	37	0	36	
MYCO002195	22	0	49	
MYCO002196	22	0	66	
MYCO002199	1	0	19	
MYCO002200	27	0	40	
MYCO002201	185	0	64	
MYCO002202	199	0	41	
MYCO002210	87	0	42	
MYCO002211	130	0	55	
MYCO002213	233	0	76	
MYCO002216	41	0	49	
MYCO002217	234	0	37	
MYCO002218	188	0	45	
MYCO002219	143	0	29	
MYCO002220	30	0	53	
MYCO002221	974	0	95	
MYCO002222	47	0	49	
MYCO002225	142	0	43	
MYCO002228	63	0	46	
MYCO002230	283	0	43	
MYCO002235	83	0	42	
MYCO002239	2	0	19	
MYCO002241	552	0	69	
MYCO002242	196	0	37	
MYCO002243	463	0	35	
MYCO002244	5	0	7	
MYCO002245	78	0	46	
MYCO002246	49	0	41	
MYCO002247	187	0	47	
MYCO002257	46	0	38	
MYCO002259	223	0	36	
MYCO002315	757	0	62	
MYCO002343	214	0	64	
MYCO002344	681	0	39	
MYCO002357	14	0	33	
MYCO002361	12	0	26	
MYCO002362	127	0	27	
MYCO002364	10	0	35	
MYCO002366	16	0	58	
MYCO002367	7	0	19	
MYCO002368	45	0	39	
MYCO002373	68	0	41	
MYCO002374	145	0	50	
MYCO002399	63	0	36	
MYCO002400	51	0	49	
MYCO002402	73	0	98	
MYCO002404	35	0	77	
MYCO002409	16	0	31	
MYCO002410	8	0	27	
MYCO002411	106	0	60	
MYCO002413	156	0	38	
MYCO002420	186	0	23	
MYCO002421	1	0	16	
MYCO002425	354	0	40	
MYCO002426	1231	0	47	
MYCO002427	376	0	49	
MYCO002439	671	0	34	
MYCO002440	109	0	66	
MYCO002445	26	0	14	
MYCO002447	83	0	64	
MYCO002448	189	0	99	
MYCO002454	29	0	47	
MYCO002455	79	0	59	
MYCO002457	29	0	37	
MYCO002460	5	0	17	
MYCO002461	10	0	22	
MYCO002462	278	0	46	
MYCO002465	68	0	18	
MYCO002466	42	0	26	
MYCO002467	106	0	102	
MYCO002470	10	0	24	
MYCO002477	26	0	55	
MYCO002500	14	0	45	
MYCO002502	57	0	64	
MYCO002509	14	0	40	
MYCO002511	17	0	19	
MYCO002518	519	0	40	
MYCO002521	2	0	20	
MYCO002523	43	0	11	
MYCO002524	1268	0	253	
MYCO002533	19	0	22	
MYCO002534	2	0	19	
MYCO002538	232	0	45	
MYCO002540	974	0	47	
MYCO002555	79	0	75	
MYCO002559	380	0	42	
MYCO002568	52	0	43	
MYCO002572	157	0	64	
MYCO002575	70	0	42	
MYCO002580	194	0	41	
MYCO002582	36	0	36	
MYCO002583	117	0	79	
MYCO002587	668	0	67	
MYCO002589	139	0	53	
MYCO002592	188	0	32	
MYCO002593	93	0	24	
MYCO002594	2	0	16	
MYCO002603	9	0	27	
MYCO002606	38	0	30	
MYCO002610	105	0	42	
MYCO002611	82	0	47	
MYCO002612	7	0	29	
MYCO002613	9	0	17	
MYCO002614	75	0	59	
MYCO002670	26	0	38	
MYCO002673	510	1101	43	
MYCO002676	27	0	18	
MYCO002678	382	0	41	
MYCO002682	99	0	61	
MYCO002696	119	0	39	
MYCO002697	8	0	17	
MYCO002699	0	0	12	
MYCO002702	11	0	42	
MYCO002703	160	0	47	
MYCO002708	4	0	13	
MYCO002710	79	0	36	
MYCO002711	31	0	31	
MYCO002714	33	0	39	
MYCO002715	571	0	53	
MYCO002720	17	0	40	
MYCO002724	51	0	68	
MYCO002725	114	0	53	
MYCO002726	56	0	30	
MYCO002727	234	0	43	
MYCO002731	487	0	47	
MYCO002733	1009	0	54	
MYCO002744	124	0	34	
MYCO002748	411	0	105	
MYCO002750	84	0	38	
MYCO002753	13	0	46	
MYCO002754	32	0	28	
MYCO002764	79	0	43	
MYCO002773	25	0	28	
MYCO002782	324	0	55	
MYCO002783	149	0	70	
MYCO002788	473	0	17	
MYCO002794	23	0	30	
MYCO002795	84	0	39	
MYCO002828	1971	512	43	
MYCO002838	80	0	21	
MYCO002839	1682	0	82	
MYCO002841	27	0	47	
MYCO002846	7	0	53	
MYCO002847	106	0	45	
MYCO002861	20	0	31	
MYCO002864	52	0	51	
MYCO002868	14	0	37	
MYCO002870	101	0	37	
MYCO002882	11	0	29	
MYCO002883	4	0	30	
MYCO002889	87	0	28	
MYCO002894	558	0	29	
MYCO002901	3	0	9	
MYCO002902	240	0	31	
MYCO002915	83	0	51	
MYCO002916	345	0	46	
MYCO002917	691	0	61	
MYCO002918	269	0	98	
MYCO002919	4	0	12	
MYCO002921	142	0	51	
MYCO002927	25	0	32	
MYCO002965	4	0	12	
MYCO002967	289	0	82	
MYCO002976	70	0	31	
MYCO002981	190	0	49	
MYCO002982	28	0	43	
MYCO002984	59	0	55	
MYCO002988	113	0	37	
MYCO002992	133	0	63	
MYCO002993	11	0	32	
MYCO002995	159	0	44	
MYCO002996	280	0	65	
MYCO003001	22	0	35	
MYCO003003	202	0	61	
MYCO003006	152	0	38	
MYCO003009	21	0	53	
MYCO003010	395	0	36	
MYCO003011	788	0	48	
MYCO003014	403	0	78	
MYCO003024	189	0	53	
MYCO003025	125	0	41	
MYCO003027	39	0	46	
MYCO003028	552	0	37	
MYCO003029	20	0	26	
MYCO003031	239	0	60	
MYCO003032	431	0	34	
MYCO003034	17	0	31	
MYCO003038	11	0	35	
MYCO003042	74	0	39	
MYCO003043	10	0	50	
MYCO003045	5	0	38	
MYCO003048	20	0	38	
MYCO003049	105	0	69	
MYCO003051	33	0	54	
MYCO003052	20	0	14	
MYCO003053	5	0	7	
MYCO003054	149	0	33	
MYCO003057	18	0	36	
MYCO003085	242	0	40	
MYCO003100	10	0	20	
MYCO003101	26	0	28	
MYCO003102	3	0	26	
MYCO003105	197	0	46	
MYCO003117	57	4	40	
MYCO003118	865	16	13	
MYCO003139	22	0	64	
MYCO003140	21	0	59	
MYCO003193	77	0	116	
MYCO003194	4	0	33	
MYCO003195	343	0	65	
MYCO003197	31	0	50	
MYCO003198	304	0	69	
MYCO003205	41	0	31	
MYCO003206	24	0	56	
MYCO003207	19	0	36	
MYCO003208	56	0	25	
MYCO003211	339	0	73	
MYCO003213	16	0	41	
MYCO003214	30	0	38	
MYCO003219	7	0	7	
MYCO003220	26	0	50	
MYCO003221	0	0	12	
MYCO003223	4	0	26	
MYCO003228	415	0	43	
MYCO003229	28	0	69	
MYCO003240	468	0	85	
MYCO003241	200	0	25	
MYCO003245	19	0	58	
MYCO003246	13	0	16	
MYCO003248	51	0	61	
MYCO003252	199	0	45	
MYCO003255	120	0	39	
MYCO003257	222	0	47	
MYCO003258	293	0	16	
MYCO003261	17	0	43	
MYCO003262	254	0	45	
MYCO003264	20	0	32	
MYCO003265	109	0	35	
MYCO003267	298	0	40	
MYCO003274	8	0	43	
MYCO003275	123	0	26	
MYCO003276	114	0	46	
MYCO003277	7	0	29	
MYCO003280	35	0	51	
MYCO003285	140	0	60	
MYCO003290	25	0	43	
MYCO003296	1313	0	175	
MYCO003302	82	0	49	
MYCO003303	4308	0	2	
MYCO003304	44	0	12	
MYCO003305	84	0	39	
MYCO003306	276	0	52	
MYCO003313	27	0	23	
MYCO003317	17	0	27	
MYCO003318	225	0	56	
MYCO003319	48	0	39	
MYCO003328	336	0	50	
MYCO003329	53	0	64	
MYCO003330	437	0	48	
MYCO003336	16	0	30	
MYCO003340	24	0	47	
MYCO003341	570	0	49	
MYCO003356	23	0	33	
MYCO003392	43	3316	17	
MYCO003396	81	0	57	
MYCO003409	113	0	55	
MYCO003410	757	0	40	
MYCO003411	193	0	63	
MYCO003412	10	0	18	
MYCO003417	14	2487	44	
MYCO003418	0	0	9	
MYCO003419	173	0	39	
MYCO003422	4	0	20	
MYCO003432	39	0	41	
MYCO003433	1563	0	34	
MYCO003436	1083	0	57	
MYCO003441	481	0	60	
MYCO003455	205	0	32	
MYCO003457	18	0	44	
MYCO003462	8	0	12	
MYCO003464	13	0	40	
MYCO003490	53	0	63	
MYCO003500	21	0	36	
MYCO003501	29	0	28	
MYCO003504	32	0	46	
MYCO003520	47	0	54	
MYCO003570	16	0	32	
MYCO003571	53	0	38	
MYCO003579	624	0	48	
MYCO003580	88	0	39	
MYCO003583	3	0	17	
MYCO003589	1022	0	30	
MYCO003592	7	0	14	
MYCO003596	345	0	90	
MYCO003598	37	0	47	
MYCO003600	32	0	28	
MYCO003601	32	0	19	
MYCO003609	5	0	17	
MYCO003610	425	0	76	
MYCO003624	12	0	35	
MYCO003628	18	0	22	
MYCO003644	230	0	59	
MYCO003646	667	0	102	
MYCO003647	65	0	23	
MYCO003648	7	0	28	
MYCO003668	10	0	26	
MYCO003670	230	0	38	
MYCO003674	9	0	32	
MYCO003676	9	0	23	
MYCO003677	60	0	40	
MYCO003679	23	0	51	
MYCO003680	109	0	45	
MYCO003682	146	0	83	
MYCO003683	80	0	43	
MYCO003684	66	0	28	
MYCO003695	33	0	50	
MYCO003696	184	0	85	
MYCO003705	7	0	31	
MYCO003707	130	0	46	
MYCO003708	135	0	46	
MYCO003709	82	0	42	
MYCO003710	1736	0	42	
MYCO003711	34	0	52	
MYCO003712	566	0	42	
MYCO003713	44	0	23	
MYCO003715	6	0	19	
MYCO003717	4	0	31	
MYCO003718	4	0	14	
MYCO003719	28	0	60	
MYCO003720	144	0	56	
MYCO003721	379	0	68	
MYCO003722	20	0	60	
MYCO003765	487	0	42	
MYCO003774	20	0	48	
MYCO003775	65	0	68	
MYCO003777	253	0	46	
MYCO003778	49	0	57	
MYCO003780	414	0	24	
MYCO003781	9	0	23	
MYCO003782	44	0	41	
MYCO003783	44	0	31	
MYCO003790	23	0	56	
MYCO003791	48	0	40	
MYCO003793	740	0	149	
MYCO003794	237	0	169	
MYCO003795	205	0	244	
MYCO003799	23	0	60	
MYCO003801	42	0	63	
MYCO003802	81	0	39	
MYCO003804	47	0	47	
MYCO003806	16	0	70	
MYCO003808	278	0	63	
MYCO003809	8	0	41	
MYCO003816	316	0	37	
MYCO003834	117	0	48	
MYCO003835	566	0	65	
MYCO003842	119	0	64	
MYCO003847	1628	0	23	
MYCO003849	6	0	16	
MYCO003858	48	0	48	
MYCO003859	445	0	180	
MYCO003907	41	0	87	
MYCO003908	159	0	45	
MYCO003913	77	0	78	
MYCO003915	12	0	81	
MYCO003917	17	0	85	
MYCO003918	14	0	83	
MYCO003920	11	0	44	
MYCO003921	20	0	82	
MYCO013678	2	0	15	
MYCO000002	48	0	87	
MYCO000003	43	0	74	
MYCO000004	14	0	61	
MYCO000007	464	0	97	
MYCO000008	19	0	40	
MYCO000010	14	0	63	
MYCO000012	33	0	71	
MYCO000014	14	0	111	
MYCO000018	257	0	86	
MYCO000020	219	0	124	
MYCO000021	600	0	63	
MYCO000022	49	0	41	
MYCO000023	43	0	57	
MYCO000024	1318	0	51	
MYCO000025	466	0	37	
MYCO000026	142	0	85	
MYCO000027	24	0	17	
MYCO000028	14	0	21	
MYCO000029	332	0	86	
MYCO000030	863	0	28	
MYCO000031	39	0	20	
MYCO000032	1328	0	111	
MYCO000033	16	0	12	
MYCO000034	10	0	24	
MYCO000035	58	0	129	
MYCO000036	95	0	57	
MYCO000037	55	0	76	
MYCO000039	191	0	24	
MYCO000040	71	0	56	
MYCO000041	398	0	165	
MYCO000042	294	0	74	
MYCO000043	38	0	46	
MYCO000044	537	0	50	
MYCO000045	1926	0	55	
MYCO000048	29	0	62	
MYCO000052	126	15	46	
MYCO000057	19	2590	55	
MYCO000058	74	0	129	
MYCO000059	19	0	52	
MYCO000060	11	0	47	
MYCO000061	992	0	17	
MYCO000062	230	0	82	
MYCO000063	319	0	109	
MYCO000064	1784	0	134	
MYCO000065	11	0	13	
MYCO000067	18	0	35	
MYCO000069	102	0	67	
MYCO000070	20	2510	49	
MYCO000071	1195	0	53	
MYCO000072	1016	0	48	
MYCO000073	35	1841	48	
MYCO000074	1681	0	67	
MYCO000075	219	0	67	
MYCO000076	13	0	23	
MYCO000077	47	0	46	
MYCO000078	58	0	25	
MYCO000079	70	0	38	
MYCO000080	84	0	39	
MYCO000081	6	0	29	
MYCO000082	1117	0	26	
MYCO000083	1575	0	58	
MYCO000084	35	0	48	
MYCO000085	273	0	37	
MYCO000086	353	0	72	
MYCO000087	308	0	74	
MYCO000088	27	0	47	
MYCO000089	44	0	37	
MYCO000090	60	0	52	
MYCO000091	70	0	34	
MYCO000092	245	0	105	
MYCO000093	129	0	53	
MYCO000094	4202	61	36	
MYCO000095	1870	0	164	
MYCO000096	476	0	75	
MYCO000097	9	0	28	
MYCO000098	10	0	26	
MYCO000099	1244	0	67	
MYCO000100	7	0	8	
MYCO000101	181	0	326	
MYCO000102	110	0	99	
MYCO000103	178	0	107	
MYCO000104	1384	0	74	
MYCO000106	94	0	44	
MYCO000107	4307	0	6	
MYCO000108	15	0	13	
MYCO000109	1378	0	63	
MYCO000110	17	0	36	
MYCO000111	153	0	94	
MYCO000112	35	0	65	
MYCO000113	240	0	53	
MYCO000114	182	0	34	
MYCO000115	581	0	67	
MYCO000116	23	0	38	
MYCO000117	18	0	49	
MYCO000118	152	0	103	
MYCO000119	113	0	81	
MYCO000120	105	0	123	
MYCO000121	134	0	29	
MYCO000122	20	0	12	
MYCO000123	7	0	16	
MYCO000124	4240	0	5	
MYCO000125	245	0	54	
MYCO000126	44	0	85	
MYCO000127	37	0	57	
MYCO000128	46	0	29	
MYCO000130	6	0	36	
MYCO000131	32	0	63	
MYCO000132	187	0	48	
MYCO000133	513	0	42	
MYCO000134	1484	0	29	
MYCO000135	12	0	24	
MYCO000136	444	0	85	
MYCO000137	490	0	31	
MYCO000138	451	0	28	
MYCO000139	46	0	47	
MYCO000140	13	0	21	
MYCO000141	13	0	24	
MYCO000142	674	0	54	
MYCO000143	259	0	85	
MYCO000144	294	0	39	
MYCO000145	218	0	54	
MYCO000146	737	0	51	
MYCO000147	160	0	92	
MYCO000148	46	0	34	
MYCO000149	781	0	45	
MYCO000150	32	0	19	
MYCO000151	307	0	96	
MYCO000152	105	0	96	
MYCO000153	83	0	39	
MYCO000154	52	0	49	
MYCO000155	119	0	45	
MYCO000156	4	0	16	
MYCO000157	329	0	61	
MYCO000158	14	0	34	
MYCO000159	353	0	85	
MYCO000160	45	0	89	
MYCO000161	135	0	67	
MYCO000162	245	0	63	
MYCO000163	1	0	33	
MYCO000164	12	0	21	
MYCO000165	2155	0	12	
MYCO000166	69	0	86	
MYCO000167	7	2164	27	
MYCO000168	65	0	48	
MYCO000169	130	0	80	
MYCO000170	10	0	44	
MYCO000171	1143	0	74	
MYCO000172	191	0	80	
MYCO000173	16	0	55	
MYCO000174	78	0	72	
MYCO000175	62	0	45	
MYCO000176	169	0	54	
MYCO000177	2	0	21	
MYCO000178	22	0	42	
MYCO000179	253	0	58	
MYCO000180	512	0	78	
MYCO000181	12	0	35	
MYCO000182	328	0	70	
MYCO000185	94	0	20	
MYCO000186	241	0	100	
MYCO000187	75	0	38	
MYCO000188	18	0	27	
MYCO000190	1	0	14	
MYCO000191	441	0	58	
MYCO000192	1022	0	44	
MYCO000193	41	0	105	
MYCO000194	352	0	182	
MYCO000195	698	0	33	
MYCO000196	69	0	26	
MYCO000197	4350	0	2	
MYCO000199	7	0	26	
MYCO000200	68	0	28	
MYCO000201	333	0	22	
MYCO000202	154	0	130	
MYCO000203	196	0	20	
MYCO000205	560	0	46	
MYCO000206	281	0	107	
MYCO000208	28	0	26	
MYCO000209	332	0	54	
MYCO000210	391	0	56	
MYCO000212	61	0	50	
MYCO000213	29	0	59	
MYCO000214	76	0	89	
MYCO000215	518	0	47	
MYCO000216	64	0	42	
MYCO000217	389	0	45	
MYCO000218	1306	0	55	
MYCO000219	5	0	35	
MYCO000220	178	0	59	
MYCO000221	486	0	54	
MYCO000222	104	0	40	
MYCO000224	62	0	27	
MYCO000226	264	0	79	
MYCO000229	20	0	40	
MYCO000230	16	0	58	
MYCO000231	55	0	78	
MYCO000232	32	0	38	
MYCO000233	446	0	39	
MYCO000234	235	0	59	
MYCO000235	70	0	101	
MYCO000239	8	0	19	
MYCO000240	10	0	22	
MYCO000245	27	0	31	
MYCO000246	205	0	62	
MYCO000249	24	0	32	
MYCO000250	7	0	15	
MYCO000251	6	0	36	
MYCO000252	76	0	140	
MYCO000253	24	0	19	
MYCO000254	57	0	21	
MYCO000255	404	0	73	
MYCO000256	1197	0	70	
MYCO000257	567	0	28	
MYCO000258	46	0	23	
MYCO000259	10	0	36	
MYCO000260	67	0	64	
MYCO000261	60	0	79	
MYCO000262	20	0	25	
MYCO000263	408	0	40	
MYCO000264	94	0	33	
MYCO000265	24	0	58	
MYCO000266	1105	0	141	
MYCO000267	478	0	58	
MYCO000268	43	0	30	
MYCO000269	92	0	56	
MYCO000271	150	0	100	
MYCO000272	82	0	68	
MYCO000273	64	0	33	
MYCO000275	423	0	57	
MYCO000276	208	1216	41	
MYCO000277	136	1824	74	
MYCO000278	4343	0	4	
MYCO000279	4121	0	73	
MYCO000280	1892	0	73	
MYCO000281	218	0	46	
MYCO000282	62	0	82	
MYCO000283	371	0	68	
MYCO000284	801	0	162	
MYCO000285	146	0	11	
MYCO000286	1257	0	67	
MYCO000287	17	14	13	
MYCO000288	3	0	23	
MYCO000289	93	0	58	
MYCO000290	715	0	80	
MYCO000291	593	0	60	
MYCO000292	42	0	44	
MYCO000293	119	0	60	
MYCO000294	106	0	47	
MYCO000295	20	0	29	
MYCO000296	71	0	54	
MYCO000297	2304	0	103	
MYCO000298	6	0	13	
MYCO000299	8	0	23	
MYCO000300	4	0	11	
MYCO000301	3	0	24	
MYCO000302	74	0	39	
MYCO000303	52	0	56	
MYCO000304	599	0	377	
MYCO000305	4285	0	11	
MYCO000306	16	0	30	
MYCO000307	15	0	29	
MYCO000308	6	0	39	
MYCO000309	30	0	26	
MYCO000310	5	0	16	
MYCO000311	26	0	60	
MYCO000312	364	0	74	
MYCO000313	5	0	21	
MYCO000314	160	0	39	
MYCO000315	1036	0	40	
MYCO000316	409	0	30	
MYCO000317	61	0	43	
MYCO000318	29	0	32	
MYCO000319	56	0	37	
MYCO000320	17	0	32	
MYCO000323	463	0	37	
MYCO000324	21	0	33	
MYCO000325	2104	0	6	
MYCO000326	211	0	22	
MYCO000327	260	0	60	
MYCO000328	12	0	23	
MYCO000329	133	0	36	
MYCO000330	31	0	38	
MYCO000331	236	0	78	
MYCO000332	38	0	44	
MYCO000333	4	0	22	
MYCO000335	613	0	26	
MYCO000336	3772	488	23	
MYCO000338	828	0	94	
MYCO000339	635	0	115	
MYCO000340	13	0	29	
MYCO000341	1342	0	58	
MYCO000342	141	0	70	
MYCO000343	183	0	77	
MYCO000344	20	0	24	
MYCO000345	8	0	30	
MYCO000346	189	0	56	
MYCO000347	8	15	31	
MYCO000348	8	0	19	
MYCO000349	17	0	31	
MYCO000351	116	0	26	
MYCO000353	4	0	22	
MYCO000354	4349	0	1	
MYCO000355	2638	0	341	
MYCO000356	368	0	39	
MYCO000358	1197	0	30	
MYCO000359	65	0	39	
MYCO000361	13	0	35	
MYCO000362	29	0	77	
MYCO000363	36	0	50	
MYCO000364	14	0	33	
MYCO000365	126	0	52	
MYCO000366	65	0	32	
MYCO000367	31	0	16	
MYCO000368	189	0	66	
MYCO000369	11	0	24	
MYCO000370	34	0	57	
MYCO000371	30	0	21	
MYCO000372	128	0	44	
MYCO000373	162	0	133	
MYCO000374	19	0	28	
MYCO000375	463	0	30	
MYCO000376	360	0	58	
MYCO000377	337	0	55	
MYCO000378	604	0	12	
MYCO000379	16	0	15	
MYCO000380	66	0	28	
MYCO000381	59	0	39	
MYCO000382	26	0	15	
MYCO000385	14	0	40	
MYCO000386	370	0	138	
MYCO000387	1589	0	24	
MYCO000388	4348	0	2	
MYCO000389	559	0	64	
MYCO000390	8	0	20	
MYCO000391	80	0	39	
MYCO000392	259	0	71	
MYCO000393	1370	0	95	
MYCO000394	48	0	34	
MYCO000395	697	0	14	
MYCO000396	33	0	18	
MYCO000397	670	1457	71	
MYCO000398	269	0	26	
MYCO000399	72	0	64	
MYCO000400	116	0	47	
MYCO000401	210	0	18	
MYCO000402	743	0	108	
MYCO000403	981	0	21	
MYCO000404	140	0	127	
MYCO000405	2092	0	160	
MYCO000406	57	0	39	
MYCO000408	26	0	96	
MYCO000409	33	0	47	
MYCO000412	29	0	59	
MYCO000413	137	0	23	
MYCO000416	1	0	8	
MYCO000418	38	0	67	
MYCO000419	85	0	73	
MYCO000420	6	0	31	
MYCO000421	29	0	31	
MYCO000422	23	0	33	
MYCO000424	2	0	16	
MYCO000425	1034	0	163	
MYCO000426	73	0	29	
MYCO000427	52	0	39	
MYCO000428	225	0	37	
MYCO000430	62	0	8	
MYCO000431	23	0	18	
MYCO000434	39	0	30	
MYCO000435	297	0	98	
MYCO000436	297	0	36	
MYCO000437	240	0	23	
MYCO000438	75	0	53	
MYCO000441	264	0	21	
MYCO000442	127	0	66	
MYCO000443	162	0	23	
MYCO000444	675	0	37	
MYCO000445	18	0	21	
MYCO000446	921	0	30	
MYCO000447	181	0	62	
MYCO000448	75	0	23	
MYCO000449	72	0	44	
MYCO000450	63	0	113	
MYCO000451	9	0	25	
MYCO000452	8	0	27	
MYCO000453	1116	0	47	
MYCO000454	15	0	19	
MYCO000455	3	0	23	
MYCO000456	49	0	45	
MYCO000457	502	0	76	
MYCO000458	327	0	72	
MYCO000459	131	0	40	
MYCO000460	3	0	12	
MYCO000461	47	0	31	
MYCO000463	79	0	11	
MYCO000464	5	0	21	
MYCO000469	77	0	53	
MYCO000470	29	0	30	
MYCO000471	84	0	34	
MYCO000473	31	0	55	
MYCO000474	6	0	20	
MYCO000476	10	0	11	
MYCO000477	54	0	18	
MYCO000478	22	0	36	
MYCO000479	445	0	30	
MYCO000480	142	0	33	
MYCO000481	27	0	22	
MYCO000482	40	0	42	
MYCO000485	79	0	50	
MYCO000487	136	0	35	
MYCO000488	25	0	32	
MYCO000492	584	0	86	
MYCO000493	165	0	53	
MYCO000494	121	0	31	
MYCO000497	547	0	40	
MYCO000499	108	0	37	
MYCO000500	371	0	35	
MYCO000503	8	0	22	
MYCO000504	2	0	14	
MYCO000506	26	0	12	
MYCO000507	349	0	165	
MYCO000508	0	0	11	
MYCO000511	686	0	59	
MYCO000513	59	0	21	
MYCO000514	35	0	27	
MYCO000515	3772	285	22	
MYCO000516	14	0	20	
MYCO000517	100	0	64	
MYCO000518	18	0	31	
MYCO000519	504	0	40	
MYCO000520	43	0	16	
MYCO000521	7	0	14	
MYCO000522	25	0	42	
MYCO000523	214	0	21	
MYCO000525	417	0	37	
MYCO000526	60	0	29	
MYCO000530	357	0	65	
MYCO000531	560	0	17	
MYCO000532	4083	0	13	
MYCO000533	88	0	32	
MYCO000534	170	0	47	
MYCO000535	66	0	37	
MYCO000536	665	0	41	
MYCO000537	332	0	70	
MYCO000538	1054	0	109	
MYCO000539	1719	0	21	
MYCO000540	379	0	24	
MYCO000541	155	0	55	
MYCO000542	561	0	44	
MYCO000543	0	0	8	
MYCO000544	400	0	15	
MYCO000545	145	0	58	
MYCO000546	15	0	16	
MYCO000547	263	0	47	
MYCO000549	56	0	22	
MYCO000550	21	0	10	
MYCO000552	906	0	63	
MYCO000554	298	0	29	
MYCO000556	9	0	19	
MYCO000559	73	0	15	
MYCO000560	24	0	36	
MYCO000561	285	0	40	
MYCO000565	163	0	95	
MYCO000567	76	0	47	
MYCO000568	145	0	63	
MYCO000569	10	0	14	
MYCO000570	243	0	106	
MYCO000571	406	0	55	
MYCO000572	16	0	20	
MYCO000573	261	0	68	
MYCO000574	222	0	47	
MYCO000575	288	0	55	
MYCO000576	335	0	57	
MYCO000577	352	0	39	
MYCO000578	3292	0	120	
MYCO000579	217	0	42	
MYCO000580	27	0	25	
MYCO000581	146	0	13	
MYCO000582	17	0	15	
MYCO000583	107	0	33	
MYCO000584	59	0	137	
MYCO000585	148	0	101	
MYCO000586	23	1348	34	
MYCO000587	137	0	55	
MYCO000588	187	0	44	
MYCO000589	58	0	65	
MYCO000590	2116	0	25	
MYCO000591	332	0	76	
MYCO000592	764	0	52	
MYCO000593	49	0	58	
MYCO000594	233	0	86	
MYCO000595	27	0	22	
MYCO000596	38	0	9	
MYCO000597	14	0	49	
MYCO000598	16	0	21	
MYCO000599	7	2425	14	
MYCO000600	220	0	20	
MYCO000601	196	0	35	
MYCO000602	551	0	39	
MYCO000603	814	0	14	
MYCO000604	217	0	52	
MYCO000605	30	0	18	
MYCO000606	90	0	35	
MYCO000607	8	0	17	
MYCO000608	1	0	8	
MYCO000609	22	0	21	
MYCO000610	518	0	43	
MYCO000611	9	0	20	
MYCO000612	560	0	25	
MYCO000613	1169	0	92	
MYCO000614	156	0	48	
MYCO000615	59	0	11	
MYCO000616	29	0	19	
MYCO000617	13	0	22	
MYCO000618	572	0	24	
MYCO000619	4352	0	0	
MYCO000620	1139	0	52	
MYCO000621	584	0	41	
MYCO000622	16	0	44	
MYCO000623	8	0	10	
MYCO000624	12	0	23	
MYCO000625	310	0	34	
MYCO000626	27	0	11	
MYCO000627	31	0	17	
MYCO000628	375	2014	52	
MYCO000629	759	0	73	
MYCO000630	1174	0	106	
MYCO000631	1180	0	108	
MYCO000632	4	0	27	
MYCO000633	31	0	44	
MYCO000634	8	0	24	
MYCO000635	8	0	25	
MYCO000637	6	0	30	
MYCO000638	63	0	25	
MYCO000642	26	0	38	
MYCO000643	121	0	32	
MYCO000644	7	13	33	
MYCO000645	4	0	32	
MYCO000646	70	0	38	
MYCO000648	1465	0	131	
MYCO000649	1677	0	34	
MYCO000650	1209	0	32	
MYCO000653	24	0	27	
MYCO000654	456	0	68	
MYCO000656	31	0	22	
MYCO000657	5	0	5	
MYCO000658	26	0	39	
MYCO000659	11	0	21	
MYCO000660	47	0	14	
MYCO000661	59	0	17	
MYCO000662	65	0	12	
MYCO000663	361	0	110	
MYCO000664	4	0	11	
MYCO000665	48	0	16	
MYCO000666	7	0	14	
MYCO000669	414	0	79	
MYCO000670	762	0	22	
MYCO000671	87	0	41	
MYCO000673	576	0	43	
MYCO000674	52	0	21	
MYCO000675	212	0	24	
MYCO000676	20	1926	94	
MYCO000677	7	0	20	
MYCO000678	21	0	24	
MYCO000679	66	0	24	
MYCO000680	9	0	22	
MYCO000681	8	0	35	
MYCO000686	650	0	27	
MYCO000687	56	0	30	
MYCO000688	47	0	47	
MYCO000689	208	0	16	
MYCO000690	55	0	31	
MYCO000691	1	0	34	
MYCO000692	5	0	12	
MYCO000694	236	0	42	
MYCO000695	52	0	26	
MYCO000697	21	0	61	
MYCO000698	801	0	30	
MYCO000699	2	0	8	
MYCO000711	314	0	81	
MYCO000712	14	0	29	
MYCO000713	16	0	55	
MYCO000724	417	0	82	
MYCO000725	55	0	32	
MYCO000726	112	0	53	
MYCO000727	260	0	35	
MYCO000728	131	0	48	
MYCO000729	650	0	63	
MYCO000730	125	0	32	
MYCO000731	362	0	43	
MYCO000735	13	0	29	
MYCO000736	97	0	37	
MYCO000737	20	0	18	
MYCO000738	538	0	27	
MYCO000739	2166	0	17	
MYCO000740	1070	0	34	
MYCO000741	27	502	22	
MYCO000742	4352	0	0	
MYCO000743	13	0	22	
MYCO000744	214	0	28	
MYCO000745	596	0	31	
MYCO000746	3948	0	25	
MYCO000747	3935	0	38	
MYCO000748	418	0	22	
MYCO000749	136	2080	53	
MYCO000750	994	1618	23	
MYCO000751	161	0	37	
MYCO000752	115	0	51	
MYCO000753	230	0	62	
MYCO000754	1194	0	70	
MYCO000755	542	0	110	
MYCO000756	116	0	32	
MYCO000759	0	0	11	
MYCO000760	135	0	21	
MYCO000761	35	0	33	
MYCO000762	15	0	26	
MYCO000763	8	0	10	
MYCO000764	27	0	49	
MYCO000765	95	0	38	
MYCO000766	1052	0	45	
MYCO000767	328	0	32	
MYCO000768	46	0	68	
MYCO000769	10	0	33	
MYCO000770	260	0	34	
MYCO000771	56	0	25	
MYCO000773	89	0	75	
MYCO000774	171	0	51	
MYCO000775	74	0	32	
MYCO000776	183	0	35	
MYCO000778	222	0	50	
MYCO000779	1368	0	22	
MYCO000781	4249	0	1	
MYCO000783	35	0	78	
MYCO000784	131	0	35	
MYCO000785	127	0	60	
MYCO000786	164	0	22	
MYCO000787	640	0	46	
MYCO000789	7	0	18	
MYCO000790	31	0	40	
MYCO000791	110	0	54	
MYCO000792	23	0	36	
MYCO000793	13	0	15	
MYCO000794	71	0	58	
MYCO000795	511	2	18	
MYCO000796	4352	0	0	
MYCO000797	4289	0	11	
MYCO000798	24	0	28	
MYCO000799	8	0	31	
MYCO000800	53	0	55	
MYCO000801	6	0	20	
MYCO000802	97	0	43	
MYCO000804	767	0	26	
MYCO000805	14	0	48	
MYCO000806	22	0	57	
MYCO000807	17	0	13	
MYCO000811	284	0	39	
MYCO000812	22	0	35	
MYCO000813	319	0	35	
MYCO000816	8	0	27	
MYCO000817	4	0	34	
MYCO000818	97	0	30	
MYCO000819	71	0	43	
MYCO000822	771	0	81	
MYCO000825	43	0	50	
MYCO000826	258	0	33	
MYCO000827	344	0	21	
MYCO000828	92	0	28	
MYCO000829	122	1372	34	
MYCO000830	26	0	47	
MYCO000831	28	0	33	
MYCO000832	1044	0	12	
MYCO000833	3488	0	56	
MYCO000834	2624	0	81	
MYCO000835	325	0	48	
MYCO000836	2165	0	15	
MYCO000837	146	0	51	
MYCO000838	52	0	33	
MYCO000839	65	0	20	
MYCO000840	71	0	33	
MYCO000841	48	0	16	
MYCO000842	221	0	65	
MYCO000843	19	0	57	
MYCO000844	109	0	40	
MYCO000845	51	0	60	
MYCO000846	187	0	55	
MYCO000847	547	0	16	
MYCO000848	68	0	56	
MYCO000849	578	0	61	
MYCO000850	22	0	13	
MYCO000851	339	0	28	
MYCO000852	30	0	44	
MYCO000853	163	0	70	
MYCO000854	12	0	23	
MYCO000855	114	0	51	
MYCO000856	10	0	17	
MYCO000857	21	0	19	
MYCO000858	234	0	64	
MYCO000862	380	0	109	
MYCO000863	11	0	9	
MYCO000864	20	0	24	
MYCO000865	32	0	15	
MYCO000866	342	0	24	
MYCO000867	2185	0	80	
MYCO000868	27	0	11	
MYCO000869	312	0	48	
MYCO000870	14	0	20	
MYCO000872	1990	0	71	
MYCO000873	62	0	76	
MYCO000874	376	2059	47	
MYCO000875	26	0	21	
MYCO000877	29	0	32	
MYCO000878	3176	0	42	
MYCO000879	105	0	21	
MYCO000880	57	0	19	
MYCO000881	29	0	38	
MYCO000882	45	0	19	
MYCO000883	153	0	28	
MYCO000887	14	0	15	
MYCO000888	990	0	67	
MYCO000890	175	0	130	
MYCO000891	123	0	35	
MYCO000892	36	0	81	
MYCO000893	43	0	62	
MYCO000894	56	0	62	
MYCO000895	135	0	61	
MYCO000897	907	0	72	
MYCO000898	4	0	10	
MYCO000899	16	0	36	
MYCO000900	13	0	8	
MYCO000901	231	0	29	
MYCO000904	685	0	53	
MYCO000905	31	0	33	
MYCO000907	4349	0	1	
MYCO000908	28	0	95	
MYCO000909	40	0	10	
MYCO000910	19	0	25	
MYCO000911	252	0	37	
MYCO000912	7	0	19	
MYCO000913	121	0	65	
MYCO000914	156	0	74	
MYCO000915	693	0	50	
MYCO000916	16	0	19	
MYCO000917	110	0	66	
MYCO000918	48	0	26	
MYCO000919	5	0	25	
MYCO000920	47	0	63	
MYCO000921	32	0	33	
MYCO000922	145	0	84	
MYCO000923	24	0	64	
MYCO000924	361	0	49	
MYCO000925	60	0	29	
MYCO000928	59	0	29	
MYCO000930	71	0	12	
MYCO000931	187	0	98	
MYCO000932	64	0	64	
MYCO000933	41	0	49	
MYCO000934	549	0	52	
MYCO000935	71	0	50	
MYCO000936	84	0	36	
MYCO000937	6	0	31	
MYCO000938	34	0	97	
MYCO000939	105	0	86	
MYCO000940	9	0	36	
MYCO000941	21	0	35	
MYCO000942	20	0	15	
MYCO000943	55	0	52	
MYCO000944	63	0	29	
MYCO000945	116	0	45	
MYCO000947	11	0	14	
MYCO000948	3	0	16	
MYCO000950	162	0	46	
MYCO000954	99	0	56	
MYCO000955	925	0	44	
MYCO000956	406	0	28	
MYCO000958	565	0	59	
MYCO000959	759	0	85	
MYCO000960	39	0	17	
MYCO000961	43	2693	13	
MYCO000962	229	0	24	
MYCO000963	265	0	47	
MYCO000964	26	0	21	
MYCO000965	11	0	29	
MYCO000966	473	0	22	
MYCO000967	29	0	13	
MYCO000968	41	0	19	
MYCO000969	1035	0	95	
MYCO000970	9	0	29	
MYCO000971	463	0	31	
MYCO000972	57	0	62	
MYCO000973	289	0	112	
MYCO000974	174	0	92	
MYCO000975	419	0	48	
MYCO000976	529	0	74	
MYCO000977	2626	0	88	
MYCO000978	4043	0	57	
MYCO000979	19	0	14	
MYCO000980	4200	0	52	
MYCO000982	183	0	54	
MYCO000984	42	0	17	
MYCO000985	17	0	28	
MYCO000986	139	0	47	
MYCO000987	209	0	191	
MYCO000988	102	0	93	
MYCO000989	58	0	74	
MYCO000990	138	0	37	
MYCO000991	5	0	16	
MYCO000992	221	0	33	
MYCO000996	19	0	52	
MYCO000997	3	0	24	
MYCO000998	132	0	40	
MYCO000999	48	0	30	
MYCO001000	40	0	21	
MYCO001003	237	0	43	
MYCO001004	1697	0	62	
MYCO001005	1129	0	28	
MYCO001006	93	0	70	
MYCO001012	511	0	12	
MYCO001016	26	0	21	
MYCO001019	5	0	20	
MYCO001021	25	0	33	
MYCO001024	348	0	29	
MYCO001025	61	0	16	
MYCO001027	37	0	37	
MYCO001028	1166	0	90	
MYCO001029	44	0	82	
MYCO001030	42	0	101	
MYCO001031	69	0	22	
MYCO001032	86	0	69	
MYCO001033	41	0	27	
MYCO001034	543	0	18	
MYCO001035	682	0	28	
MYCO001036	101	0	17	
MYCO001037	372	2023	129	
MYCO001038	2450	473	106	
MYCO001039	912	0	50	
MYCO001040	457	0	36	
MYCO001041	164	32	46	
MYCO001042	52	4	26	
MYCO001043	24	0	45	
MYCO001044	8	0	19	
MYCO001045	884	0	31	
MYCO001046	4349	0	1	
MYCO001047	4238	35	8	
MYCO001048	19	0	75	
MYCO001049	18	0	26	
MYCO001050	188	0	33	
MYCO001051	34	0	48	
MYCO001052	42	0	18	
MYCO001053	21	0	13	
MYCO001054	8	0	15	
MYCO001055	1	0	7	
MYCO001056	40	134	32	
MYCO001057	28	0	63	
MYCO001058	109	0	52	
MYCO001059	75	0	59	
MYCO001060	30	0	20	
MYCO001061	23	0	36	
MYCO001062	271	0	30	
MYCO001063	77	0	54	
MYCO001064	286	0	23	
MYCO001065	79	0	33	
MYCO001066	481	0	14	
MYCO001067	4323	0	18	
MYCO001068	4227	0	19	
MYCO001069	113	0	92	
MYCO001073	107	0	49	
MYCO001074	97	0	45	
MYCO001075	142	0	58	
MYCO001076	45	0	55	
MYCO001078	1051	0	25	
MYCO001081	62	0	16	
MYCO001083	9	0	12	
MYCO001084	1542	0	57	
MYCO001085	35	0	28	
MYCO001087	3650	0	85	
MYCO001088	374	0	25	
MYCO001089	4352	0	0	
MYCO001090	43	0	23	
MYCO001091	3967	0	68	
MYCO001093	59	0	45	
MYCO001096	55	0	46	
MYCO001097	23	0	47	
MYCO001100	32	0	39	
MYCO001101	118	0	43	
MYCO001102	22	0	11	
MYCO001103	12	0	11	
MYCO001104	14	0	32	
MYCO001105	34	0	22	
MYCO001106	89	0	32	
MYCO001107	0	0	11	
MYCO001109	13	0	24	
MYCO001111	40	0	35	
MYCO001113	4	0	6	
MYCO001114	8	0	15	
MYCO001115	85	0	46	
MYCO001116	23	0	9	
MYCO001117	4	0	14	
MYCO001118	236	0	35	
MYCO001119	20	0	6	
MYCO001120	20	0	25	
MYCO001121	90	0	65	
MYCO001122	409	0	44	
MYCO001123	56	0	43	
MYCO001124	97	0	38	
MYCO001125	516	0	57	
MYCO001126	18	0	23	
MYCO001127	22	0	64	
MYCO001128	1458	0	54	
MYCO001129	27	0	91	
MYCO001130	60	0	72	
MYCO001131	16	0	44	
MYCO001132	719	0	80	
MYCO001133	571	0	67	
MYCO001134	311	0	15	
MYCO001135	1336	0	83	
MYCO001136	3	0	20	
MYCO001137	22	0	15	
MYCO001138	52	0	39	
MYCO001139	323	0	34	
MYCO001140	13	0	25	
MYCO001141	45	2215	28	
MYCO001142	45	2479	24	
MYCO001143	63	0	37	
MYCO001144	58	0	31	
MYCO001145	2138	0	17	
MYCO001146	37	0	55	
MYCO001147	29	0	26	
MYCO001148	4209	35	31	
MYCO001149	52	2	26	
MYCO001150	4352	0	0	
MYCO001151	38	0	27	
MYCO001152	25	0	16	
MYCO001153	85	0	42	
MYCO001154	10	0	31	
MYCO001155	29	0	25	
MYCO001156	36	0	28	
MYCO001157	1822	0	35	
MYCO001158	957	0	31	
MYCO001159	15	0	54	
MYCO001160	62	0	20	
MYCO001161	130	0	142	
MYCO001162	63	0	68	
MYCO001163	50	0	19	
MYCO001164	18	0	26	
MYCO001166	184	0	65	
MYCO001167	33	0	19	
MYCO001168	647	0	52	
MYCO001169	9	0	17	
MYCO001170	44	0	39	
MYCO001171	11	0	23	
MYCO001172	573	0	41	
MYCO001174	3	0	20	
MYCO001175	1669	0	87	
MYCO001176	225	0	24	
MYCO001179	807	0	127	
MYCO001180	4342	0	1	
MYCO001181	258	0	187	
MYCO001182	24	0	42	
MYCO001183	43	0	128	
MYCO001184	27	0	38	
MYCO001185	54	0	58	
MYCO001186	344	0	83	
MYCO001187	447	0	62	
MYCO001188	255	0	51	
MYCO001189	77	0	40	
MYCO001190	550	0	34	
MYCO001191	761	0	36	
MYCO001192	444	0	26	
MYCO001194	70	0	64	
MYCO001195	23	0	14	
MYCO001196	2162	316	354	
MYCO001197	2449	507	111	
MYCO001198	372	2051	126	
MYCO001199	4238	36	9	
MYCO001200	321	0	61	
MYCO001203	322	0	30	
MYCO001204	315	0	59	
MYCO001205	74	0	27	
MYCO001206	73	0	58	
MYCO001209	61	0	14	
MYCO001210	35	0	18	
MYCO001211	11	0	6	
MYCO001212	53	0	46	
MYCO001214	144	0	18	
MYCO001215	608	0	83	
MYCO001216	84	0	33	
MYCO001217	702	0	81	
MYCO001218	17	0	57	
MYCO001219	37	0	34	
MYCO001222	9	0	22	
MYCO001224	16	0	27	
MYCO001225	1110	0	37	
MYCO001226	579	0	75	
MYCO001227	28	0	31	
MYCO001228	14	0	36	
MYCO001230	385	0	80	
MYCO001231	126	0	28	
MYCO001232	111	0	69	
MYCO001233	174	0	35	
MYCO001234	37	0	20	
MYCO001235	23	0	41	
MYCO001236	55	0	38	
MYCO001237	17	0	28	
MYCO001240	70	0	48	
MYCO001241	39	0	15	
MYCO001242	32	0	19	
MYCO001243	2834	0	49	
MYCO001244	649	0	44	
MYCO001246	5	0	17	
MYCO001247	7	0	7	
MYCO001249	79	0	47	
MYCO001250	528	0	70	
MYCO001251	1178	0	93	
MYCO001252	21	0	23	
MYCO001254	426	0	42	
MYCO001255	56	0	35	
MYCO001256	125	0	53	
MYCO001257	49	0	75	
MYCO001258	1033	0	53	
MYCO001259	175	0	34	
MYCO001260	455	0	32	
MYCO001261	25	0	18	
MYCO001262	24	0	24	
MYCO001263	418	0	58	
MYCO001264	140	0	60	
MYCO001265	109	0	24	
MYCO001266	971	0	80	
MYCO001267	34	0	44	
MYCO001268	268	0	42	
MYCO001269	867	0	21	
MYCO001270	205	0	31	
MYCO001271	22	0	17	
MYCO001274	438	0	22	
MYCO001275	12	0	26	
MYCO001276	212	0	26	
MYCO001278	853	0	83	
MYCO001279	74	0	62	
MYCO001280	27	0	72	
MYCO001281	94	0	67	
MYCO001282	3	0	28	
MYCO001283	108	0	29	
MYCO001284	11	0	13	
MYCO001285	15	0	51	
MYCO001286	24	0	86	
MYCO001287	12	0	12	
MYCO001288	1726	0	63	
MYCO001289	16	0	34	
MYCO001290	673	929	60	
MYCO001291	11	0	19	
MYCO001296	191	0	37	
MYCO001300	416	0	36	
MYCO001301	13	0	24	
MYCO001303	7	0	14	
MYCO001304	14	0	34	
MYCO001306	13	0	18	
MYCO001307	44	0	56	
MYCO001312	35	0	21	
MYCO001313	2335	41	32	
MYCO001314	49	0	42	
MYCO001316	44	0	28	
MYCO001317	182	0	73	
MYCO001318	199	0	70	
MYCO001319	3253	0	61	
MYCO001320	213	0	94	
MYCO001322	213	0	17	
MYCO001324	451	0	39	
MYCO001325	2793	0	64	
MYCO001329	517	0	85	
MYCO001330	300	0	71	
MYCO001331	14	0	10	
MYCO001332	15	0	30	
MYCO001333	235	0	43	
MYCO001334	118	0	18	
MYCO001335	107	0	17	
MYCO001336	325	0	35	
MYCO001337	4	0	31	
MYCO001339	19	0	36	
MYCO001341	37	0	24	
MYCO001342	11	0	17	
MYCO001343	20	0	24	
MYCO001344	1	0	15	
MYCO001345	53	0	62	
MYCO001346	13	0	33	
MYCO001347	10	0	37	
MYCO001348	292	0	84	
MYCO001349	127	0	55	
MYCO001350	15	0	31	
MYCO001351	20	0	21	
MYCO001352	15	0	28	
MYCO001353	194	0	39	
MYCO001354	242	0	94	
MYCO001355	674	0	121	
MYCO001356	230	0	40	
MYCO001357	37	0	44	
MYCO001358	1186	0	126	
MYCO001359	58	0	29	
MYCO001360	127	0	33	
MYCO001361	2105	314	373	
MYCO001362	32	0	26	
MYCO001363	364	0	38	
MYCO001364	343	0	80	
MYCO001365	24	0	16	
MYCO001366	270	0	33	
MYCO001367	310	0	57	
MYCO001368	85	0	36	
MYCO001369	4352	0	0	
MYCO001370	511	2	18	
MYCO001371	1040	0	47	
MYCO001372	29	0	63	
MYCO001373	96	0	45	
MYCO001374	7	0	28	
MYCO001375	236	0	64	
MYCO001376	362	0	59	
MYCO001377	11	0	24	
MYCO001378	569	0	63	
MYCO001379	49	0	21	
MYCO001382	133	0	30	
MYCO001386	131	0	19	
MYCO001387	1645	0	54	
MYCO001389	95	0	33	
MYCO001393	121	0	52	
MYCO001394	36	0	62	
MYCO001395	31	0	53	
MYCO001396	3001	0	49	
MYCO001397	16	0	22	
MYCO001398	5	0	14	
MYCO001399	113	0	51	
MYCO001400	145	0	44	
MYCO001401	149	0	35	
MYCO001403	241	0	36	
MYCO001404	9	0	17	
MYCO001405	25	0	45	
MYCO001406	316	0	44	
MYCO001409	550	0	30	
MYCO001411	6	0	33	
MYCO001413	17	0	29	
MYCO001414	14	0	21	
MYCO001417	9	0	27	
MYCO001418	16	0	29	
MYCO001419	12	0	28	
MYCO001422	226	0	36	
MYCO001423	283	0	42	
MYCO001424	53	0	44	
MYCO001425	31	0	53	
MYCO001426	72	0	70	
MYCO001427	211	0	59	
MYCO001428	7	0	40	
MYCO001429	187	0	64	
MYCO001430	518	0	61	
MYCO001431	55	0	101	
MYCO001432	429	0	42	
MYCO001433	10	0	33	
MYCO001434	25	0	5	
MYCO001435	905	0	33	
MYCO001439	9	1156	22	
MYCO001441	2394	0	97	
MYCO001442	235	0	123	
MYCO001443	34	0	23	
MYCO001444	42	0	27	
MYCO001446	620	0	46	
MYCO001450	4347	0	5	
MYCO001452	4072	0	81	
MYCO001453	79	0	58	
MYCO001454	37	0	49	
MYCO001455	110	0	43	
MYCO001456	123	0	50	
MYCO001459	376	0	71	
MYCO001460	678	0	25	
MYCO001461	76	0	102	
MYCO001468	2239	0	36	
MYCO001469	362	0	73	
MYCO001470	10	0	14	
MYCO001471	27	0	10	
MYCO001472	45	0	49	
MYCO001476	3	0	26	
MYCO001477	113	0	55	
MYCO001478	57	0	23	
MYCO001482	39	0	41	
MYCO001486	30	0	41	
MYCO001487	8	0	20	
MYCO001488	57	0	37	
MYCO001489	15	0	18	
MYCO001490	46	0	73	
MYCO001491	10	0	39	
MYCO001492	499	0	72	
MYCO001494	5	0	12	
MYCO001495	7	0	19	
MYCO001496	39	0	45	
MYCO001497	145	0	62	
MYCO001498	52	0	39	
MYCO001499	32	0	18	
MYCO001500	78	0	58	
MYCO001501	42	0	37	
MYCO001502	88	0	56	
MYCO001503	4352	0	0	
MYCO001504	1159	0	18	
MYCO001505	53	0	46	
MYCO001506	110	0	30	
MYCO001507	97	0	40	
MYCO001508	196	111	89	
MYCO001509	370	0	36	
MYCO001510	16	2361	42	
MYCO001511	84	0	51	
MYCO001512	61	0	45	
MYCO001513	57	0	27	
MYCO001514	39	0	32	
MYCO001515	55	0	40	
MYCO001516	248	0	43	
MYCO001517	35	0	30	
MYCO001518	132	0	47	
MYCO001519	647	0	14	
MYCO001520	672	0	48	
MYCO001521	149	0	70	
MYCO001522	401	0	143	
MYCO001523	91	0	47	
MYCO001524	499	0	52	
MYCO001525	548	0	37	
MYCO001526	475	0	54	
MYCO001527	1069	0	268	
MYCO001528	42	0	17	
MYCO001529	75	0	81	
MYCO001530	63	0	58	
MYCO001531	17	0	22	
MYCO001532	85	0	21	
MYCO001533	140	0	36	
MYCO001534	27	0	29	
MYCO001535	5	0	7	
MYCO001537	150	0	65	
MYCO001538	309	0	43	
MYCO001539	27	0	26	
MYCO001541	36	0	20	
MYCO001542	16	14	19	
MYCO001543	16	0	41	
MYCO001544	87	0	36	
MYCO001545	19	0	13	
MYCO001546	74	0	30	
MYCO001548	167	0	104	
MYCO001549	4307	0	2	
MYCO001550	530	0	61	
MYCO001551	1040	0	73	
MYCO001552	136	0	89	
MYCO001553	164	0	21	
MYCO001554	10	0	17	
MYCO001555	8	0	19	
MYCO001556	23	0	36	
MYCO001558	25	0	17	
MYCO001560	4	0	7	
MYCO001561	9	0	24	
MYCO001562	468	0	66	
MYCO001563	314	0	97	
MYCO001565	565	0	67	
MYCO001566	188	0	39	
MYCO001567	6	0	24	
MYCO001570	495	0	26	
MYCO001571	419	0	24	
MYCO001572	3081	0	11	
MYCO001573	2806	0	9	
MYCO001574	2927	0	16	
MYCO001575	4348	0	3	
MYCO001576	858	513	133	
MYCO001577	2670	0	15	
MYCO001578	2678	0	20	
MYCO001579	2653	0	17	
MYCO001580	2679	0	10	
MYCO001581	3246	0	8	
MYCO001582	2673	0	43	
MYCO001583	352	719	25	
MYCO001584	2801	0	9	
MYCO001585	2992	0	18	
MYCO001586	2755	0	40	
MYCO001587	4310	0	9	
MYCO001588	4192	4	51	
MYCO001590	12	0	8	
MYCO001591	32	0	40	
MYCO001592	20	0	68	
MYCO001596	16	0	26	
MYCO001597	44	0	35	
MYCO001598	44	0	12	
MYCO001602	13	0	27	
MYCO001604	29	0	37	
MYCO001606	22	0	25	
MYCO001607	60	0	32	
MYCO001608	2	0	15	
MYCO001610	536	0	31	
MYCO001613	10	0	37	
MYCO001614	53	0	53	
MYCO001615	6	0	27	
MYCO001616	12	0	18	
MYCO001618	20	0	29	
MYCO001619	222	0	52	
MYCO001620	675	0	51	
MYCO001621	596	0	50	
MYCO001622	19	0	45	
MYCO001623	15	0	59	
MYCO001624	19	0	32	
MYCO001625	206	0	66	
MYCO001628	71	0	16	
MYCO001631	65	0	51	
MYCO001632	72	0	16	
MYCO001634	69	0	60	
MYCO001635	68	0	64	
MYCO001636	2	0	21	
MYCO001637	261	0	38	
MYCO001639	900	1364	59	
MYCO001640	101	0	152	
MYCO001644	309	0	39	
MYCO001645	460	0	49	
MYCO001646	404	0	43	
MYCO001647	1123	0	33	
MYCO001648	15	0	37	
MYCO001650	672	0	115	
MYCO001651	2459	0	111	
MYCO001660	712	0	42	
MYCO001661	1263	0	251	
MYCO001662	1074	0	242	
MYCO001663	139	0	89	
MYCO001664	347	0	141	
MYCO001665	207	0	57	
MYCO001666	159	0	52	
MYCO001667	71	0	26	
MYCO001668	4246	0	3	
MYCO001669	119	0	18	
MYCO001670	35	0	18	
MYCO001671	11	0	24	
MYCO001672	384	0	54	
MYCO001673	330	0	49	
MYCO001674	358	0	24	
MYCO001675	283	0	40	
MYCO001676	17	0	52	
MYCO001677	20	0	29	
MYCO001678	520	0	42	
MYCO001679	50	0	44	
MYCO001680	61	0	44	
MYCO001681	52	0	43	
MYCO001682	357	0	41	
MYCO001683	668	0	95	
MYCO001684	34	0	14	
MYCO001685	18	0	30	
MYCO001686	25	0	36	
MYCO001687	25	0	44	
MYCO001688	134	0	37	
MYCO001690	15	0	15	
MYCO001691	246	0	42	
MYCO001692	488	0	35	
MYCO001693	13	0	11	
MYCO001696	36	0	67	
MYCO001698	419	0	33	
MYCO001700	8	0	31	
MYCO001702	477	0	64	
MYCO001703	11	0	25	
MYCO001704	32	0	85	
MYCO001705	928	0	43	
MYCO001706	332	0	46	
MYCO001707	73	0	64	
MYCO001710	8	0	29	
MYCO001714	551	0	40	
MYCO001715	483	0	48	
MYCO001716	11	0	45	
MYCO001717	869	0	22	
MYCO001718	86	0	54	
MYCO001719	134	0	52	
MYCO001720	71	0	19	
MYCO001721	6	0	7	
MYCO001722	446	0	68	
MYCO001723	226	0	54	
MYCO001724	69	0	14	
MYCO001725	237	0	37	
MYCO001726	283	0	91	
MYCO001727	50	0	31	
MYCO001728	13	0	35	
MYCO001729	32	0	42	
MYCO001730	797	0	88	
MYCO001731	326	0	65	
MYCO001732	253	0	18	
MYCO001733	7	0	35	
MYCO001734	8	0	10	
MYCO001735	30	0	28	
MYCO001736	703	1813	104	
MYCO001737	710	0	42	
MYCO001738	51	0	22	
MYCO001739	239	0	72	
MYCO001740	8	0	11	
MYCO001741	6	1346	13	
MYCO001742	139	0	38	
MYCO001743	469	0	58	
MYCO001744	667	0	22	
MYCO001745	33	0	35	
MYCO001746	222	0	62	
MYCO001747	299	0	91	
MYCO001748	22	0	37	
MYCO001749	35	0	33	
MYCO001750	176	0	65	
MYCO001751	110	0	63	
MYCO001752	22	0	26	
MYCO001753	4318	0	20	
MYCO001754	1899	0	44	
MYCO001755	4352	0	0	
MYCO001756	4352	0	0	
MYCO001757	511	2	18	
MYCO001758	2965	0	30	
MYCO001759	4096	0	36	
MYCO001760	2291	0	45	
MYCO001761	2257	0	18	
MYCO001762	2301	0	24	
MYCO001763	511	2	18	
MYCO001764	4352	0	0	
MYCO001765	4345	0	2	
MYCO001766	17	0	9	
MYCO001767	8	0	18	
MYCO001768	2115	0	63	
MYCO001769	269	0	57	
MYCO001770	268	0	61	
MYCO001771	5	0	53	
MYCO001772	17	0	12	
MYCO001773	21	0	38	
MYCO001774	73	0	81	
MYCO001775	1158	0	26	
MYCO001776	30	0	32	
MYCO001777	273	0	77	
MYCO001778	491	0	17	
MYCO001779	393	0	98	
MYCO001780	11	0	22	
MYCO001781	456	0	102	
MYCO001782	106	0	49	
MYCO001783	232	0	117	
MYCO001785	22	0	43	
MYCO001786	3	0	11	
MYCO001787	3802	0	31	
MYCO001788	12	11	22	
MYCO001789	446	0	56	
MYCO001790	1845	0	59	
MYCO001791	20	0	12	
MYCO001792	4352	0	0	
MYCO001793	372	1635	99	
MYCO001794	7	0	36	
MYCO001795	448	0	60	
MYCO001796	199	0	79	
MYCO001797	17	0	55	
MYCO001798	27	0	59	
MYCO001799	358	0	14	
MYCO001800	168	0	99	
MYCO001801	1177	0	69	
MYCO001802	792	0	58	
MYCO001803	1272	0	71	
MYCO001804	27	0	18	
MYCO001805	3	0	24	
MYCO001806	11	0	14	
MYCO001807	4352	0	0	
MYCO001808	303	0	50	
MYCO001809	211	0	45	
MYCO001810	5	0	14	
MYCO001811	33	0	45	
MYCO001812	214	0	58	
MYCO001813	14	0	25	
MYCO001814	205	0	61	
MYCO001815	625	0	51	
MYCO001816	601	1209	22	
MYCO001817	488	0	74	
MYCO001818	2882	0	58	
MYCO001819	148	0	61	
MYCO001820	144	0	63	
MYCO001822	18	0	32	
MYCO001823	120	0	46	
MYCO001824	15	0	21	
MYCO001825	17	0	40	
MYCO001826	2	0	12	
MYCO001828	17	0	27	
MYCO001831	46	0	12	
MYCO001833	22	0	41	
MYCO001834	41	0	32	
MYCO001835	233	0	95	
MYCO001836	283	0	92	
MYCO001838	14	0	18	
MYCO001839	2	0	8	
MYCO001840	2103	0	62	
MYCO001841	57	0	52	
MYCO001845	801	0	32	
MYCO001846	34	0	28	
MYCO001847	49	0	30	
MYCO001848	60	0	18	
MYCO001849	3	0	8	
MYCO001850	256	0	82	
MYCO001851	422	0	31	
MYCO001852	87	0	23	
MYCO001853	25	0	29	
MYCO001855	67	0	45	
MYCO001856	613	0	34	
MYCO001857	10	0	34	
MYCO001858	26	0	20	
MYCO001859	80	0	46	
MYCO001860	679	0	49	
MYCO001861	5	0	20	
MYCO001862	39	0	44	
MYCO001863	34	0	39	
MYCO001864	15	0	32	
MYCO001865	12	0	35	
MYCO001866	100	0	97	
MYCO001867	234	0	67	
MYCO001868	347	0	104	
MYCO001869	158	0	39	
MYCO001870	501	0	33	
MYCO001871	154	0	24	
MYCO001872	43	0	73	
MYCO001873	57	0	31	
MYCO001874	27	0	41	
MYCO001875	25	0	28	
MYCO001876	59	0	23	
MYCO001877	204	0	95	
MYCO001878	298	0	55	
MYCO001879	190	0	45	
MYCO001880	61	0	66	
MYCO001881	42	0	24	
MYCO001882	17	0	38	
MYCO001883	36	0	26	
MYCO001884	17	0	24	
MYCO001885	34	0	38	
MYCO001887	230	0	58	
MYCO001888	3641	0	5	
MYCO001889	26	0	12	
MYCO001890	21	0	30	
MYCO001891	10	0	30	
MYCO001892	21	0	13	
MYCO001893	10	0	14	
MYCO001895	1241	0	31	
MYCO001896	290	0	59	
MYCO001897	34	0	26	
MYCO001898	15	0	13	
MYCO001899	1622	0	50	
MYCO001900	128	0	75	
MYCO001901	152	0	67	
MYCO001902	135	0	59	
MYCO001903	18	0	25	
MYCO001904	14	0	18	
MYCO001905	52	0	51	
MYCO001906	14	0	23	
MYCO001907	3066	0	34	
MYCO001908	148	0	154	
MYCO001909	12	0	26	
MYCO001910	136	0	32	
MYCO001911	165	0	28	
MYCO001912	1300	0	31	
MYCO001913	22	0	34	
MYCO001914	12	0	23	
MYCO001915	2704	0	22	
MYCO001916	64	0	41	
MYCO001917	4333	0	12	
MYCO001918	843	0	144	
MYCO001919	10	0	21	
MYCO001920	15	0	52	
MYCO001921	691	0	56	
MYCO001922	72	0	47	
MYCO001923	88	0	78	
MYCO001924	18	0	19	
MYCO001925	44	0	63	
MYCO001926	15	0	21	
MYCO001927	124	0	48	
MYCO001928	766	0	36	
MYCO001929	852	0	43	
MYCO001930	149	0	34	
MYCO001931	45	0	35	
MYCO001932	47	0	29	
MYCO001933	631	0	52	
MYCO001934	406	0	58	
MYCO001935	44	0	53	
MYCO001936	25	0	56	
MYCO001937	453	0	101	
MYCO001938	68	0	60	
MYCO001939	398	0	30	
MYCO001940	3597	0	14	
MYCO001941	68	0	37	
MYCO001942	4	0	16	
MYCO001943	16	0	19	
MYCO001944	30	0	40	
MYCO001945	4102	51	34	
MYCO001946	45	0	24	
MYCO001947	82	0	21	
MYCO001948	136	0	29	
MYCO001949	4352	0	0	
MYCO001950	16	0	8	
MYCO001951	191	0	15	
MYCO001952	15	0	8	
MYCO001953	17	0	25	
MYCO001954	42	0	28	
MYCO001955	28	0	18	
MYCO001956	49	0	30	
MYCO001957	22	0	29	
MYCO001958	63	0	40	
MYCO001959	2	0	12	
MYCO001960	3	0	11	
MYCO001961	109	0	33	
MYCO001962	10	0	22	
MYCO001963	111	0	42	
MYCO001964	154	0	30	
MYCO001965	159	0	38	
MYCO001966	127	0	59	
MYCO001967	117	0	57	
MYCO001968	1399	0	59	
MYCO001969	192	0	63	
MYCO001970	93	0	47	
MYCO001971	414	0	71	
MYCO001972	84	0	30	
MYCO001973	189	0	23	
MYCO001974	64	0	25	
MYCO001975	544	0	31	
MYCO001976	118	0	20	
MYCO001977	558	0	35	
MYCO001978	798	0	42	
MYCO001979	117	0	57	
MYCO001980	31	0	31	
MYCO001982	29	0	27	
MYCO001983	1202	0	63	
MYCO001984	208	0	33	
MYCO001985	120	0	31	
MYCO001986	48	0	39	
MYCO001987	37	0	25	
MYCO001988	114	0	25	
MYCO001989	34	0	26	
MYCO001990	1	0	12	
MYCO001991	4	0	14	
MYCO001992	1392	0	83	
MYCO001993	832	0	19	
MYCO001994	577	0	19	
MYCO001995	800	0	37	
MYCO001996	781	0	38	
MYCO001997	1907	0	99	
MYCO001998	47	0	37	
MYCO001999	326	0	69	
MYCO002000	106	0	85	
MYCO002001	19	0	48	
MYCO002002	40	0	31	
MYCO002003	99	0	50	
MYCO002004	156	0	59	
MYCO002005	16	0	36	
MYCO002006	217	0	191	
MYCO002007	8	0	11	
MYCO002008	27	0	65	
MYCO002009	6	0	11	
MYCO002010	18	0	15	
MYCO002011	2	0	24	
MYCO002012	12	0	36	
MYCO002013	421	0	20	
MYCO002014	98	0	32	
MYCO002015	1227	0	72	
MYCO002016	1025	0	27	
MYCO002017	81	0	47	
MYCO002018	117	0	19	
MYCO002019	388	0	16	
MYCO002020	162	0	16	
MYCO002021	93	0	13	
MYCO002022	119	0	40	
MYCO002023	286	0	15	
MYCO002024	4012	0	17	
MYCO002025	85	0	48	
MYCO002026	27	0	46	
MYCO002027	1003	0	49	
MYCO002028	200	0	33	
MYCO002029	141	0	47	
MYCO002030	276	0	94	
MYCO002031	11	0	23	
MYCO002032	179	0	43	
MYCO002033	592	0	41	
MYCO002034	217	0	12	
MYCO002035	6	0	26	
MYCO002036	18	0	29	
MYCO002037	53	0	64	
MYCO002038	10	0	40	
MYCO002039	9	0	32	
MYCO002040	14	0	25	
MYCO002041	24	0	55	
MYCO002042	98	0	44	
MYCO002043	193	0	165	
MYCO002044	655	0	15	
MYCO002045	55	0	75	
MYCO002046	179	0	35	
MYCO002047	238	0	99	
MYCO002048	4308	0	26	
MYCO002049	21	0	11	
MYCO002051	276	0	99	
MYCO002052	646	0	78	
MYCO002053	18	0	34	
MYCO002054	35	0	36	
MYCO002059	264	0	92	
MYCO002060	209	0	24	
MYCO002061	28	0	21	
MYCO002062	862	0	149	
MYCO002063	3	0	10	
MYCO002064	672	0	43	
MYCO002065	719	0	27	
MYCO002066	530	0	81	
MYCO002067	48	0	50	
MYCO002068	17	0	41	
MYCO002069	105	0	23	
MYCO002070	1648	0	26	
MYCO002071	55	0	55	
MYCO002072	272	0	49	
MYCO002073	221	0	33	
MYCO002074	96	0	14	
MYCO002075	239	0	71	
MYCO002076	4	0	8	
MYCO002077	94	0	49	
MYCO002078	6	0	22	
MYCO002079	1021	0	64	
MYCO002080	24	0	37	
MYCO002081	2567	0	24	
MYCO002082	2054	0	109	
MYCO002083	315	0	50	
MYCO002084	2174	0	17	
MYCO002085	25	0	17	
MYCO002086	13	0	26	
MYCO002087	14	0	13	
MYCO002088	1356	0	59	
MYCO002091	50	0	33	
MYCO002094	1	0	11	
MYCO002095	527	0	44	
MYCO002098	4352	0	0	
MYCO002099	4352	0	0	
MYCO002100	923	0	65	
MYCO002101	864	0	115	
MYCO002102	226	0	28	
MYCO002103	47	0	26	
MYCO002104	3	0	16	
MYCO002105	511	2	18	
MYCO002106	4352	0	0	
MYCO002107	73	0	21	
MYCO002108	137	0	38	
MYCO002113	93	0	61	
MYCO002114	62	0	28	
MYCO002116	51	0	22	
MYCO002117	45	0	10	
MYCO002120	345	0	24	
MYCO002123	2582	0	38	
MYCO002124	322	0	137	
MYCO002126	2112	0	29	
MYCO002127	171	0	73	
MYCO002128	3	0	12	
MYCO002129	66	0	43	
MYCO002131	49	0	38	
MYCO002132	39	0	14	
MYCO002133	51	0	30	
MYCO002135	625	0	25	
MYCO002136	72	0	34	
MYCO002137	27	0	20	
MYCO002138	87	0	45	
MYCO002142	9	0	17	
MYCO002143	94	0	54	
MYCO002144	43	0	17	
MYCO002146	2	0	13	
MYCO002147	768	0	30	
MYCO002148	766	0	29	
MYCO002149	70	0	18	
MYCO002152	366	0	62	
MYCO002158	1249	0	70	
MYCO002159	826	0	55	
MYCO002160	2317	0	9	
MYCO002161	581	1257	45	
MYCO002162	3183	0	58	
MYCO002164	425	0	51	
MYCO002165	28	0	56	
MYCO002167	4352	0	0	
MYCO002168	511	2	18	
MYCO002169	21	0	19	
MYCO002171	14	0	33	
MYCO002172	16	0	41	
MYCO002173	223	0	48	
MYCO002174	64	0	61	
MYCO002175	4	0	22	
MYCO002177	2247	136	39	
MYCO002180	804	0	38	
MYCO002181	44	0	47	
MYCO002183	2	0	16	
MYCO002184	17	0	43	
MYCO002185	3	0	18	
MYCO002189	508	0	34	
MYCO002190	640	0	41	
MYCO002191	407	0	80	
MYCO002197	107	0	29	
MYCO002198	571	0	51	
MYCO002203	202	0	33	
MYCO002204	5	0	15	
MYCO002205	542	0	53	
MYCO002206	21	0	34	
MYCO002207	778	0	36	
MYCO002208	316	0	45	
MYCO002209	309	0	66	
MYCO002212	57	0	58	
MYCO002214	63	0	69	
MYCO002215	641	0	71	
MYCO002223	230	0	67	
MYCO002224	42	0	61	
MYCO002226	585	0	63	
MYCO002227	544	0	22	
MYCO002229	23	0	26	
MYCO002231	112	0	38	
MYCO002232	176	0	35	
MYCO002234	16	0	22	
MYCO002236	766	0	42	
MYCO002237	5	0	39	
MYCO002238	4	0	7	
MYCO002240	36	0	27	
MYCO002248	123	0	24	
MYCO002249	553	0	57	
MYCO002250	17	0	20	
MYCO002251	4349	0	1	
MYCO002252	20	0	48	
MYCO002253	40	0	27	
MYCO002254	24	0	28	
MYCO002255	23	0	15	
MYCO002256	5	0	18	
MYCO002258	422	0	51	
MYCO002260	11	0	31	
MYCO002261	33	0	21	
MYCO002262	4307	0	3	
MYCO002263	941	0	40	
MYCO002264	2052	0	62	
MYCO002265	445	0	49	
MYCO002266	21	0	59	
MYCO002267	57	0	53	
MYCO002268	240	0	71	
MYCO002269	17	0	23	
MYCO002270	171	0	30	
MYCO002271	155	0	11	
MYCO002272	155	0	15	
MYCO002273	176	0	18	
MYCO002274	184	0	29	
MYCO002275	552	0	38	
MYCO002276	181	0	55	
MYCO002277	178	4044	45	
MYCO002278	511	2	18	
MYCO002279	4352	0	0	
MYCO002280	286	0	59	
MYCO002281	33	0	74	
MYCO002282	553	1439	39	
MYCO002283	25	0	13	
MYCO002284	203	0	37	
MYCO002285	401	0	54	
MYCO002286	441	1160	32	
MYCO002287	127	0	66	
MYCO002288	10	0	26	
MYCO002289	99	0	37	
MYCO002290	35	0	32	
MYCO002291	54	0	40	
MYCO002292	21	0	7	
MYCO002293	2119	0	16	
MYCO002294	35	0	62	
MYCO002295	20	0	27	
MYCO002296	100	0	38	
MYCO002297	11	0	25	
MYCO002298	20	0	45	
MYCO002299	65	0	67	
MYCO002300	80	0	49	
MYCO002301	62	0	41	
MYCO002302	6	0	13	
MYCO002303	20	0	53	
MYCO002304	11	0	9	
MYCO002305	350	0	69	
MYCO002307	304	0	43	
MYCO002308	139	0	44	
MYCO002309	19	0	20	
MYCO002310	81	0	25	
MYCO002311	51	0	23	
MYCO002312	3	0	9	
MYCO002313	65	0	43	
MYCO002314	137	0	54	
MYCO002316	13	0	36	
MYCO002317	13	0	23	
MYCO002318	886	0	44	
MYCO002319	1704	0	34	
MYCO002320	50	0	58	
MYCO002321	9	0	27	
MYCO002322	16	0	29	
MYCO002323	23	0	56	
MYCO002324	10	0	29	
MYCO002325	266	0	38	
MYCO002326	380	0	76	
MYCO002327	70	0	19	
MYCO002328	44	0	45	
MYCO002329	236	0	77	
MYCO002330	17	0	27	
MYCO002331	8	0	21	
MYCO002332	47	0	65	
MYCO002333	664	0	42	
MYCO002334	94	0	37	
MYCO002335	129	0	36	
MYCO002336	256	0	47	
MYCO002337	139	0	46	
MYCO002338	483	0	45	
MYCO002339	1129	0	107	
MYCO002340	515	0	55	
MYCO002341	88	0	22	
MYCO002342	18	0	16	
MYCO002345	389	0	86	
MYCO002346	372	1917	116	
MYCO002347	2450	490	109	
MYCO002348	32	0	16	
MYCO002349	441	0	72	
MYCO002350	523	1642	47	
MYCO002351	530	1656	51	
MYCO002352	992	34	57	
MYCO002353	4250	0	5	
MYCO002354	511	2	18	
MYCO002355	4352	0	0	
MYCO002356	3236	0	41	
MYCO002358	11	0	17	
MYCO002359	3	0	42	
MYCO002360	12	0	25	
MYCO002363	1194	0	32	
MYCO002365	434	0	10	
MYCO002369	41	0	17	
MYCO002370	48	0	64	
MYCO002371	184	0	6	
MYCO002372	153	0	34	
MYCO002375	7	0	12	
MYCO002376	71	0	27	
MYCO002377	18	0	9	
MYCO002378	80	0	47	
MYCO002379	362	0	122	
MYCO002380	775	0	182	
MYCO002381	317	0	103	
MYCO002382	169	0	49	
MYCO002383	669	525	158	
MYCO002384	352	0	48	
MYCO002385	77	0	56	
MYCO002386	150	0	51	
MYCO002387	21	0	53	
MYCO002388	134	0	49	
MYCO002389	10	0	21	
MYCO002390	53	0	25	
MYCO002391	18	0	63	
MYCO002392	93	0	29	
MYCO002393	157	2666	35	
MYCO002394	126	0	91	
MYCO002395	349	0	74	
MYCO002396	2444	0	47	
MYCO002397	100	0	49	
MYCO002398	4	0	37	
MYCO002401	3	0	16	
MYCO002403	71	0	26	
MYCO002405	32	0	30	
MYCO002406	150	0	17	
MYCO002407	226	0	47	
MYCO002408	295	0	26	
MYCO002414	346	0	72	
MYCO002415	94	0	38	
MYCO002416	109	0	58	
MYCO002417	808	0	33	
MYCO002418	173	0	33	
MYCO002419	107	0	31	
MYCO002422	15	0	13	
MYCO002423	30	0	52	
MYCO002424	4168	0	21	
MYCO002428	78	0	33	
MYCO002429	14	0	18	
MYCO002430	31	0	28	
MYCO002431	12	1554	15	
MYCO002432	34	0	18	
MYCO002433	12	0	14	
MYCO002434	833	0	60	
MYCO002435	139	0	89	
MYCO002436	310	0	42	
MYCO002437	990	0	13	
MYCO002438	78	0	72	
MYCO002443	41	0	72	
MYCO002444	380	0	115	
MYCO002446	11	0	17	
MYCO002449	466	0	56	
MYCO002450	312	0	40	
MYCO002451	45	0	20	
MYCO002452	0	0	14	
MYCO002453	47	0	30	
MYCO002456	65	0	45	
MYCO002458	36	0	34	
MYCO002459	51	0	63	
MYCO002463	14	0	38	
MYCO002464	113	0	48	
MYCO002468	37	0	25	
MYCO002469	49	0	35	
MYCO002471	64	0	79	
MYCO002472	5	0	13	
MYCO002473	85	0	31	
MYCO002474	163	0	33	
MYCO002475	8	0	16	
MYCO002476	947	0	145	
MYCO002478	336	0	22	
MYCO002479	4352	0	0	
MYCO002480	511	2	18	
MYCO002481	192	0	20	
MYCO002482	204	0	110	
MYCO002483	64	0	65	
MYCO002484	36	0	82	
MYCO002485	110	0	71	
MYCO002486	211	0	29	
MYCO002487	2561	0	85	
MYCO002488	901	0	135	
MYCO002489	82	0	16	
MYCO002490	4212	0	26	
MYCO002491	95	0	37	
MYCO002492	110	0	50	
MYCO002493	11	0	10	
MYCO002494	9	0	20	
MYCO002495	180	0	56	
MYCO002496	27	0	38	
MYCO002497	45	0	37	
MYCO002498	51	0	37	
MYCO002499	11	0	27	
MYCO002501	404	0	94	
MYCO002503	28	0	33	
MYCO002504	36	0	39	
MYCO002505	147	0	79	
MYCO002506	51	0	24	
MYCO002507	269	0	40	
MYCO002508	95	0	61	
MYCO002510	147	0	78	
MYCO002512	4238	36	9	
MYCO002513	20	0	23	
MYCO002514	42	0	27	
MYCO002515	28	0	54	
MYCO002516	17	0	28	
MYCO002517	37	0	8	
MYCO002519	569	0	77	
MYCO002520	1	0	14	
MYCO002522	407	0	73	
MYCO002525	242	0	27	
MYCO002526	1256	0	5	
MYCO002527	22	0	22	
MYCO002528	19	0	39	
MYCO002529	389	0	73	
MYCO002530	9	0	23	
MYCO002531	106	0	122	
MYCO002532	27	0	19	
MYCO002535	250	0	34	
MYCO002536	26	0	27	
MYCO002537	12	0	15	
MYCO002539	452	0	17	
MYCO002541	1824	0	13	
MYCO002542	492	0	70	
MYCO002543	1575	1217	47	
MYCO002544	1579	1247	64	
MYCO002545	976	0	15	
MYCO002546	5	0	19	
MYCO002547	19	0	20	
MYCO002548	30	0	20	
MYCO002549	73	0	18	
MYCO002550	2	0	14	
MYCO002551	291	0	15	
MYCO002552	303	0	39	
MYCO002553	146	0	60	
MYCO002554	114	0	17	
MYCO002556	8	0	17	
MYCO002557	21	0	37	
MYCO002558	35	0	26	
MYCO002560	132	0	49	
MYCO002561	4286	0	7	
MYCO002562	5	0	34	
MYCO002563	96	0	55	
MYCO002564	37	1597	42	
MYCO002565	102	0	76	
MYCO002566	1217	0	118	
MYCO002567	118	0	100	
MYCO002569	45	0	30	
MYCO002570	548	0	25	
MYCO002571	142	0	63	
MYCO002573	111	0	47	
MYCO002574	33	0	32	
MYCO002576	59	0	26	
MYCO002577	43	0	61	
MYCO002578	136	0	45	
MYCO002579	82	0	35	
MYCO002581	3	0	22	
MYCO002584	47	0	29	
MYCO002585	231	0	74	
MYCO002586	567	0	59	
MYCO002588	3	0	18	
MYCO002590	189	0	141	
MYCO002591	2041	0	79	
MYCO002595	32	0	12	
MYCO002596	9	0	27	
MYCO002597	40	0	31	
MYCO002598	39	0	24	
MYCO002599	238	0	24	
MYCO002600	41	0	18	
MYCO002601	362	0	59	
MYCO002602	10	0	20	
MYCO002604	53	0	25	
MYCO002605	88	0	35	
MYCO002607	11	0	27	
MYCO002608	708	0	55	
MYCO002609	240	0	41	
MYCO002615	4052	0	71	
MYCO002616	56	0	26	
MYCO002617	3	0	18	
MYCO002618	244	0	25	
MYCO002619	4	0	11	
MYCO002620	8	0	17	
MYCO002621	335	0	42	
MYCO002622	66	0	37	
MYCO002623	118	0	33	
MYCO002624	222	0	42	
MYCO002625	41	0	44	
MYCO002626	10	0	21	
MYCO002627	58	0	69	
MYCO002628	72	0	32	
MYCO002629	394	0	35	
MYCO002630	11	0	31	
MYCO002631	81	0	58	
MYCO002632	5	0	9	
MYCO002633	8	0	34	
MYCO002634	2416	0	75	
MYCO002635	8	0	17	
MYCO002636	46	0	42	
MYCO002637	211	1361	34	
MYCO002638	80	0	23	
MYCO002639	30	0	17	
MYCO002640	46	0	20	
MYCO002641	9	0	23	
MYCO002642	20	0	22	
MYCO002643	204	0	88	
MYCO002644	33	0	18	
MYCO002645	1077	0	16	
MYCO002646	747	0	47	
MYCO002647	500	0	12	
MYCO002648	511	2	18	
MYCO002649	4352	0	0	
MYCO002650	858	455	124	
MYCO002651	177	851	39	
MYCO002652	497	0	44	
MYCO002653	428	0	27	
MYCO002654	2265	0	11	
MYCO002655	1273	0	50	
MYCO002656	352	670	24	
MYCO002657	513	0	16	
MYCO002658	404	0	13	
MYCO002659	431	0	36	
MYCO002660	10	0	16	
MYCO002661	21	0	15	
MYCO002662	9	0	14	
MYCO002663	1	0	15	
MYCO002664	18	0	13	
MYCO002665	266	0	16	
MYCO002666	4255	0	10	
MYCO002667	40	0	20	
MYCO002668	393	0	20	
MYCO002669	23	0	22	
MYCO002671	72	0	24	
MYCO002672	270	0	67	
MYCO002674	1	0	17	
MYCO002675	13	0	51	
MYCO002677	1237	0	42	
MYCO002679	111	0	39	
MYCO002680	473	0	30	
MYCO002681	563	0	47	
MYCO002683	7	0	24	
MYCO002684	30	334	58	
MYCO002685	315	0	46	
MYCO002686	33	0	29	
MYCO002687	41	0	38	
MYCO002688	83	0	47	
MYCO002689	140	0	50	
MYCO002690	98	0	47	
MYCO002691	9	0	28	
MYCO002692	28	0	26	
MYCO002693	15	0	24	
MYCO002694	9	0	32	
MYCO002695	402	0	24	
MYCO002698	8	0	22	
MYCO002700	2696	0	20	
MYCO002701	41	0	48	
MYCO002704	13	0	16	
MYCO002705	11	0	19	
MYCO002706	84	0	13	
MYCO002707	28	0	39	
MYCO002709	394	0	34	
MYCO002712	252	0	65	
MYCO002713	85	0	70	
MYCO002716	18	0	28	
MYCO002717	178	0	18	
MYCO002718	13	0	16	
MYCO002719	380	0	34	
MYCO002721	953	0	83	
MYCO002722	7	0	16	
MYCO002723	36	0	57	
MYCO002728	72	0	30	
MYCO002729	41	0	41	
MYCO002730	8	0	23	
MYCO002732	69	0	39	
MYCO002734	23	0	36	
MYCO002735	628	0	40	
MYCO002736	127	0	25	
MYCO002737	16	0	78	
MYCO002738	295	0	10	
MYCO002739	1172	0	26	
MYCO002740	13	0	27	
MYCO002741	2895	0	64	
MYCO002742	181	0	31	
MYCO002743	330	0	34	
MYCO002745	4	0	22	
MYCO002746	167	0	23	
MYCO002747	24	0	18	
MYCO002749	25	0	15	
MYCO002751	31	0	30	
MYCO002752	89	0	119	
MYCO002755	12	0	8	
MYCO002756	46	0	76	
MYCO002757	48	0	23	
MYCO002758	8	0	12	
MYCO002759	38	0	20	
MYCO002760	110	0	14	
MYCO002761	29	0	59	
MYCO002762	272	0	32	
MYCO002763	30	0	16	
MYCO002765	247	0	32	
MYCO002766	55	0	29	
MYCO002767	17	0	23	
MYCO002768	387	0	59	
MYCO002769	751	0	43	
MYCO002770	158	0	59	
MYCO002771	31	0	18	
MYCO002772	41	0	23	
MYCO002774	785	0	15	
MYCO002775	106	0	24	
MYCO002776	25	0	38	
MYCO002777	443	0	41	
MYCO002778	16	0	25	
MYCO002779	42	0	30	
MYCO002780	145	0	39	
MYCO002781	659	0	46	
MYCO002784	7	0	20	
MYCO002786	6	0	39	
MYCO002787	256	0	96	
MYCO002789	55	0	48	
MYCO002790	320	0	52	
MYCO002791	88	2171	55	
MYCO002792	85	0	30	
MYCO002793	431	0	31	
MYCO002796	42	0	35	
MYCO002797	222	0	60	
MYCO002798	4	0	15	
MYCO002799	98	0	42	
MYCO002800	800	0	73	
MYCO002801	56	0	12	
MYCO002802	832	0	52	
MYCO002803	39	0	21	
MYCO002804	93	0	32	
MYCO002805	64	0	20	
MYCO002806	27	0	7	
MYCO002807	1149	0	45	
MYCO002808	234	0	9	
MYCO002809	59	0	15	
MYCO002810	4352	0	0	
MYCO002811	782	0	26	
MYCO002812	546	0	66	
MYCO002813	389	0	36	
MYCO002814	4352	0	0	
MYCO002815	511	2	18	
MYCO002816	1027	0	11	
MYCO002817	1099	0	36	
MYCO002818	1220	0	27	
MYCO002819	1093	0	41	
MYCO002820	1012	0	39	
MYCO002821	52	0	31	
MYCO002822	15	0	16	
MYCO002823	78	0	97	
MYCO002824	25	0	50	
MYCO002825	3370	0	28	
MYCO002826	49	0	34	
MYCO002827	21	0	24	
MYCO002829	114	0	20	
MYCO002830	6	0	14	
MYCO002831	173	0	34	
MYCO002832	133	0	58	
MYCO002833	256	0	59	
MYCO002834	28	0	39	
MYCO002835	22	0	48	
MYCO002836	265	0	62	
MYCO002837	108	0	28	
MYCO002840	6	0	19	
MYCO002842	3	0	22	
MYCO002843	166	0	13	
MYCO002844	18	0	20	
MYCO002845	189	0	53	
MYCO002848	1085	0	43	
MYCO002849	38	0	38	
MYCO002850	1335	0	88	
MYCO002851	14	0	21	
MYCO002852	113	0	65	
MYCO002853	1890	0	96	
MYCO002854	31	0	43	
MYCO002855	205	0	47	
MYCO002856	30	0	35	
MYCO002857	12	0	24	
MYCO002858	422	0	65	
MYCO002859	1354	0	50	
MYCO002860	30	0	54	
MYCO002862	12	0	23	
MYCO002863	6	0	15	
MYCO002865	7	0	11	
MYCO002866	9	0	8	
MYCO002867	506	0	41	
MYCO002869	23	0	52	
MYCO002871	771	0	10	
MYCO002872	65	0	24	
MYCO002873	10	0	22	
MYCO002874	221	0	89	
MYCO002875	131	0	22	
MYCO002876	2	0	27	
MYCO002877	127	0	46	
MYCO002878	12	0	23	
MYCO002879	4352	0	0	
MYCO002880	4035	0	6	
MYCO002881	8	0	31	
MYCO002884	104	0	33	
MYCO002885	178	747	73	
MYCO002886	105	0	39	
MYCO002887	24	0	17	
MYCO002888	376	0	53	
MYCO002891	761	0	35	
MYCO002892	241	0	52	
MYCO002893	55	0	59	
MYCO002895	179	0	41	
MYCO002896	330	0	59	
MYCO002897	268	0	78	
MYCO002898	13	0	20	
MYCO002899	8	0	29	
MYCO002900	46	0	82	
MYCO002903	54	0	39	
MYCO002905	34	0	54	
MYCO002906	13	0	18	
MYCO002907	94	0	20	
MYCO002908	36	0	9	
MYCO002910	7	0	26	
MYCO002911	107	0	32	
MYCO002912	21	0	18	
MYCO002913	91	0	91	
MYCO002914	277	0	66	
MYCO002920	101	0	76	
MYCO002922	788	0	96	
MYCO002923	46	0	18	
MYCO002924	63	0	34	
MYCO002925	22	0	26	
MYCO002926	7	0	32	
MYCO002928	16	0	29	
MYCO002929	20	0	19	
MYCO002930	40	0	55	
MYCO002931	3904	0	91	
MYCO002932	1209	0	147	
MYCO002933	1109	0	152	
MYCO002934	1265	0	160	
MYCO002935	616	0	147	
MYCO002936	29	0	38	
MYCO002937	11	0	24	
MYCO002938	10	0	28	
MYCO002939	20	2049	40	
MYCO002940	250	0	219	
MYCO002941	31	0	75	
MYCO002942	97	0	119	
MYCO002943	164	0	56	
MYCO002944	25	0	43	
MYCO002945	1	0	27	
MYCO002946	811	0	174	
MYCO002947	2199	0	27	
MYCO002948	93	0	99	
MYCO002949	94	0	38	
MYCO002950	160	0	72	
MYCO002951	125	0	46	
MYCO002952	15	0	34	
MYCO002953	47	0	52	
MYCO002954	38	0	35	
MYCO002955	167	0	56	
MYCO002956	28	0	43	
MYCO002957	51	0	38	
MYCO002958	184	0	62	
MYCO002959	553	0	37	
MYCO002960	19	0	19	
MYCO002961	16	0	10	
MYCO002962	493	0	48	
MYCO002963	550	0	44	
MYCO002964	63	0	42	
MYCO002966	145	0	13	
MYCO002968	16	0	18	
MYCO002969	32	0	27	
MYCO002970	72	0	44	
MYCO002971	88	0	35	
MYCO002972	18	0	35	
MYCO002973	165	0	58	
MYCO002974	528	0	69	
MYCO002975	2108	0	7	
MYCO002977	264	0	27	
MYCO002978	87	1877	54	
MYCO002979	22	0	26	
MYCO002980	382	0	27	
MYCO002983	495	0	31	
MYCO002985	60	0	52	
MYCO002986	57	0	28	
MYCO002987	20	0	17	
MYCO002989	417	0	28	
MYCO002990	25	0	34	
MYCO002991	29	0	21	
MYCO002994	470	0	49	
MYCO002997	403	0	50	
MYCO002998	6	0	18	
MYCO002999	35	0	50	
MYCO003000	41	0	29	
MYCO003002	3	0	19	
MYCO003004	24	0	16	
MYCO003005	34	0	23	
MYCO003007	402	0	23	
MYCO003008	41	0	29	
MYCO003012	9	0	11	
MYCO003013	369	0	23	
MYCO003015	239	0	46	
MYCO003016	26	0	21	
MYCO003017	464	0	20	
MYCO003018	3334	0	29	
MYCO003019	1	75	25	
MYCO003020	17	14	18	
MYCO003021	4333	0	6	
MYCO003022	4352	0	0	
MYCO003023	4238	35	8	
MYCO003026	71	0	48	
MYCO003030	114	0	31	
MYCO003033	12	0	26	
MYCO003035	202	0	33	
MYCO003036	12	0	33	
MYCO003037	261	0	54	
MYCO003039	115	0	32	
MYCO003040	217	0	39	
MYCO003041	16	0	28	
MYCO003044	292	0	57	
MYCO003046	17	0	17	
MYCO003047	130	0	20	
MYCO003050	22	0	38	
MYCO003055	27	1350	26	
MYCO003056	38	0	59	
MYCO003058	7	0	29	
MYCO003059	53	0	52	
MYCO003060	743	0	84	
MYCO003061	452	0	80	
MYCO003062	1195	0	66	
MYCO003063	163	0	122	
MYCO003064	86	0	23	
MYCO003065	124	0	14	
MYCO003066	191	0	27	
MYCO003067	19	0	25	
MYCO003068	63	0	69	
MYCO003069	4	0	17	
MYCO003070	5	0	14	
MYCO003071	120	0	55	
MYCO003072	19	0	31	
MYCO003073	11	0	24	
MYCO003074	1317	1551	47	
MYCO003075	20	0	28	
MYCO003076	11	0	18	
MYCO003077	291	0	96	
MYCO003078	27	0	17	
MYCO003079	403	0	25	
MYCO003080	493	0	149	
MYCO003081	150	0	45	
MYCO003082	29	0	44	
MYCO003083	241	0	80	
MYCO003084	513	0	35	
MYCO003086	136	0	34	
MYCO003087	255	0	69	
MYCO003088	156	0	66	
MYCO003089	172	0	60	
MYCO003090	146	1040	46	
MYCO003091	210	0	66	
MYCO003092	458	0	49	
MYCO003093	1055	0	34	
MYCO003094	469	0	54	
MYCO003095	4	0	25	
MYCO003096	35	0	54	
MYCO003097	81	0	61	
MYCO003098	23	0	23	
MYCO003099	79	0	44	
MYCO003103	19	0	23	
MYCO003104	28	0	41	
MYCO003106	62	0	55	
MYCO003107	73	0	71	
MYCO003108	29	0	23	
MYCO003109	82	0	60	
MYCO003110	15	0	13	
MYCO003111	29	0	40	
MYCO003112	28	0	16	
MYCO003113	959	0	36	
MYCO003114	71	0	27	
MYCO003115	4238	35	8	
MYCO003116	128	0	51	
MYCO003119	35	0	27	
MYCO003120	45	0	32	
MYCO003121	110	0	53	
MYCO003122	43	0	23	
MYCO003123	24	0	22	
MYCO003124	88	0	41	
MYCO003125	620	0	44	
MYCO003126	25	0	16	
MYCO003127	38	0	53	
MYCO003128	4352	0	0	
MYCO003129	407	0	9	
MYCO003130	51	0	67	
MYCO003131	51	0	35	
MYCO003132	111	0	72	
MYCO003133	7	0	13	
MYCO003134	35	0	38	
MYCO003135	2680	0	8	
MYCO003136	80	0	40	
MYCO003137	27	0	35	
MYCO003138	54	0	62	
MYCO003141	171	0	37	
MYCO003142	590	0	23	
MYCO003143	6	0	11	
MYCO003144	727	0	55	
MYCO003145	17	0	11	
MYCO003146	3	0	21	
MYCO003147	29	0	12	
MYCO003148	24	0	45	
MYCO003149	42	0	30	
MYCO003150	401	0	36	
MYCO003151	890	0	77	
MYCO003152	6	0	40	
MYCO003153	84	0	28	
MYCO003154	8	0	36	
MYCO003155	6	0	13	
MYCO003156	62	0	66	
MYCO003157	106	0	76	
MYCO003158	21	0	64	
MYCO003159	2227	0	70	
MYCO003160	12	0	20	
MYCO003161	328	0	72	
MYCO003162	55	0	14	
MYCO003163	23	0	40	
MYCO003164	23	0	25	
MYCO003165	87	0	18	
MYCO003166	458	0	41	
MYCO003167	39	0	34	
MYCO003168	154	0	63	
MYCO003169	538	0	49	
MYCO003170	450	0	50	
MYCO003171	33	0	58	
MYCO003172	6	0	27	
MYCO003173	9	0	33	
MYCO003174	16	0	47	
MYCO003175	1190	0	56	
MYCO003176	99	0	49	
MYCO003177	37	0	30	
MYCO003178	39	0	20	
MYCO003179	347	0	55	
MYCO003180	26	0	22	
MYCO003181	120	0	20	
MYCO003182	22	0	9	
MYCO003183	171	0	16	
MYCO003184	511	2	18	
MYCO003185	4352	0	0	
MYCO003186	511	2	18	
MYCO003187	4352	0	0	
MYCO003188	19	0	16	
MYCO003189	43	0	26	
MYCO003190	152	0	55	
MYCO003191	53	0	47	
MYCO003192	53	0	30	
MYCO003196	71	0	41	
MYCO003199	363	0	49	
MYCO003200	21	0	53	
MYCO003201	758	0	115	
MYCO003202	604	0	128	
MYCO003203	29	0	41	
MYCO003204	1	0	15	
MYCO003209	10	0	26	
MYCO003210	12	0	26	
MYCO003212	509	0	51	
MYCO003215	26	0	51	
MYCO003216	4352	0	0	
MYCO003217	273	0	17	
MYCO003218	19	0	41	
MYCO003222	58	0	19	
MYCO003224	215	0	41	
MYCO003225	74	0	61	
MYCO003226	33	0	38	
MYCO003227	233	0	62	
MYCO003230	116	0	50	
MYCO003231	52	0	19	
MYCO003232	13	0	32	
MYCO003233	7	0	32	
MYCO003234	2150	0	22	
MYCO003235	334	0	31	
MYCO003236	258	0	51	
MYCO003237	10	0	26	
MYCO003238	15	0	35	
MYCO003239	2212	0	88	
MYCO003242	84	0	34	
MYCO003243	65	0	35	
MYCO003244	337	0	62	
MYCO003247	45	0	22	
MYCO003249	157	0	28	
MYCO003250	4	0	9	
MYCO003251	4	0	8	
MYCO003253	57	0	54	
MYCO003254	97	0	62	
MYCO003256	568	0	47	
MYCO003259	22	0	8	
MYCO003260	0	0	15	
MYCO003263	167	0	59	
MYCO003266	127	0	36	
MYCO003268	109	0	34	
MYCO003269	14	0	9	
MYCO003270	269	0	78	
MYCO003271	25	0	32	
MYCO003272	92	0	55	
MYCO003273	12	0	91	
MYCO003278	11	0	20	
MYCO003279	14	0	35	
MYCO003281	4182	0	8	
MYCO003282	14	0	40	
MYCO003283	18	0	46	
MYCO003284	38	0	18	
MYCO003286	451	0	38	
MYCO003287	13	0	11	
MYCO003288	5	0	18	
MYCO003289	35	0	23	
MYCO003291	20	0	16	
MYCO003292	200	0	60	
MYCO003293	539	0	56	
MYCO003294	14	0	35	
MYCO003295	22	0	27	
MYCO003297	77	0	40	
MYCO003298	241	0	25	
MYCO003299	689	0	143	
MYCO003300	50	0	39	
MYCO003301	23	0	30	
MYCO003307	137	0	33	
MYCO003308	520	0	68	
MYCO003309	18	0	24	
MYCO003310	26	0	36	
MYCO003311	47	0	54	
MYCO003312	28	0	37	
MYCO003314	100	0	45	
MYCO003315	11	0	22	
MYCO003316	3	0	10	
MYCO003320	42	0	18	
MYCO003321	2	0	7	
MYCO003322	19	0	27	
MYCO003323	236	0	37	
MYCO003324	229	0	22	
MYCO003325	511	2	18	
MYCO003326	4352	0	0	
MYCO003327	4302	0	7	
MYCO003331	391	0	59	
MYCO003332	355	0	61	
MYCO003333	1058	0	32	
MYCO003334	6	0	25	
MYCO003335	80	0	35	
MYCO003337	497	0	21	
MYCO003338	47	0	32	
MYCO003339	62	0	51	
MYCO003342	312	0	18	
MYCO003343	4340	0	12	
MYCO003344	4352	0	0	
MYCO003345	4332	0	10	
MYCO003346	1365	1	18	
MYCO003347	3376	0	198	
MYCO003348	112	3	29	
MYCO003349	2258	0	26	
MYCO003350	3610	0	191	
MYCO003351	568	0	31	
MYCO003352	552	0	15	
MYCO003353	531	0	10	
MYCO003354	529	0	17	
MYCO003355	550	1	17	
MYCO003357	11	0	15	
MYCO003358	2	0	10	
MYCO003359	253	0	39	
MYCO003360	638	0	12	
MYCO003361	54	0	29	
MYCO003362	53	0	31	
MYCO003363	248	0	18	
MYCO003364	54	0	17	
MYCO003365	3937	0	24	
MYCO003366	43	0	23	
MYCO003367	1993	0	78	
MYCO003368	107	0	31	
MYCO003369	148	0	17	
MYCO003370	947	0	111	
MYCO003371	409	0	68	
MYCO003372	256	0	50	
MYCO003373	526	0	24	
MYCO003374	5	0	13	
MYCO003375	181	0	68	
MYCO003376	20	0	31	
MYCO003377	307	0	72	
MYCO003378	109	0	52	
MYCO003379	67	0	79	
MYCO003380	4352	0	0	
MYCO003381	511	2	18	
MYCO003382	146	0	32	
MYCO003383	931	0	62	
MYCO003384	46	0	14	
MYCO003385	86	0	11	
MYCO003386	211	0	38	
MYCO003387	16	0	32	
MYCO003388	3253	0	57	
MYCO003389	332	0	53	
MYCO003390	25	0	47	
MYCO003391	263	0	95	
MYCO003393	85	0	35	
MYCO003394	1266	0	50	
MYCO003395	101	0	33	
MYCO003397	20	0	31	
MYCO003398	105	0	59	
MYCO003399	35	0	37	
MYCO003400	127	0	21	
MYCO003401	482	0	102	
MYCO003402	132	0	49	
MYCO003403	61	0	83	
MYCO003404	39	0	38	
MYCO003405	6	0	23	
MYCO003406	134	0	41	
MYCO003407	12	0	8	
MYCO003408	3	0	15	
MYCO003413	368	0	31	
MYCO003414	19	0	29	
MYCO003415	352	0	42	
MYCO003416	40	0	12	
MYCO003420	87	0	19	
MYCO003421	1052	0	41	
MYCO003423	40	0	64	
MYCO003424	285	2	24	
MYCO003425	205	1176	53	
MYCO003426	4254	0	3	
MYCO003427	1218	0	27	
MYCO003428	4130	0	7	
MYCO003429	205	980	50	
MYCO003430	299	0	80	
MYCO003431	60	0	35	
MYCO003434	195	0	45	
MYCO003435	17	0	57	
MYCO003437	185	0	25	
MYCO003438	57	0	40	
MYCO003439	775	0	63	
MYCO003440	45	0	23	
MYCO003444	17	0	17	
MYCO003445	24	0	18	
MYCO003446	799	0	68	
MYCO003447	375	0	141	
MYCO003448	207	0	63	
MYCO003449	163	0	72	
MYCO003450	632	0	74	
MYCO003451	69	0	51	
MYCO003452	504	0	35	
MYCO003453	2680	0	5	
MYCO003454	65	0	66	
MYCO003463	126	0	37	
MYCO003465	9	0	24	
MYCO003466	4192	39	46	
MYCO003467	4218	60	28	
MYCO003468	64	0	52	
MYCO003469	25	0	49	
MYCO003470	215	0	83	
MYCO003471	32	0	23	
MYCO003472	32	0	28	
MYCO003473	27	0	42	
MYCO003474	511	2	18	
MYCO003475	4352	0	0	
MYCO003476	51	0	63	
MYCO003477	107	0	13	
MYCO003478	2166	234	322	
MYCO003479	223	0	147	
MYCO003480	221	0	73	
MYCO003481	54	0	25	
MYCO003482	33	0	38	
MYCO003483	953	0	31	
MYCO003484	105	0	62	
MYCO003485	576	0	43	
MYCO003486	269	0	18	
MYCO003487	934	0	40	
MYCO003488	130	0	12	
MYCO003489	3	0	8	
MYCO003491	15	0	29	
MYCO003492	2	0	22	
MYCO003493	333	0	29	
MYCO003494	920	0	56	
MYCO003495	27	0	39	
MYCO003496	277	0	44	
MYCO003497	13	0	50	
MYCO003498	96	0	46	
MYCO003499	10	0	41	
MYCO003502	34	0	32	
MYCO003503	0	0	8	
MYCO003505	127	0	46	
MYCO003506	81	0	85	
MYCO003507	4064	0	77	
MYCO003508	4349	0	3	
MYCO003509	434	0	74	
MYCO003510	153	0	36	
MYCO003511	4341	0	5	
MYCO003512	4352	0	0	
MYCO003513	4133	0	16	
MYCO003514	4351	0	1	
MYCO003515	3909	0	24	
MYCO003516	641	0	33	
MYCO003517	939	0	29	
MYCO003518	129	0	40	
MYCO003519	22	0	36	
MYCO003521	37	0	38	
MYCO003522	8	0	47	
MYCO003523	392	0	38	
MYCO003524	56	0	62	
MYCO003525	252	0	24	
MYCO003526	10	0	33	
MYCO003527	7	0	26	
MYCO003528	61	0	50	
MYCO003529	500	0	58	
MYCO003530	27	1586	38	
MYCO003531	86	0	62	
MYCO003532	346	0	58	
MYCO003533	1328	0	83	
MYCO003534	62	0	39	
MYCO003535	1071	0	32	
MYCO003536	14	0	35	
MYCO003537	32	0	57	
MYCO003538	6	0	33	
MYCO003539	556	0	58	
MYCO003540	367	0	44	
MYCO003541	2	0	17	
MYCO003542	105	0	36	
MYCO003543	89	0	41	
MYCO003544	46	0	42	
MYCO003545	32	0	70	
MYCO003546	98	0	40	
MYCO003547	49	0	33	
MYCO003548	22	0	25	
MYCO003549	148	0	38	
MYCO003550	59	0	28	
MYCO003551	59	0	30	
MYCO003552	9	0	25	
MYCO003553	440	0	36	
MYCO003554	77	0	104	
MYCO003555	643	0	34	
MYCO003556	121	0	35	
MYCO003557	0	0	25	
MYCO003558	1031	0	64	
MYCO003559	268	0	31	
MYCO003560	136	0	52	
MYCO003561	673	0	69	
MYCO003562	65	0	54	
MYCO003563	170	0	44	
MYCO003564	605	0	31	
MYCO003565	87	0	65	
MYCO003566	135	0	40	
MYCO003567	45	0	18	
MYCO003568	499	0	27	
MYCO003569	375	0	33	
MYCO003572	38	0	26	
MYCO003573	444	0	77	
MYCO003574	62	0	21	
MYCO003575	114	0	39	
MYCO003576	69	0	36	
MYCO003577	73	0	30	
MYCO003578	343	0	61	
MYCO003581	14	0	22	
MYCO003582	30	0	34	
MYCO003584	15	0	20	
MYCO003585	50	0	65	
MYCO003586	18	0	47	
MYCO003587	205	0	38	
MYCO003588	59	0	16	
MYCO003590	3033	0	54	
MYCO003591	28	0	44	
MYCO003593	3	0	66	
MYCO003594	76	0	43	
MYCO003595	1969	0	56	
MYCO003597	284	0	12	
MYCO003599	179	0	6	
MYCO003602	666	0	40	
MYCO003603	229	0	42	
MYCO003604	926	0	57	
MYCO003605	300	0	20	
MYCO003606	14	0	25	
MYCO003607	154	0	17	
MYCO003608	48	0	36	
MYCO003611	4309	0	4	
MYCO003612	43	0	19	
MYCO003613	2	0	8	
MYCO003614	7	0	39	
MYCO003615	7	0	11	
MYCO003616	68	0	59	
MYCO003617	106	0	42	
MYCO003618	94	0	43	
MYCO003619	372	2023	129	
MYCO003620	2449	501	106	
MYCO003621	637	0	48	
MYCO003622	119	0	13	
MYCO003623	241	0	33	
MYCO003625	260	0	44	
MYCO003626	352	0	47	
MYCO003627	64	0	70	
MYCO003629	43	0	55	
MYCO003630	16	1047	56	
MYCO003631	10	0	24	
MYCO003632	4	0	10	
MYCO003633	72	0	47	
MYCO003634	121	0	32	
MYCO003635	160	0	82	
MYCO003636	14	0	23	
MYCO003637	73	0	31	
MYCO003638	15	0	37	
MYCO003639	415	0	35	
MYCO003640	173	0	58	
MYCO003641	17	0	31	
MYCO003642	8	0	14	
MYCO003643	4	0	9	
MYCO003645	913	0	58	
MYCO003649	650	0	111	
MYCO003650	92	0	13	
MYCO003651	414	0	43	
MYCO003652	996	0	19	
MYCO003653	2564	0	32	
MYCO003654	535	0	24	
MYCO003655	4349	0	1	
MYCO003656	21	0	14	
MYCO003657	1323	1051	25	
MYCO003658	473	0	41	
MYCO003659	865	0	47	
MYCO003660	189	0	63	
MYCO003661	67	0	25	
MYCO003662	1199	0	44	
MYCO003663	440	0	78	
MYCO003664	14	0	43	
MYCO003665	10	0	52	
MYCO003666	120	1157	57	
MYCO003667	326	0	94	
MYCO003669	9	0	24	
MYCO003671	23	0	53	
MYCO003672	68	0	39	
MYCO003673	154	0	31	
MYCO003675	1	0	21	
MYCO003678	14	0	22	
MYCO003681	20	0	25	
MYCO003685	119	0	68	
MYCO003686	82	0	14	
MYCO003687	17	0	16	
MYCO003688	27	0	26	
MYCO003689	222	0	89	
MYCO003690	411	0	25	
MYCO003691	92	0	53	
MYCO003692	68	0	43	
MYCO003693	1493	0	52	
MYCO003694	13	0	42	
MYCO003697	32	0	26	
MYCO003698	169	0	75	
MYCO003699	42	0	34	
MYCO003700	659	0	50	
MYCO003701	143	0	45	
MYCO003702	32	0	42	
MYCO003703	74	0	71	
MYCO003704	73	0	60	
MYCO003706	208	0	15	
MYCO003714	67	0	51	
MYCO003716	295	0	18	
MYCO003723	28	0	35	
MYCO003725	2110	0	23	
MYCO003726	332	0	52	
MYCO003727	289	0	95	
MYCO003728	2764	0	87	
MYCO003729	403	0	114	
MYCO003730	14	0	51	
MYCO003731	15	0	54	
MYCO003732	112	0	53	
MYCO003733	14	0	24	
MYCO003734	76	0	69	
MYCO003735	19	0	31	
MYCO003736	82	0	66	
MYCO003737	806	0	72	
MYCO003738	1499	0	42	
MYCO003739	1050	0	15	
MYCO003740	122	0	63	
MYCO003741	25	0	43	
MYCO003742	13	0	27	
MYCO003743	182	0	113	
MYCO003744	4	0	25	
MYCO003745	14	1358	11	
MYCO003746	8	0	24	
MYCO003747	25	0	15	
MYCO003748	21	0	21	
MYCO003749	32	0	22	
MYCO003750	13	0	18	
MYCO003751	12	0	14	
MYCO003752	339	0	14	
MYCO003753	511	0	18	
MYCO003754	268	0	37	
MYCO003755	19	0	25	
MYCO003756	24	0	40	
MYCO003757	170	0	42	
MYCO003758	47	0	40	
MYCO003759	33	0	65	
MYCO003760	28	0	11	
MYCO003761	177	0	39	
MYCO003762	26	0	101	
MYCO003763	35	0	28	
MYCO003764	49	0	61	
MYCO003766	121	0	37	
MYCO003767	109	0	39	
MYCO003768	108	0	17	
MYCO003769	96	0	20	
MYCO003770	126	0	27	
MYCO003771	43	0	27	
MYCO003772	71	0	48	
MYCO003773	112	0	31	
MYCO003776	805	0	81	
MYCO003779	496	0	92	
MYCO003784	263	0	59	
MYCO003785	1886	0	42	
MYCO003786	345	0	61	
MYCO003787	103	0	53	
MYCO003788	11	0	22	
MYCO003789	4	0	17	
MYCO003792	237	0	106	
MYCO003796	32	0	62	
MYCO003797	222	0	94	
MYCO003798	2335	43	32	
MYCO003800	937	0	196	
MYCO003803	71	0	45	
MYCO003805	39	0	79	
MYCO003807	174	0	22	
MYCO003810	1203	0	30	
MYCO003811	195	0	71	
MYCO003812	1679	0	61	
MYCO003813	114	0	35	
MYCO003814	49	0	28	
MYCO003815	139	0	33	
MYCO003817	353	0	41	
MYCO003818	64	0	58	
MYCO003819	35	0	22	
MYCO003820	194	0	84	
MYCO003821	18	0	39	
MYCO003822	77	0	78	
MYCO003823	58	0	162	
MYCO003824	85	0	98	
MYCO003825	259	0	298	
MYCO003826	80	0	107	
MYCO003827	187	0	88	
MYCO003828	3	1668	24	
MYCO003829	895	0	90	
MYCO003830	1003	0	42	
MYCO003831	20	0	44	
MYCO003832	130	0	39	
MYCO003833	555	0	52	
MYCO003836	496	0	28	
MYCO003837	39	0	50	
MYCO003838	140	0	57	
MYCO003839	12	0	45	
MYCO003840	68	0	37	
MYCO003841	9	0	31	
MYCO003843	381	0	54	
MYCO003844	112	3	29	
MYCO003845	3186	0	7	
MYCO003846	13	0	32	
MYCO003848	113	0	67	
MYCO003850	72	0	39	
MYCO003851	60	0	15	
MYCO003852	51	0	21	
MYCO003853	5	0	20	
MYCO003854	199	0	142	
MYCO003855	9	0	43	
MYCO003856	99	0	65	
MYCO003857	13	0	6	
MYCO003860	486	0	80	
MYCO003861	129	0	32	
MYCO003862	60	0	73	
MYCO003863	202	0	61	
MYCO003864	139	0	83	
MYCO003865	54	0	18	
MYCO003866	138	0	40	
MYCO003867	101	0	30	
MYCO003868	201	0	76	
MYCO003869	571	0	94	
MYCO003870	54	0	148	
MYCO003871	327	0	110	
MYCO003872	214	0	16	
MYCO003873	216	0	57	
MYCO003874	42	0	14	
MYCO003875	14	0	17	
MYCO003876	1958	0	87	
MYCO003877	56	0	111	
MYCO003878	524	0	49	
MYCO003879	1889	0	128	
MYCO003880	4	0	22	
MYCO003881	478	0	108	
MYCO003882	557	0	112	
MYCO003883	51	0	93	
MYCO003884	237	0	105	
MYCO003885	154	0	112	
MYCO003886	1489	0	71	
MYCO003887	452	0	91	
MYCO003888	126	0	90	
MYCO003889	293	0	76	
MYCO003890	91	0	21	
MYCO003891	22	0	30	
MYCO003892	996	0	80	
MYCO003893	83	0	21	
MYCO003894	1223	0	231	
MYCO003895	1188	0	78	
MYCO003896	260	0	72	
MYCO003897	4311	0	2	
MYCO003898	2118	0	11	
MYCO003899	1239	0	73	
MYCO003900	681	0	95	
MYCO003901	79	0	36	
MYCO003902	23	0	38	
MYCO003903	1386	0	141	
MYCO003904	11	0	28	
MYCO003905	30	0	25	
MYCO003906	52	0	44	
MYCO003909	227	0	141	
MYCO003910	290	0	276	
MYCO003911	4342	0	5	
MYCO003912	202	0	78	
MYCO003914	5	0	23	
MYCO003916	4	0	64	
MYCO003919	252	0	209	
MYCO003922	4	0	36	
MYCO003923	8	0	35	
MYCO010064	12	0	10	
MYCO010078	9	0	43	
MYCO010157	2	0	7	
MYCO010186	44	0	7	
MYCO010192	996	0	12	
MYCO010236	35	0	5	
MYCO010277	4352	0	0	
MYCO010397	3	2132	12	
MYCO010456	14	0	15	
MYCO010470	613	0	16	
MYCO010492	39	0	11	
MYCO010500	203	0	6	
MYCO010530	8	0	10	
MYCO010590	24	0	8	
MYCO010609	13	0	10	
MYCO010616	1	0	17	
MYCO010634	8	0	12	
MYCO010691	2	0	9	
MYCO010724	4352	0	0	
MYCO010749	13	0	8	
MYCO010755	75	0	5	
MYCO010787	37	0	6	
MYCO010959	6	0	9	
MYCO011028	1	0	7	
MYCO011087	36	0	8	
MYCO011089	4	0	8	
MYCO011116	22	0	11	
MYCO011135	3	0	22	
MYCO011159	7	0	12	
MYCO011290	42	0	14	
MYCO011322	11	0	26	
MYCO011366	13	0	12	
MYCO011473	31	0	11	
MYCO011489	115	0	9	
MYCO011498	65	0	13	
MYCO011507	82	0	34	
MYCO011508	37	0	12	
MYCO011638	293	0	14	
MYCO011706	8	0	8	
MYCO011765	32	0	14	
MYCO011888	1	0	13	
MYCO011954	18	0	11	
MYCO011962	0	2561	15	
MYCO011982	14	0	8	
MYCO011990	46	0	18	
MYCO011991	1	0	7	
MYCO012023	46	0	51	
MYCO012063	111	0	17	
MYCO012077	134	0	18	
MYCO012142	2	0	13	
MYCO012160	2352	0	8	
MYCO012219	5	0	17	
MYCO012231	35	0	24	
MYCO012237	24	0	9	
MYCO012250	4349	0	1	
MYCO012274	158	0	13	
MYCO012306	34	0	29	
MYCO012307	8	0	5	
MYCO012309	7	0	18	
MYCO012331	4	0	10	
MYCO012395	17	0	9	
MYCO012401	20	0	5	
MYCO012427	4352	0	0	
MYCO012438	8	0	15	
MYCO012468	1	0	11	
MYCO012530	3	0	14	
MYCO012548	9	0	14	
MYCO012601	3	0	11	
MYCO012614	513	0	13	
MYCO012737	14	0	11	
MYCO012801	2	0	10	
MYCO012828	786	0	14	
MYCO012862	4352	0	0	
MYCO012922	16	0	13	
MYCO012943	23	0	29	
MYCO012970	18	0	4	
MYCO012998	4	0	14	
MYCO013018	1629	3	8	
MYCO013022	697	0	11	
MYCO013032	22	0	18	
MYCO013098	12	0	18	
MYCO013136	4	0	24	
MYCO013190	158	0	8	
MYCO013196	4	0	7	
MYCO013197	42	0	14	
MYCO013198	7	0	14	
MYCO013208	6	0	16	
MYCO013221	2	0	15	
MYCO013224	17	0	16	
MYCO013312	59	0	20	
MYCO013324	4352	0	0	
MYCO013395	160	0	26	
MYCO013566	5	0	16	
MYCO013697	43	0	13	
MYCO013705	35	0	25	
MYCO013724	489	0	9	
MYCO013770	5	0	10	
MYCO020078	3	0	20	
MYCO020456	4352	0	0	
MYCO020500	0	0	5	
MYCO022231	3093	0	14	
MYCO022306	68	0	19	
MYCO022307	54	0	20	
MYCO022395	44	0	16	
MYCO023224	27	0	9	
MYCO023724	517	0	26	
MYCO023770	5	0	11	
MYCO032307	0	0	8	
