GbGDiv simplified results table from 'accumulate-11.txt' records table.
Isolate records read from table: 2816

Locus	Missing	Paralogous	CountNuc
id	0	0	2816	
isolate	0	0	2816	
rMLST_database_accession	0	0	2816	
BACT000001	9	0	60	
BACT000002	88	0	26	
BACT000003	281	0	31	
BACT000004	22	0	17	
BACT000005	51	0	17	
BACT000006	2	0	13	
BACT000007	7	0	15	
BACT000008	12	0	13	
BACT000009	10	0	23	
BACT000010	1	0	7	
BACT000011	24	0	17	
BACT000012	2	0	17	
BACT000013	5	0	14	
BACT000014	2	2567	2	
BACT000015	1	0	9	
BACT000016	29	0	24	
BACT000017	10	0	16	
BACT000018	0	2189	3	
BACT000019	0	0	10	
BACT000020	4	0	13	
BACT000021	2816	0	0	
BACT000030	27	792	22	
BACT000031	2	0	16	
BACT000032	5	0	14	
BACT000033	82	0	22	
BACT000034	6	0	18	
BACT000035	4	0	21	
BACT000036	185	0	15	
BACT000038	13	0	15	
BACT000039	11	0	17	
BACT000040	345	0	13	
BACT000042	5	0	20	
BACT000043	1	0	18	
BACT000044	19	0	11	
BACT000045	16	0	14	
BACT000046	3	0	26	
BACT000047	39	0	9	
BACT000048	0	0	15	
BACT000049	1	0	15	
BACT000050	16	0	13	
BACT000051	87	0	17	
BACT000052	1	0	10	
BACT000053	2	0	8	
BACT000056	5	0	11	
BACT000057	1	2734	3	
BACT000058	1	0	11	
BACT000059	0	0	6	
BACT000060	2	0	6	
BACT000061	8	0	12	
BACT000062	1	2371	7	
BACT000063	1	0	8	
BACT000064	2	0	10	
BACT000065	3	0	1	
MYCO000001	19	0	89	
MYCO000005	21	0	109	
MYCO000006	34	0	162	
MYCO000009	8	0	21	
MYCO000011	8	0	16	
MYCO000013	3	0	41	
MYCO000015	634	0	52	
MYCO000016	47	0	63	
MYCO000017	42	0	58	
MYCO000019	6	0	25	
MYCO000038	194	0	28	
MYCO000046	11	0	52	
MYCO000047	12	0	26	
MYCO000049	16	0	24	
MYCO000050	315	0	112	
MYCO000051	242	0	78	
MYCO000054	116	0	19	
MYCO000066	16	0	89	
MYCO000068	81	0	61	
MYCO000129	27	0	24	
MYCO000183	144	0	36	
MYCO000184	156	0	23	
MYCO000189	367	0	49	
MYCO000198	27	0	83	
MYCO000204	92	0	36	
MYCO000207	12	0	28	
MYCO000211	36	0	79	
MYCO000223	303	0	52	
MYCO000225	21	0	28	
MYCO000227	316	0	46	
MYCO000228	60	0	45	
MYCO000236	654	0	115	
MYCO000237	82	0	55	
MYCO000238	9	0	26	
MYCO000241	21	0	45	
MYCO000242	493	0	48	
MYCO000243	252	0	41	
MYCO000244	60	1409	59	
MYCO000247	7	0	23	
MYCO000248	16	0	46	
MYCO000270	29	0	71	
MYCO000274	179	0	31	
MYCO000321	6	0	15	
MYCO000322	27	0	40	
MYCO000334	4	0	20	
MYCO000337	25	0	38	
MYCO000350	42	0	40	
MYCO000352	301	0	38	
MYCO000357	13	0	36	
MYCO000360	106	0	19	
MYCO000383	539	0	22	
MYCO000384	374	0	65	
MYCO000407	127	0	37	
MYCO000410	90	0	68	
MYCO000411	72	0	32	
MYCO000414	593	0	22	
MYCO000415	628	0	32	
MYCO000417	205	699	25	
MYCO000423	22	0	39	
MYCO000429	8	0	21	
MYCO000432	6	0	21	
MYCO000433	13	0	30	
MYCO000439	110	0	34	
MYCO000440	36	0	40	
MYCO000462	8	0	27	
MYCO000465	27	0	57	
MYCO000466	11	0	18	
MYCO000467	11	0	30	
MYCO000468	28	0	26	
MYCO000472	6	0	20	
MYCO000475	70	0	27	
MYCO000483	37	0	32	
MYCO000484	34	0	31	
MYCO000486	173	0	49	
MYCO000489	417	0	18	
MYCO000490	42	0	33	
MYCO000491	6	0	15	
MYCO000495	10	0	30	
MYCO000496	36	0	36	
MYCO000498	55	0	33	
MYCO000501	16	0	32	
MYCO000502	23	0	23	
MYCO000505	689	0	24	
MYCO000509	64	0	51	
MYCO000510	57	0	28	
MYCO000512	62	0	29	
MYCO000524	242	0	36	
MYCO000527	89	0	23	
MYCO000528	445	0	40	
MYCO000529	102	0	40	
MYCO000548	21	0	22	
MYCO000551	93	0	65	
MYCO000553	271	0	31	
MYCO000555	269	0	33	
MYCO000557	35	0	48	
MYCO000558	144	0	21	
MYCO000562	13	0	36	
MYCO000563	62	0	30	
MYCO000564	38	0	44	
MYCO000566	6	0	17	
MYCO000636	7	0	19	
MYCO000639	118	0	19	
MYCO000647	110	0	44	
MYCO000655	19	0	36	
MYCO000667	150	0	195	
MYCO000668	122	0	183	
MYCO000672	124	0	70	
MYCO000684	45	0	64	
MYCO000685	12	0	22	
MYCO000693	264	0	38	
MYCO000696	52	0	44	
MYCO000732	6	0	43	
MYCO000733	7	0	17	
MYCO000734	309	0	18	
MYCO000757	6	0	23	
MYCO000758	75	0	104	
MYCO000772	88	0	43	
MYCO000777	34	0	28	
MYCO000780	11	0	24	
MYCO000782	2752	0	4	
MYCO000788	82	0	17	
MYCO000803	70	0	61	
MYCO000808	51	0	48	
MYCO000809	6	0	25	
MYCO000810	1	0	6	
MYCO000814	545	11	13	
MYCO000815	43	4	32	
MYCO000820	11	0	20	
MYCO000821	18	0	15	
MYCO000823	55	0	41	
MYCO000824	6	0	21	
MYCO000859	47	0	53	
MYCO000860	189	0	69	
MYCO000861	26	0	47	
MYCO000871	9	0	9	
MYCO000876	3	0	51	
MYCO000884	10	0	39	
MYCO000885	41	0	27	
MYCO000886	658	0	50	
MYCO000889	576	0	39	
MYCO000896	40	0	37	
MYCO000902	24	0	16	
MYCO000903	6	0	10	
MYCO000906	729	0	36	
MYCO000926	14	0	54	
MYCO000927	122	0	24	
MYCO000929	259	0	20	
MYCO000946	33	0	53	
MYCO000949	135	0	78	
MYCO000951	23	0	40	
MYCO000952	54	0	30	
MYCO000953	202	0	38	
MYCO000957	295	0	39	
MYCO000981	33	0	22	
MYCO000983	361	0	46	
MYCO000993	91	0	25	
MYCO000994	191	0	42	
MYCO000995	10	0	21	
MYCO001001	27	0	49	
MYCO001002	45	0	47	
MYCO001007	8	0	45	
MYCO001008	168	0	25	
MYCO001009	148	0	27	
MYCO001010	60	0	36	
MYCO001011	20	0	25	
MYCO001013	39	0	43	
MYCO001014	23	0	28	
MYCO001015	20	0	23	
MYCO001017	3	0	23	
MYCO001018	29	0	51	
MYCO001020	326	0	119	
MYCO001022	142	0	23	
MYCO001023	101	0	45	
MYCO001026	197	0	31	
MYCO001070	12	0	19	
MYCO001071	15	0	44	
MYCO001072	2	0	21	
MYCO001077	49	0	48	
MYCO001079	54	0	29	
MYCO001080	159	0	13	
MYCO001082	25	0	23	
MYCO001086	40	0	31	
MYCO001092	78	0	27	
MYCO001094	51	0	16	
MYCO001095	64	0	36	
MYCO001098	52	0	29	
MYCO001099	174	0	33	
MYCO001108	52	0	41	
MYCO001110	11	0	26	
MYCO001112	356	0	34	
MYCO001165	136	0	67	
MYCO001173	169	0	68	
MYCO001177	11	0	6	
MYCO001178	117	0	40	
MYCO001193	279	0	35	
MYCO001201	170	0	29	
MYCO001202	135	0	30	
MYCO001207	196	0	33	
MYCO001208	21	0	27	
MYCO001213	139	0	46	
MYCO001220	167	0	12	
MYCO001221	2	0	24	
MYCO001223	469	0	53	
MYCO001229	82	0	40	
MYCO001238	35	0	26	
MYCO001239	11	0	32	
MYCO001245	67	0	35	
MYCO001248	331	0	99	
MYCO001253	117	0	64	
MYCO001272	223	0	51	
MYCO001273	15	0	60	
MYCO001277	326	0	35	
MYCO001292	28	0	42	
MYCO001293	38	0	37	
MYCO001294	50	0	35	
MYCO001295	43	0	36	
MYCO001297	239	0	47	
MYCO001299	28	0	23	
MYCO001302	10	0	28	
MYCO001305	7	0	7	
MYCO001308	49	0	39	
MYCO001309	9	0	31	
MYCO001310	14	0	29	
MYCO001311	12	0	17	
MYCO001315	17	0	30	
MYCO001321	47	0	28	
MYCO001323	66	0	36	
MYCO001326	33	0	69	
MYCO001327	49	0	47	
MYCO001328	99	0	86	
MYCO001338	88	0	23	
MYCO001340	38	0	19	
MYCO001380	39	0	28	
MYCO001381	305	0	33	
MYCO001383	25	0	30	
MYCO001384	275	0	115	
MYCO001385	463	0	27	
MYCO001388	3	0	20	
MYCO001390	2	0	9	
MYCO001391	509	0	45	
MYCO001392	288	0	52	
MYCO001402	1150	0	44	
MYCO001407	402	0	54	
MYCO001408	91	0	17	
MYCO001410	8	0	40	
MYCO001412	16	0	22	
MYCO001415	13	0	34	
MYCO001416	6	0	18	
MYCO001420	22	0	51	
MYCO001421	17	0	27	
MYCO001436	5	0	28	
MYCO001437	30	0	35	
MYCO001438	10	0	22	
MYCO001440	14	0	11	
MYCO001445	180	0	30	
MYCO001447	337	0	62	
MYCO001448	32	0	37	
MYCO001449	152	0	61	
MYCO001451	64	0	33	
MYCO001457	6	0	23	
MYCO001458	15	0	34	
MYCO001462	37	0	41	
MYCO001463	10	0	22	
MYCO001464	149	0	41	
MYCO001465	8	0	12	
MYCO001466	2	0	8	
MYCO001467	60	1420	46	
MYCO001473	28	0	41	
MYCO001474	91	0	16	
MYCO001475	16	0	61	
MYCO001479	63	0	29	
MYCO001480	91	0	33	
MYCO001481	17	0	33	
MYCO001483	79	0	17	
MYCO001484	23	0	29	
MYCO001485	87	0	23	
MYCO001493	456	0	53	
MYCO001536	91	0	94	
MYCO001540	14	0	35	
MYCO001547	111	0	77	
MYCO001557	478	0	44	
MYCO001559	622	0	49	
MYCO001564	35	0	65	
MYCO001568	177	0	40	
MYCO001569	560	0	23	
MYCO001589	10	0	27	
MYCO001593	4	0	23	
MYCO001594	41	0	30	
MYCO001595	314	0	51	
MYCO001599	257	0	36	
MYCO001600	6	0	38	
MYCO001601	1	0	17	
MYCO001603	8	0	24	
MYCO001605	15	0	24	
MYCO001609	70	0	53	
MYCO001611	47	0	22	
MYCO001612	9	0	40	
MYCO001617	41	0	44	
MYCO001626	16	0	14	
MYCO001627	94	0	27	
MYCO001629	99	0	90	
MYCO001633	382	0	67	
MYCO001638	127	0	86	
MYCO001641	2816	0	0	
MYCO001649	228	0	26	
MYCO001652	162	0	28	
MYCO001653	509	0	24	
MYCO001654	78	0	21	
MYCO001655	319	0	31	
MYCO001656	239	0	22	
MYCO001657	273	0	16	
MYCO001658	90	0	41	
MYCO001659	264	0	38	
MYCO001689	10	0	32	
MYCO001694	102	0	23	
MYCO001695	4	0	28	
MYCO001697	5	0	22	
MYCO001699	15	0	70	
MYCO001701	40	0	21	
MYCO001708	17	0	22	
MYCO001709	4	0	30	
MYCO001711	1	0	31	
MYCO001712	18	0	27	
MYCO001713	124	0	42	
MYCO001821	29	0	72	
MYCO001827	4	0	17	
MYCO001829	30	0	19	
MYCO001830	13	0	40	
MYCO001832	88	0	94	
MYCO001837	71	0	55	
MYCO001842	66	0	48	
MYCO001843	76	0	53	
MYCO001844	41	0	63	
MYCO001854	27	0	47	
MYCO001886	56	0	40	
MYCO001894	118	0	51	
MYCO001981	14	0	16	
MYCO002050	2	0	8	
MYCO002089	217	0	39	
MYCO002090	2749	0	8	
MYCO002092	345	0	81	
MYCO002093	36	0	26	
MYCO002096	19	0	39	
MYCO002097	64	0	30	
MYCO002109	12	0	27	
MYCO002110	32	0	35	
MYCO002111	79	0	9	
MYCO002112	1236	0	40	
MYCO002115	30	0	61	
MYCO002118	10	0	17	
MYCO002119	22	0	38	
MYCO002121	40	0	21	
MYCO002122	2	0	10	
MYCO002125	33	0	22	
MYCO002130	365	0	27	
MYCO002134	18	0	19	
MYCO002139	59	0	32	
MYCO002140	2	0	18	
MYCO002141	61	0	47	
MYCO002145	46	0	23	
MYCO002150	187	0	28	
MYCO002151	194	0	18	
MYCO002153	569	0	48	
MYCO002154	611	0	27	
MYCO002155	471	0	57	
MYCO002156	15	0	37	
MYCO002157	1226	0	38	
MYCO002163	133	0	47	
MYCO002166	13	0	11	
MYCO002170	332	0	22	
MYCO002176	79	0	35	
MYCO002178	15	0	28	
MYCO002179	57	0	13	
MYCO002182	20	0	18	
MYCO002186	2	0	10	
MYCO002187	795	0	42	
MYCO002188	35	0	44	
MYCO002192	82	0	29	
MYCO002193	6	0	15	
MYCO002194	26	0	27	
MYCO002195	13	0	35	
MYCO002196	13	0	47	
MYCO002199	0	0	12	
MYCO002200	21	0	28	
MYCO002201	117	0	47	
MYCO002202	132	0	36	
MYCO002210	61	0	35	
MYCO002211	84	0	43	
MYCO002213	148	0	63	
MYCO002216	23	0	44	
MYCO002217	155	0	27	
MYCO002218	124	0	33	
MYCO002219	85	0	22	
MYCO002220	22	0	38	
MYCO002221	645	0	77	
MYCO002222	32	0	42	
MYCO002225	99	0	37	
MYCO002228	45	0	39	
MYCO002230	185	0	33	
MYCO002235	59	0	32	
MYCO002239	1	0	11	
MYCO002241	368	0	54	
MYCO002242	131	0	31	
MYCO002243	308	0	29	
MYCO002244	4	0	3	
MYCO002245	56	0	33	
MYCO002246	32	0	29	
MYCO002247	122	0	38	
MYCO002257	33	0	32	
MYCO002259	147	0	29	
MYCO002315	494	0	39	
MYCO002343	147	0	55	
MYCO002344	441	0	33	
MYCO002357	10	0	29	
MYCO002361	7	0	19	
MYCO002362	80	0	23	
MYCO002364	6	0	30	
MYCO002366	11	0	43	
MYCO002367	5	0	16	
MYCO002368	33	0	32	
MYCO002373	41	0	33	
MYCO002374	90	0	36	
MYCO002399	40	0	28	
MYCO002400	39	0	38	
MYCO002402	47	0	78	
MYCO002404	24	0	65	
MYCO002409	13	0	26	
MYCO002410	8	0	22	
MYCO002411	77	0	47	
MYCO002413	115	0	26	
MYCO002420	121	0	19	
MYCO002421	1	0	12	
MYCO002425	228	0	33	
MYCO002426	818	0	38	
MYCO002427	245	0	35	
MYCO002439	444	0	26	
MYCO002440	68	0	59	
MYCO002445	15	0	9	
MYCO002447	51	0	50	
MYCO002448	135	0	77	
MYCO002454	18	0	37	
MYCO002455	55	0	39	
MYCO002457	23	0	29	
MYCO002460	3	0	15	
MYCO002461	5	0	13	
MYCO002462	197	0	33	
MYCO002465	41	0	13	
MYCO002466	31	0	23	
MYCO002467	71	0	79	
MYCO002470	8	0	19	
MYCO002477	16	0	38	
MYCO002500	9	0	30	
MYCO002502	36	0	56	
MYCO002509	9	0	33	
MYCO002511	16	0	13	
MYCO002518	339	0	32	
MYCO002521	2	0	14	
MYCO002523	24	0	9	
MYCO002524	819	0	203	
MYCO002533	12	0	16	
MYCO002534	1	0	15	
MYCO002538	151	0	35	
MYCO002540	640	0	37	
MYCO002555	54	0	57	
MYCO002559	253	0	30	
MYCO002568	33	0	39	
MYCO002572	101	0	46	
MYCO002575	55	0	36	
MYCO002580	130	0	33	
MYCO002582	25	0	32	
MYCO002583	83	0	61	
MYCO002587	439	0	51	
MYCO002589	88	0	44	
MYCO002592	126	0	26	
MYCO002593	59	0	20	
MYCO002594	1	0	13	
MYCO002603	7	0	25	
MYCO002606	24	0	23	
MYCO002610	75	0	33	
MYCO002611	57	0	38	
MYCO002612	6	0	24	
MYCO002613	5	0	11	
MYCO002614	51	0	45	
MYCO002670	12	0	32	
MYCO002673	331	727	33	
MYCO002676	18	0	14	
MYCO002678	255	0	33	
MYCO002682	67	0	41	
MYCO002696	84	0	29	
MYCO002697	5	0	14	
MYCO002699	0	0	7	
MYCO002702	10	0	36	
MYCO002703	99	0	40	
MYCO002708	3	0	9	
MYCO002710	54	0	27	
MYCO002711	22	0	23	
MYCO002714	21	0	31	
MYCO002715	389	0	42	
MYCO002720	13	0	31	
MYCO002724	37	0	56	
MYCO002725	81	0	35	
MYCO002726	38	0	26	
MYCO002727	158	0	35	
MYCO002731	318	0	32	
MYCO002733	662	0	41	
MYCO002744	82	0	28	
MYCO002748	264	0	75	
MYCO002750	48	0	33	
MYCO002753	12	0	38	
MYCO002754	20	0	22	
MYCO002764	53	0	33	
MYCO002773	18	0	19	
MYCO002782	216	0	47	
MYCO002783	97	0	53	
MYCO002788	291	0	14	
MYCO002794	16	0	24	
MYCO002795	62	0	32	
MYCO002828	1279	335	38	
MYCO002838	46	0	15	
MYCO002839	1097	0	61	
MYCO002841	18	0	37	
MYCO002846	4	0	44	
MYCO002847	72	0	39	
MYCO002861	13	0	20	
MYCO002864	39	0	36	
MYCO002868	7	0	30	
MYCO002870	64	0	31	
MYCO002882	10	0	24	
MYCO002883	3	0	22	
MYCO002889	55	0	21	
MYCO002894	357	0	22	
MYCO002901	2	0	8	
MYCO002902	159	0	24	
MYCO002915	60	0	42	
MYCO002916	229	0	39	
MYCO002917	448	0	48	
MYCO002918	179	0	80	
MYCO002919	4	0	11	
MYCO002921	98	0	32	
MYCO002927	19	0	22	
MYCO002965	3	0	8	
MYCO002967	181	0	67	
MYCO002976	47	0	26	
MYCO002981	126	0	38	
MYCO002982	14	0	37	
MYCO002984	36	0	42	
MYCO002988	70	0	29	
MYCO002992	94	0	55	
MYCO002993	9	0	26	
MYCO002995	107	0	36	
MYCO002996	184	0	50	
MYCO003001	17	0	28	
MYCO003003	134	0	46	
MYCO003006	89	0	23	
MYCO003009	18	0	38	
MYCO003010	267	0	28	
MYCO003011	523	0	28	
MYCO003014	267	0	58	
MYCO003024	127	0	40	
MYCO003025	81	0	30	
MYCO003027	29	0	32	
MYCO003028	359	0	30	
MYCO003029	16	0	23	
MYCO003031	153	0	46	
MYCO003032	290	0	26	
MYCO003034	11	0	21	
MYCO003038	7	0	27	
MYCO003042	49	0	32	
MYCO003043	9	0	38	
MYCO003045	3	0	31	
MYCO003048	14	0	30	
MYCO003049	74	0	58	
MYCO003051	24	0	40	
MYCO003052	13	0	8	
MYCO003053	2	0	5	
MYCO003054	107	0	26	
MYCO003057	14	0	29	
MYCO003085	164	0	32	
MYCO003100	7	0	17	
MYCO003101	16	0	25	
MYCO003102	2	0	21	
MYCO003105	132	0	36	
MYCO003117	43	4	32	
MYCO003118	545	11	13	
MYCO003139	17	0	48	
MYCO003140	17	0	42	
MYCO003193	55	0	84	
MYCO003194	1	0	27	
MYCO003195	238	0	51	
MYCO003197	26	0	43	
MYCO003198	201	0	55	
MYCO003205	25	0	25	
MYCO003206	15	0	46	
MYCO003207	14	0	24	
MYCO003208	45	0	21	
MYCO003211	218	0	59	
MYCO003213	10	0	28	
MYCO003214	18	0	34	
MYCO003219	3	0	6	
MYCO003220	17	0	37	
MYCO003221	0	0	11	
MYCO003223	1	0	23	
MYCO003228	271	0	34	
MYCO003229	19	0	54	
MYCO003240	314	0	70	
MYCO003241	139	0	23	
MYCO003245	13	0	48	
MYCO003246	10	0	13	
MYCO003248	29	0	47	
MYCO003252	122	0	33	
MYCO003255	75	0	29	
MYCO003257	147	0	32	
MYCO003258	191	0	10	
MYCO003261	11	0	35	
MYCO003262	160	0	35	
MYCO003264	16	0	28	
MYCO003265	72	0	25	
MYCO003267	209	0	33	
MYCO003274	7	0	32	
MYCO003275	85	0	18	
MYCO003276	69	0	34	
MYCO003277	6	0	22	
MYCO003280	25	0	42	
MYCO003285	96	0	43	
MYCO003290	19	0	33	
MYCO003296	850	0	134	
MYCO003302	50	0	41	
MYCO003303	2790	0	2	
MYCO003304	33	0	10	
MYCO003305	59	0	35	
MYCO003306	185	0	44	
MYCO003313	21	0	20	
MYCO003317	10	0	21	
MYCO003318	144	0	42	
MYCO003319	32	0	30	
MYCO003328	218	0	35	
MYCO003329	35	0	55	
MYCO003330	288	0	34	
MYCO003336	13	0	26	
MYCO003340	17	0	38	
MYCO003341	373	0	37	
MYCO003356	14	0	28	
MYCO003392	32	2130	15	
MYCO003396	57	0	43	
MYCO003409	73	0	47	
MYCO003410	506	0	28	
MYCO003411	120	0	45	
MYCO003412	7	0	17	
MYCO003417	9	1599	36	
MYCO003418	0	0	7	
MYCO003419	115	0	28	
MYCO003422	2	0	19	
MYCO003432	27	0	31	
MYCO003433	1000	0	22	
MYCO003436	701	0	47	
MYCO003441	316	0	44	
MYCO003455	137	0	24	
MYCO003457	14	0	37	
MYCO003462	8	0	11	
MYCO003464	8	0	30	
MYCO003490	33	0	53	
MYCO003500	14	0	29	
MYCO003501	14	0	22	
MYCO003504	20	0	36	
MYCO003520	35	0	36	
MYCO003570	8	0	24	
MYCO003571	37	0	28	
MYCO003579	411	0	44	
MYCO003580	63	0	29	
MYCO003583	3	0	14	
MYCO003589	658	0	22	
MYCO003592	6	0	13	
MYCO003596	233	0	67	
MYCO003598	26	0	37	
MYCO003600	29	0	20	
MYCO003601	25	0	13	
MYCO003609	4	0	14	
MYCO003610	286	0	58	
MYCO003624	7	0	24	
MYCO003628	10	0	17	
MYCO003644	155	0	47	
MYCO003646	441	0	91	
MYCO003647	47	0	18	
MYCO003648	5	0	22	
MYCO003668	9	0	20	
MYCO003670	149	0	29	
MYCO003674	6	0	23	
MYCO003676	6	0	18	
MYCO003677	36	0	29	
MYCO003679	17	0	38	
MYCO003680	69	0	35	
MYCO003682	94	0	67	
MYCO003683	58	0	30	
MYCO003684	44	0	20	
MYCO003695	24	0	36	
MYCO003696	125	0	63	
MYCO003705	4	0	24	
MYCO003707	85	0	36	
MYCO003708	93	0	33	
MYCO003709	61	0	34	
MYCO003710	1122	0	35	
MYCO003711	25	0	45	
MYCO003712	369	0	30	
MYCO003713	31	0	20	
MYCO003715	4	0	18	
MYCO003717	3	0	23	
MYCO003718	2	0	10	
MYCO003719	19	0	46	
MYCO003720	91	0	41	
MYCO003721	252	0	52	
MYCO003722	10	0	42	
MYCO003765	324	0	36	
MYCO003774	16	0	38	
MYCO003775	45	0	59	
MYCO003777	161	0	39	
MYCO003778	34	0	42	
MYCO003780	269	0	17	
MYCO003781	5	0	17	
MYCO003782	30	0	32	
MYCO003783	30	0	25	
MYCO003790	15	0	42	
MYCO003791	35	0	35	
MYCO003793	493	0	110	
MYCO003794	159	0	127	
MYCO003795	139	0	197	
MYCO003799	16	0	47	
MYCO003801	27	0	53	
MYCO003802	54	0	33	
MYCO003804	29	0	36	
MYCO003806	9	0	58	
MYCO003808	182	0	50	
MYCO003809	4	0	30	
MYCO003816	213	0	34	
MYCO003834	82	0	35	
MYCO003835	377	0	45	
MYCO003842	78	0	53	
MYCO003847	1057	0	21	
MYCO003849	4	0	13	
MYCO003858	33	0	38	
MYCO003859	297	0	139	
MYCO003907	25	0	64	
MYCO003908	109	0	28	
MYCO003913	51	0	66	
MYCO003915	10	0	62	
MYCO003917	8	0	65	
MYCO003918	9	0	64	
MYCO003920	8	0	31	
MYCO003921	14	0	63	
MYCO013678	1	0	14	
MYCO000002	29	0	70	
MYCO000003	26	0	59	
MYCO000004	9	0	44	
MYCO000007	299	0	83	
MYCO000008	12	0	29	
MYCO000010	9	0	54	
MYCO000012	24	0	58	
MYCO000014	12	0	86	
MYCO000018	159	0	68	
MYCO000020	149	0	97	
MYCO000021	403	0	52	
MYCO000022	28	0	36	
MYCO000023	29	0	47	
MYCO000024	849	0	40	
MYCO000025	293	0	32	
MYCO000026	88	0	75	
MYCO000027	17	0	15	
MYCO000028	8	0	18	
MYCO000029	208	0	69	
MYCO000030	594	0	25	
MYCO000031	23	0	16	
MYCO000032	868	0	85	
MYCO000033	8	0	12	
MYCO000034	6	0	21	
MYCO000035	35	0	105	
MYCO000036	63	0	46	
MYCO000037	38	0	60	
MYCO000039	123	0	16	
MYCO000040	46	0	46	
MYCO000041	270	0	125	
MYCO000042	191	0	54	
MYCO000043	27	0	35	
MYCO000044	354	0	39	
MYCO000045	1250	0	42	
MYCO000048	17	0	49	
MYCO000052	91	11	38	
MYCO000057	13	1666	45	
MYCO000058	49	0	99	
MYCO000059	15	0	35	
MYCO000060	6	0	37	
MYCO000061	636	0	16	
MYCO000062	144	0	60	
MYCO000063	209	0	81	
MYCO000064	1167	0	105	
MYCO000065	6	0	11	
MYCO000067	11	0	25	
MYCO000069	68	0	52	
MYCO000070	16	1614	40	
MYCO000071	765	0	49	
MYCO000072	654	0	36	
MYCO000073	20	1189	41	
MYCO000074	1079	0	51	
MYCO000075	141	0	51	
MYCO000076	7	0	16	
MYCO000077	34	0	37	
MYCO000078	34	0	22	
MYCO000079	49	0	28	
MYCO000080	61	0	33	
MYCO000081	4	0	26	
MYCO000082	723	0	23	
MYCO000083	1026	0	50	
MYCO000084	22	0	40	
MYCO000085	177	0	33	
MYCO000086	234	0	60	
MYCO000087	196	0	56	
MYCO000088	17	0	30	
MYCO000089	27	0	34	
MYCO000090	43	0	45	
MYCO000091	51	0	26	
MYCO000092	151	0	87	
MYCO000093	89	0	45	
MYCO000094	2720	42	29	
MYCO000095	1220	0	134	
MYCO000096	314	0	61	
MYCO000097	6	0	20	
MYCO000098	6	0	20	
MYCO000099	810	0	54	
MYCO000100	4	0	7	
MYCO000101	115	0	255	
MYCO000102	79	0	81	
MYCO000103	129	0	79	
MYCO000104	878	0	57	
MYCO000106	62	0	35	
MYCO000107	2789	0	3	
MYCO000108	11	0	10	
MYCO000109	897	0	55	
MYCO000110	12	0	25	
MYCO000111	96	0	81	
MYCO000112	23	0	50	
MYCO000113	146	0	41	
MYCO000114	132	0	23	
MYCO000115	376	0	48	
MYCO000116	14	0	37	
MYCO000117	14	0	41	
MYCO000118	94	0	77	
MYCO000119	75	0	69	
MYCO000120	72	0	94	
MYCO000121	89	0	24	
MYCO000122	14	0	8	
MYCO000123	6	0	13	
MYCO000124	2743	0	3	
MYCO000125	161	0	40	
MYCO000126	28	0	66	
MYCO000127	23	0	40	
MYCO000128	31	0	26	
MYCO000130	4	0	29	
MYCO000131	17	0	48	
MYCO000132	120	0	32	
MYCO000133	348	0	36	
MYCO000134	934	0	24	
MYCO000135	6	0	18	
MYCO000136	306	0	66	
MYCO000137	336	0	23	
MYCO000138	302	0	19	
MYCO000139	29	0	38	
MYCO000140	7	0	17	
MYCO000141	7	0	20	
MYCO000142	448	0	38	
MYCO000143	183	0	70	
MYCO000144	185	0	31	
MYCO000145	148	0	38	
MYCO000146	497	0	41	
MYCO000147	111	0	69	
MYCO000148	29	0	24	
MYCO000149	522	0	38	
MYCO000150	24	0	16	
MYCO000151	187	0	76	
MYCO000152	63	0	75	
MYCO000153	56	0	33	
MYCO000154	28	0	35	
MYCO000155	77	0	33	
MYCO000156	3	0	15	
MYCO000157	226	0	45	
MYCO000158	11	0	23	
MYCO000159	222	0	62	
MYCO000160	32	0	61	
MYCO000161	92	0	52	
MYCO000162	157	0	47	
MYCO000163	1	0	24	
MYCO000164	8	0	15	
MYCO000165	1393	0	10	
MYCO000166	47	0	63	
MYCO000167	3	1406	25	
MYCO000168	46	0	41	
MYCO000169	83	0	62	
MYCO000170	8	0	31	
MYCO000171	743	0	52	
MYCO000172	139	0	59	
MYCO000173	9	0	44	
MYCO000174	51	0	61	
MYCO000175	39	0	38	
MYCO000176	102	0	45	
MYCO000177	2	0	18	
MYCO000178	13	0	35	
MYCO000179	168	0	43	
MYCO000180	344	0	60	
MYCO000181	6	0	26	
MYCO000182	210	0	61	
MYCO000185	57	0	15	
MYCO000186	155	0	83	
MYCO000187	44	0	33	
MYCO000188	12	0	18	
MYCO000190	0	0	11	
MYCO000191	287	0	45	
MYCO000192	660	0	34	
MYCO000193	30	0	76	
MYCO000194	215	0	146	
MYCO000195	461	0	23	
MYCO000196	38	0	21	
MYCO000197	2815	0	1	
MYCO000199	5	0	21	
MYCO000200	46	0	24	
MYCO000201	213	0	13	
MYCO000202	101	0	104	
MYCO000203	130	0	17	
MYCO000205	374	0	38	
MYCO000206	177	0	82	
MYCO000208	23	0	19	
MYCO000209	215	0	43	
MYCO000210	263	0	36	
MYCO000212	38	0	39	
MYCO000213	20	0	49	
MYCO000214	50	0	68	
MYCO000215	327	0	39	
MYCO000216	40	0	31	
MYCO000217	260	0	32	
MYCO000218	830	0	40	
MYCO000219	3	0	28	
MYCO000220	123	0	44	
MYCO000221	308	0	41	
MYCO000222	72	0	30	
MYCO000224	40	0	20	
MYCO000226	172	0	66	
MYCO000229	10	0	30	
MYCO000230	9	0	50	
MYCO000231	37	0	55	
MYCO000232	19	0	31	
MYCO000233	281	0	26	
MYCO000234	156	0	41	
MYCO000235	49	0	74	
MYCO000239	6	0	10	
MYCO000240	8	0	20	
MYCO000245	16	0	20	
MYCO000246	124	0	48	
MYCO000249	15	0	26	
MYCO000250	5	0	10	
MYCO000251	4	0	30	
MYCO000252	52	0	101	
MYCO000253	18	0	13	
MYCO000254	35	0	14	
MYCO000255	261	0	50	
MYCO000256	781	0	53	
MYCO000257	356	0	22	
MYCO000258	32	0	19	
MYCO000259	6	0	30	
MYCO000260	49	0	45	
MYCO000261	42	0	62	
MYCO000262	11	0	16	
MYCO000263	261	0	29	
MYCO000264	63	0	26	
MYCO000265	14	0	48	
MYCO000266	716	0	112	
MYCO000267	305	0	43	
MYCO000268	29	0	21	
MYCO000269	62	0	43	
MYCO000271	100	0	78	
MYCO000272	54	0	49	
MYCO000273	43	0	29	
MYCO000275	282	0	42	
MYCO000276	133	798	34	
MYCO000277	89	1164	55	
MYCO000278	2812	0	3	
MYCO000279	2663	0	52	
MYCO000280	1224	0	60	
MYCO000281	144	0	35	
MYCO000282	44	0	65	
MYCO000283	250	0	55	
MYCO000284	523	0	129	
MYCO000285	100	0	10	
MYCO000286	830	0	54	
MYCO000287	11	10	9	
MYCO000288	3	0	21	
MYCO000289	65	0	45	
MYCO000290	458	0	66	
MYCO000291	387	0	46	
MYCO000292	29	0	34	
MYCO000293	76	0	45	
MYCO000294	72	0	42	
MYCO000295	13	0	22	
MYCO000296	47	0	40	
MYCO000297	1499	0	80	
MYCO000298	5	0	13	
MYCO000299	6	0	15	
MYCO000300	3	0	10	
MYCO000301	3	0	17	
MYCO000302	48	0	27	
MYCO000303	31	0	44	
MYCO000304	400	0	293	
MYCO000305	2775	0	7	
MYCO000306	11	0	26	
MYCO000307	10	0	20	
MYCO000308	5	0	31	
MYCO000309	24	0	14	
MYCO000310	4	0	14	
MYCO000311	18	0	50	
MYCO000312	244	0	56	
MYCO000313	2	0	19	
MYCO000314	107	0	35	
MYCO000315	686	0	34	
MYCO000316	255	0	24	
MYCO000317	39	0	30	
MYCO000318	23	0	26	
MYCO000319	37	0	30	
MYCO000320	8	0	24	
MYCO000323	307	0	30	
MYCO000324	15	0	28	
MYCO000325	1361	0	3	
MYCO000326	146	0	19	
MYCO000327	170	0	42	
MYCO000328	7	0	17	
MYCO000329	85	0	26	
MYCO000330	21	0	33	
MYCO000331	169	0	57	
MYCO000332	26	0	35	
MYCO000333	3	0	18	
MYCO000335	392	0	16	
MYCO000336	2458	296	19	
MYCO000338	543	0	73	
MYCO000339	423	0	89	
MYCO000340	7	0	24	
MYCO000341	873	0	41	
MYCO000342	87	0	53	
MYCO000343	119	0	61	
MYCO000344	15	0	19	
MYCO000345	6	0	21	
MYCO000346	118	0	39	
MYCO000347	6	11	24	
MYCO000348	5	0	16	
MYCO000349	11	0	24	
MYCO000351	74	0	19	
MYCO000353	4	0	16	
MYCO000354	2814	0	1	
MYCO000355	1708	0	247	
MYCO000356	239	0	31	
MYCO000358	768	0	23	
MYCO000359	45	0	31	
MYCO000361	9	0	28	
MYCO000362	21	0	63	
MYCO000363	30	0	38	
MYCO000364	9	0	29	
MYCO000365	88	0	38	
MYCO000366	47	0	21	
MYCO000367	22	0	14	
MYCO000368	131	0	50	
MYCO000369	10	0	20	
MYCO000370	20	0	47	
MYCO000371	23	0	18	
MYCO000372	70	0	36	
MYCO000373	113	0	95	
MYCO000374	13	0	23	
MYCO000375	295	0	27	
MYCO000376	234	0	46	
MYCO000377	223	0	43	
MYCO000378	396	0	9	
MYCO000379	14	0	13	
MYCO000380	42	0	21	
MYCO000381	39	0	30	
MYCO000382	18	0	10	
MYCO000385	9	0	30	
MYCO000386	252	0	111	
MYCO000387	1019	0	19	
MYCO000388	2813	0	2	
MYCO000389	375	0	43	
MYCO000390	3	0	12	
MYCO000391	54	0	34	
MYCO000392	163	0	59	
MYCO000393	899	0	73	
MYCO000394	31	0	27	
MYCO000395	461	0	13	
MYCO000396	18	0	16	
MYCO000397	442	949	61	
MYCO000398	172	0	22	
MYCO000399	45	0	53	
MYCO000400	70	0	37	
MYCO000401	143	0	13	
MYCO000402	492	0	88	
MYCO000403	645	0	16	
MYCO000404	93	0	95	
MYCO000405	1350	0	124	
MYCO000406	35	0	31	
MYCO000408	21	0	73	
MYCO000409	22	0	40	
MYCO000412	24	0	48	
MYCO000413	86	0	21	
MYCO000416	1	0	8	
MYCO000418	24	0	47	
MYCO000419	54	0	55	
MYCO000420	4	0	27	
MYCO000421	18	0	24	
MYCO000422	15	0	25	
MYCO000424	1	0	11	
MYCO000425	672	0	123	
MYCO000426	51	0	23	
MYCO000427	36	0	37	
MYCO000428	160	0	27	
MYCO000430	45	0	8	
MYCO000431	18	0	13	
MYCO000434	22	0	26	
MYCO000435	200	0	78	
MYCO000436	201	0	30	
MYCO000437	155	0	18	
MYCO000438	51	0	37	
MYCO000441	181	0	17	
MYCO000442	83	0	49	
MYCO000443	97	0	19	
MYCO000444	447	0	31	
MYCO000445	14	0	17	
MYCO000446	631	0	20	
MYCO000447	127	0	49	
MYCO000448	54	0	20	
MYCO000449	49	0	33	
MYCO000450	39	0	87	
MYCO000451	6	0	18	
MYCO000452	4	0	18	
MYCO000453	722	0	30	
MYCO000454	12	0	12	
MYCO000455	3	0	15	
MYCO000456	30	0	39	
MYCO000457	320	0	60	
MYCO000458	219	0	56	
MYCO000459	83	0	33	
MYCO000460	2	0	10	
MYCO000461	33	0	28	
MYCO000463	48	0	9	
MYCO000464	3	0	18	
MYCO000469	56	0	42	
MYCO000470	22	0	19	
MYCO000471	55	0	27	
MYCO000473	23	0	39	
MYCO000474	4	0	16	
MYCO000476	7	0	10	
MYCO000477	39	0	12	
MYCO000478	17	0	24	
MYCO000479	298	0	23	
MYCO000480	90	0	23	
MYCO000481	19	0	18	
MYCO000482	28	0	32	
MYCO000485	58	0	42	
MYCO000487	89	0	27	
MYCO000488	18	0	24	
MYCO000492	381	0	65	
MYCO000493	99	0	44	
MYCO000494	79	0	25	
MYCO000497	357	0	29	
MYCO000499	72	0	27	
MYCO000500	260	0	27	
MYCO000503	4	0	15	
MYCO000504	2	0	11	
MYCO000506	18	0	9	
MYCO000507	231	0	123	
MYCO000508	0	0	8	
MYCO000511	450	0	46	
MYCO000513	38	0	14	
MYCO000514	23	0	20	
MYCO000515	2458	184	19	
MYCO000516	8	0	12	
MYCO000517	67	0	49	
MYCO000518	9	0	23	
MYCO000519	331	0	30	
MYCO000520	31	0	12	
MYCO000521	4	0	14	
MYCO000522	14	0	36	
MYCO000523	154	0	14	
MYCO000525	269	0	33	
MYCO000526	39	0	22	
MYCO000530	228	0	48	
MYCO000531	371	0	15	
MYCO000532	2641	0	8	
MYCO000533	65	0	24	
MYCO000534	109	0	37	
MYCO000535	49	0	31	
MYCO000536	446	0	27	
MYCO000537	221	0	57	
MYCO000538	698	0	91	
MYCO000539	1114	0	18	
MYCO000540	252	0	18	
MYCO000541	104	0	41	
MYCO000542	374	0	31	
MYCO000543	0	0	7	
MYCO000544	262	0	14	
MYCO000545	98	0	41	
MYCO000546	9	0	15	
MYCO000547	175	0	36	
MYCO000549	38	0	19	
MYCO000550	10	0	9	
MYCO000552	590	0	46	
MYCO000554	194	0	27	
MYCO000556	5	0	13	
MYCO000559	55	0	10	
MYCO000560	16	0	26	
MYCO000561	184	0	24	
MYCO000565	111	0	70	
MYCO000567	46	0	36	
MYCO000568	96	0	46	
MYCO000569	7	0	12	
MYCO000570	172	0	76	
MYCO000571	271	0	41	
MYCO000572	12	0	16	
MYCO000573	170	0	55	
MYCO000574	156	0	34	
MYCO000575	195	0	37	
MYCO000576	204	0	43	
MYCO000577	227	0	30	
MYCO000578	2144	0	89	
MYCO000579	147	0	33	
MYCO000580	19	0	18	
MYCO000581	92	0	12	
MYCO000582	12	0	11	
MYCO000583	75	0	25	
MYCO000584	37	0	95	
MYCO000585	91	0	80	
MYCO000586	16	881	31	
MYCO000587	85	0	48	
MYCO000588	125	0	30	
MYCO000589	30	0	48	
MYCO000590	1365	0	17	
MYCO000591	207	0	60	
MYCO000592	502	0	39	
MYCO000593	37	0	45	
MYCO000594	162	0	68	
MYCO000595	20	0	19	
MYCO000596	25	0	7	
MYCO000597	9	0	36	
MYCO000598	12	0	18	
MYCO000599	6	1565	10	
MYCO000600	133	0	19	
MYCO000601	118	0	28	
MYCO000602	349	0	34	
MYCO000603	531	0	9	
MYCO000604	135	0	44	
MYCO000605	21	0	16	
MYCO000606	62	0	27	
MYCO000607	5	0	12	
MYCO000608	1	0	7	
MYCO000609	16	0	18	
MYCO000610	325	0	29	
MYCO000611	7	0	18	
MYCO000612	357	0	17	
MYCO000613	761	0	69	
MYCO000614	107	0	32	
MYCO000615	39	0	8	
MYCO000616	21	0	14	
MYCO000617	10	0	18	
MYCO000618	363	0	20	
MYCO000619	2816	0	0	
MYCO000620	742	0	38	
MYCO000621	367	0	28	
MYCO000622	7	0	34	
MYCO000623	5	0	8	
MYCO000624	8	0	17	
MYCO000625	199	0	28	
MYCO000626	20	0	11	
MYCO000627	23	0	11	
MYCO000628	240	1296	48	
MYCO000629	514	0	58	
MYCO000630	752	0	83	
MYCO000631	779	0	87	
MYCO000632	2	0	23	
MYCO000633	25	0	34	
MYCO000634	4	0	16	
MYCO000635	7	0	20	
MYCO000637	5	0	25	
MYCO000638	45	0	19	
MYCO000642	20	0	35	
MYCO000643	79	0	27	
MYCO000644	3	10	27	
MYCO000645	3	0	26	
MYCO000646	50	0	26	
MYCO000648	966	0	114	
MYCO000649	1082	0	29	
MYCO000650	772	0	24	
MYCO000653	21	0	17	
MYCO000654	292	0	56	
MYCO000656	22	0	19	
MYCO000657	5	0	5	
MYCO000658	17	0	33	
MYCO000659	7	0	17	
MYCO000660	28	0	11	
MYCO000661	39	0	13	
MYCO000662	39	0	9	
MYCO000663	237	0	81	
MYCO000664	3	0	8	
MYCO000665	36	0	12	
MYCO000666	6	0	12	
MYCO000669	274	0	66	
MYCO000670	524	0	17	
MYCO000671	59	0	32	
MYCO000673	376	0	28	
MYCO000674	39	0	15	
MYCO000675	140	0	22	
MYCO000676	12	1245	77	
MYCO000677	3	0	18	
MYCO000678	15	0	16	
MYCO000679	49	0	18	
MYCO000680	7	0	18	
MYCO000681	5	0	28	
MYCO000686	429	0	19	
MYCO000687	37	0	26	
MYCO000688	35	0	35	
MYCO000689	137	0	9	
MYCO000690	38	0	24	
MYCO000691	1	0	28	
MYCO000692	3	0	8	
MYCO000694	138	0	33	
MYCO000695	30	0	23	
MYCO000697	18	0	52	
MYCO000698	506	0	25	
MYCO000699	1	0	8	
MYCO000711	211	0	64	
MYCO000712	10	0	23	
MYCO000713	12	0	40	
MYCO000724	273	0	60	
MYCO000725	41	0	24	
MYCO000726	80	0	38	
MYCO000727	163	0	32	
MYCO000728	84	0	35	
MYCO000729	423	0	46	
MYCO000730	81	0	29	
MYCO000731	247	0	28	
MYCO000735	11	0	24	
MYCO000736	64	0	27	
MYCO000737	14	0	17	
MYCO000738	348	0	22	
MYCO000739	1402	0	12	
MYCO000740	709	0	28	
MYCO000741	18	327	19	
MYCO000742	2816	0	0	
MYCO000743	11	0	19	
MYCO000744	144	0	24	
MYCO000745	390	0	26	
MYCO000746	2550	0	21	
MYCO000747	2559	0	28	
MYCO000748	275	0	16	
MYCO000749	89	1326	39	
MYCO000750	661	1024	22	
MYCO000751	112	0	28	
MYCO000752	78	0	43	
MYCO000753	154	0	52	
MYCO000754	785	0	52	
MYCO000755	357	0	86	
MYCO000756	75	0	25	
MYCO000759	0	0	9	
MYCO000760	92	0	13	
MYCO000761	25	0	27	
MYCO000762	11	0	19	
MYCO000763	5	0	8	
MYCO000764	15	0	40	
MYCO000765	67	0	28	
MYCO000766	697	0	36	
MYCO000767	219	0	24	
MYCO000768	34	0	52	
MYCO000769	8	0	24	
MYCO000770	175	0	24	
MYCO000771	44	0	20	
MYCO000773	59	0	64	
MYCO000774	107	0	38	
MYCO000775	42	0	25	
MYCO000776	126	0	28	
MYCO000778	146	0	37	
MYCO000779	887	0	16	
MYCO000781	2752	0	1	
MYCO000783	21	0	61	
MYCO000784	87	0	25	
MYCO000785	94	0	48	
MYCO000786	114	0	18	
MYCO000787	406	0	37	
MYCO000789	5	0	12	
MYCO000790	19	0	36	
MYCO000791	73	0	42	
MYCO000792	16	0	31	
MYCO000793	9	0	12	
MYCO000794	50	0	44	
MYCO000795	354	2	12	
MYCO000796	2816	0	0	
MYCO000797	2777	0	8	
MYCO000798	18	0	22	
MYCO000799	7	0	25	
MYCO000800	34	0	45	
MYCO000801	3	0	13	
MYCO000802	67	0	34	
MYCO000804	510	0	21	
MYCO000805	6	0	38	
MYCO000806	18	0	40	
MYCO000807	10	0	10	
MYCO000811	180	0	28	
MYCO000812	15	0	25	
MYCO000813	205	0	27	
MYCO000816	6	0	20	
MYCO000817	4	0	30	
MYCO000818	62	0	22	
MYCO000819	49	0	35	
MYCO000822	514	0	58	
MYCO000825	30	0	35	
MYCO000826	170	0	28	
MYCO000827	226	0	20	
MYCO000828	60	0	26	
MYCO000829	83	881	26	
MYCO000830	18	0	35	
MYCO000831	18	0	31	
MYCO000832	660	0	12	
MYCO000833	2253	0	45	
MYCO000834	1711	0	58	
MYCO000835	219	0	40	
MYCO000836	1398	0	13	
MYCO000837	87	0	36	
MYCO000838	32	0	22	
MYCO000839	41	0	17	
MYCO000840	46	0	26	
MYCO000841	33	0	12	
MYCO000842	152	0	48	
MYCO000843	13	0	47	
MYCO000844	67	0	33	
MYCO000845	38	0	47	
MYCO000846	128	0	44	
MYCO000847	361	0	12	
MYCO000848	47	0	44	
MYCO000849	383	0	49	
MYCO000850	16	0	8	
MYCO000851	215	0	21	
MYCO000852	20	0	37	
MYCO000853	105	0	50	
MYCO000854	10	0	19	
MYCO000855	80	0	37	
MYCO000856	4	0	11	
MYCO000857	12	0	14	
MYCO000858	152	0	48	
MYCO000862	243	0	81	
MYCO000863	10	0	7	
MYCO000864	16	0	21	
MYCO000865	19	0	11	
MYCO000866	224	0	17	
MYCO000867	1406	0	58	
MYCO000868	19	0	9	
MYCO000869	212	0	38	
MYCO000870	8	0	18	
MYCO000872	1285	0	59	
MYCO000873	43	0	49	
MYCO000874	241	1309	43	
MYCO000875	20	0	21	
MYCO000877	19	0	26	
MYCO000878	2045	0	35	
MYCO000879	74	0	15	
MYCO000880	42	0	16	
MYCO000881	21	0	32	
MYCO000882	31	0	12	
MYCO000883	91	0	21	
MYCO000887	11	0	11	
MYCO000888	634	0	55	
MYCO000890	117	0	106	
MYCO000891	86	0	25	
MYCO000892	22	0	68	
MYCO000893	27	0	52	
MYCO000894	31	0	52	
MYCO000895	90	0	47	
MYCO000897	593	0	50	
MYCO000898	2	0	8	
MYCO000899	7	0	28	
MYCO000900	10	0	7	
MYCO000901	151	0	25	
MYCO000904	450	0	39	
MYCO000905	23	0	24	
MYCO000907	2814	0	1	
MYCO000908	18	0	75	
MYCO000909	26	0	10	
MYCO000910	14	0	17	
MYCO000911	173	0	28	
MYCO000912	3	0	14	
MYCO000913	88	0	44	
MYCO000914	96	0	57	
MYCO000915	459	0	38	
MYCO000916	11	0	18	
MYCO000917	73	0	48	
MYCO000918	37	0	23	
MYCO000919	3	0	20	
MYCO000920	35	0	51	
MYCO000921	19	0	27	
MYCO000922	96	0	68	
MYCO000923	14	0	48	
MYCO000924	240	0	42	
MYCO000925	41	0	27	
MYCO000928	46	0	24	
MYCO000930	45	0	9	
MYCO000931	119	0	80	
MYCO000932	47	0	56	
MYCO000933	27	0	32	
MYCO000934	348	0	35	
MYCO000935	43	0	41	
MYCO000936	50	0	23	
MYCO000937	4	0	23	
MYCO000938	24	0	78	
MYCO000939	72	0	75	
MYCO000940	8	0	28	
MYCO000941	12	0	32	
MYCO000942	14	0	11	
MYCO000943	37	0	40	
MYCO000944	37	0	24	
MYCO000945	71	0	33	
MYCO000947	11	0	13	
MYCO000948	1	0	12	
MYCO000950	104	0	41	
MYCO000954	69	0	47	
MYCO000955	588	0	35	
MYCO000956	260	0	21	
MYCO000958	367	0	42	
MYCO000959	490	0	69	
MYCO000960	23	0	14	
MYCO000961	24	1737	11	
MYCO000962	144	0	22	
MYCO000963	181	0	34	
MYCO000964	19	0	16	
MYCO000965	8	0	23	
MYCO000966	297	0	20	
MYCO000967	22	0	10	
MYCO000968	23	0	15	
MYCO000969	679	0	71	
MYCO000970	8	0	24	
MYCO000971	309	0	24	
MYCO000972	42	0	53	
MYCO000973	185	0	95	
MYCO000974	120	0	68	
MYCO000975	273	0	36	
MYCO000976	347	0	56	
MYCO000977	1702	0	71	
MYCO000978	2622	0	49	
MYCO000979	14	0	11	
MYCO000980	2710	0	43	
MYCO000982	116	0	38	
MYCO000984	23	0	11	
MYCO000985	11	0	24	
MYCO000986	94	0	35	
MYCO000987	148	0	139	
MYCO000988	75	0	71	
MYCO000989	35	0	59	
MYCO000990	95	0	28	
MYCO000991	4	0	10	
MYCO000992	143	0	26	
MYCO000996	15	0	43	
MYCO000997	1	0	22	
MYCO000998	93	0	27	
MYCO000999	37	0	23	
MYCO001000	32	0	16	
MYCO001003	162	0	34	
MYCO001004	1096	0	47	
MYCO001005	724	0	19	
MYCO001006	54	0	52	
MYCO001012	322	0	11	
MYCO001016	18	0	16	
MYCO001019	2	0	14	
MYCO001021	15	0	28	
MYCO001024	228	0	22	
MYCO001025	43	0	15	
MYCO001027	27	0	27	
MYCO001028	758	0	71	
MYCO001029	32	0	62	
MYCO001030	29	0	78	
MYCO001031	41	0	15	
MYCO001032	59	0	60	
MYCO001033	22	0	22	
MYCO001034	371	0	16	
MYCO001035	445	0	26	
MYCO001036	65	0	15	
MYCO001037	238	1291	116	
MYCO001038	1610	284	87	
MYCO001039	589	0	37	
MYCO001040	299	0	29	
MYCO001041	104	17	36	
MYCO001042	33	2	20	
MYCO001043	18	0	36	
MYCO001044	3	0	14	
MYCO001045	564	0	22	
MYCO001046	2814	0	1	
MYCO001047	2739	21	8	
MYCO001048	11	0	60	
MYCO001049	13	0	22	
MYCO001050	121	0	22	
MYCO001051	20	0	40	
MYCO001052	25	0	15	
MYCO001053	12	0	10	
MYCO001054	5	0	12	
MYCO001055	0	0	5	
MYCO001056	29	86	26	
MYCO001057	17	0	45	
MYCO001058	74	0	45	
MYCO001059	49	0	47	
MYCO001060	20	0	15	
MYCO001061	15	0	29	
MYCO001062	177	0	22	
MYCO001063	51	0	44	
MYCO001064	191	0	19	
MYCO001065	56	0	20	
MYCO001066	319	0	10	
MYCO001067	2796	0	13	
MYCO001068	2726	0	16	
MYCO001069	77	0	71	
MYCO001073	63	0	40	
MYCO001074	65	0	37	
MYCO001075	93	0	48	
MYCO001076	27	0	41	
MYCO001078	688	0	19	
MYCO001081	39	0	16	
MYCO001083	7	0	8	
MYCO001084	993	0	42	
MYCO001085	28	0	24	
MYCO001087	2366	0	62	
MYCO001088	246	0	19	
MYCO001089	2816	0	0	
MYCO001090	32	0	20	
MYCO001091	2582	0	52	
MYCO001093	42	0	42	
MYCO001096	42	0	32	
MYCO001097	16	0	36	
MYCO001100	24	0	26	
MYCO001101	85	0	32	
MYCO001102	15	0	7	
MYCO001103	6	0	7	
MYCO001104	9	0	30	
MYCO001105	22	0	17	
MYCO001106	66	0	23	
MYCO001107	0	0	9	
MYCO001109	11	0	21	
MYCO001111	28	0	32	
MYCO001113	1	0	5	
MYCO001114	5	0	11	
MYCO001115	57	0	38	
MYCO001116	12	0	8	
MYCO001117	3	0	9	
MYCO001118	156	0	29	
MYCO001119	11	0	5	
MYCO001120	11	0	22	
MYCO001121	58	0	52	
MYCO001122	271	0	34	
MYCO001123	33	0	30	
MYCO001124	61	0	32	
MYCO001125	335	0	44	
MYCO001126	12	0	20	
MYCO001127	17	0	45	
MYCO001128	932	0	42	
MYCO001129	18	0	70	
MYCO001130	43	0	54	
MYCO001131	11	0	34	
MYCO001132	482	0	51	
MYCO001133	377	0	53	
MYCO001134	202	0	11	
MYCO001135	858	0	70	
MYCO001136	3	0	13	
MYCO001137	19	0	14	
MYCO001138	40	0	31	
MYCO001139	217	0	27	
MYCO001140	11	0	19	
MYCO001141	27	1435	24	
MYCO001142	27	1605	18	
MYCO001143	42	0	32	
MYCO001144	42	0	22	
MYCO001145	1386	0	13	
MYCO001146	27	0	44	
MYCO001147	21	0	21	
MYCO001148	2721	20	25	
MYCO001149	33	1	20	
MYCO001150	2816	0	0	
MYCO001151	27	0	22	
MYCO001152	18	0	12	
MYCO001153	61	0	34	
MYCO001154	7	0	26	
MYCO001155	23	0	17	
MYCO001156	26	0	21	
MYCO001157	1188	0	25	
MYCO001158	624	0	25	
MYCO001159	13	0	45	
MYCO001160	41	0	17	
MYCO001161	90	0	112	
MYCO001162	37	0	54	
MYCO001163	30	0	14	
MYCO001164	14	0	19	
MYCO001166	123	0	49	
MYCO001167	22	0	15	
MYCO001168	423	0	37	
MYCO001169	7	0	16	
MYCO001170	31	0	30	
MYCO001171	6	0	15	
MYCO001172	385	0	33	
MYCO001174	3	0	16	
MYCO001175	1080	0	67	
MYCO001176	149	0	20	
MYCO001179	530	0	97	
MYCO001180	2810	0	1	
MYCO001181	166	0	148	
MYCO001182	20	0	29	
MYCO001183	29	0	97	
MYCO001184	22	0	35	
MYCO001185	38	0	50	
MYCO001186	230	0	59	
MYCO001187	307	0	45	
MYCO001188	162	0	38	
MYCO001189	53	0	29	
MYCO001190	357	0	29	
MYCO001191	508	0	31	
MYCO001192	294	0	21	
MYCO001194	40	0	49	
MYCO001195	17	0	9	
MYCO001196	1406	200	283	
MYCO001197	1609	304	91	
MYCO001198	238	1313	115	
MYCO001199	2739	22	9	
MYCO001200	206	0	48	
MYCO001203	208	0	21	
MYCO001204	204	0	52	
MYCO001205	51	0	18	
MYCO001206	52	0	45	
MYCO001209	35	0	13	
MYCO001210	15	0	12	
MYCO001211	9	0	5	
MYCO001212	41	0	36	
MYCO001214	103	0	15	
MYCO001215	396	0	71	
MYCO001216	60	0	23	
MYCO001217	467	0	60	
MYCO001218	10	0	45	
MYCO001219	23	0	27	
MYCO001222	6	0	20	
MYCO001224	10	0	24	
MYCO001225	718	0	35	
MYCO001226	387	0	57	
MYCO001227	16	0	16	
MYCO001228	10	0	32	
MYCO001230	243	0	63	
MYCO001231	88	0	22	
MYCO001232	65	0	54	
MYCO001233	123	0	31	
MYCO001234	26	0	19	
MYCO001235	17	0	30	
MYCO001236	33	0	32	
MYCO001237	8	0	22	
MYCO001240	49	0	39	
MYCO001241	29	0	13	
MYCO001242	27	0	17	
MYCO001243	1832	0	36	
MYCO001244	435	0	40	
MYCO001246	3	0	13	
MYCO001247	6	0	6	
MYCO001249	50	0	39	
MYCO001250	354	0	48	
MYCO001251	784	0	76	
MYCO001252	14	0	20	
MYCO001254	276	0	33	
MYCO001255	32	0	29	
MYCO001256	81	0	34	
MYCO001257	33	0	61	
MYCO001258	654	0	40	
MYCO001259	111	0	26	
MYCO001260	280	0	28	
MYCO001261	13	0	16	
MYCO001262	16	0	17	
MYCO001263	266	0	45	
MYCO001264	88	0	48	
MYCO001265	67	0	16	
MYCO001266	623	0	62	
MYCO001267	26	0	38	
MYCO001268	188	0	28	
MYCO001269	561	0	13	
MYCO001270	149	0	26	
MYCO001271	11	0	12	
MYCO001274	292	0	14	
MYCO001275	5	0	22	
MYCO001276	149	0	18	
MYCO001278	568	0	64	
MYCO001279	48	0	43	
MYCO001280	19	0	56	
MYCO001281	62	0	51	
MYCO001282	3	0	22	
MYCO001283	84	0	23	
MYCO001284	5	0	13	
MYCO001285	8	0	40	
MYCO001286	14	0	70	
MYCO001287	6	0	10	
MYCO001288	1135	0	48	
MYCO001289	11	0	30	
MYCO001290	444	617	49	
MYCO001291	9	0	15	
MYCO001296	121	0	29	
MYCO001300	276	0	22	
MYCO001301	11	0	17	
MYCO001303	5	0	12	
MYCO001304	8	0	28	
MYCO001306	10	0	17	
MYCO001307	27	0	48	
MYCO001312	28	0	19	
MYCO001313	1510	27	24	
MYCO001314	37	0	30	
MYCO001316	31	0	22	
MYCO001317	118	0	57	
MYCO001318	135	0	50	
MYCO001319	2124	0	46	
MYCO001320	133	0	68	
MYCO001322	133	0	14	
MYCO001324	292	0	36	
MYCO001325	1809	0	49	
MYCO001329	343	0	59	
MYCO001330	196	0	60	
MYCO001331	13	0	9	
MYCO001332	10	0	21	
MYCO001333	153	0	35	
MYCO001334	83	0	12	
MYCO001335	76	0	12	
MYCO001336	218	0	28	
MYCO001337	4	0	23	
MYCO001339	12	0	25	
MYCO001341	22	0	17	
MYCO001342	9	0	12	
MYCO001343	15	0	18	
MYCO001344	1	0	11	
MYCO001345	36	0	53	
MYCO001346	11	0	25	
MYCO001347	8	0	27	
MYCO001348	193	0	66	
MYCO001349	80	0	46	
MYCO001350	12	0	20	
MYCO001351	12	0	15	
MYCO001352	10	0	21	
MYCO001353	122	0	31	
MYCO001354	157	0	78	
MYCO001355	435	0	94	
MYCO001356	152	0	33	
MYCO001357	23	0	33	
MYCO001358	803	0	89	
MYCO001359	43	0	24	
MYCO001360	86	0	28	
MYCO001361	1364	202	292	
MYCO001362	22	0	19	
MYCO001363	238	0	30	
MYCO001364	226	0	58	
MYCO001365	17	0	15	
MYCO001366	183	0	25	
MYCO001367	197	0	48	
MYCO001368	60	0	32	
MYCO001369	2816	0	0	
MYCO001370	354	2	12	
MYCO001371	669	0	38	
MYCO001372	21	0	48	
MYCO001373	60	0	34	
MYCO001374	4	0	23	
MYCO001375	162	0	46	
MYCO001376	239	0	46	
MYCO001377	8	0	24	
MYCO001378	372	0	51	
MYCO001379	36	0	16	
MYCO001382	86	0	24	
MYCO001386	86	0	16	
MYCO001387	1067	0	46	
MYCO001389	62	0	32	
MYCO001393	83	0	37	
MYCO001394	25	0	46	
MYCO001395	19	0	44	
MYCO001396	1942	0	42	
MYCO001397	13	0	13	
MYCO001398	2	0	11	
MYCO001399	73	0	39	
MYCO001400	96	0	38	
MYCO001401	100	0	26	
MYCO001403	169	0	29	
MYCO001404	7	0	11	
MYCO001405	20	0	33	
MYCO001406	215	0	33	
MYCO001409	363	0	24	
MYCO001411	4	0	26	
MYCO001413	12	0	24	
MYCO001414	10	0	17	
MYCO001417	8	0	22	
MYCO001418	9	0	18	
MYCO001419	8	0	20	
MYCO001422	147	0	23	
MYCO001423	178	0	32	
MYCO001424	36	0	32	
MYCO001425	21	0	38	
MYCO001426	46	0	53	
MYCO001427	131	0	52	
MYCO001428	4	0	33	
MYCO001429	124	0	47	
MYCO001430	329	0	46	
MYCO001431	35	0	86	
MYCO001432	287	0	33	
MYCO001433	8	0	25	
MYCO001434	17	0	4	
MYCO001435	592	0	28	
MYCO001439	4	759	12	
MYCO001441	1548	0	78	
MYCO001442	164	0	99	
MYCO001443	19	0	20	
MYCO001444	24	0	20	
MYCO001446	427	0	42	
MYCO001450	2813	0	3	
MYCO001452	2625	0	60	
MYCO001453	60	0	44	
MYCO001454	26	0	36	
MYCO001455	78	0	32	
MYCO001456	91	0	37	
MYCO001459	253	0	54	
MYCO001460	451	0	21	
MYCO001461	48	0	81	
MYCO001468	1443	0	31	
MYCO001469	233	0	60	
MYCO001470	5	0	9	
MYCO001471	17	0	8	
MYCO001472	33	0	40	
MYCO001476	2	0	18	
MYCO001477	86	0	46	
MYCO001478	41	0	19	
MYCO001482	26	0	30	
MYCO001486	19	0	31	
MYCO001487	6	0	18	
MYCO001488	34	0	26	
MYCO001489	8	0	15	
MYCO001490	29	0	61	
MYCO001491	4	0	30	
MYCO001492	309	0	63	
MYCO001494	5	0	12	
MYCO001495	6	0	15	
MYCO001496	29	0	34	
MYCO001497	97	0	46	
MYCO001498	36	0	35	
MYCO001499	26	0	17	
MYCO001500	53	0	44	
MYCO001501	32	0	30	
MYCO001502	55	0	41	
MYCO001503	2816	0	0	
MYCO001504	751	0	16	
MYCO001505	41	0	38	
MYCO001506	78	0	26	
MYCO001507	72	0	32	
MYCO001508	135	73	67	
MYCO001509	230	0	23	
MYCO001510	11	1517	33	
MYCO001511	54	0	35	
MYCO001512	41	0	37	
MYCO001513	41	0	19	
MYCO001514	28	0	27	
MYCO001515	41	0	31	
MYCO001516	169	0	33	
MYCO001517	26	0	23	
MYCO001518	97	0	39	
MYCO001519	427	0	12	
MYCO001520	446	0	41	
MYCO001521	98	0	50	
MYCO001522	271	0	113	
MYCO001523	66	0	37	
MYCO001524	314	0	40	
MYCO001525	347	0	33	
MYCO001526	285	0	46	
MYCO001527	689	0	204	
MYCO001528	26	0	9	
MYCO001529	46	0	63	
MYCO001530	44	0	47	
MYCO001531	11	0	15	
MYCO001532	53	0	17	
MYCO001533	87	0	23	
MYCO001534	17	0	23	
MYCO001535	5	0	4	
MYCO001537	102	0	52	
MYCO001538	205	0	35	
MYCO001539	22	0	17	
MYCO001541	25	0	16	
MYCO001542	11	10	15	
MYCO001543	12	0	31	
MYCO001544	57	0	31	
MYCO001545	14	0	12	
MYCO001546	48	0	22	
MYCO001548	113	0	81	
MYCO001549	2788	0	2	
MYCO001550	339	0	48	
MYCO001551	664	0	57	
MYCO001552	97	0	72	
MYCO001553	113	0	18	
MYCO001554	7	0	16	
MYCO001555	7	0	14	
MYCO001556	14	0	30	
MYCO001558	16	0	14	
MYCO001560	4	0	7	
MYCO001561	6	0	16	
MYCO001562	294	0	51	
MYCO001563	208	0	68	
MYCO001565	377	0	56	
MYCO001566	113	0	32	
MYCO001567	2	0	20	
MYCO001570	325	0	20	
MYCO001571	280	0	16	
MYCO001572	2017	0	8	
MYCO001573	1839	0	8	
MYCO001574	1925	0	13	
MYCO001575	2812	0	3	
MYCO001576	560	351	101	
MYCO001577	1761	0	11	
MYCO001578	1763	0	16	
MYCO001579	1748	0	13	
MYCO001580	1769	0	8	
MYCO001581	2143	0	5	
MYCO001582	1758	0	28	
MYCO001583	218	473	18	
MYCO001584	1837	0	7	
MYCO001585	1967	0	18	
MYCO001586	1814	0	30	
MYCO001587	2790	0	9	
MYCO001588	2713	3	40	
MYCO001590	10	0	8	
MYCO001591	19	0	35	
MYCO001592	14	0	55	
MYCO001596	13	0	21	
MYCO001597	29	0	25	
MYCO001598	27	0	11	
MYCO001602	8	0	24	
MYCO001604	18	0	29	
MYCO001606	18	0	16	
MYCO001607	44	0	24	
MYCO001608	1	0	11	
MYCO001610	351	0	22	
MYCO001613	7	0	27	
MYCO001614	34	0	43	
MYCO001615	6	0	17	
MYCO001616	10	0	15	
MYCO001618	13	0	23	
MYCO001619	150	0	40	
MYCO001620	444	0	36	
MYCO001621	395	0	37	
MYCO001622	13	0	35	
MYCO001623	8	0	49	
MYCO001624	11	0	26	
MYCO001625	139	0	50	
MYCO001628	42	0	15	
MYCO001631	42	0	44	
MYCO001632	43	0	14	
MYCO001634	44	0	46	
MYCO001635	46	0	53	
MYCO001636	2	0	18	
MYCO001637	168	0	27	
MYCO001639	582	879	46	
MYCO001640	68	0	118	
MYCO001644	214	0	34	
MYCO001645	310	0	33	
MYCO001646	269	0	30	
MYCO001647	721	0	24	
MYCO001648	11	0	28	
MYCO001650	445	0	90	
MYCO001651	1591	0	90	
MYCO001660	451	0	26	
MYCO001661	817	0	182	
MYCO001662	709	0	180	
MYCO001663	97	0	75	
MYCO001664	223	0	108	
MYCO001665	131	0	42	
MYCO001666	108	0	36	
MYCO001667	50	0	23	
MYCO001668	2751	0	3	
MYCO001669	82	0	13	
MYCO001670	25	0	15	
MYCO001671	6	0	20	
MYCO001672	248	0	41	
MYCO001673	217	0	34	
MYCO001674	237	0	17	
MYCO001675	190	0	34	
MYCO001676	12	0	37	
MYCO001677	16	0	23	
MYCO001678	349	0	34	
MYCO001679	36	0	36	
MYCO001680	44	0	34	
MYCO001681	37	0	32	
MYCO001682	233	0	34	
MYCO001683	437	0	71	
MYCO001684	23	0	10	
MYCO001685	17	0	23	
MYCO001686	20	0	25	
MYCO001687	14	0	34	
MYCO001688	85	0	27	
MYCO001690	11	0	13	
MYCO001691	164	0	33	
MYCO001692	314	0	28	
MYCO001693	10	0	10	
MYCO001696	26	0	48	
MYCO001698	270	0	29	
MYCO001700	8	0	27	
MYCO001702	305	0	51	
MYCO001703	8	0	20	
MYCO001704	21	0	69	
MYCO001705	615	0	30	
MYCO001706	217	0	33	
MYCO001707	48	0	46	
MYCO001710	7	0	23	
MYCO001714	356	0	29	
MYCO001715	324	0	38	
MYCO001716	9	0	38	
MYCO001717	595	0	15	
MYCO001718	48	0	46	
MYCO001719	85	0	43	
MYCO001720	47	0	15	
MYCO001721	6	0	5	
MYCO001722	288	0	54	
MYCO001723	156	0	46	
MYCO001724	41	0	12	
MYCO001725	144	0	28	
MYCO001726	183	0	71	
MYCO001727	31	0	23	
MYCO001728	9	0	30	
MYCO001729	23	0	32	
MYCO001730	509	0	66	
MYCO001731	212	0	47	
MYCO001732	161	0	16	
MYCO001733	5	0	29	
MYCO001734	4	0	9	
MYCO001735	19	0	24	
MYCO001736	477	1163	79	
MYCO001737	463	0	30	
MYCO001738	29	0	20	
MYCO001739	160	0	55	
MYCO001740	6	0	8	
MYCO001741	5	875	9	
MYCO001742	86	0	31	
MYCO001743	311	0	46	
MYCO001744	438	0	18	
MYCO001745	26	0	26	
MYCO001746	137	0	54	
MYCO001747	201	0	70	
MYCO001748	15	0	29	
MYCO001749	24	0	26	
MYCO001750	118	0	48	
MYCO001751	75	0	47	
MYCO001752	14	0	19	
MYCO001753	2796	0	15	
MYCO001754	1242	0	36	
MYCO001755	2816	0	0	
MYCO001756	2816	0	0	
MYCO001757	354	2	12	
MYCO001758	1928	0	26	
MYCO001759	2648	0	28	
MYCO001760	1503	0	36	
MYCO001761	1480	0	15	
MYCO001762	1504	0	18	
MYCO001763	354	2	12	
MYCO001764	2816	0	0	
MYCO001765	2811	0	2	
MYCO001766	13	0	8	
MYCO001767	7	0	15	
MYCO001768	1375	0	49	
MYCO001769	183	0	46	
MYCO001770	174	0	51	
MYCO001771	3	0	45	
MYCO001772	12	0	7	
MYCO001773	10	0	31	
MYCO001774	45	0	64	
MYCO001775	749	0	23	
MYCO001776	16	0	26	
MYCO001777	192	0	58	
MYCO001778	321	0	14	
MYCO001779	262	0	77	
MYCO001780	7	0	14	
MYCO001781	306	0	83	
MYCO001782	72	0	38	
MYCO001783	155	0	89	
MYCO001785	16	0	34	
MYCO001786	1	0	8	
MYCO001787	2452	0	26	
MYCO001788	9	8	17	
MYCO001789	283	0	42	
MYCO001790	1217	0	45	
MYCO001791	13	0	11	
MYCO001792	2816	0	0	
MYCO001793	238	1041	88	
MYCO001794	4	0	25	
MYCO001795	307	0	48	
MYCO001796	128	0	66	
MYCO001797	9	0	46	
MYCO001798	20	0	45	
MYCO001799	231	0	7	
MYCO001800	107	0	84	
MYCO001801	768	0	48	
MYCO001802	520	0	48	
MYCO001803	827	0	57	
MYCO001804	18	0	14	
MYCO001805	1	0	18	
MYCO001806	7	0	12	
MYCO001807	2816	0	0	
MYCO001808	195	0	39	
MYCO001809	134	0	39	
MYCO001810	4	0	12	
MYCO001811	18	0	38	
MYCO001812	147	0	38	
MYCO001813	11	0	19	
MYCO001814	133	0	48	
MYCO001815	413	0	39	
MYCO001816	398	781	17	
MYCO001817	317	0	62	
MYCO001818	1864	0	47	
MYCO001819	102	0	44	
MYCO001820	88	0	45	
MYCO001822	14	0	21	
MYCO001823	81	0	38	
MYCO001824	12	0	16	
MYCO001825	12	0	35	
MYCO001826	2	0	11	
MYCO001828	12	0	15	
MYCO001831	30	0	9	
MYCO001833	14	0	30	
MYCO001834	29	0	26	
MYCO001835	142	0	74	
MYCO001836	193	0	70	
MYCO001838	6	0	14	
MYCO001839	2	0	8	
MYCO001840	1353	0	50	
MYCO001841	43	0	40	
MYCO001845	524	0	27	
MYCO001846	23	0	24	
MYCO001847	33	0	26	
MYCO001848	41	0	9	
MYCO001849	3	0	7	
MYCO001850	179	0	64	
MYCO001851	274	0	24	
MYCO001852	57	0	15	
MYCO001853	13	0	24	
MYCO001855	40	0	38	
MYCO001856	391	0	28	
MYCO001857	6	0	28	
MYCO001858	23	0	17	
MYCO001859	57	0	36	
MYCO001860	442	0	35	
MYCO001861	4	0	16	
MYCO001862	22	0	31	
MYCO001863	26	0	28	
MYCO001864	11	0	23	
MYCO001865	8	0	19	
MYCO001866	68	0	77	
MYCO001867	154	0	52	
MYCO001868	221	0	78	
MYCO001869	107	0	26	
MYCO001870	318	0	24	
MYCO001871	110	0	22	
MYCO001872	25	0	59	
MYCO001873	36	0	26	
MYCO001874	22	0	35	
MYCO001875	19	0	24	
MYCO001876	38	0	20	
MYCO001877	139	0	78	
MYCO001878	186	0	47	
MYCO001879	116	0	35	
MYCO001880	38	0	55	
MYCO001881	24	0	19	
MYCO001882	10	0	33	
MYCO001883	18	0	20	
MYCO001884	13	0	18	
MYCO001885	19	0	33	
MYCO001887	146	0	43	
MYCO001888	2369	0	3	
MYCO001889	19	0	11	
MYCO001890	12	0	21	
MYCO001891	8	0	23	
MYCO001892	11	0	10	
MYCO001893	7	0	10	
MYCO001895	810	0	23	
MYCO001896	189	0	48	
MYCO001897	23	0	23	
MYCO001898	11	0	8	
MYCO001899	1049	0	38	
MYCO001900	83	0	61	
MYCO001901	109	0	48	
MYCO001902	82	0	47	
MYCO001903	8	0	22	
MYCO001904	8	0	14	
MYCO001905	34	0	40	
MYCO001906	10	0	17	
MYCO001907	1990	0	27	
MYCO001908	102	0	110	
MYCO001909	7	0	19	
MYCO001910	97	0	26	
MYCO001911	102	0	23	
MYCO001912	851	0	22	
MYCO001913	14	0	30	
MYCO001914	8	0	20	
MYCO001915	1733	0	15	
MYCO001916	42	0	30	
MYCO001917	2806	0	6	
MYCO001918	551	0	113	
MYCO001919	8	0	15	
MYCO001920	13	0	43	
MYCO001921	458	0	43	
MYCO001922	50	0	39	
MYCO001923	58	0	60	
MYCO001924	12	0	17	
MYCO001925	29	0	51	
MYCO001926	12	0	17	
MYCO001927	82	0	34	
MYCO001928	491	0	28	
MYCO001929	552	0	33	
MYCO001930	100	0	22	
MYCO001931	30	0	28	
MYCO001932	29	0	26	
MYCO001933	408	0	39	
MYCO001934	267	0	46	
MYCO001935	26	0	46	
MYCO001936	19	0	44	
MYCO001937	298	0	79	
MYCO001938	46	0	53	
MYCO001939	270	0	26	
MYCO001940	2310	0	10	
MYCO001941	47	0	27	
MYCO001942	4	0	14	
MYCO001943	13	0	16	
MYCO001944	18	0	35	
MYCO001945	2649	31	29	
MYCO001946	28	0	18	
MYCO001947	53	0	15	
MYCO001948	89	0	26	
MYCO001949	2816	0	0	
MYCO001950	8	0	6	
MYCO001951	129	0	9	
MYCO001952	9	0	7	
MYCO001953	7	0	23	
MYCO001954	27	0	22	
MYCO001955	16	0	13	
MYCO001956	28	0	23	
MYCO001957	14	0	20	
MYCO001958	40	0	31	
MYCO001959	2	0	11	
MYCO001960	1	0	9	
MYCO001961	70	0	26	
MYCO001962	6	0	16	
MYCO001963	68	0	34	
MYCO001964	107	0	22	
MYCO001965	112	0	33	
MYCO001966	88	0	43	
MYCO001967	76	0	43	
MYCO001968	906	0	43	
MYCO001969	121	0	49	
MYCO001970	63	0	36	
MYCO001971	256	0	55	
MYCO001972	55	0	26	
MYCO001973	128	0	16	
MYCO001974	46	0	19	
MYCO001975	357	0	29	
MYCO001976	83	0	13	
MYCO001977	352	0	24	
MYCO001978	534	0	29	
MYCO001979	80	0	41	
MYCO001980	22	0	27	
MYCO001982	22	0	22	
MYCO001983	786	0	52	
MYCO001984	134	0	24	
MYCO001985	85	0	28	
MYCO001986	39	0	33	
MYCO001987	26	0	19	
MYCO001988	82	0	22	
MYCO001989	19	0	17	
MYCO001990	1	0	11	
MYCO001991	3	0	11	
MYCO001992	943	0	58	
MYCO001993	562	0	17	
MYCO001994	398	0	13	
MYCO001995	541	0	26	
MYCO001996	524	0	28	
MYCO001997	1250	0	70	
MYCO001998	31	0	31	
MYCO001999	207	0	56	
MYCO002000	64	0	62	
MYCO002001	11	0	33	
MYCO002002	25	0	22	
MYCO002003	61	0	39	
MYCO002004	113	0	48	
MYCO002005	12	0	32	
MYCO002006	146	0	146	
MYCO002007	4	0	7	
MYCO002008	15	0	49	
MYCO002009	3	0	7	
MYCO002010	13	0	12	
MYCO002011	0	0	15	
MYCO002012	6	0	27	
MYCO002013	289	0	19	
MYCO002014	68	0	26	
MYCO002015	784	0	55	
MYCO002016	663	0	17	
MYCO002017	59	0	36	
MYCO002018	73	0	17	
MYCO002019	247	0	13	
MYCO002020	112	0	13	
MYCO002021	68	0	9	
MYCO002022	87	0	33	
MYCO002023	191	0	13	
MYCO002024	2603	0	15	
MYCO002025	55	0	36	
MYCO002026	17	0	36	
MYCO002027	640	0	37	
MYCO002028	124	0	29	
MYCO002029	101	0	41	
MYCO002030	172	0	71	
MYCO002031	8	0	16	
MYCO002032	120	0	35	
MYCO002033	400	0	35	
MYCO002034	142	0	8	
MYCO002035	4	0	23	
MYCO002036	10	0	23	
MYCO002037	34	0	49	
MYCO002038	7	0	30	
MYCO002039	6	0	25	
MYCO002040	10	0	21	
MYCO002041	15	0	45	
MYCO002042	70	0	33	
MYCO002043	130	0	139	
MYCO002044	436	0	12	
MYCO002045	36	0	63	
MYCO002046	113	0	28	
MYCO002047	153	0	68	
MYCO002048	2789	0	16	
MYCO002049	16	0	7	
MYCO002051	184	0	74	
MYCO002052	428	0	58	
MYCO002053	15	0	28	
MYCO002054	22	0	29	
MYCO002059	168	0	74	
MYCO002060	131	0	18	
MYCO002061	21	0	18	
MYCO002062	579	0	111	
MYCO002063	2	0	9	
MYCO002064	440	0	32	
MYCO002065	466	0	23	
MYCO002066	353	0	64	
MYCO002067	36	0	35	
MYCO002068	10	0	32	
MYCO002069	69	0	19	
MYCO002070	1085	0	23	
MYCO002071	39	0	48	
MYCO002072	178	0	40	
MYCO002073	146	0	26	
MYCO002074	68	0	11	
MYCO002075	160	0	54	
MYCO002076	2	0	7	
MYCO002077	60	0	37	
MYCO002078	4	0	18	
MYCO002079	661	0	52	
MYCO002080	17	0	25	
MYCO002081	1651	0	21	
MYCO002082	1346	0	88	
MYCO002083	199	0	39	
MYCO002084	1408	0	14	
MYCO002085	18	0	12	
MYCO002086	10	0	22	
MYCO002087	11	0	10	
MYCO002088	900	0	43	
MYCO002091	36	0	29	
MYCO002094	1	0	11	
MYCO002095	348	0	33	
MYCO002098	2816	0	0	
MYCO002099	2816	0	0	
MYCO002100	591	0	54	
MYCO002101	564	0	96	
MYCO002102	148	0	23	
MYCO002103	37	0	18	
MYCO002104	3	0	10	
MYCO002105	354	2	12	
MYCO002106	2816	0	0	
MYCO002107	44	0	15	
MYCO002108	91	0	25	
MYCO002113	61	0	42	
MYCO002114	37	0	21	
MYCO002116	36	0	20	
MYCO002117	34	0	7	
MYCO002120	235	0	20	
MYCO002123	1698	0	30	
MYCO002124	210	0	107	
MYCO002126	1362	0	23	
MYCO002127	116	0	60	
MYCO002128	3	0	9	
MYCO002129	46	0	33	
MYCO002131	33	0	31	
MYCO002132	28	0	8	
MYCO002133	36	0	20	
MYCO002135	416	0	20	
MYCO002136	46	0	25	
MYCO002137	19	0	15	
MYCO002138	51	0	37	
MYCO002142	6	0	13	
MYCO002143	62	0	38	
MYCO002144	31	0	13	
MYCO002146	2	0	10	
MYCO002147	492	0	24	
MYCO002148	490	0	22	
MYCO002149	46	0	13	
MYCO002152	243	0	49	
MYCO002158	812	0	59	
MYCO002159	543	0	43	
MYCO002160	1506	0	9	
MYCO002161	388	803	38	
MYCO002162	2055	0	47	
MYCO002164	283	0	45	
MYCO002165	21	0	45	
MYCO002167	2816	0	0	
MYCO002168	354	2	12	
MYCO002169	17	0	16	
MYCO002171	11	0	30	
MYCO002172	13	0	30	
MYCO002173	140	0	33	
MYCO002174	47	0	44	
MYCO002175	4	0	20	
MYCO002177	1456	83	24	
MYCO002180	510	0	29	
MYCO002181	29	0	41	
MYCO002183	2	0	8	
MYCO002184	13	0	33	
MYCO002185	2	0	12	
MYCO002189	328	0	29	
MYCO002190	426	0	34	
MYCO002191	262	0	58	
MYCO002197	76	0	20	
MYCO002198	364	0	41	
MYCO002203	132	0	26	
MYCO002204	3	0	12	
MYCO002205	344	0	40	
MYCO002206	14	0	27	
MYCO002207	508	0	23	
MYCO002208	200	0	31	
MYCO002209	192	0	51	
MYCO002212	33	0	50	
MYCO002214	51	0	58	
MYCO002215	422	0	53	
MYCO002223	148	0	52	
MYCO002224	31	0	49	
MYCO002226	372	0	49	
MYCO002227	344	0	17	
MYCO002229	18	0	18	
MYCO002231	76	0	29	
MYCO002232	125	0	26	
MYCO002234	11	0	22	
MYCO002236	505	0	27	
MYCO002237	2	0	28	
MYCO002238	4	0	5	
MYCO002240	22	0	20	
MYCO002248	81	0	20	
MYCO002249	368	0	50	
MYCO002250	12	0	14	
MYCO002251	2814	0	1	
MYCO002252	12	0	36	
MYCO002253	23	0	21	
MYCO002254	18	0	23	
MYCO002255	15	0	13	
MYCO002256	2	0	11	
MYCO002258	273	0	39	
MYCO002260	9	0	23	
MYCO002261	24	0	17	
MYCO002262	2788	0	2	
MYCO002263	600	0	31	
MYCO002264	1336	0	41	
MYCO002265	301	0	38	
MYCO002266	17	0	50	
MYCO002267	40	0	45	
MYCO002268	159	0	56	
MYCO002269	14	0	17	
MYCO002270	113	0	27	
MYCO002271	102	0	8	
MYCO002272	104	0	11	
MYCO002273	114	0	15	
MYCO002274	119	0	21	
MYCO002275	347	0	29	
MYCO002276	121	0	42	
MYCO002277	120	2615	34	
MYCO002278	354	2	12	
MYCO002279	2816	0	0	
MYCO002280	193	0	45	
MYCO002281	25	0	54	
MYCO002282	371	922	28	
MYCO002283	16	0	10	
MYCO002284	134	0	31	
MYCO002285	259	0	43	
MYCO002286	300	742	26	
MYCO002287	75	0	47	
MYCO002288	8	0	21	
MYCO002289	66	0	29	
MYCO002290	25	0	27	
MYCO002291	33	0	28	
MYCO002292	15	0	7	
MYCO002293	1366	0	16	
MYCO002294	26	0	49	
MYCO002295	12	0	21	
MYCO002296	73	0	28	
MYCO002297	8	0	18	
MYCO002298	16	0	34	
MYCO002299	44	0	55	
MYCO002300	54	0	38	
MYCO002301	42	0	33	
MYCO002302	4	0	11	
MYCO002303	15	0	41	
MYCO002304	6	0	9	
MYCO002305	220	0	56	
MYCO002307	206	0	37	
MYCO002308	95	0	32	
MYCO002309	11	0	17	
MYCO002310	60	0	21	
MYCO002311	29	0	22	
MYCO002312	2	0	6	
MYCO002313	41	0	30	
MYCO002314	94	0	41	
MYCO002316	10	0	27	
MYCO002317	7	0	18	
MYCO002318	566	0	37	
MYCO002319	1088	0	27	
MYCO002320	34	0	49	
MYCO002321	6	0	22	
MYCO002322	10	0	24	
MYCO002323	18	0	41	
MYCO002324	6	0	24	
MYCO002325	171	0	26	
MYCO002326	259	0	58	
MYCO002327	51	0	13	
MYCO002328	29	0	38	
MYCO002329	168	0	61	
MYCO002330	11	0	24	
MYCO002331	4	0	16	
MYCO002332	31	0	52	
MYCO002333	420	0	36	
MYCO002334	61	0	31	
MYCO002335	87	0	29	
MYCO002336	173	0	37	
MYCO002337	96	0	39	
MYCO002338	307	0	41	
MYCO002339	731	0	87	
MYCO002340	338	0	40	
MYCO002341	55	0	19	
MYCO002342	15	0	15	
MYCO002345	249	0	65	
MYCO002346	238	1218	103	
MYCO002347	1610	294	90	
MYCO002348	24	0	13	
MYCO002349	294	0	51	
MYCO002350	349	1039	41	
MYCO002351	351	1050	40	
MYCO002352	658	14	41	
MYCO002353	2754	0	4	
MYCO002354	354	2	12	
MYCO002355	2816	0	0	
MYCO002356	2102	0	36	
MYCO002358	5	0	11	
MYCO002359	2	0	31	
MYCO002360	10	0	19	
MYCO002363	755	0	24	
MYCO002365	296	0	10	
MYCO002369	28	0	14	
MYCO002370	26	0	55	
MYCO002371	115	0	5	
MYCO002372	94	0	27	
MYCO002375	5	0	8	
MYCO002376	51	0	26	
MYCO002377	14	0	7	
MYCO002378	55	0	34	
MYCO002379	244	0	97	
MYCO002380	499	0	142	
MYCO002381	210	0	86	
MYCO002382	111	0	42	
MYCO002383	446	345	115	
MYCO002384	234	0	36	
MYCO002385	56	0	42	
MYCO002386	101	0	42	
MYCO002387	14	0	39	
MYCO002388	85	0	38	
MYCO002389	8	0	16	
MYCO002390	39	0	16	
MYCO002391	9	0	44	
MYCO002392	61	0	22	
MYCO002393	100	1727	26	
MYCO002394	93	0	74	
MYCO002395	249	0	56	
MYCO002396	1586	0	34	
MYCO002397	71	0	36	
MYCO002398	2	0	30	
MYCO002401	3	0	13	
MYCO002403	49	0	18	
MYCO002405	21	0	27	
MYCO002406	87	0	14	
MYCO002407	141	0	39	
MYCO002408	193	0	20	
MYCO002414	220	0	56	
MYCO002415	63	0	30	
MYCO002416	73	0	43	
MYCO002417	517	0	22	
MYCO002418	129	0	30	
MYCO002419	78	0	25	
MYCO002422	12	0	10	
MYCO002423	19	0	40	
MYCO002424	2707	0	15	
MYCO002428	54	0	30	
MYCO002429	12	0	18	
MYCO002430	20	0	21	
MYCO002431	10	1017	12	
MYCO002432	27	0	17	
MYCO002433	7	0	12	
MYCO002434	530	0	48	
MYCO002435	89	0	74	
MYCO002436	192	0	33	
MYCO002437	633	0	11	
MYCO002438	54	0	49	
MYCO002443	27	0	56	
MYCO002444	248	0	87	
MYCO002446	7	0	13	
MYCO002449	311	0	44	
MYCO002450	203	0	30	
MYCO002451	31	0	13	
MYCO002452	0	0	10	
MYCO002453	24	0	25	
MYCO002456	40	0	35	
MYCO002458	24	0	25	
MYCO002459	34	0	42	
MYCO002463	9	0	27	
MYCO002464	73	0	40	
MYCO002468	25	0	20	
MYCO002469	33	0	32	
MYCO002471	45	0	69	
MYCO002472	4	0	10	
MYCO002473	59	0	26	
MYCO002474	111	0	28	
MYCO002475	3	0	14	
MYCO002476	618	0	116	
MYCO002478	222	0	19	
MYCO002479	2816	0	0	
MYCO002480	354	2	12	
MYCO002481	128	0	17	
MYCO002482	128	0	82	
MYCO002483	43	0	52	
MYCO002484	27	0	63	
MYCO002485	75	0	56	
MYCO002486	134	0	22	
MYCO002487	1651	0	69	
MYCO002488	582	0	104	
MYCO002489	59	0	11	
MYCO002490	2721	0	19	
MYCO002491	68	0	26	
MYCO002492	67	0	43	
MYCO002493	8	0	9	
MYCO002494	7	0	15	
MYCO002495	114	0	46	
MYCO002496	22	0	32	
MYCO002497	35	0	29	
MYCO002498	36	0	30	
MYCO002499	8	0	22	
MYCO002501	268	0	80	
MYCO002503	20	0	27	
MYCO002504	22	0	32	
MYCO002505	96	0	64	
MYCO002506	30	0	16	
MYCO002507	169	0	30	
MYCO002508	61	0	48	
MYCO002510	95	0	64	
MYCO002512	2739	22	9	
MYCO002513	13	0	17	
MYCO002514	30	0	18	
MYCO002515	18	0	45	
MYCO002516	10	0	20	
MYCO002517	28	0	7	
MYCO002519	374	0	63	
MYCO002520	1	0	13	
MYCO002522	263	0	58	
MYCO002525	160	0	22	
MYCO002526	811	0	4	
MYCO002527	19	0	19	
MYCO002528	15	0	36	
MYCO002529	256	0	54	
MYCO002530	7	0	18	
MYCO002531	68	0	97	
MYCO002532	18	0	18	
MYCO002535	166	0	27	
MYCO002536	14	0	23	
MYCO002537	8	0	12	
MYCO002539	303	0	11	
MYCO002541	1174	0	11	
MYCO002542	321	0	56	
MYCO002543	1008	781	37	
MYCO002544	1009	811	50	
MYCO002545	626	0	13	
MYCO002546	4	0	16	
MYCO002547	10	0	18	
MYCO002548	18	0	18	
MYCO002549	47	0	13	
MYCO002550	1	0	12	
MYCO002551	188	0	13	
MYCO002552	191	0	34	
MYCO002553	93	0	42	
MYCO002554	80	0	11	
MYCO002556	4	0	11	
MYCO002557	15	0	27	
MYCO002558	24	0	18	
MYCO002560	79	0	37	
MYCO002561	2774	0	6	
MYCO002562	3	0	28	
MYCO002563	56	0	43	
MYCO002564	22	1028	35	
MYCO002565	68	0	59	
MYCO002566	769	0	93	
MYCO002567	85	0	72	
MYCO002569	28	0	25	
MYCO002570	375	0	20	
MYCO002571	88	0	46	
MYCO002573	71	0	37	
MYCO002574	24	0	21	
MYCO002576	41	0	23	
MYCO002577	31	0	47	
MYCO002578	85	0	35	
MYCO002579	50	0	29	
MYCO002581	3	0	17	
MYCO002584	32	0	26	
MYCO002585	153	0	58	
MYCO002586	382	0	44	
MYCO002588	2	0	15	
MYCO002590	125	0	109	
MYCO002591	1311	0	65	
MYCO002595	21	0	9	
MYCO002596	7	0	22	
MYCO002597	30	0	23	
MYCO002598	30	0	16	
MYCO002599	164	0	22	
MYCO002600	30	0	13	
MYCO002601	244	0	42	
MYCO002602	6	0	12	
MYCO002604	38	0	22	
MYCO002605	57	0	28	
MYCO002607	9	0	24	
MYCO002608	480	0	41	
MYCO002609	157	0	28	
MYCO002615	2635	0	56	
MYCO002616	31	0	19	
MYCO002617	1	0	11	
MYCO002618	165	0	21	
MYCO002619	4	0	11	
MYCO002620	7	0	12	
MYCO002621	220	0	29	
MYCO002622	37	0	27	
MYCO002623	87	0	29	
MYCO002624	146	0	34	
MYCO002625	29	0	37	
MYCO002626	6	0	15	
MYCO002627	42	0	51	
MYCO002628	45	0	27	
MYCO002629	263	0	28	
MYCO002630	10	0	26	
MYCO002631	57	0	51	
MYCO002632	3	0	7	
MYCO002633	7	0	31	
MYCO002634	1569	0	53	
MYCO002635	7	0	13	
MYCO002636	27	0	27	
MYCO002637	146	891	23	
MYCO002638	50	0	20	
MYCO002639	25	0	10	
MYCO002640	30	0	17	
MYCO002641	6	0	14	
MYCO002642	13	0	17	
MYCO002643	139	0	69	
MYCO002644	25	0	14	
MYCO002645	687	0	11	
MYCO002646	474	0	35	
MYCO002647	320	0	10	
MYCO002648	354	2	12	
MYCO002649	2816	0	0	
MYCO002650	560	309	92	
MYCO002651	115	546	31	
MYCO002652	322	0	36	
MYCO002653	272	0	21	
MYCO002654	1465	0	9	
MYCO002655	820	0	39	
MYCO002656	218	442	18	
MYCO002657	319	0	15	
MYCO002658	254	0	10	
MYCO002659	271	0	28	
MYCO002660	6	0	12	
MYCO002661	13	0	13	
MYCO002662	6	0	11	
MYCO002663	0	0	12	
MYCO002664	15	0	11	
MYCO002665	166	0	15	
MYCO002666	2750	0	9	
MYCO002667	28	0	11	
MYCO002668	260	0	18	
MYCO002669	14	0	17	
MYCO002671	47	0	19	
MYCO002672	173	0	51	
MYCO002674	1	0	12	
MYCO002675	10	0	37	
MYCO002677	825	0	29	
MYCO002679	74	0	29	
MYCO002680	306	0	25	
MYCO002681	372	0	31	
MYCO002683	7	0	21	
MYCO002684	18	219	47	
MYCO002685	192	0	41	
MYCO002686	21	0	23	
MYCO002687	30	0	30	
MYCO002688	55	0	39	
MYCO002689	87	0	33	
MYCO002690	67	0	40	
MYCO002691	8	0	23	
MYCO002692	20	0	19	
MYCO002693	11	0	17	
MYCO002694	4	0	26	
MYCO002695	264	0	21	
MYCO002698	5	0	15	
MYCO002700	1736	0	15	
MYCO002701	22	0	36	
MYCO002704	11	0	11	
MYCO002705	8	0	13	
MYCO002706	56	0	11	
MYCO002707	19	0	31	
MYCO002709	257	0	28	
MYCO002712	169	0	42	
MYCO002713	54	0	60	
MYCO002716	7	0	23	
MYCO002717	104	0	15	
MYCO002718	11	0	13	
MYCO002719	252	0	29	
MYCO002721	618	0	63	
MYCO002722	3	0	12	
MYCO002723	24	0	43	
MYCO002728	48	0	24	
MYCO002729	29	0	32	
MYCO002730	6	0	19	
MYCO002732	51	0	31	
MYCO002734	16	0	29	
MYCO002735	421	0	35	
MYCO002736	91	0	19	
MYCO002737	11	0	61	
MYCO002738	202	0	9	
MYCO002739	770	0	20	
MYCO002740	8	0	24	
MYCO002741	1877	0	50	
MYCO002742	122	0	24	
MYCO002743	223	0	26	
MYCO002745	4	0	18	
MYCO002746	104	0	19	
MYCO002747	18	0	15	
MYCO002749	17	0	11	
MYCO002751	20	0	27	
MYCO002752	56	0	88	
MYCO002755	7	0	8	
MYCO002756	27	0	64	
MYCO002757	29	0	18	
MYCO002758	4	0	12	
MYCO002759	24	0	15	
MYCO002760	68	0	11	
MYCO002761	19	0	43	
MYCO002762	180	0	26	
MYCO002763	18	0	11	
MYCO002765	161	0	28	
MYCO002766	37	0	25	
MYCO002767	12	0	14	
MYCO002768	259	0	49	
MYCO002769	475	0	37	
MYCO002770	113	0	42	
MYCO002771	23	0	16	
MYCO002772	29	0	18	
MYCO002774	525	0	9	
MYCO002775	65	0	19	
MYCO002776	18	0	32	
MYCO002777	277	0	30	
MYCO002778	12	0	19	
MYCO002779	28	0	27	
MYCO002780	95	0	33	
MYCO002781	438	0	38	
MYCO002784	5	0	16	
MYCO002786	4	0	31	
MYCO002787	161	0	74	
MYCO002789	35	0	36	
MYCO002790	200	0	40	
MYCO002791	60	1387	47	
MYCO002792	61	0	26	
MYCO002793	286	0	26	
MYCO002796	30	0	29	
MYCO002797	149	0	38	
MYCO002798	4	0	12	
MYCO002799	59	0	31	
MYCO002800	528	0	52	
MYCO002801	27	0	10	
MYCO002802	560	0	39	
MYCO002803	30	0	17	
MYCO002804	57	0	29	
MYCO002805	36	0	16	
MYCO002806	19	0	6	
MYCO002807	768	0	37	
MYCO002808	144	0	7	
MYCO002809	34	0	11	
MYCO002810	2816	0	0	
MYCO002811	506	0	19	
MYCO002812	354	0	49	
MYCO002813	263	0	28	
MYCO002814	2816	0	0	
MYCO002815	354	2	12	
MYCO002816	663	0	10	
MYCO002817	709	0	28	
MYCO002818	781	0	18	
MYCO002819	700	0	30	
MYCO002820	651	0	30	
MYCO002821	30	0	19	
MYCO002822	11	0	14	
MYCO002823	48	0	78	
MYCO002824	16	0	36	
MYCO002825	2169	0	25	
MYCO002826	37	0	26	
MYCO002827	13	0	19	
MYCO002829	82	0	17	
MYCO002830	4	0	11	
MYCO002831	112	0	27	
MYCO002832	93	0	46	
MYCO002833	165	0	48	
MYCO002834	21	0	30	
MYCO002835	16	0	41	
MYCO002836	161	0	52	
MYCO002837	68	0	20	
MYCO002840	3	0	15	
MYCO002842	1	0	16	
MYCO002843	114	0	10	
MYCO002844	14	0	17	
MYCO002845	134	0	43	
MYCO002848	697	0	36	
MYCO002849	25	0	31	
MYCO002850	868	0	65	
MYCO002851	9	0	19	
MYCO002852	76	0	55	
MYCO002853	1226	0	72	
MYCO002854	25	0	37	
MYCO002855	135	0	39	
MYCO002856	18	0	28	
MYCO002857	8	0	21	
MYCO002858	280	0	53	
MYCO002859	916	0	43	
MYCO002860	21	0	46	
MYCO002862	9	0	17	
MYCO002863	5	0	14	
MYCO002865	2	0	7	
MYCO002866	5	0	6	
MYCO002867	344	0	31	
MYCO002869	13	0	43	
MYCO002871	511	0	9	
MYCO002872	47	0	18	
MYCO002873	5	0	13	
MYCO002874	138	0	73	
MYCO002875	88	0	18	
MYCO002876	1	0	25	
MYCO002877	82	0	30	
MYCO002878	8	0	17	
MYCO002879	2816	0	0	
MYCO002880	2612	0	6	
MYCO002881	6	0	23	
MYCO002884	67	0	25	
MYCO002885	119	474	55	
MYCO002886	66	0	32	
MYCO002887	16	0	17	
MYCO002888	252	0	44	
MYCO002891	504	0	24	
MYCO002892	159	0	43	
MYCO002893	37	0	44	
MYCO002895	118	0	35	
MYCO002896	219	0	45	
MYCO002897	171	0	63	
MYCO002898	7	0	15	
MYCO002899	6	0	22	
MYCO002900	29	0	65	
MYCO002903	38	0	31	
MYCO002905	25	0	41	
MYCO002906	6	0	13	
MYCO002907	66	0	15	
MYCO002908	25	0	5	
MYCO002910	4	0	23	
MYCO002911	69	0	24	
MYCO002912	14	0	16	
MYCO002913	63	0	78	
MYCO002914	181	0	48	
MYCO002920	68	0	59	
MYCO002922	520	0	74	
MYCO002923	37	0	15	
MYCO002924	41	0	29	
MYCO002925	17	0	22	
MYCO002926	4	0	26	
MYCO002928	9	0	25	
MYCO002929	16	0	14	
MYCO002930	23	0	42	
MYCO002931	2526	0	66	
MYCO002932	793	0	112	
MYCO002933	722	0	111	
MYCO002934	813	0	119	
MYCO002935	410	0	107	
MYCO002936	20	0	31	
MYCO002937	8	0	20	
MYCO002938	5	0	20	
MYCO002939	14	1333	29	
MYCO002940	161	0	174	
MYCO002941	18	0	56	
MYCO002942	72	0	85	
MYCO002943	108	0	37	
MYCO002944	21	0	30	
MYCO002945	1	0	21	
MYCO002946	525	0	134	
MYCO002947	1421	0	22	
MYCO002948	57	0	77	
MYCO002949	64	0	33	
MYCO002950	109	0	57	
MYCO002951	77	0	35	
MYCO002952	11	0	27	
MYCO002953	38	0	40	
MYCO002954	24	0	30	
MYCO002955	107	0	45	
MYCO002956	18	0	34	
MYCO002957	37	0	33	
MYCO002958	122	0	45	
MYCO002959	377	0	28	
MYCO002960	14	0	15	
MYCO002961	10	0	9	
MYCO002962	313	0	39	
MYCO002963	358	0	32	
MYCO002964	43	0	32	
MYCO002966	97	0	10	
MYCO002968	13	0	14	
MYCO002969	22	0	21	
MYCO002970	47	0	33	
MYCO002971	60	0	28	
MYCO002972	12	0	29	
MYCO002973	121	0	44	
MYCO002974	343	0	53	
MYCO002975	1363	0	6	
MYCO002977	168	0	21	
MYCO002978	59	1204	44	
MYCO002979	13	0	23	
MYCO002980	257	0	20	
MYCO002983	330	0	26	
MYCO002985	41	0	41	
MYCO002986	40	0	20	
MYCO002987	12	0	15	
MYCO002989	281	0	24	
MYCO002990	20	0	27	
MYCO002991	21	0	17	
MYCO002994	300	0	38	
MYCO002997	259	0	41	
MYCO002998	5	0	15	
MYCO002999	25	0	37	
MYCO003000	23	0	22	
MYCO003002	2	0	12	
MYCO003004	15	0	10	
MYCO003005	22	0	20	
MYCO003007	246	0	17	
MYCO003008	24	0	24	
MYCO003012	7	0	9	
MYCO003013	234	0	15	
MYCO003015	161	0	38	
MYCO003016	22	0	19	
MYCO003017	293	0	16	
MYCO003018	2155	0	26	
MYCO003019	1	45	20	
MYCO003020	11	10	17	
MYCO003021	2804	0	5	
MYCO003022	2816	0	0	
MYCO003023	2739	21	8	
MYCO003026	42	0	39	
MYCO003030	83	0	18	
MYCO003033	7	0	17	
MYCO003035	136	0	25	
MYCO003036	11	0	25	
MYCO003037	172	0	45	
MYCO003039	78	0	26	
MYCO003040	147	0	23	
MYCO003041	10	0	22	
MYCO003044	198	0	44	
MYCO003046	11	0	15	
MYCO003047	79	0	15	
MYCO003050	15	0	27	
MYCO003055	15	879	16	
MYCO003056	25	0	44	
MYCO003058	4	0	17	
MYCO003059	33	0	37	
MYCO003060	489	0	68	
MYCO003061	303	0	64	
MYCO003062	791	0	48	
MYCO003063	111	0	90	
MYCO003064	52	0	17	
MYCO003065	94	0	9	
MYCO003066	131	0	24	
MYCO003067	12	0	21	
MYCO003068	44	0	46	
MYCO003069	1	0	13	
MYCO003070	4	0	10	
MYCO003071	86	0	44	
MYCO003072	10	0	21	
MYCO003073	6	0	22	
MYCO003074	862	977	38	
MYCO003075	12	0	24	
MYCO003076	8	0	15	
MYCO003077	187	0	76	
MYCO003078	18	0	15	
MYCO003079	249	0	17	
MYCO003080	313	0	113	
MYCO003081	102	0	30	
MYCO003082	23	0	34	
MYCO003083	156	0	57	
MYCO003084	343	0	27	
MYCO003086	94	0	23	
MYCO003087	174	0	53	
MYCO003088	100	0	50	
MYCO003089	120	0	42	
MYCO003090	94	676	42	
MYCO003091	144	0	55	
MYCO003092	307	0	41	
MYCO003093	692	0	28	
MYCO003094	309	0	43	
MYCO003095	4	0	17	
MYCO003096	27	0	44	
MYCO003097	52	0	48	
MYCO003098	12	0	21	
MYCO003099	52	0	33	
MYCO003103	12	0	17	
MYCO003104	17	0	37	
MYCO003106	47	0	41	
MYCO003107	49	0	54	
MYCO003108	17	0	21	
MYCO003109	56	0	44	
MYCO003110	10	0	13	
MYCO003111	17	0	38	
MYCO003112	21	0	12	
MYCO003113	650	0	32	
MYCO003114	50	0	23	
MYCO003115	2739	21	8	
MYCO003116	89	0	34	
MYCO003119	25	0	22	
MYCO003120	31	0	28	
MYCO003121	77	0	41	
MYCO003122	26	0	11	
MYCO003123	18	0	17	
MYCO003124	61	0	36	
MYCO003125	407	0	36	
MYCO003126	18	0	12	
MYCO003127	26	0	41	
MYCO003128	2816	0	0	
MYCO003129	249	0	7	
MYCO003130	39	0	57	
MYCO003131	38	0	30	
MYCO003132	74	0	62	
MYCO003133	4	0	11	
MYCO003134	27	0	32	
MYCO003135	1717	0	6	
MYCO003136	53	0	33	
MYCO003137	14	0	26	
MYCO003138	37	0	53	
MYCO003141	111	0	29	
MYCO003142	391	0	12	
MYCO003143	3	0	10	
MYCO003144	474	0	47	
MYCO003145	12	0	7	
MYCO003146	3	0	16	
MYCO003147	22	0	9	
MYCO003148	15	0	33	
MYCO003149	29	0	27	
MYCO003150	274	0	31	
MYCO003151	579	0	59	
MYCO003152	5	0	31	
MYCO003153	55	0	23	
MYCO003154	7	0	23	
MYCO003155	5	0	9	
MYCO003156	40	0	52	
MYCO003157	65	0	64	
MYCO003158	12	0	53	
MYCO003159	1446	0	52	
MYCO003160	7	0	15	
MYCO003161	217	0	55	
MYCO003162	38	0	10	
MYCO003163	13	0	26	
MYCO003164	18	0	21	
MYCO003165	56	0	13	
MYCO003166	303	0	33	
MYCO003167	27	0	29	
MYCO003168	111	0	52	
MYCO003169	346	0	37	
MYCO003170	276	0	37	
MYCO003171	21	0	45	
MYCO003172	4	0	23	
MYCO003173	5	0	26	
MYCO003174	13	0	38	
MYCO003175	774	0	45	
MYCO003176	63	0	40	
MYCO003177	21	0	24	
MYCO003178	26	0	17	
MYCO003179	219	0	43	
MYCO003180	21	0	15	
MYCO003181	69	0	16	
MYCO003182	16	0	8	
MYCO003183	112	0	14	
MYCO003184	354	2	12	
MYCO003185	2816	0	0	
MYCO003186	354	2	12	
MYCO003187	2816	0	0	
MYCO003188	13	0	12	
MYCO003189	30	0	24	
MYCO003190	84	0	42	
MYCO003191	36	0	35	
MYCO003192	32	0	21	
MYCO003196	44	0	33	
MYCO003199	236	0	38	
MYCO003200	14	0	40	
MYCO003201	509	0	87	
MYCO003202	393	0	92	
MYCO003203	16	0	29	
MYCO003204	0	0	15	
MYCO003209	6	0	19	
MYCO003210	9	0	21	
MYCO003212	344	0	44	
MYCO003215	16	0	43	
MYCO003216	2816	0	0	
MYCO003217	172	0	15	
MYCO003218	9	0	31	
MYCO003222	39	0	16	
MYCO003224	151	0	31	
MYCO003225	47	0	43	
MYCO003226	23	0	29	
MYCO003227	146	0	47	
MYCO003230	80	0	44	
MYCO003231	34	0	18	
MYCO003232	8	0	23	
MYCO003233	4	0	25	
MYCO003234	1390	0	18	
MYCO003235	221	0	25	
MYCO003236	180	0	42	
MYCO003237	7	0	21	
MYCO003238	6	0	26	
MYCO003239	1417	0	62	
MYCO003242	52	0	23	
MYCO003243	47	0	24	
MYCO003244	229	0	50	
MYCO003247	36	0	17	
MYCO003249	103	0	21	
MYCO003250	4	0	9	
MYCO003251	3	0	7	
MYCO003253	39	0	41	
MYCO003254	70	0	47	
MYCO003256	373	0	36	
MYCO003259	14	0	6	
MYCO003260	0	0	12	
MYCO003263	115	0	50	
MYCO003266	82	0	28	
MYCO003268	73	0	28	
MYCO003269	10	0	6	
MYCO003270	183	0	59	
MYCO003271	16	0	26	
MYCO003272	66	0	44	
MYCO003273	6	0	79	
MYCO003278	6	0	16	
MYCO003279	11	0	27	
MYCO003281	2715	0	6	
MYCO003282	11	0	32	
MYCO003283	14	0	32	
MYCO003284	23	0	17	
MYCO003286	300	0	27	
MYCO003287	10	0	10	
MYCO003288	4	0	15	
MYCO003289	24	0	19	
MYCO003291	15	0	13	
MYCO003292	134	0	46	
MYCO003293	353	0	40	
MYCO003294	10	0	28	
MYCO003295	14	0	22	
MYCO003297	48	0	34	
MYCO003298	163	0	20	
MYCO003299	449	0	104	
MYCO003300	29	0	32	
MYCO003301	13	0	22	
MYCO003307	100	0	29	
MYCO003308	335	0	48	
MYCO003309	14	0	19	
MYCO003310	16	0	33	
MYCO003311	32	0	47	
MYCO003312	16	0	33	
MYCO003314	67	0	39	
MYCO003315	7	0	16	
MYCO003316	3	0	8	
MYCO003320	26	0	16	
MYCO003321	2	0	6	
MYCO003322	11	0	21	
MYCO003323	154	0	25	
MYCO003324	155	0	20	
MYCO003325	354	2	12	
MYCO003326	2816	0	0	
MYCO003327	2790	0	4	
MYCO003331	266	0	50	
MYCO003332	226	0	49	
MYCO003333	687	0	23	
MYCO003334	4	0	19	
MYCO003335	52	0	32	
MYCO003337	316	0	18	
MYCO003338	34	0	28	
MYCO003339	48	0	42	
MYCO003342	212	0	14	
MYCO003343	2809	0	7	
MYCO003344	2816	0	0	
MYCO003345	2804	0	8	
MYCO003346	913	1	11	
MYCO003347	2186	0	151	
MYCO003348	69	3	25	
MYCO003349	1477	0	25	
MYCO003350	2348	0	136	
MYCO003351	391	0	25	
MYCO003352	377	0	11	
MYCO003353	364	0	7	
MYCO003354	362	0	10	
MYCO003355	362	0	17	
MYCO003357	5	0	10	
MYCO003358	1	0	8	
MYCO003359	167	0	25	
MYCO003360	423	0	9	
MYCO003361	32	0	24	
MYCO003362	36	0	25	
MYCO003363	169	0	16	
MYCO003364	35	0	12	
MYCO003365	2551	0	19	
MYCO003366	28	0	20	
MYCO003367	1286	0	60	
MYCO003368	78	0	22	
MYCO003369	96	0	14	
MYCO003370	621	0	83	
MYCO003371	265	0	52	
MYCO003372	161	0	36	
MYCO003373	335	0	20	
MYCO003374	3	0	12	
MYCO003375	122	0	56	
MYCO003376	12	0	24	
MYCO003377	202	0	60	
MYCO003378	75	0	40	
MYCO003379	44	0	57	
MYCO003380	2816	0	0	
MYCO003381	354	2	12	
MYCO003382	106	0	24	
MYCO003383	592	0	50	
MYCO003384	32	0	12	
MYCO003385	55	0	10	
MYCO003386	138	0	31	
MYCO003387	13	0	25	
MYCO003388	2104	0	45	
MYCO003389	217	0	38	
MYCO003390	18	0	35	
MYCO003391	183	0	77	
MYCO003393	56	0	31	
MYCO003394	825	0	38	
MYCO003395	66	0	30	
MYCO003397	15	0	20	
MYCO003398	72	0	49	
MYCO003399	26	0	25	
MYCO003400	83	0	16	
MYCO003401	315	0	81	
MYCO003402	95	0	38	
MYCO003403	46	0	69	
MYCO003404	25	0	28	
MYCO003405	3	0	20	
MYCO003406	93	0	31	
MYCO003407	11	0	6	
MYCO003408	3	0	11	
MYCO003413	241	0	21	
MYCO003414	13	0	23	
MYCO003415	230	0	32	
MYCO003416	30	0	12	
MYCO003420	62	0	17	
MYCO003421	675	0	32	
MYCO003423	23	0	53	
MYCO003424	192	0	19	
MYCO003425	137	768	45	
MYCO003426	2755	0	3	
MYCO003427	794	0	20	
MYCO003428	2674	0	7	
MYCO003429	137	641	42	
MYCO003430	184	0	70	
MYCO003431	36	0	27	
MYCO003434	136	0	37	
MYCO003435	12	0	39	
MYCO003437	123	0	18	
MYCO003438	42	0	33	
MYCO003439	519	0	49	
MYCO003440	32	0	19	
MYCO003444	13	0	15	
MYCO003445	17	0	14	
MYCO003446	526	0	44	
MYCO003447	242	0	111	
MYCO003448	137	0	48	
MYCO003449	111	0	53	
MYCO003450	419	0	54	
MYCO003451	50	0	40	
MYCO003452	338	0	26	
MYCO003453	1716	0	5	
MYCO003454	40	0	52	
MYCO003463	82	0	29	
MYCO003465	8	0	23	
MYCO003466	2713	27	37	
MYCO003467	2730	41	22	
MYCO003468	46	0	39	
MYCO003469	19	0	38	
MYCO003470	134	0	63	
MYCO003471	24	0	17	
MYCO003472	22	0	22	
MYCO003473	20	0	36	
MYCO003474	354	2	12	
MYCO003475	2816	0	0	
MYCO003476	30	0	57	
MYCO003477	76	0	9	
MYCO003478	1409	151	258	
MYCO003479	148	0	115	
MYCO003480	151	0	56	
MYCO003481	31	0	18	
MYCO003482	25	0	32	
MYCO003483	606	0	24	
MYCO003484	74	0	49	
MYCO003485	391	0	35	
MYCO003486	176	0	13	
MYCO003487	615	0	34	
MYCO003488	86	0	10	
MYCO003489	3	0	6	
MYCO003491	14	0	21	
MYCO003492	2	0	18	
MYCO003493	224	0	25	
MYCO003494	598	0	43	
MYCO003495	19	0	31	
MYCO003496	184	0	33	
MYCO003497	7	0	39	
MYCO003498	66	0	38	
MYCO003499	6	0	31	
MYCO003502	24	0	27	
MYCO003503	0	0	7	
MYCO003505	91	0	37	
MYCO003506	52	0	57	
MYCO003507	2617	0	67	
MYCO003508	2814	0	2	
MYCO003509	285	0	58	
MYCO003510	98	0	26	
MYCO003511	2811	0	3	
MYCO003512	2816	0	0	
MYCO003513	2663	0	14	
MYCO003514	2815	0	1	
MYCO003515	2517	0	18	
MYCO003516	425	0	24	
MYCO003517	624	0	24	
MYCO003518	84	0	33	
MYCO003519	15	0	29	
MYCO003521	31	0	29	
MYCO003522	6	0	37	
MYCO003523	261	0	27	
MYCO003524	35	0	48	
MYCO003525	152	0	20	
MYCO003526	5	0	29	
MYCO003527	3	0	24	
MYCO003528	41	0	40	
MYCO003529	340	0	44	
MYCO003530	18	1033	27	
MYCO003531	64	0	49	
MYCO003532	232	0	47	
MYCO003533	853	0	65	
MYCO003534	39	0	24	
MYCO003535	681	0	20	
MYCO003536	10	0	32	
MYCO003537	22	0	38	
MYCO003538	6	0	27	
MYCO003539	360	0	46	
MYCO003540	249	0	34	
MYCO003541	0	0	14	
MYCO003542	73	0	30	
MYCO003543	57	0	34	
MYCO003544	33	0	33	
MYCO003545	25	0	56	
MYCO003546	59	0	35	
MYCO003547	38	0	24	
MYCO003548	13	0	21	
MYCO003549	95	0	29	
MYCO003550	39	0	20	
MYCO003551	35	0	19	
MYCO003552	7	0	19	
MYCO003553	300	0	28	
MYCO003554	52	0	77	
MYCO003555	421	0	26	
MYCO003556	82	0	26	
MYCO003557	0	0	14	
MYCO003558	681	0	56	
MYCO003559	176	0	28	
MYCO003560	89	0	43	
MYCO003561	446	0	52	
MYCO003562	45	0	49	
MYCO003563	109	0	39	
MYCO003564	403	0	24	
MYCO003565	59	0	52	
MYCO003566	91	0	32	
MYCO003567	33	0	16	
MYCO003568	331	0	19	
MYCO003569	248	0	30	
MYCO003572	25	0	19	
MYCO003573	286	0	63	
MYCO003574	48	0	17	
MYCO003575	80	0	28	
MYCO003576	37	0	25	
MYCO003577	49	0	21	
MYCO003578	215	0	47	
MYCO003581	9	0	15	
MYCO003582	22	0	25	
MYCO003584	13	0	15	
MYCO003585	37	0	49	
MYCO003586	10	0	41	
MYCO003587	134	0	32	
MYCO003588	42	0	12	
MYCO003590	1967	0	37	
MYCO003591	20	0	30	
MYCO003593	3	0	55	
MYCO003594	57	0	35	
MYCO003595	1263	0	45	
MYCO003597	186	0	10	
MYCO003599	126	0	6	
MYCO003602	443	0	31	
MYCO003603	149	0	32	
MYCO003604	593	0	43	
MYCO003605	207	0	14	
MYCO003606	10	0	21	
MYCO003607	102	0	12	
MYCO003608	28	0	27	
MYCO003611	2790	0	3	
MYCO003612	32	0	15	
MYCO003613	2	0	5	
MYCO003614	5	0	33	
MYCO003615	5	0	10	
MYCO003616	42	0	52	
MYCO003617	66	0	32	
MYCO003618	62	0	35	
MYCO003619	238	1291	116	
MYCO003620	1609	305	87	
MYCO003621	414	0	42	
MYCO003622	78	0	10	
MYCO003623	160	0	23	
MYCO003625	165	0	32	
MYCO003626	233	0	44	
MYCO003627	39	0	58	
MYCO003629	31	0	34	
MYCO003630	11	673	46	
MYCO003631	4	0	20	
MYCO003632	2	0	8	
MYCO003633	52	0	32	
MYCO003634	88	0	23	
MYCO003635	105	0	64	
MYCO003636	9	0	14	
MYCO003637	45	0	26	
MYCO003638	7	0	31	
MYCO003639	277	0	27	
MYCO003640	113	0	44	
MYCO003641	11	0	23	
MYCO003642	7	0	11	
MYCO003643	2	0	7	
MYCO003645	588	0	52	
MYCO003649	436	0	89	
MYCO003650	60	0	11	
MYCO003651	253	0	34	
MYCO003652	681	0	16	
MYCO003653	1655	0	23	
MYCO003654	357	0	20	
MYCO003655	2814	0	1	
MYCO003656	14	0	12	
MYCO003657	876	686	21	
MYCO003658	307	0	33	
MYCO003659	571	0	38	
MYCO003660	124	0	47	
MYCO003661	47	0	17	
MYCO003662	779	0	36	
MYCO003663	280	0	65	
MYCO003664	10	0	33	
MYCO003665	7	0	37	
MYCO003666	83	752	45	
MYCO003667	221	0	68	
MYCO003669	7	0	22	
MYCO003671	20	0	42	
MYCO003672	50	0	30	
MYCO003673	103	0	24	
MYCO003675	0	0	15	
MYCO003678	10	0	17	
MYCO003681	12	0	19	
MYCO003685	80	0	50	
MYCO003686	53	0	12	
MYCO003687	14	0	13	
MYCO003688	18	0	20	
MYCO003689	144	0	72	
MYCO003690	282	0	20	
MYCO003691	55	0	46	
MYCO003692	43	0	36	
MYCO003693	957	0	42	
MYCO003694	9	0	35	
MYCO003697	24	0	20	
MYCO003698	109	0	62	
MYCO003699	32	0	25	
MYCO003700	443	0	38	
MYCO003701	99	0	35	
MYCO003702	27	0	31	
MYCO003703	49	0	56	
MYCO003704	50	0	45	
MYCO003706	134	0	10	
MYCO003714	39	0	40	
MYCO003716	193	0	16	
MYCO003723	18	0	28	
MYCO003725	1364	0	18	
MYCO003726	226	0	41	
MYCO003727	198	0	78	
MYCO003728	1778	0	67	
MYCO003729	269	0	84	
MYCO003730	10	0	42	
MYCO003731	7	0	41	
MYCO003732	69	0	45	
MYCO003733	9	0	20	
MYCO003734	49	0	53	
MYCO003735	16	0	20	
MYCO003736	51	0	49	
MYCO003737	535	0	55	
MYCO003738	969	0	32	
MYCO003739	682	0	11	
MYCO003740	83	0	52	
MYCO003741	19	0	33	
MYCO003742	8	0	21	
MYCO003743	122	0	84	
MYCO003744	2	0	18	
MYCO003745	10	888	10	
MYCO003746	3	0	20	
MYCO003747	19	0	11	
MYCO003748	14	0	14	
MYCO003749	21	0	16	
MYCO003750	10	0	12	
MYCO003751	8	0	13	
MYCO003752	224	0	13	
MYCO003753	325	0	14	
MYCO003754	165	0	31	
MYCO003755	12	0	21	
MYCO003756	19	0	30	
MYCO003757	111	0	35	
MYCO003758	27	0	33	
MYCO003759	26	0	47	
MYCO003760	20	0	9	
MYCO003761	113	0	30	
MYCO003762	16	0	83	
MYCO003763	27	0	22	
MYCO003764	24	0	49	
MYCO003766	76	0	33	
MYCO003767	71	0	33	
MYCO003768	71	0	13	
MYCO003769	62	0	15	
MYCO003770	81	0	22	
MYCO003771	29	0	24	
MYCO003772	51	0	34	
MYCO003773	72	0	23	
MYCO003776	534	0	67	
MYCO003779	335	0	71	
MYCO003784	157	0	49	
MYCO003785	1228	0	33	
MYCO003786	220	0	48	
MYCO003787	70	0	39	
MYCO003788	7	0	19	
MYCO003789	4	0	13	
MYCO003792	164	0	85	
MYCO003796	23	0	54	
MYCO003797	154	0	69	
MYCO003798	1510	29	24	
MYCO003800	619	0	139	
MYCO003803	52	0	35	
MYCO003805	29	0	56	
MYCO003807	110	0	21	
MYCO003810	788	0	26	
MYCO003811	122	0	58	
MYCO003812	1088	0	46	
MYCO003813	64	0	25	
MYCO003814	35	0	23	
MYCO003815	90	0	24	
MYCO003817	232	0	35	
MYCO003818	44	0	47	
MYCO003819	26	0	18	
MYCO003820	125	0	64	
MYCO003821	12	0	33	
MYCO003822	53	0	59	
MYCO003823	44	0	123	
MYCO003824	61	0	75	
MYCO003825	175	0	227	
MYCO003826	52	0	80	
MYCO003827	117	0	66	
MYCO003828	1	1085	19	
MYCO003829	572	0	68	
MYCO003830	643	0	33	
MYCO003831	17	0	34	
MYCO003832	82	0	35	
MYCO003833	362	0	41	
MYCO003836	316	0	22	
MYCO003837	29	0	38	
MYCO003838	90	0	47	
MYCO003839	10	0	31	
MYCO003840	37	0	28	
MYCO003841	5	0	26	
MYCO003843	235	0	45	
MYCO003844	69	3	25	
MYCO003845	2054	0	4	
MYCO003846	8	0	24	
MYCO003848	75	0	55	
MYCO003850	46	0	32	
MYCO003851	43	0	13	
MYCO003852	32	0	17	
MYCO003853	3	0	16	
MYCO003854	119	0	108	
MYCO003855	7	0	34	
MYCO003856	64	0	43	
MYCO003857	10	0	6	
MYCO003860	322	0	66	
MYCO003861	86	0	25	
MYCO003862	37	0	52	
MYCO003863	130	0	46	
MYCO003864	86	0	63	
MYCO003865	35	0	13	
MYCO003866	98	0	30	
MYCO003867	70	0	19	
MYCO003868	144	0	64	
MYCO003869	374	0	82	
MYCO003870	39	0	118	
MYCO003871	215	0	86	
MYCO003872	142	0	13	
MYCO003873	143	0	44	
MYCO003874	26	0	12	
MYCO003875	12	0	14	
MYCO003876	1276	0	70	
MYCO003877	42	0	89	
MYCO003878	326	0	37	
MYCO003879	1206	0	100	
MYCO003880	2	0	18	
MYCO003881	315	0	83	
MYCO003882	361	0	92	
MYCO003883	37	0	67	
MYCO003884	161	0	82	
MYCO003885	97	0	89	
MYCO003886	974	0	54	
MYCO003887	288	0	73	
MYCO003888	84	0	71	
MYCO003889	194	0	56	
MYCO003890	64	0	15	
MYCO003891	17	0	25	
MYCO003892	656	0	52	
MYCO003893	57	0	15	
MYCO003894	796	0	172	
MYCO003895	770	0	63	
MYCO003896	179	0	62	
MYCO003897	2791	0	2	
MYCO003898	1370	0	9	
MYCO003899	790	0	66	
MYCO003900	440	0	80	
MYCO003901	50	0	28	
MYCO003902	16	0	27	
MYCO003903	919	0	102	
MYCO003904	7	0	23	
MYCO003905	21	0	18	
MYCO003906	34	0	33	
MYCO003909	162	0	103	
MYCO003910	179	0	220	
MYCO003911	2808	0	5	
MYCO003912	124	0	56	
MYCO003914	2	0	18	
MYCO003916	3	0	49	
MYCO003919	149	0	169	
MYCO003922	3	0	28	
MYCO003923	4	0	30	
MYCO010064	6	0	9	
MYCO010078	9	0	37	
MYCO010157	2	0	6	
MYCO010186	29	0	7	
MYCO010192	646	0	7	
MYCO010236	24	0	4	
MYCO010277	2816	0	0	
MYCO010397	2	1361	10	
MYCO010456	8	0	13	
MYCO010470	409	0	15	
MYCO010492	26	0	7	
MYCO010500	140	0	5	
MYCO010530	4	0	8	
MYCO010590	15	0	7	
MYCO010609	10	0	9	
MYCO010616	0	0	14	
MYCO010634	6	0	8	
MYCO010691	2	0	9	
MYCO010724	2816	0	0	
MYCO010749	10	0	7	
MYCO010755	47	0	4	
MYCO010787	30	0	5	
MYCO010959	3	0	4	
MYCO011028	1	0	6	
MYCO011087	29	0	6	
MYCO011089	4	0	8	
MYCO011116	12	0	9	
MYCO011135	3	0	21	
MYCO011159	4	0	9	
MYCO011290	21	0	9	
MYCO011322	9	0	18	
MYCO011366	9	0	9	
MYCO011473	23	0	8	
MYCO011489	76	0	8	
MYCO011498	47	0	12	
MYCO011507	61	0	33	
MYCO011508	29	0	10	
MYCO011638	196	0	13	
MYCO011706	2	0	7	
MYCO011765	22	0	11	
MYCO011888	1	0	9	
MYCO011954	9	0	7	
MYCO011962	0	1653	12	
MYCO011982	13	0	6	
MYCO011990	30	0	15	
MYCO011991	1	0	5	
MYCO012023	29	0	42	
MYCO012063	77	0	15	
MYCO012077	94	0	13	
MYCO012142	0	0	11	
MYCO012160	1529	0	7	
MYCO012219	5	0	13	
MYCO012231	23	0	19	
MYCO012237	15	0	8	
MYCO012250	2814	0	1	
MYCO012274	102	0	11	
MYCO012306	28	0	21	
MYCO012307	8	0	5	
MYCO012309	7	0	14	
MYCO012331	2	0	9	
MYCO012395	13	0	8	
MYCO012401	14	0	2	
MYCO012427	2816	0	0	
MYCO012438	5	0	13	
MYCO012468	1	0	9	
MYCO012530	3	0	12	
MYCO012548	5	0	12	
MYCO012601	2	0	8	
MYCO012614	342	0	9	
MYCO012737	11	0	8	
MYCO012801	1	0	4	
MYCO012828	514	0	10	
MYCO012862	2816	0	0	
MYCO012922	11	0	11	
MYCO012943	15	0	18	
MYCO012970	15	0	4	
MYCO012998	3	0	13	
MYCO013018	1077	1	5	
MYCO013022	459	0	10	
MYCO013032	16	0	13	
MYCO013098	10	0	16	
MYCO013136	3	0	17	
MYCO013190	107	0	8	
MYCO013196	3	0	4	
MYCO013197	23	0	9	
MYCO013198	4	0	11	
MYCO013208	6	0	11	
MYCO013221	1	0	10	
MYCO013224	13	0	14	
MYCO013312	38	0	19	
MYCO013324	2816	0	0	
MYCO013395	108	0	16	
MYCO013566	4	0	12	
MYCO013697	29	0	12	
MYCO013705	25	0	20	
MYCO013724	310	0	7	
MYCO013770	3	0	8	
MYCO020078	2	0	17	
MYCO020456	2816	0	0	
MYCO020500	0	0	3	
MYCO022231	2018	0	10	
MYCO022306	52	0	15	
MYCO022307	40	0	17	
MYCO022395	32	0	10	
MYCO023224	18	0	7	
MYCO023724	328	0	21	
MYCO023770	4	0	9	
MYCO032307	0	0	8	
