GbGDiv simplified results table from 'accumulate-14.txt' records table.
Isolate records read from table: 3584

Locus	Missing	Paralogous	CountNuc
id	0	0	3584	
isolate	0	0	3584	
rMLST_database_accession	0	0	3584	
BACT000001	9	0	70	
BACT000002	105	0	29	
BACT000003	344	0	34	
BACT000004	26	0	22	
BACT000005	56	0	24	
BACT000006	2	0	14	
BACT000007	8	0	17	
BACT000008	18	0	18	
BACT000009	12	0	25	
BACT000010	1	0	9	
BACT000011	28	0	18	
BACT000012	2	0	18	
BACT000013	7	0	19	
BACT000014	2	3268	2	
BACT000015	1	0	9	
BACT000016	36	0	26	
BACT000017	11	0	17	
BACT000018	1	2785	3	
BACT000019	0	0	11	
BACT000020	5	0	15	
BACT000021	3584	0	0	
BACT000030	31	1004	23	
BACT000031	2	0	22	
BACT000032	7	0	18	
BACT000033	96	0	27	
BACT000034	6	0	19	
BACT000035	4	0	24	
BACT000036	238	0	17	
BACT000038	17	0	17	
BACT000039	13	0	19	
BACT000040	430	0	14	
BACT000042	6	0	22	
BACT000043	1	0	23	
BACT000044	24	0	14	
BACT000045	16	0	16	
BACT000046	4	0	28	
BACT000047	50	0	11	
BACT000048	0	0	16	
BACT000049	2	0	16	
BACT000050	20	0	14	
BACT000051	114	0	20	
BACT000052	1	0	11	
BACT000053	2	0	13	
BACT000056	6	0	13	
BACT000057	2	3478	3	
BACT000058	1	1	12	
BACT000059	0	0	9	
BACT000060	2	0	7	
BACT000061	9	0	13	
BACT000062	1	3009	7	
BACT000063	1	1	11	
BACT000064	3	0	13	
BACT000065	3	0	1	
MYCO000001	23	0	103	
MYCO000005	24	0	123	
MYCO000006	38	0	180	
MYCO000009	9	0	27	
MYCO000011	9	0	21	
MYCO000013	3	0	52	
MYCO000015	805	0	61	
MYCO000016	54	0	71	
MYCO000017	50	0	63	
MYCO000019	6	0	27	
MYCO000038	247	0	32	
MYCO000046	14	0	55	
MYCO000047	14	0	27	
MYCO000049	18	0	28	
MYCO000050	395	0	131	
MYCO000051	311	0	94	
MYCO000054	144	0	28	
MYCO000066	18	0	99	
MYCO000068	96	0	69	
MYCO000129	29	0	27	
MYCO000183	184	0	42	
MYCO000184	202	0	24	
MYCO000189	459	0	54	
MYCO000198	36	0	92	
MYCO000204	110	0	39	
MYCO000207	13	0	32	
MYCO000211	42	0	92	
MYCO000223	377	0	63	
MYCO000225	26	0	29	
MYCO000227	401	0	49	
MYCO000228	78	0	47	
MYCO000236	837	0	138	
MYCO000237	94	0	61	
MYCO000238	12	0	30	
MYCO000241	24	0	51	
MYCO000242	611	0	56	
MYCO000243	332	0	51	
MYCO000244	67	1800	65	
MYCO000247	8	0	26	
MYCO000248	23	0	53	
MYCO000270	34	0	77	
MYCO000274	228	0	35	
MYCO000321	6	0	21	
MYCO000322	39	0	47	
MYCO000334	4	0	22	
MYCO000337	32	0	42	
MYCO000350	53	0	46	
MYCO000352	382	0	41	
MYCO000357	14	0	43	
MYCO000360	130	0	26	
MYCO000383	683	0	24	
MYCO000384	466	0	76	
MYCO000407	159	0	43	
MYCO000410	105	0	75	
MYCO000411	89	0	37	
MYCO000414	759	0	28	
MYCO000415	796	0	39	
MYCO000417	257	891	28	
MYCO000423	24	0	46	
MYCO000429	8	0	24	
MYCO000432	9	0	24	
MYCO000433	18	0	36	
MYCO000439	137	0	40	
MYCO000440	42	0	48	
MYCO000462	9	0	32	
MYCO000465	34	0	65	
MYCO000466	13	0	25	
MYCO000467	16	0	33	
MYCO000468	33	0	31	
MYCO000472	7	0	26	
MYCO000475	84	0	29	
MYCO000483	42	0	40	
MYCO000484	37	0	32	
MYCO000486	216	0	53	
MYCO000489	531	0	24	
MYCO000490	49	0	35	
MYCO000491	6	0	16	
MYCO000495	12	0	33	
MYCO000496	44	0	36	
MYCO000498	65	0	41	
MYCO000501	20	0	36	
MYCO000502	26	0	29	
MYCO000505	874	0	30	
MYCO000509	79	0	55	
MYCO000510	66	0	33	
MYCO000512	76	0	32	
MYCO000524	295	0	45	
MYCO000527	110	0	27	
MYCO000528	566	0	46	
MYCO000529	128	0	46	
MYCO000548	25	0	26	
MYCO000551	120	0	77	
MYCO000553	347	0	36	
MYCO000555	339	0	42	
MYCO000557	39	0	54	
MYCO000558	174	0	24	
MYCO000562	16	0	42	
MYCO000563	74	0	34	
MYCO000564	42	0	49	
MYCO000566	9	0	20	
MYCO000636	7	0	19	
MYCO000639	143	0	22	
MYCO000647	135	0	52	
MYCO000655	23	0	43	
MYCO000667	183	0	216	
MYCO000668	149	0	206	
MYCO000672	152	0	78	
MYCO000684	52	0	74	
MYCO000685	12	0	26	
MYCO000693	332	0	44	
MYCO000696	59	0	53	
MYCO000732	8	0	46	
MYCO000733	8	0	19	
MYCO000734	391	0	23	
MYCO000757	7	0	24	
MYCO000758	96	0	121	
MYCO000772	114	0	46	
MYCO000777	41	0	34	
MYCO000780	13	0	29	
MYCO000782	3502	0	5	
MYCO000788	101	0	22	
MYCO000803	84	0	69	
MYCO000808	63	0	54	
MYCO000809	6	0	31	
MYCO000810	2	0	7	
MYCO000814	703	13	13	
MYCO000815	53	4	38	
MYCO000820	12	0	25	
MYCO000821	20	0	16	
MYCO000823	71	0	48	
MYCO000824	7	0	21	
MYCO000859	58	0	64	
MYCO000860	223	0	83	
MYCO000861	33	0	56	
MYCO000871	12	0	9	
MYCO000876	3	0	57	
MYCO000884	12	0	44	
MYCO000885	48	0	30	
MYCO000886	842	0	58	
MYCO000889	729	0	45	
MYCO000896	43	0	43	
MYCO000902	30	0	19	
MYCO000903	8	0	10	
MYCO000906	931	0	42	
MYCO000926	18	0	59	
MYCO000927	151	0	24	
MYCO000929	327	0	24	
MYCO000946	39	0	59	
MYCO000949	163	0	85	
MYCO000951	28	0	44	
MYCO000952	70	0	33	
MYCO000953	263	0	46	
MYCO000957	379	0	45	
MYCO000981	40	0	24	
MYCO000983	454	0	51	
MYCO000993	106	0	29	
MYCO000994	238	0	50	
MYCO000995	15	0	27	
MYCO001001	33	0	52	
MYCO001002	53	0	55	
MYCO001007	10	0	55	
MYCO001008	207	0	33	
MYCO001009	183	0	35	
MYCO001010	78	0	40	
MYCO001011	28	0	27	
MYCO001013	42	0	50	
MYCO001014	31	0	31	
MYCO001015	24	0	25	
MYCO001017	5	0	25	
MYCO001018	38	0	59	
MYCO001020	418	0	137	
MYCO001022	174	0	28	
MYCO001023	125	0	48	
MYCO001026	234	0	33	
MYCO001070	15	0	22	
MYCO001071	18	0	52	
MYCO001072	3	0	25	
MYCO001077	57	0	54	
MYCO001079	65	0	33	
MYCO001080	201	0	16	
MYCO001082	34	0	27	
MYCO001086	51	0	35	
MYCO001092	92	0	29	
MYCO001094	59	0	18	
MYCO001095	83	0	41	
MYCO001098	61	0	35	
MYCO001099	215	0	37	
MYCO001108	66	0	48	
MYCO001110	14	0	28	
MYCO001112	451	0	37	
MYCO001165	164	0	73	
MYCO001173	214	0	79	
MYCO001177	13	0	8	
MYCO001178	136	0	45	
MYCO001193	352	0	42	
MYCO001201	212	0	34	
MYCO001202	170	0	34	
MYCO001207	248	0	37	
MYCO001208	25	0	30	
MYCO001213	174	0	50	
MYCO001220	214	0	13	
MYCO001221	3	0	27	
MYCO001223	590	0	57	
MYCO001229	100	0	44	
MYCO001238	41	0	31	
MYCO001239	13	0	39	
MYCO001245	83	0	42	
MYCO001248	410	0	118	
MYCO001253	153	0	72	
MYCO001272	275	0	58	
MYCO001273	17	0	66	
MYCO001277	403	0	37	
MYCO001292	30	0	53	
MYCO001293	49	0	41	
MYCO001294	62	0	39	
MYCO001295	54	0	38	
MYCO001297	296	0	50	
MYCO001299	38	0	25	
MYCO001302	12	0	30	
MYCO001305	8	0	7	
MYCO001308	58	0	43	
MYCO001309	11	0	36	
MYCO001310	15	0	35	
MYCO001311	15	0	20	
MYCO001315	20	0	33	
MYCO001321	58	0	29	
MYCO001323	79	0	42	
MYCO001326	42	0	78	
MYCO001327	63	0	56	
MYCO001328	123	0	97	
MYCO001338	102	0	26	
MYCO001340	48	0	23	
MYCO001380	45	0	30	
MYCO001381	388	0	41	
MYCO001383	35	0	37	
MYCO001384	343	0	133	
MYCO001385	580	0	33	
MYCO001388	3	0	22	
MYCO001390	2	0	10	
MYCO001391	649	0	52	
MYCO001392	365	0	58	
MYCO001402	1482	0	54	
MYCO001407	509	0	62	
MYCO001408	114	0	22	
MYCO001410	12	0	46	
MYCO001412	18	0	24	
MYCO001415	15	0	39	
MYCO001416	7	0	19	
MYCO001420	26	0	55	
MYCO001421	23	0	33	
MYCO001436	6	0	36	
MYCO001437	40	0	43	
MYCO001438	14	0	27	
MYCO001440	19	0	13	
MYCO001445	227	0	32	
MYCO001447	431	0	70	
MYCO001448	43	0	43	
MYCO001449	185	0	66	
MYCO001451	74	0	36	
MYCO001457	7	0	27	
MYCO001458	17	0	37	
MYCO001462	46	0	50	
MYCO001463	10	0	24	
MYCO001464	196	0	44	
MYCO001465	11	0	13	
MYCO001466	7	0	9	
MYCO001467	67	1824	53	
MYCO001473	35	0	43	
MYCO001474	115	0	16	
MYCO001475	20	0	71	
MYCO001479	77	0	39	
MYCO001480	112	0	36	
MYCO001481	18	0	35	
MYCO001483	95	0	19	
MYCO001484	27	0	32	
MYCO001485	112	0	29	
MYCO001493	573	0	62	
MYCO001536	117	0	110	
MYCO001540	24	0	44	
MYCO001547	133	0	94	
MYCO001557	611	0	52	
MYCO001559	783	0	55	
MYCO001564	43	0	79	
MYCO001568	219	0	45	
MYCO001569	702	0	27	
MYCO001589	16	0	30	
MYCO001593	4	0	25	
MYCO001594	49	0	39	
MYCO001595	396	0	57	
MYCO001599	324	0	43	
MYCO001600	9	0	41	
MYCO001601	1	0	20	
MYCO001603	9	0	29	
MYCO001605	17	0	28	
MYCO001609	85	0	65	
MYCO001611	61	0	24	
MYCO001612	11	0	46	
MYCO001617	53	0	49	
MYCO001626	21	0	20	
MYCO001627	112	0	32	
MYCO001629	126	0	104	
MYCO001633	476	0	73	
MYCO001638	161	0	99	
MYCO001641	3584	0	0	
MYCO001649	286	0	30	
MYCO001652	208	0	34	
MYCO001653	643	0	28	
MYCO001654	96	0	21	
MYCO001655	405	0	43	
MYCO001656	302	0	27	
MYCO001657	340	0	18	
MYCO001658	108	0	44	
MYCO001659	335	0	44	
MYCO001689	13	0	36	
MYCO001694	130	0	31	
MYCO001695	4	0	32	
MYCO001697	6	0	26	
MYCO001699	21	0	84	
MYCO001701	53	0	25	
MYCO001708	21	0	25	
MYCO001709	5	0	36	
MYCO001711	3	0	31	
MYCO001712	24	0	28	
MYCO001713	162	0	47	
MYCO001821	37	0	83	
MYCO001827	4	0	19	
MYCO001829	35	0	19	
MYCO001830	17	0	50	
MYCO001832	98	0	113	
MYCO001837	89	0	75	
MYCO001842	77	0	56	
MYCO001843	92	0	58	
MYCO001844	52	0	69	
MYCO001854	36	0	57	
MYCO001886	71	0	44	
MYCO001894	160	0	56	
MYCO001981	16	0	23	
MYCO002050	4	0	10	
MYCO002089	270	0	48	
MYCO002090	3499	0	9	
MYCO002092	425	0	96	
MYCO002093	39	0	29	
MYCO002096	23	0	41	
MYCO002097	77	0	34	
MYCO002109	13	0	30	
MYCO002110	40	0	38	
MYCO002111	103	0	10	
MYCO002112	1565	0	45	
MYCO002115	33	0	65	
MYCO002118	13	0	23	
MYCO002119	25	0	40	
MYCO002121	47	0	23	
MYCO002122	3	0	13	
MYCO002125	36	0	25	
MYCO002130	463	0	33	
MYCO002134	20	0	21	
MYCO002139	72	0	37	
MYCO002140	2	0	20	
MYCO002141	67	0	56	
MYCO002145	55	0	26	
MYCO002150	231	0	29	
MYCO002151	243	0	21	
MYCO002153	710	0	56	
MYCO002154	783	0	32	
MYCO002155	592	0	67	
MYCO002156	18	0	42	
MYCO002157	1577	0	45	
MYCO002163	160	0	56	
MYCO002166	14	0	12	
MYCO002170	431	0	24	
MYCO002176	101	0	40	
MYCO002178	20	0	28	
MYCO002179	70	0	13	
MYCO002182	25	0	22	
MYCO002186	3	0	12	
MYCO002187	1022	0	51	
MYCO002188	43	0	52	
MYCO002192	104	0	32	
MYCO002193	7	0	16	
MYCO002194	29	0	32	
MYCO002195	15	0	44	
MYCO002196	16	0	52	
MYCO002199	0	0	18	
MYCO002200	24	0	35	
MYCO002201	144	0	56	
MYCO002202	170	0	37	
MYCO002210	70	0	38	
MYCO002211	110	0	50	
MYCO002213	192	0	69	
MYCO002216	33	0	47	
MYCO002217	195	0	29	
MYCO002218	153	0	36	
MYCO002219	107	0	26	
MYCO002220	27	0	47	
MYCO002221	818	0	86	
MYCO002222	38	0	47	
MYCO002225	118	0	40	
MYCO002228	54	0	43	
MYCO002230	229	0	35	
MYCO002235	69	0	37	
MYCO002239	2	0	16	
MYCO002241	456	0	59	
MYCO002242	168	0	34	
MYCO002243	382	0	33	
MYCO002244	5	0	4	
MYCO002245	66	0	40	
MYCO002246	37	0	36	
MYCO002247	158	0	42	
MYCO002257	40	0	34	
MYCO002259	184	0	33	
MYCO002315	629	0	52	
MYCO002343	185	0	59	
MYCO002344	566	0	37	
MYCO002357	11	0	32	
MYCO002361	9	0	20	
MYCO002362	103	0	25	
MYCO002364	10	0	33	
MYCO002366	12	0	52	
MYCO002367	6	0	18	
MYCO002368	41	0	36	
MYCO002373	58	0	39	
MYCO002374	116	0	43	
MYCO002399	50	0	33	
MYCO002400	44	0	45	
MYCO002402	55	0	89	
MYCO002404	27	0	73	
MYCO002409	15	0	27	
MYCO002410	8	0	25	
MYCO002411	94	0	58	
MYCO002413	138	0	34	
MYCO002420	153	0	20	
MYCO002421	1	0	14	
MYCO002425	292	0	36	
MYCO002426	1022	0	42	
MYCO002427	312	0	45	
MYCO002439	561	0	28	
MYCO002440	89	0	65	
MYCO002445	17	0	12	
MYCO002447	64	0	58	
MYCO002448	162	0	86	
MYCO002454	24	0	41	
MYCO002455	64	0	49	
MYCO002457	25	0	36	
MYCO002460	3	0	15	
MYCO002461	6	0	18	
MYCO002462	238	0	43	
MYCO002465	52	0	16	
MYCO002466	38	0	25	
MYCO002467	87	0	90	
MYCO002470	10	0	22	
MYCO002477	23	0	47	
MYCO002500	14	0	37	
MYCO002502	44	0	61	
MYCO002509	10	0	37	
MYCO002511	17	0	17	
MYCO002518	432	0	36	
MYCO002521	2	0	18	
MYCO002523	32	0	11	
MYCO002524	1058	0	223	
MYCO002533	16	0	19	
MYCO002534	2	0	17	
MYCO002538	193	0	41	
MYCO002540	823	0	43	
MYCO002555	66	0	70	
MYCO002559	318	0	35	
MYCO002568	41	0	40	
MYCO002572	129	0	52	
MYCO002575	62	0	39	
MYCO002580	162	0	38	
MYCO002582	32	0	35	
MYCO002583	95	0	72	
MYCO002587	564	0	59	
MYCO002589	109	0	48	
MYCO002592	159	0	32	
MYCO002593	74	0	21	
MYCO002594	2	0	16	
MYCO002603	8	0	27	
MYCO002606	33	0	27	
MYCO002610	89	0	37	
MYCO002611	73	0	44	
MYCO002612	7	0	26	
MYCO002613	5	0	13	
MYCO002614	62	0	58	
MYCO002670	17	0	35	
MYCO002673	417	921	42	
MYCO002676	23	0	15	
MYCO002678	321	0	35	
MYCO002682	82	0	55	
MYCO002696	101	0	32	
MYCO002697	6	0	16	
MYCO002699	0	0	11	
MYCO002702	11	0	39	
MYCO002703	123	0	44	
MYCO002708	3	0	13	
MYCO002710	68	0	33	
MYCO002711	25	0	27	
MYCO002714	26	0	36	
MYCO002715	481	0	50	
MYCO002720	14	0	36	
MYCO002724	41	0	62	
MYCO002725	95	0	48	
MYCO002726	47	0	30	
MYCO002727	200	0	39	
MYCO002731	406	0	40	
MYCO002733	843	0	44	
MYCO002744	105	0	31	
MYCO002748	333	0	92	
MYCO002750	62	0	36	
MYCO002753	13	0	43	
MYCO002754	26	0	24	
MYCO002764	70	0	40	
MYCO002773	20	0	26	
MYCO002782	274	0	53	
MYCO002783	128	0	61	
MYCO002788	385	0	15	
MYCO002794	22	0	27	
MYCO002795	71	0	36	
MYCO002828	1619	432	43	
MYCO002838	60	0	18	
MYCO002839	1400	0	74	
MYCO002841	22	0	44	
MYCO002846	7	0	49	
MYCO002847	85	0	41	
MYCO002861	18	0	24	
MYCO002864	46	0	41	
MYCO002868	10	0	32	
MYCO002870	84	0	33	
MYCO002882	11	0	28	
MYCO002883	3	0	26	
MYCO002889	72	0	25	
MYCO002894	464	0	27	
MYCO002901	2	0	8	
MYCO002902	200	0	27	
MYCO002915	70	0	46	
MYCO002916	287	0	44	
MYCO002917	569	0	56	
MYCO002918	229	0	91	
MYCO002919	4	0	12	
MYCO002921	120	0	42	
MYCO002927	21	0	29	
MYCO002965	3	0	11	
MYCO002967	225	0	76	
MYCO002976	57	0	27	
MYCO002981	158	0	43	
MYCO002982	21	0	39	
MYCO002984	44	0	48	
MYCO002988	93	0	32	
MYCO002992	112	0	58	
MYCO002993	11	0	29	
MYCO002995	133	0	38	
MYCO002996	233	0	57	
MYCO003001	17	0	33	
MYCO003003	168	0	56	
MYCO003006	112	0	32	
MYCO003009	19	0	45	
MYCO003010	317	0	31	
MYCO003011	662	0	37	
MYCO003014	332	0	67	
MYCO003024	154	0	46	
MYCO003025	99	0	34	
MYCO003027	35	0	42	
MYCO003028	456	0	35	
MYCO003029	19	0	24	
MYCO003031	196	0	54	
MYCO003032	359	0	29	
MYCO003034	12	0	27	
MYCO003038	10	0	31	
MYCO003042	61	0	33	
MYCO003043	9	0	43	
MYCO003045	3	0	34	
MYCO003048	15	0	35	
MYCO003049	84	0	63	
MYCO003051	27	0	46	
MYCO003052	17	0	12	
MYCO003053	2	0	6	
MYCO003054	124	0	28	
MYCO003057	16	0	35	
MYCO003085	201	0	36	
MYCO003100	9	0	18	
MYCO003101	21	0	26	
MYCO003102	2	0	23	
MYCO003105	166	0	41	
MYCO003117	53	4	38	
MYCO003118	703	13	13	
MYCO003139	20	0	56	
MYCO003140	19	0	53	
MYCO003193	68	0	101	
MYCO003194	2	0	30	
MYCO003195	295	0	55	
MYCO003197	31	0	46	
MYCO003198	249	0	65	
MYCO003205	37	0	30	
MYCO003206	21	0	53	
MYCO003207	15	0	32	
MYCO003208	50	0	22	
MYCO003211	277	0	67	
MYCO003213	15	0	35	
MYCO003214	25	0	34	
MYCO003219	5	0	7	
MYCO003220	21	0	47	
MYCO003221	0	0	11	
MYCO003223	4	0	25	
MYCO003228	348	0	37	
MYCO003229	22	0	62	
MYCO003240	389	0	77	
MYCO003241	167	0	24	
MYCO003245	15	0	52	
MYCO003246	13	0	16	
MYCO003248	38	0	55	
MYCO003252	159	0	37	
MYCO003255	95	0	32	
MYCO003257	192	0	39	
MYCO003258	242	0	13	
MYCO003261	14	0	42	
MYCO003262	203	0	38	
MYCO003264	16	0	31	
MYCO003265	92	0	29	
MYCO003267	251	0	36	
MYCO003274	7	0	35	
MYCO003275	105	0	23	
MYCO003276	90	0	42	
MYCO003277	7	0	26	
MYCO003280	33	0	46	
MYCO003285	121	0	51	
MYCO003290	24	0	40	
MYCO003296	1086	0	158	
MYCO003302	66	0	44	
MYCO003303	3546	0	2	
MYCO003304	40	0	12	
MYCO003305	72	0	37	
MYCO003306	234	0	49	
MYCO003313	26	0	23	
MYCO003317	12	0	25	
MYCO003318	184	0	49	
MYCO003319	44	0	35	
MYCO003328	283	0	43	
MYCO003329	46	0	62	
MYCO003330	367	0	41	
MYCO003336	14	0	29	
MYCO003340	20	0	42	
MYCO003341	478	0	42	
MYCO003356	19	0	30	
MYCO003392	37	2720	16	
MYCO003396	68	0	48	
MYCO003409	94	0	53	
MYCO003410	641	0	35	
MYCO003411	156	0	56	
MYCO003412	9	0	17	
MYCO003417	12	2033	40	
MYCO003418	0	0	9	
MYCO003419	144	0	33	
MYCO003422	4	0	20	
MYCO003432	34	0	36	
MYCO003433	1293	0	26	
MYCO003436	901	0	52	
MYCO003441	403	0	52	
MYCO003455	171	0	29	
MYCO003457	16	0	40	
MYCO003462	8	0	11	
MYCO003464	11	0	38	
MYCO003490	44	0	56	
MYCO003500	16	0	33	
MYCO003501	20	0	26	
MYCO003504	25	0	40	
MYCO003520	42	0	48	
MYCO003570	13	0	29	
MYCO003571	45	0	35	
MYCO003579	518	0	44	
MYCO003580	75	0	37	
MYCO003583	3	0	17	
MYCO003589	843	0	25	
MYCO003592	6	0	14	
MYCO003596	279	0	83	
MYCO003598	31	0	42	
MYCO003600	32	0	22	
MYCO003601	30	0	19	
MYCO003609	4	0	15	
MYCO003610	357	0	66	
MYCO003624	9	0	32	
MYCO003628	13	0	20	
MYCO003644	192	0	51	
MYCO003646	553	0	99	
MYCO003647	54	0	22	
MYCO003648	6	0	24	
MYCO003668	10	0	22	
MYCO003670	186	0	31	
MYCO003674	7	0	27	
MYCO003676	9	0	21	
MYCO003677	45	0	35	
MYCO003679	20	0	46	
MYCO003680	91	0	40	
MYCO003682	119	0	77	
MYCO003683	67	0	41	
MYCO003684	53	0	22	
MYCO003695	29	0	46	
MYCO003696	149	0	75	
MYCO003705	6	0	27	
MYCO003707	104	0	41	
MYCO003708	111	0	38	
MYCO003709	67	0	40	
MYCO003710	1440	0	38	
MYCO003711	28	0	50	
MYCO003712	471	0	40	
MYCO003713	37	0	21	
MYCO003715	4	0	18	
MYCO003717	3	0	27	
MYCO003718	3	0	10	
MYCO003719	21	0	56	
MYCO003720	118	0	49	
MYCO003721	325	0	65	
MYCO003722	14	0	50	
MYCO003765	406	0	37	
MYCO003774	19	0	42	
MYCO003775	53	0	63	
MYCO003777	204	0	40	
MYCO003778	42	0	51	
MYCO003780	346	0	22	
MYCO003781	7	0	19	
MYCO003782	35	0	37	
MYCO003783	39	0	30	
MYCO003790	18	0	48	
MYCO003791	41	0	36	
MYCO003793	614	0	138	
MYCO003794	195	0	151	
MYCO003795	172	0	220	
MYCO003799	21	0	50	
MYCO003801	34	0	57	
MYCO003802	65	0	36	
MYCO003804	36	0	41	
MYCO003806	14	0	67	
MYCO003808	231	0	57	
MYCO003809	5	0	36	
MYCO003816	265	0	35	
MYCO003834	101	0	41	
MYCO003835	481	0	52	
MYCO003842	98	0	59	
MYCO003847	1355	0	23	
MYCO003849	4	0	16	
MYCO003858	42	0	43	
MYCO003859	368	0	164	
MYCO003907	36	0	72	
MYCO003908	134	0	35	
MYCO003913	66	0	73	
MYCO003915	11	0	72	
MYCO003917	11	0	78	
MYCO003918	11	0	72	
MYCO003920	10	0	36	
MYCO003921	14	0	72	
MYCO013678	1	0	14	
MYCO000002	40	0	82	
MYCO000003	32	0	67	
MYCO000004	11	0	51	
MYCO000007	385	0	92	
MYCO000008	16	0	32	
MYCO000010	11	0	63	
MYCO000012	27	0	65	
MYCO000014	13	0	95	
MYCO000018	206	0	74	
MYCO000020	184	0	116	
MYCO000021	504	0	59	
MYCO000022	40	0	39	
MYCO000023	39	0	53	
MYCO000024	1089	0	47	
MYCO000025	376	0	37	
MYCO000026	117	0	82	
MYCO000027	20	0	17	
MYCO000028	11	0	19	
MYCO000029	269	0	79	
MYCO000030	730	0	26	
MYCO000031	30	0	19	
MYCO000032	1101	0	100	
MYCO000033	13	0	12	
MYCO000034	9	0	23	
MYCO000035	47	0	116	
MYCO000036	80	0	56	
MYCO000037	45	0	72	
MYCO000039	156	0	20	
MYCO000040	61	0	53	
MYCO000041	332	0	146	
MYCO000042	240	0	68	
MYCO000043	33	0	42	
MYCO000044	454	0	43	
MYCO000045	1599	0	50	
MYCO000048	26	0	59	
MYCO000052	114	13	45	
MYCO000057	15	2126	49	
MYCO000058	62	0	117	
MYCO000059	15	0	43	
MYCO000060	7	0	39	
MYCO000061	818	0	17	
MYCO000062	184	0	73	
MYCO000063	268	0	97	
MYCO000064	1481	0	121	
MYCO000065	8	0	12	
MYCO000067	14	0	33	
MYCO000069	84	0	62	
MYCO000070	17	2058	43	
MYCO000071	975	0	50	
MYCO000072	835	0	45	
MYCO000073	25	1520	46	
MYCO000074	1375	0	57	
MYCO000075	176	0	55	
MYCO000076	9	0	20	
MYCO000077	40	0	40	
MYCO000078	44	0	24	
MYCO000079	59	0	32	
MYCO000080	68	0	37	
MYCO000081	6	0	29	
MYCO000082	916	0	25	
MYCO000083	1311	0	52	
MYCO000084	30	0	41	
MYCO000085	227	0	37	
MYCO000086	295	0	66	
MYCO000087	249	0	66	
MYCO000088	22	0	37	
MYCO000089	35	0	37	
MYCO000090	51	0	49	
MYCO000091	64	0	28	
MYCO000092	195	0	99	
MYCO000093	114	0	51	
MYCO000094	3455	55	31	
MYCO000095	1548	0	150	
MYCO000096	392	0	68	
MYCO000097	7	0	25	
MYCO000098	7	0	21	
MYCO000099	1029	0	62	
MYCO000100	5	0	8	
MYCO000101	145	0	297	
MYCO000102	95	0	94	
MYCO000103	154	0	94	
MYCO000104	1137	0	65	
MYCO000106	78	0	40	
MYCO000107	3545	0	5	
MYCO000108	14	0	12	
MYCO000109	1150	0	59	
MYCO000110	14	0	31	
MYCO000111	121	0	85	
MYCO000112	28	0	59	
MYCO000113	190	0	49	
MYCO000114	158	0	29	
MYCO000115	476	0	61	
MYCO000116	18	0	38	
MYCO000117	14	0	47	
MYCO000118	116	0	91	
MYCO000119	91	0	74	
MYCO000120	90	0	108	
MYCO000121	112	0	27	
MYCO000122	19	0	10	
MYCO000123	7	0	13	
MYCO000124	3495	0	3	
MYCO000125	205	0	47	
MYCO000126	38	0	72	
MYCO000127	31	0	49	
MYCO000128	36	0	29	
MYCO000130	5	0	34	
MYCO000131	24	0	60	
MYCO000132	148	0	42	
MYCO000133	434	0	39	
MYCO000134	1207	0	27	
MYCO000135	8	0	23	
MYCO000136	375	0	77	
MYCO000137	410	0	31	
MYCO000138	375	0	25	
MYCO000139	36	0	42	
MYCO000140	10	0	21	
MYCO000141	9	0	22	
MYCO000142	572	0	44	
MYCO000143	220	0	78	
MYCO000144	231	0	35	
MYCO000145	180	0	45	
MYCO000146	625	0	44	
MYCO000147	133	0	80	
MYCO000148	37	0	29	
MYCO000149	658	0	41	
MYCO000150	29	0	19	
MYCO000151	245	0	91	
MYCO000152	85	0	84	
MYCO000153	69	0	37	
MYCO000154	38	0	41	
MYCO000155	98	0	43	
MYCO000156	3	0	15	
MYCO000157	283	0	53	
MYCO000158	12	0	29	
MYCO000159	287	0	75	
MYCO000160	37	0	73	
MYCO000161	111	0	61	
MYCO000162	197	0	57	
MYCO000163	1	0	28	
MYCO000164	9	0	20	
MYCO000165	1781	0	11	
MYCO000166	59	0	74	
MYCO000167	4	1778	27	
MYCO000168	53	0	46	
MYCO000169	100	0	75	
MYCO000170	9	0	37	
MYCO000171	956	0	67	
MYCO000172	165	0	67	
MYCO000173	12	0	51	
MYCO000174	62	0	66	
MYCO000175	48	0	42	
MYCO000176	136	0	49	
MYCO000177	2	0	19	
MYCO000178	15	0	40	
MYCO000179	210	0	53	
MYCO000180	424	0	71	
MYCO000181	10	0	31	
MYCO000182	274	0	65	
MYCO000185	69	0	17	
MYCO000186	196	0	92	
MYCO000187	57	0	35	
MYCO000188	14	0	24	
MYCO000190	1	0	12	
MYCO000191	369	0	53	
MYCO000192	849	0	41	
MYCO000193	35	0	87	
MYCO000194	281	0	169	
MYCO000195	589	0	26	
MYCO000196	56	0	22	
MYCO000197	3582	0	2	
MYCO000199	7	0	24	
MYCO000200	54	0	26	
MYCO000201	266	0	17	
MYCO000202	125	0	119	
MYCO000203	164	0	18	
MYCO000205	475	0	41	
MYCO000206	227	0	95	
MYCO000208	27	0	25	
MYCO000209	269	0	51	
MYCO000210	326	0	45	
MYCO000212	49	0	44	
MYCO000213	23	0	57	
MYCO000214	61	0	78	
MYCO000215	420	0	41	
MYCO000216	53	0	41	
MYCO000217	327	0	43	
MYCO000218	1078	0	47	
MYCO000219	3	0	29	
MYCO000220	149	0	50	
MYCO000221	394	0	50	
MYCO000222	83	0	34	
MYCO000224	50	0	24	
MYCO000226	221	0	70	
MYCO000229	15	0	35	
MYCO000230	13	0	55	
MYCO000231	48	0	70	
MYCO000232	24	0	35	
MYCO000233	363	0	31	
MYCO000234	192	0	52	
MYCO000235	62	0	86	
MYCO000239	7	0	14	
MYCO000240	9	0	22	
MYCO000245	19	0	26	
MYCO000246	153	0	54	
MYCO000249	19	0	30	
MYCO000250	5	0	13	
MYCO000251	6	0	33	
MYCO000252	59	0	123	
MYCO000253	21	0	19	
MYCO000254	46	0	21	
MYCO000255	334	0	62	
MYCO000256	998	0	61	
MYCO000257	459	0	24	
MYCO000258	39	0	21	
MYCO000259	9	0	33	
MYCO000260	59	0	60	
MYCO000261	49	0	74	
MYCO000262	15	0	20	
MYCO000263	342	0	35	
MYCO000264	79	0	29	
MYCO000265	17	0	54	
MYCO000266	916	0	128	
MYCO000267	399	0	50	
MYCO000268	37	0	25	
MYCO000269	78	0	50	
MYCO000271	125	0	91	
MYCO000272	69	0	57	
MYCO000273	58	0	31	
MYCO000275	364	0	53	
MYCO000276	172	1009	37	
MYCO000277	109	1481	66	
MYCO000278	3578	0	3	
MYCO000279	3394	0	64	
MYCO000280	1563	0	67	
MYCO000281	173	0	43	
MYCO000282	52	0	78	
MYCO000283	313	0	59	
MYCO000284	662	0	151	
MYCO000285	123	0	11	
MYCO000286	1048	0	63	
MYCO000287	12	12	13	
MYCO000288	3	0	23	
MYCO000289	77	0	51	
MYCO000290	584	0	78	
MYCO000291	495	0	55	
MYCO000292	36	0	40	
MYCO000293	95	0	52	
MYCO000294	84	0	44	
MYCO000295	16	0	23	
MYCO000296	58	0	45	
MYCO000297	1904	0	90	
MYCO000298	6	0	13	
MYCO000299	6	0	20	
MYCO000300	4	0	11	
MYCO000301	3	0	20	
MYCO000302	61	0	34	
MYCO000303	40	0	50	
MYCO000304	493	0	341	
MYCO000305	3529	0	8	
MYCO000306	13	0	29	
MYCO000307	12	0	25	
MYCO000308	5	0	35	
MYCO000309	26	0	22	
MYCO000310	5	0	16	
MYCO000311	22	0	55	
MYCO000312	306	0	62	
MYCO000313	5	0	21	
MYCO000314	135	0	37	
MYCO000315	871	0	36	
MYCO000316	337	0	28	
MYCO000317	49	0	35	
MYCO000318	26	0	30	
MYCO000319	45	0	33	
MYCO000320	13	0	28	
MYCO000323	391	0	33	
MYCO000324	19	0	32	
MYCO000325	1742	0	5	
MYCO000326	181	0	21	
MYCO000327	218	0	48	
MYCO000328	10	0	20	
MYCO000329	111	0	30	
MYCO000330	28	0	36	
MYCO000331	202	0	72	
MYCO000332	31	0	40	
MYCO000333	4	0	20	
MYCO000335	502	0	18	
MYCO000336	3101	407	19	
MYCO000338	689	0	84	
MYCO000339	527	0	105	
MYCO000340	10	0	25	
MYCO000341	1118	0	46	
MYCO000342	109	0	61	
MYCO000343	148	0	69	
MYCO000344	17	0	21	
MYCO000345	7	0	27	
MYCO000346	157	0	49	
MYCO000347	6	13	28	
MYCO000348	6	0	16	
MYCO000349	11	0	28	
MYCO000351	95	0	22	
MYCO000353	4	0	19	
MYCO000354	3582	0	1	
MYCO000355	2174	0	294	
MYCO000356	308	0	35	
MYCO000358	990	0	26	
MYCO000359	56	0	33	
MYCO000361	11	0	31	
MYCO000362	27	0	69	
MYCO000363	34	0	43	
MYCO000364	13	0	31	
MYCO000365	106	0	44	
MYCO000366	56	0	26	
MYCO000367	27	0	15	
MYCO000368	158	0	61	
MYCO000369	10	0	22	
MYCO000370	29	0	49	
MYCO000371	27	0	19	
MYCO000372	98	0	41	
MYCO000373	136	0	114	
MYCO000374	15	0	25	
MYCO000375	388	0	28	
MYCO000376	294	0	49	
MYCO000377	280	0	51	
MYCO000378	494	0	10	
MYCO000379	14	0	15	
MYCO000380	54	0	25	
MYCO000381	47	0	34	
MYCO000382	23	0	14	
MYCO000385	13	0	36	
MYCO000386	314	0	130	
MYCO000387	1323	0	21	
MYCO000388	3581	0	2	
MYCO000389	470	0	56	
MYCO000390	7	0	15	
MYCO000391	63	0	36	
MYCO000392	210	0	65	
MYCO000393	1138	0	82	
MYCO000394	37	0	32	
MYCO000395	585	0	14	
MYCO000396	23	0	17	
MYCO000397	553	1196	67	
MYCO000398	220	0	25	
MYCO000399	58	0	61	
MYCO000400	91	0	42	
MYCO000401	173	0	17	
MYCO000402	621	0	103	
MYCO000403	807	0	18	
MYCO000404	112	0	111	
MYCO000405	1733	0	145	
MYCO000406	43	0	36	
MYCO000408	23	0	86	
MYCO000409	27	0	44	
MYCO000412	27	0	53	
MYCO000413	111	0	22	
MYCO000416	1	0	8	
MYCO000418	31	0	57	
MYCO000419	65	0	65	
MYCO000420	5	0	29	
MYCO000421	26	0	27	
MYCO000422	20	0	30	
MYCO000424	1	0	14	
MYCO000425	866	0	139	
MYCO000426	56	0	26	
MYCO000427	42	0	38	
MYCO000428	186	0	35	
MYCO000430	53	0	8	
MYCO000431	22	0	14	
MYCO000434	30	0	29	
MYCO000435	249	0	84	
MYCO000436	253	0	32	
MYCO000437	198	0	20	
MYCO000438	60	0	44	
MYCO000441	222	0	20	
MYCO000442	103	0	57	
MYCO000443	126	0	22	
MYCO000444	566	0	35	
MYCO000445	16	0	20	
MYCO000446	776	0	28	
MYCO000447	160	0	58	
MYCO000448	65	0	20	
MYCO000449	58	0	42	
MYCO000450	50	0	103	
MYCO000451	7	0	24	
MYCO000452	4	0	23	
MYCO000453	924	0	42	
MYCO000454	13	0	16	
MYCO000455	3	0	18	
MYCO000456	39	0	39	
MYCO000457	414	0	65	
MYCO000458	279	0	65	
MYCO000459	106	0	37	
MYCO000460	2	0	11	
MYCO000461	39	0	29	
MYCO000463	67	0	10	
MYCO000464	3	0	19	
MYCO000469	65	0	46	
MYCO000470	24	0	30	
MYCO000471	65	0	32	
MYCO000473	28	0	46	
MYCO000474	5	0	20	
MYCO000476	8	0	11	
MYCO000477	47	0	16	
MYCO000478	19	0	33	
MYCO000479	372	0	28	
MYCO000480	116	0	28	
MYCO000481	19	0	20	
MYCO000482	35	0	38	
MYCO000485	68	0	45	
MYCO000487	112	0	31	
MYCO000488	20	0	30	
MYCO000492	482	0	74	
MYCO000493	128	0	50	
MYCO000494	100	0	30	
MYCO000497	453	0	36	
MYCO000499	93	0	35	
MYCO000500	313	0	30	
MYCO000503	5	0	18	
MYCO000504	2	0	14	
MYCO000506	21	0	11	
MYCO000507	287	0	143	
MYCO000508	0	0	10	
MYCO000511	576	0	55	
MYCO000513	47	0	19	
MYCO000514	28	0	25	
MYCO000515	3101	242	19	
MYCO000516	12	0	19	
MYCO000517	84	0	56	
MYCO000518	13	0	27	
MYCO000519	424	0	34	
MYCO000520	40	0	15	
MYCO000521	5	0	14	
MYCO000522	18	0	38	
MYCO000523	183	0	16	
MYCO000525	342	0	35	
MYCO000526	50	0	25	
MYCO000530	290	0	56	
MYCO000531	469	0	16	
MYCO000532	3361	0	10	
MYCO000533	75	0	28	
MYCO000534	142	0	45	
MYCO000535	57	0	35	
MYCO000536	555	0	32	
MYCO000537	277	0	63	
MYCO000538	876	0	101	
MYCO000539	1410	0	18	
MYCO000540	313	0	20	
MYCO000541	129	0	47	
MYCO000542	470	0	36	
MYCO000543	0	0	7	
MYCO000544	333	0	14	
MYCO000545	123	0	54	
MYCO000546	13	0	16	
MYCO000547	221	0	42	
MYCO000549	45	0	21	
MYCO000550	15	0	10	
MYCO000552	744	0	58	
MYCO000554	245	0	27	
MYCO000556	8	0	19	
MYCO000559	65	0	13	
MYCO000560	21	0	30	
MYCO000561	237	0	34	
MYCO000565	137	0	79	
MYCO000567	63	0	41	
MYCO000568	120	0	55	
MYCO000569	8	0	14	
MYCO000570	210	0	96	
MYCO000571	341	0	51	
MYCO000572	14	0	18	
MYCO000573	215	0	63	
MYCO000574	186	0	41	
MYCO000575	236	0	47	
MYCO000576	268	0	50	
MYCO000577	287	0	35	
MYCO000578	2717	0	109	
MYCO000579	185	0	37	
MYCO000580	22	0	22	
MYCO000581	119	0	12	
MYCO000582	16	0	12	
MYCO000583	91	0	31	
MYCO000584	50	0	118	
MYCO000585	116	0	92	
MYCO000586	18	1114	33	
MYCO000587	111	0	53	
MYCO000588	154	0	40	
MYCO000589	40	0	56	
MYCO000590	1747	0	23	
MYCO000591	267	0	69	
MYCO000592	645	0	44	
MYCO000593	42	0	51	
MYCO000594	204	0	78	
MYCO000595	25	0	19	
MYCO000596	28	0	7	
MYCO000597	11	0	43	
MYCO000598	14	0	21	
MYCO000599	7	1983	11	
MYCO000600	176	0	20	
MYCO000601	154	0	34	
MYCO000602	459	0	36	
MYCO000603	683	0	11	
MYCO000604	171	0	45	
MYCO000605	26	0	17	
MYCO000606	74	0	31	
MYCO000607	7	0	12	
MYCO000608	1	0	7	
MYCO000609	18	0	20	
MYCO000610	421	0	36	
MYCO000611	8	0	19	
MYCO000612	456	0	23	
MYCO000613	972	0	81	
MYCO000614	131	0	42	
MYCO000615	47	0	9	
MYCO000616	25	0	15	
MYCO000617	13	0	22	
MYCO000618	462	0	23	
MYCO000619	3584	0	0	
MYCO000620	953	0	48	
MYCO000621	475	0	39	
MYCO000622	14	0	42	
MYCO000623	8	0	9	
MYCO000624	11	0	19	
MYCO000625	257	0	32	
MYCO000626	22	0	11	
MYCO000627	26	0	15	
MYCO000628	314	1645	50	
MYCO000629	652	0	68	
MYCO000630	971	0	98	
MYCO000631	988	0	102	
MYCO000632	3	0	25	
MYCO000633	29	0	39	
MYCO000634	4	0	18	
MYCO000635	7	0	21	
MYCO000637	6	0	29	
MYCO000638	51	0	24	
MYCO000642	22	0	37	
MYCO000643	96	0	32	
MYCO000644	4	11	30	
MYCO000645	4	0	32	
MYCO000646	61	0	31	
MYCO000648	1233	0	125	
MYCO000649	1396	0	31	
MYCO000650	994	0	26	
MYCO000653	24	0	23	
MYCO000654	377	0	63	
MYCO000656	26	0	20	
MYCO000657	5	0	5	
MYCO000658	22	0	37	
MYCO000659	9	0	20	
MYCO000660	41	0	13	
MYCO000661	48	0	15	
MYCO000662	52	0	11	
MYCO000663	302	0	94	
MYCO000664	3	0	9	
MYCO000665	40	0	15	
MYCO000666	6	0	13	
MYCO000669	342	0	73	
MYCO000670	644	0	19	
MYCO000671	76	0	37	
MYCO000673	481	0	36	
MYCO000674	42	0	17	
MYCO000675	173	0	23	
MYCO000676	16	1582	86	
MYCO000677	6	0	18	
MYCO000678	19	0	21	
MYCO000679	55	0	20	
MYCO000680	7	0	20	
MYCO000681	6	0	33	
MYCO000686	539	0	22	
MYCO000687	45	0	28	
MYCO000688	41	0	41	
MYCO000689	170	0	11	
MYCO000690	48	0	27	
MYCO000691	1	0	31	
MYCO000692	5	0	10	
MYCO000694	186	0	38	
MYCO000695	39	0	26	
MYCO000697	20	0	55	
MYCO000698	648	0	28	
MYCO000699	1	0	8	
MYCO000711	266	0	75	
MYCO000712	10	0	26	
MYCO000713	12	0	50	
MYCO000724	340	0	72	
MYCO000725	47	0	31	
MYCO000726	96	0	44	
MYCO000727	210	0	33	
MYCO000728	106	0	41	
MYCO000729	540	0	52	
MYCO000730	101	0	31	
MYCO000731	304	0	37	
MYCO000735	12	0	26	
MYCO000736	79	0	32	
MYCO000737	19	0	18	
MYCO000738	435	0	23	
MYCO000739	1796	0	15	
MYCO000740	885	0	32	
MYCO000741	22	415	21	
MYCO000742	3584	0	0	
MYCO000743	12	0	21	
MYCO000744	174	0	27	
MYCO000745	493	0	29	
MYCO000746	3247	0	21	
MYCO000747	3247	0	32	
MYCO000748	339	0	17	
MYCO000749	109	1695	47	
MYCO000750	822	1315	22	
MYCO000751	136	0	32	
MYCO000752	93	0	48	
MYCO000753	186	0	58	
MYCO000754	993	0	60	
MYCO000755	454	0	103	
MYCO000756	98	0	30	
MYCO000759	0	0	11	
MYCO000760	112	0	18	
MYCO000761	30	0	31	
MYCO000762	11	0	23	
MYCO000763	6	0	9	
MYCO000764	19	0	44	
MYCO000765	77	0	33	
MYCO000766	876	0	41	
MYCO000767	273	0	27	
MYCO000768	40	0	61	
MYCO000769	10	0	29	
MYCO000770	217	0	28	
MYCO000771	49	0	23	
MYCO000773	73	0	67	
MYCO000774	135	0	46	
MYCO000775	55	0	28	
MYCO000776	151	0	31	
MYCO000778	190	0	43	
MYCO000779	1133	0	20	
MYCO000781	3502	0	1	
MYCO000783	27	0	73	
MYCO000784	111	0	33	
MYCO000785	109	0	55	
MYCO000786	137	0	19	
MYCO000787	517	0	39	
MYCO000789	7	0	17	
MYCO000790	27	0	38	
MYCO000791	88	0	48	
MYCO000792	18	0	33	
MYCO000793	9	0	13	
MYCO000794	59	0	51	
MYCO000795	427	2	15	
MYCO000796	3584	0	0	
MYCO000797	3534	0	9	
MYCO000798	21	0	24	
MYCO000799	8	0	29	
MYCO000800	47	0	51	
MYCO000801	4	0	16	
MYCO000802	86	0	39	
MYCO000804	648	0	22	
MYCO000805	9	0	43	
MYCO000806	20	0	48	
MYCO000807	14	0	11	
MYCO000811	229	0	34	
MYCO000812	20	0	31	
MYCO000813	258	0	30	
MYCO000816	7	0	25	
MYCO000817	4	0	32	
MYCO000818	79	0	26	
MYCO000819	62	0	39	
MYCO000822	643	0	68	
MYCO000825	38	0	45	
MYCO000826	210	0	31	
MYCO000827	283	0	21	
MYCO000828	74	0	28	
MYCO000829	97	1118	30	
MYCO000830	21	0	45	
MYCO000831	21	0	31	
MYCO000832	865	0	12	
MYCO000833	2870	0	50	
MYCO000834	2170	0	69	
MYCO000835	273	0	44	
MYCO000836	1790	0	14	
MYCO000837	117	0	47	
MYCO000838	48	0	30	
MYCO000839	57	0	19	
MYCO000840	62	0	31	
MYCO000841	37	0	13	
MYCO000842	190	0	58	
MYCO000843	17	0	56	
MYCO000844	88	0	36	
MYCO000845	43	0	56	
MYCO000846	155	0	47	
MYCO000847	450	0	14	
MYCO000848	61	0	50	
MYCO000849	479	0	56	
MYCO000850	18	0	10	
MYCO000851	271	0	25	
MYCO000852	24	0	40	
MYCO000853	132	0	61	
MYCO000854	10	0	20	
MYCO000855	96	0	48	
MYCO000856	7	0	14	
MYCO000857	17	0	18	
MYCO000858	189	0	55	
MYCO000862	312	0	96	
MYCO000863	10	0	9	
MYCO000864	18	0	23	
MYCO000865	23	0	12	
MYCO000866	283	0	20	
MYCO000867	1785	0	70	
MYCO000868	23	0	10	
MYCO000869	265	0	44	
MYCO000870	10	0	20	
MYCO000872	1648	0	65	
MYCO000873	55	0	67	
MYCO000874	315	1672	45	
MYCO000875	22	0	21	
MYCO000877	26	0	28	
MYCO000878	2608	0	40	
MYCO000879	84	0	18	
MYCO000880	50	0	19	
MYCO000881	25	0	37	
MYCO000882	38	0	15	
MYCO000883	116	0	23	
MYCO000887	14	0	12	
MYCO000888	813	0	63	
MYCO000890	140	0	119	
MYCO000891	102	0	33	
MYCO000892	28	0	74	
MYCO000893	34	0	55	
MYCO000894	44	0	57	
MYCO000895	119	0	51	
MYCO000897	752	0	63	
MYCO000898	4	0	8	
MYCO000899	15	0	31	
MYCO000900	13	0	8	
MYCO000901	182	0	29	
MYCO000904	578	0	48	
MYCO000905	28	0	27	
MYCO000907	3582	0	1	
MYCO000908	23	0	82	
MYCO000909	31	0	10	
MYCO000910	15	0	21	
MYCO000911	212	0	33	
MYCO000912	6	0	17	
MYCO000913	98	0	56	
MYCO000914	126	0	64	
MYCO000915	587	0	44	
MYCO000916	13	0	18	
MYCO000917	90	0	56	
MYCO000918	43	0	24	
MYCO000919	4	0	23	
MYCO000920	38	0	55	
MYCO000921	26	0	29	
MYCO000922	125	0	74	
MYCO000923	16	0	59	
MYCO000924	299	0	45	
MYCO000925	49	0	27	
MYCO000928	55	0	28	
MYCO000930	59	0	11	
MYCO000931	153	0	93	
MYCO000932	53	0	61	
MYCO000933	33	0	39	
MYCO000934	454	0	44	
MYCO000935	57	0	48	
MYCO000936	65	0	32	
MYCO000937	4	0	28	
MYCO000938	29	0	88	
MYCO000939	90	0	86	
MYCO000940	9	0	30	
MYCO000941	17	0	34	
MYCO000942	18	0	13	
MYCO000943	48	0	43	
MYCO000944	49	0	27	
MYCO000945	91	0	42	
MYCO000947	11	0	14	
MYCO000948	2	0	14	
MYCO000950	136	0	42	
MYCO000954	83	0	51	
MYCO000955	761	0	39	
MYCO000956	331	0	25	
MYCO000958	472	0	54	
MYCO000959	626	0	80	
MYCO000960	30	0	15	
MYCO000961	36	2211	12	
MYCO000962	187	0	22	
MYCO000963	221	0	43	
MYCO000964	24	0	19	
MYCO000965	10	0	26	
MYCO000966	386	0	21	
MYCO000967	24	0	12	
MYCO000968	32	0	17	
MYCO000969	868	0	81	
MYCO000970	9	0	27	
MYCO000971	385	0	28	
MYCO000972	51	0	58	
MYCO000973	235	0	107	
MYCO000974	144	0	81	
MYCO000975	352	0	44	
MYCO000976	445	0	65	
MYCO000977	2167	0	82	
MYCO000978	3328	0	54	
MYCO000979	17	0	12	
MYCO000980	3456	0	45	
MYCO000982	150	0	49	
MYCO000984	30	0	17	
MYCO000985	15	0	27	
MYCO000986	119	0	41	
MYCO000987	174	0	166	
MYCO000988	89	0	83	
MYCO000989	44	0	71	
MYCO000990	113	0	35	
MYCO000991	5	0	15	
MYCO000992	183	0	28	
MYCO000996	18	0	47	
MYCO000997	2	0	23	
MYCO000998	112	0	36	
MYCO000999	42	0	29	
MYCO001000	37	0	18	
MYCO001003	194	0	41	
MYCO001004	1401	0	54	
MYCO001005	930	0	25	
MYCO001006	69	0	65	
MYCO001012	414	0	12	
MYCO001016	22	0	19	
MYCO001019	3	0	18	
MYCO001021	20	0	32	
MYCO001024	287	0	26	
MYCO001025	50	0	15	
MYCO001027	34	0	31	
MYCO001028	955	0	83	
MYCO001029	40	0	74	
MYCO001030	34	0	85	
MYCO001031	53	0	22	
MYCO001032	75	0	64	
MYCO001033	33	0	26	
MYCO001034	460	0	18	
MYCO001035	567	0	27	
MYCO001036	80	0	17	
MYCO001037	300	1657	123	
MYCO001038	2023	382	99	
MYCO001039	757	0	41	
MYCO001040	384	0	35	
MYCO001041	139	24	40	
MYCO001042	47	2	23	
MYCO001043	22	0	43	
MYCO001044	4	0	16	
MYCO001045	725	0	27	
MYCO001046	3582	0	1	
MYCO001047	3484	32	8	
MYCO001048	17	0	66	
MYCO001049	14	0	25	
MYCO001050	153	0	29	
MYCO001051	25	0	46	
MYCO001052	34	0	17	
MYCO001053	17	0	12	
MYCO001054	7	0	12	
MYCO001055	0	0	5	
MYCO001056	34	105	29	
MYCO001057	22	0	56	
MYCO001058	90	0	49	
MYCO001059	59	0	53	
MYCO001060	26	0	17	
MYCO001061	19	0	33	
MYCO001062	224	0	26	
MYCO001063	64	0	51	
MYCO001064	242	0	21	
MYCO001065	67	0	28	
MYCO001066	404	0	13	
MYCO001067	3559	0	15	
MYCO001068	3478	0	17	
MYCO001069	94	0	82	
MYCO001073	85	0	44	
MYCO001074	79	0	41	
MYCO001075	117	0	53	
MYCO001076	34	0	49	
MYCO001078	871	0	21	
MYCO001081	52	0	16	
MYCO001083	8	0	11	
MYCO001084	1279	0	48	
MYCO001085	34	0	25	
MYCO001087	3003	0	71	
MYCO001088	307	0	21	
MYCO001089	3584	0	0	
MYCO001090	39	0	22	
MYCO001091	3280	0	60	
MYCO001093	50	0	42	
MYCO001096	49	0	40	
MYCO001097	20	0	44	
MYCO001100	28	0	30	
MYCO001101	101	0	38	
MYCO001102	18	0	9	
MYCO001103	9	0	8	
MYCO001104	12	0	31	
MYCO001105	26	0	19	
MYCO001106	74	0	27	
MYCO001107	0	0	11	
MYCO001109	12	0	24	
MYCO001111	35	0	33	
MYCO001113	2	0	6	
MYCO001114	6	0	13	
MYCO001115	72	0	44	
MYCO001116	18	0	9	
MYCO001117	3	0	11	
MYCO001118	193	0	32	
MYCO001119	16	0	6	
MYCO001120	17	0	23	
MYCO001121	75	0	61	
MYCO001122	339	0	40	
MYCO001123	45	0	36	
MYCO001124	74	0	35	
MYCO001125	422	0	51	
MYCO001126	15	0	22	
MYCO001127	21	0	55	
MYCO001128	1200	0	45	
MYCO001129	22	0	80	
MYCO001130	52	0	68	
MYCO001131	14	0	39	
MYCO001132	595	0	68	
MYCO001133	476	0	60	
MYCO001134	252	0	13	
MYCO001135	1093	0	76	
MYCO001136	3	0	17	
MYCO001137	22	0	15	
MYCO001138	44	0	36	
MYCO001139	272	0	30	
MYCO001140	12	0	22	
MYCO001141	39	1815	26	
MYCO001142	39	2034	19	
MYCO001143	53	0	34	
MYCO001144	48	0	28	
MYCO001145	1773	0	14	
MYCO001146	31	0	52	
MYCO001147	26	0	23	
MYCO001148	3460	29	29	
MYCO001149	47	1	23	
MYCO001150	3584	0	0	
MYCO001151	32	0	25	
MYCO001152	20	0	15	
MYCO001153	72	0	37	
MYCO001154	9	0	29	
MYCO001155	26	0	20	
MYCO001156	29	0	24	
MYCO001157	1521	0	31	
MYCO001158	794	0	26	
MYCO001159	15	0	49	
MYCO001160	51	0	17	
MYCO001161	101	0	126	
MYCO001162	49	0	62	
MYCO001163	38	0	17	
MYCO001164	17	0	23	
MYCO001166	150	0	57	
MYCO001167	26	0	16	
MYCO001168	535	0	47	
MYCO001169	7	0	17	
MYCO001170	38	0	36	
MYCO001171	9	0	21	
MYCO001172	486	0	36	
MYCO001174	3	0	17	
MYCO001175	1378	0	75	
MYCO001176	184	0	21	
MYCO001179	672	0	109	
MYCO001180	3577	0	1	
MYCO001181	211	0	171	
MYCO001182	22	0	37	
MYCO001183	34	0	117	
MYCO001184	24	0	37	
MYCO001185	44	0	55	
MYCO001186	290	0	72	
MYCO001187	378	0	53	
MYCO001188	205	0	46	
MYCO001189	66	0	36	
MYCO001190	459	0	33	
MYCO001191	648	0	33	
MYCO001192	376	0	23	
MYCO001194	54	0	59	
MYCO001195	19	0	11	
MYCO001196	1786	265	315	
MYCO001197	2022	406	103	
MYCO001198	300	1686	120	
MYCO001199	3484	33	9	
MYCO001200	260	0	55	
MYCO001203	262	0	25	
MYCO001204	261	0	54	
MYCO001205	61	0	24	
MYCO001206	60	0	53	
MYCO001209	50	0	13	
MYCO001210	24	0	16	
MYCO001211	11	0	6	
MYCO001212	47	0	42	
MYCO001214	125	0	15	
MYCO001215	499	0	78	
MYCO001216	70	0	30	
MYCO001217	589	0	72	
MYCO001218	13	0	47	
MYCO001219	30	0	33	
MYCO001222	9	0	21	
MYCO001224	15	0	25	
MYCO001225	915	0	36	
MYCO001226	490	0	68	
MYCO001227	23	0	25	
MYCO001228	13	0	35	
MYCO001230	309	0	73	
MYCO001231	112	0	26	
MYCO001232	86	0	60	
MYCO001233	154	0	32	
MYCO001234	30	0	19	
MYCO001235	20	0	36	
MYCO001236	43	0	38	
MYCO001237	10	0	24	
MYCO001240	58	0	42	
MYCO001241	32	0	14	
MYCO001242	31	0	19	
MYCO001243	2354	0	42	
MYCO001244	546	0	42	
MYCO001246	3	0	14	
MYCO001247	7	0	6	
MYCO001249	62	0	44	
MYCO001250	441	0	57	
MYCO001251	990	0	88	
MYCO001252	17	0	23	
MYCO001254	352	0	39	
MYCO001255	40	0	31	
MYCO001256	101	0	43	
MYCO001257	43	0	67	
MYCO001258	850	0	49	
MYCO001259	147	0	28	
MYCO001260	365	0	32	
MYCO001261	20	0	17	
MYCO001262	21	0	20	
MYCO001263	346	0	55	
MYCO001264	114	0	54	
MYCO001265	87	0	23	
MYCO001266	804	0	75	
MYCO001267	30	0	41	
MYCO001268	224	0	35	
MYCO001269	711	0	15	
MYCO001270	176	0	31	
MYCO001271	17	0	14	
MYCO001274	368	0	19	
MYCO001275	10	0	25	
MYCO001276	179	0	21	
MYCO001278	720	0	74	
MYCO001279	59	0	53	
MYCO001280	22	0	66	
MYCO001281	78	0	55	
MYCO001282	3	0	25	
MYCO001283	94	0	27	
MYCO001284	8	0	13	
MYCO001285	10	0	47	
MYCO001286	20	0	79	
MYCO001287	7	0	11	
MYCO001288	1442	0	57	
MYCO001289	14	0	32	
MYCO001290	562	775	55	
MYCO001291	9	0	16	
MYCO001296	155	0	33	
MYCO001300	348	0	25	
MYCO001301	12	0	19	
MYCO001303	6	0	13	
MYCO001304	8	0	30	
MYCO001306	11	0	18	
MYCO001307	31	0	52	
MYCO001312	32	0	20	
MYCO001313	1910	37	31	
MYCO001314	45	0	35	
MYCO001316	37	0	26	
MYCO001317	154	0	65	
MYCO001318	168	0	59	
MYCO001319	2687	0	55	
MYCO001320	169	0	85	
MYCO001322	174	0	16	
MYCO001324	388	0	37	
MYCO001325	2304	0	57	
MYCO001329	427	0	71	
MYCO001330	250	0	65	
MYCO001331	14	0	10	
MYCO001332	14	0	28	
MYCO001333	193	0	40	
MYCO001334	100	0	16	
MYCO001335	92	0	16	
MYCO001336	267	0	32	
MYCO001337	4	0	25	
MYCO001339	15	0	30	
MYCO001341	29	0	19	
MYCO001342	9	0	15	
MYCO001343	17	0	21	
MYCO001344	1	0	14	
MYCO001345	44	0	58	
MYCO001346	12	0	28	
MYCO001347	9	0	34	
MYCO001348	240	0	77	
MYCO001349	100	0	50	
MYCO001350	13	0	26	
MYCO001351	13	0	18	
MYCO001352	12	0	26	
MYCO001353	156	0	36	
MYCO001354	195	0	87	
MYCO001355	555	0	109	
MYCO001356	192	0	36	
MYCO001357	32	0	39	
MYCO001358	991	0	110	
MYCO001359	51	0	27	
MYCO001360	105	0	31	
MYCO001361	1736	265	327	
MYCO001362	24	0	24	
MYCO001363	302	0	32	
MYCO001364	285	0	71	
MYCO001365	22	0	15	
MYCO001366	227	0	31	
MYCO001367	251	0	52	
MYCO001368	69	0	34	
MYCO001369	3584	0	0	
MYCO001370	427	2	15	
MYCO001371	848	0	43	
MYCO001372	25	0	58	
MYCO001373	79	0	42	
MYCO001374	4	0	27	
MYCO001375	202	0	51	
MYCO001376	301	0	56	
MYCO001377	11	0	24	
MYCO001378	477	0	55	
MYCO001379	42	0	18	
MYCO001382	112	0	28	
MYCO001386	108	0	17	
MYCO001387	1365	0	51	
MYCO001389	79	0	33	
MYCO001393	100	0	46	
MYCO001394	30	0	56	
MYCO001395	25	0	47	
MYCO001396	2467	0	45	
MYCO001397	14	0	20	
MYCO001398	2	0	13	
MYCO001399	92	0	46	
MYCO001400	116	0	41	
MYCO001401	126	0	30	
MYCO001403	203	0	33	
MYCO001404	8	0	14	
MYCO001405	24	0	40	
MYCO001406	261	0	34	
MYCO001409	468	0	27	
MYCO001411	5	0	31	
MYCO001413	13	0	29	
MYCO001414	13	0	19	
MYCO001417	8	0	25	
MYCO001418	12	0	22	
MYCO001419	9	0	24	
MYCO001422	185	0	29	
MYCO001423	230	0	36	
MYCO001424	43	0	39	
MYCO001425	27	0	49	
MYCO001426	59	0	62	
MYCO001427	171	0	58	
MYCO001428	5	0	38	
MYCO001429	154	0	56	
MYCO001430	423	0	53	
MYCO001431	45	0	93	
MYCO001432	364	0	39	
MYCO001433	9	0	29	
MYCO001434	22	0	4	
MYCO001435	756	0	29	
MYCO001439	6	949	17	
MYCO001441	1982	0	89	
MYCO001442	193	0	112	
MYCO001443	29	0	23	
MYCO001444	29	0	23	
MYCO001446	516	0	45	
MYCO001450	3581	0	3	
MYCO001452	3355	0	71	
MYCO001453	68	0	45	
MYCO001454	32	0	45	
MYCO001455	93	0	37	
MYCO001456	105	0	45	
MYCO001459	319	0	61	
MYCO001460	566	0	24	
MYCO001461	61	0	94	
MYCO001468	1849	0	32	
MYCO001469	301	0	68	
MYCO001470	7	0	13	
MYCO001471	21	0	9	
MYCO001472	38	0	45	
MYCO001476	2	0	23	
MYCO001477	99	0	49	
MYCO001478	46	0	21	
MYCO001482	33	0	37	
MYCO001486	28	0	38	
MYCO001487	7	0	19	
MYCO001488	44	0	29	
MYCO001489	12	0	18	
MYCO001490	35	0	68	
MYCO001491	5	0	34	
MYCO001492	404	0	66	
MYCO001494	5	0	12	
MYCO001495	6	0	18	
MYCO001496	31	0	38	
MYCO001497	123	0	54	
MYCO001498	44	0	37	
MYCO001499	30	0	17	
MYCO001500	65	0	48	
MYCO001501	36	0	34	
MYCO001502	71	0	54	
MYCO001503	3584	0	0	
MYCO001504	959	0	17	
MYCO001505	45	0	43	
MYCO001506	92	0	28	
MYCO001507	81	0	37	
MYCO001508	165	89	82	
MYCO001509	300	0	32	
MYCO001510	13	1936	37	
MYCO001511	70	0	48	
MYCO001512	49	0	40	
MYCO001513	47	0	22	
MYCO001514	33	0	30	
MYCO001515	47	0	37	
MYCO001516	205	0	38	
MYCO001517	30	0	28	
MYCO001518	111	0	44	
MYCO001519	543	0	14	
MYCO001520	565	0	45	
MYCO001521	119	0	60	
MYCO001522	326	0	132	
MYCO001523	76	0	43	
MYCO001524	405	0	45	
MYCO001525	449	0	35	
MYCO001526	380	0	51	
MYCO001527	889	0	244	
MYCO001528	31	0	13	
MYCO001529	57	0	73	
MYCO001530	51	0	52	
MYCO001531	15	0	19	
MYCO001532	69	0	20	
MYCO001533	111	0	30	
MYCO001534	23	0	26	
MYCO001535	5	0	6	
MYCO001537	126	0	59	
MYCO001538	254	0	42	
MYCO001539	25	0	22	
MYCO001541	30	0	18	
MYCO001542	13	12	18	
MYCO001543	12	0	34	
MYCO001544	67	0	33	
MYCO001545	17	0	13	
MYCO001546	57	0	26	
MYCO001548	140	0	91	
MYCO001549	3546	0	2	
MYCO001550	432	0	56	
MYCO001551	854	0	67	
MYCO001552	112	0	80	
MYCO001553	142	0	19	
MYCO001554	9	0	16	
MYCO001555	8	0	16	
MYCO001556	20	0	34	
MYCO001558	19	0	14	
MYCO001560	4	0	7	
MYCO001561	8	0	19	
MYCO001562	380	0	62	
MYCO001563	253	0	86	
MYCO001565	467	0	59	
MYCO001566	148	0	35	
MYCO001567	4	0	23	
MYCO001570	418	0	22	
MYCO001571	353	0	20	
MYCO001572	2548	0	11	
MYCO001573	2320	0	9	
MYCO001574	2424	0	13	
MYCO001575	3580	0	3	
MYCO001576	717	430	120	
MYCO001577	2209	0	12	
MYCO001578	2213	0	19	
MYCO001579	2196	0	17	
MYCO001580	2219	0	10	
MYCO001581	2698	0	8	
MYCO001582	2209	0	36	
MYCO001583	287	599	23	
MYCO001584	2318	0	8	
MYCO001585	2468	0	18	
MYCO001586	2281	0	35	
MYCO001587	3546	0	9	
MYCO001588	3450	4	46	
MYCO001590	11	0	8	
MYCO001591	26	0	38	
MYCO001592	16	0	64	
MYCO001596	14	0	21	
MYCO001597	33	0	29	
MYCO001598	34	0	11	
MYCO001602	10	0	25	
MYCO001604	26	0	31	
MYCO001606	22	0	20	
MYCO001607	53	0	29	
MYCO001608	1	0	12	
MYCO001610	450	0	26	
MYCO001613	8	0	34	
MYCO001614	42	0	49	
MYCO001615	6	0	27	
MYCO001616	12	0	16	
MYCO001618	17	0	27	
MYCO001619	183	0	50	
MYCO001620	568	0	41	
MYCO001621	495	0	45	
MYCO001622	16	0	42	
MYCO001623	9	0	54	
MYCO001624	17	0	31	
MYCO001625	169	0	60	
MYCO001628	54	0	16	
MYCO001631	56	0	46	
MYCO001632	56	0	15	
MYCO001634	55	0	53	
MYCO001635	54	0	56	
MYCO001636	2	0	20	
MYCO001637	209	0	33	
MYCO001639	747	1114	51	
MYCO001640	85	0	136	
MYCO001644	265	0	38	
MYCO001645	387	0	42	
MYCO001646	338	0	39	
MYCO001647	924	0	30	
MYCO001648	13	0	35	
MYCO001650	561	0	103	
MYCO001651	2035	0	102	
MYCO001660	584	0	31	
MYCO001661	1036	0	227	
MYCO001662	904	0	206	
MYCO001663	118	0	80	
MYCO001664	278	0	126	
MYCO001665	168	0	50	
MYCO001666	133	0	41	
MYCO001667	56	0	25	
MYCO001668	3499	0	3	
MYCO001669	97	0	14	
MYCO001670	33	0	17	
MYCO001671	8	0	22	
MYCO001672	312	0	44	
MYCO001673	274	0	45	
MYCO001674	294	0	20	
MYCO001675	235	0	36	
MYCO001676	17	0	48	
MYCO001677	19	0	28	
MYCO001678	433	0	40	
MYCO001679	42	0	41	
MYCO001680	50	0	38	
MYCO001681	44	0	39	
MYCO001682	296	0	37	
MYCO001683	554	0	85	
MYCO001684	31	0	11	
MYCO001685	18	0	27	
MYCO001686	23	0	30	
MYCO001687	17	0	40	
MYCO001688	112	0	32	
MYCO001690	13	0	14	
MYCO001691	209	0	36	
MYCO001692	402	0	32	
MYCO001693	12	0	10	
MYCO001696	31	0	58	
MYCO001698	341	0	31	
MYCO001700	8	0	28	
MYCO001702	392	0	60	
MYCO001703	9	0	22	
MYCO001704	27	0	76	
MYCO001705	780	0	37	
MYCO001706	275	0	40	
MYCO001707	60	0	54	
MYCO001710	7	0	25	
MYCO001714	455	0	36	
MYCO001715	397	0	45	
MYCO001716	10	0	43	
MYCO001717	733	0	19	
MYCO001718	70	0	48	
MYCO001719	107	0	49	
MYCO001720	57	0	17	
MYCO001721	6	0	6	
MYCO001722	372	0	60	
MYCO001723	189	0	49	
MYCO001724	59	0	13	
MYCO001725	187	0	31	
MYCO001726	222	0	84	
MYCO001727	40	0	24	
MYCO001728	12	0	35	
MYCO001729	27	0	37	
MYCO001730	647	0	81	
MYCO001731	267	0	53	
MYCO001732	209	0	18	
MYCO001733	5	0	34	
MYCO001734	6	0	10	
MYCO001735	28	0	25	
MYCO001736	587	1487	90	
MYCO001737	597	0	33	
MYCO001738	39	0	21	
MYCO001739	193	0	68	
MYCO001740	8	0	9	
MYCO001741	6	1112	11	
MYCO001742	109	0	35	
MYCO001743	391	0	54	
MYCO001744	551	0	20	
MYCO001745	30	0	34	
MYCO001746	185	0	56	
MYCO001747	250	0	85	
MYCO001748	21	0	32	
MYCO001749	31	0	29	
MYCO001750	146	0	57	
MYCO001751	90	0	57	
MYCO001752	17	0	23	
MYCO001753	3554	0	19	
MYCO001754	1571	0	40	
MYCO001755	3584	0	0	
MYCO001756	3584	0	0	
MYCO001757	427	2	15	
MYCO001758	2456	0	28	
MYCO001759	3383	0	30	
MYCO001760	1894	0	44	
MYCO001761	1862	0	18	
MYCO001762	1892	0	24	
MYCO001763	427	2	15	
MYCO001764	3584	0	0	
MYCO001765	3578	0	2	
MYCO001766	16	0	8	
MYCO001767	8	0	17	
MYCO001768	1746	0	53	
MYCO001769	215	0	54	
MYCO001770	217	0	57	
MYCO001771	4	0	49	
MYCO001772	16	0	9	
MYCO001773	15	0	37	
MYCO001774	56	0	72	
MYCO001775	953	0	25	
MYCO001776	21	0	31	
MYCO001777	228	0	69	
MYCO001778	405	0	16	
MYCO001779	329	0	92	
MYCO001780	9	0	20	
MYCO001781	383	0	94	
MYCO001782	85	0	42	
MYCO001783	193	0	104	
MYCO001785	20	0	39	
MYCO001786	2	0	11	
MYCO001787	3126	0	28	
MYCO001788	12	10	21	
MYCO001789	364	0	51	
MYCO001790	1520	0	53	
MYCO001791	18	0	12	
MYCO001792	3584	0	0	
MYCO001793	300	1341	92	
MYCO001794	5	0	32	
MYCO001795	377	0	55	
MYCO001796	154	0	73	
MYCO001797	15	0	52	
MYCO001798	22	0	51	
MYCO001799	291	0	8	
MYCO001800	134	0	91	
MYCO001801	975	0	60	
MYCO001802	661	0	53	
MYCO001803	1058	0	61	
MYCO001804	23	0	17	
MYCO001805	2	0	23	
MYCO001806	8	0	13	
MYCO001807	3584	0	0	
MYCO001808	246	0	47	
MYCO001809	167	0	42	
MYCO001810	4	0	13	
MYCO001811	25	0	41	
MYCO001812	182	0	51	
MYCO001813	13	0	22	
MYCO001814	166	0	55	
MYCO001815	523	0	47	
MYCO001816	505	991	21	
MYCO001817	408	0	66	
MYCO001818	2380	0	52	
MYCO001819	119	0	54	
MYCO001820	113	0	54	
MYCO001822	15	0	26	
MYCO001823	101	0	40	
MYCO001824	14	0	18	
MYCO001825	16	0	39	
MYCO001826	2	0	11	
MYCO001828	14	0	23	
MYCO001831	40	0	11	
MYCO001833	20	0	35	
MYCO001834	34	0	28	
MYCO001835	186	0	81	
MYCO001836	231	0	81	
MYCO001838	9	0	15	
MYCO001839	2	0	8	
MYCO001840	1740	0	53	
MYCO001841	49	0	47	
MYCO001845	669	0	29	
MYCO001846	27	0	25	
MYCO001847	41	0	29	
MYCO001848	50	0	14	
MYCO001849	3	0	7	
MYCO001850	216	0	72	
MYCO001851	349	0	29	
MYCO001852	70	0	17	
MYCO001853	20	0	27	
MYCO001855	55	0	43	
MYCO001856	499	0	32	
MYCO001857	8	0	29	
MYCO001858	26	0	20	
MYCO001859	69	0	41	
MYCO001860	574	0	39	
MYCO001861	4	0	17	
MYCO001862	30	0	38	
MYCO001863	30	0	33	
MYCO001864	13	0	30	
MYCO001865	9	0	27	
MYCO001866	89	0	88	
MYCO001867	191	0	63	
MYCO001868	283	0	92	
MYCO001869	132	0	34	
MYCO001870	409	0	28	
MYCO001871	132	0	22	
MYCO001872	31	0	66	
MYCO001873	45	0	29	
MYCO001874	24	0	38	
MYCO001875	22	0	25	
MYCO001876	51	0	22	
MYCO001877	172	0	86	
MYCO001878	246	0	50	
MYCO001879	151	0	39	
MYCO001880	50	0	64	
MYCO001881	34	0	20	
MYCO001882	12	0	37	
MYCO001883	24	0	25	
MYCO001884	15	0	21	
MYCO001885	28	0	36	
MYCO001887	188	0	51	
MYCO001888	3012	0	3	
MYCO001889	24	0	11	
MYCO001890	15	0	27	
MYCO001891	8	0	26	
MYCO001892	16	0	12	
MYCO001893	9	0	14	
MYCO001895	1031	0	27	
MYCO001896	238	0	52	
MYCO001897	31	0	24	
MYCO001898	13	0	9	
MYCO001899	1345	0	46	
MYCO001900	106	0	68	
MYCO001901	128	0	57	
MYCO001902	109	0	54	
MYCO001903	15	0	22	
MYCO001904	10	0	15	
MYCO001905	39	0	43	
MYCO001906	12	0	20	
MYCO001907	2526	0	29	
MYCO001908	122	0	130	
MYCO001909	8	0	25	
MYCO001910	114	0	29	
MYCO001911	125	0	27	
MYCO001912	1087	0	24	
MYCO001913	18	0	31	
MYCO001914	11	0	22	
MYCO001915	2219	0	18	
MYCO001916	52	0	35	
MYCO001917	3568	0	10	
MYCO001918	703	0	128	
MYCO001919	9	0	19	
MYCO001920	14	0	47	
MYCO001921	581	0	53	
MYCO001922	59	0	42	
MYCO001923	74	0	69	
MYCO001924	14	0	19	
MYCO001925	35	0	56	
MYCO001926	14	0	20	
MYCO001927	100	0	40	
MYCO001928	624	0	30	
MYCO001929	712	0	40	
MYCO001930	127	0	28	
MYCO001931	38	0	30	
MYCO001932	39	0	28	
MYCO001933	515	0	42	
MYCO001934	341	0	54	
MYCO001935	38	0	48	
MYCO001936	22	0	50	
MYCO001937	380	0	84	
MYCO001938	60	0	55	
MYCO001939	340	0	27	
MYCO001940	2945	0	11	
MYCO001941	60	0	34	
MYCO001942	4	0	14	
MYCO001943	14	0	18	
MYCO001944	26	0	38	
MYCO001945	3374	44	31	
MYCO001946	34	0	21	
MYCO001947	67	0	19	
MYCO001948	111	0	27	
MYCO001949	3584	0	0	
MYCO001950	13	0	7	
MYCO001951	161	0	11	
MYCO001952	11	0	7	
MYCO001953	10	0	24	
MYCO001954	33	0	26	
MYCO001955	19	0	17	
MYCO001956	38	0	25	
MYCO001957	17	0	24	
MYCO001958	53	0	34	
MYCO001959	2	0	11	
MYCO001960	2	0	10	
MYCO001961	88	0	28	
MYCO001962	8	0	20	
MYCO001963	88	0	37	
MYCO001964	128	0	23	
MYCO001965	133	0	36	
MYCO001966	105	0	51	
MYCO001967	95	0	51	
MYCO001968	1163	0	52	
MYCO001969	151	0	56	
MYCO001970	75	0	43	
MYCO001971	334	0	63	
MYCO001972	65	0	29	
MYCO001973	157	0	18	
MYCO001974	53	0	21	
MYCO001975	451	0	31	
MYCO001976	98	0	17	
MYCO001977	453	0	26	
MYCO001978	668	0	35	
MYCO001979	97	0	52	
MYCO001980	26	0	28	
MYCO001982	23	0	24	
MYCO001983	1002	0	60	
MYCO001984	172	0	30	
MYCO001985	108	0	29	
MYCO001986	43	0	36	
MYCO001987	34	0	23	
MYCO001988	96	0	25	
MYCO001989	23	0	21	
MYCO001990	1	0	12	
MYCO001991	3	0	12	
MYCO001992	1175	0	73	
MYCO001993	700	0	18	
MYCO001994	488	0	16	
MYCO001995	673	0	31	
MYCO001996	650	0	31	
MYCO001997	1577	0	83	
MYCO001998	36	0	33	
MYCO001999	259	0	62	
MYCO002000	83	0	76	
MYCO002001	13	0	39	
MYCO002002	32	0	25	
MYCO002003	78	0	45	
MYCO002004	132	0	54	
MYCO002005	13	0	34	
MYCO002006	177	0	174	
MYCO002007	4	0	10	
MYCO002008	22	0	56	
MYCO002009	5	0	9	
MYCO002010	17	0	13	
MYCO002011	2	0	21	
MYCO002012	11	0	32	
MYCO002013	358	0	19	
MYCO002014	90	0	30	
MYCO002015	998	0	63	
MYCO002016	847	0	19	
MYCO002017	69	0	41	
MYCO002018	92	0	18	
MYCO002019	319	0	13	
MYCO002020	132	0	15	
MYCO002021	79	0	12	
MYCO002022	101	0	37	
MYCO002023	237	0	14	
MYCO002024	3311	0	17	
MYCO002025	70	0	45	
MYCO002026	20	0	42	
MYCO002027	826	0	42	
MYCO002028	160	0	32	
MYCO002029	120	0	44	
MYCO002030	222	0	86	
MYCO002031	10	0	21	
MYCO002032	147	0	39	
MYCO002033	500	0	38	
MYCO002034	175	0	10	
MYCO002035	5	0	25	
MYCO002036	13	0	27	
MYCO002037	45	0	56	
MYCO002038	7	0	33	
MYCO002039	6	0	27	
MYCO002040	11	0	24	
MYCO002041	17	0	49	
MYCO002042	81	0	36	
MYCO002043	160	0	153	
MYCO002044	552	0	14	
MYCO002045	41	0	71	
MYCO002046	143	0	29	
MYCO002047	198	0	83	
MYCO002048	3545	0	25	
MYCO002049	18	0	9	
MYCO002051	226	0	92	
MYCO002052	541	0	68	
MYCO002053	17	0	32	
MYCO002054	28	0	32	
MYCO002059	208	0	84	
MYCO002060	164	0	22	
MYCO002061	24	0	20	
MYCO002062	728	0	132	
MYCO002063	2	0	10	
MYCO002064	561	0	37	
MYCO002065	591	0	25	
MYCO002066	446	0	77	
MYCO002067	43	0	44	
MYCO002068	14	0	38	
MYCO002069	85	0	22	
MYCO002070	1367	0	25	
MYCO002071	47	0	53	
MYCO002072	221	0	48	
MYCO002073	178	0	31	
MYCO002074	80	0	13	
MYCO002075	198	0	65	
MYCO002076	2	0	7	
MYCO002077	74	0	44	
MYCO002078	6	0	20	
MYCO002079	844	0	60	
MYCO002080	22	0	31	
MYCO002081	2116	0	22	
MYCO002082	1704	0	97	
MYCO002083	258	0	44	
MYCO002084	1800	0	16	
MYCO002085	22	0	17	
MYCO002086	12	0	25	
MYCO002087	12	0	11	
MYCO002088	1127	0	53	
MYCO002091	44	0	32	
MYCO002094	1	0	11	
MYCO002095	441	0	38	
MYCO002098	3584	0	0	
MYCO002099	3584	0	0	
MYCO002100	769	0	59	
MYCO002101	717	0	110	
MYCO002102	189	0	27	
MYCO002103	42	0	23	
MYCO002104	3	0	15	
MYCO002105	427	2	15	
MYCO002106	3584	0	0	
MYCO002107	58	0	18	
MYCO002108	114	0	28	
MYCO002113	74	0	53	
MYCO002114	47	0	26	
MYCO002116	44	0	20	
MYCO002117	40	0	9	
MYCO002120	289	0	22	
MYCO002123	2153	0	35	
MYCO002124	263	0	125	
MYCO002126	1748	0	24	
MYCO002127	147	0	68	
MYCO002128	3	0	11	
MYCO002129	54	0	37	
MYCO002131	44	0	37	
MYCO002132	33	0	13	
MYCO002133	43	0	25	
MYCO002135	519	0	24	
MYCO002136	59	0	31	
MYCO002137	23	0	19	
MYCO002138	68	0	41	
MYCO002142	6	0	17	
MYCO002143	73	0	51	
MYCO002144	40	0	14	
MYCO002146	2	0	12	
MYCO002147	626	0	27	
MYCO002148	624	0	26	
MYCO002149	57	0	16	
MYCO002152	306	0	54	
MYCO002158	1036	0	64	
MYCO002159	695	0	53	
MYCO002160	1919	0	9	
MYCO002161	490	1029	41	
MYCO002162	2626	0	53	
MYCO002164	357	0	48	
MYCO002165	25	0	50	
MYCO002167	3584	0	0	
MYCO002168	427	2	15	
MYCO002169	19	0	17	
MYCO002171	12	0	32	
MYCO002172	14	0	38	
MYCO002173	182	0	43	
MYCO002174	56	0	56	
MYCO002175	4	0	20	
MYCO002177	1847	105	34	
MYCO002180	657	0	34	
MYCO002181	37	0	47	
MYCO002183	2	0	14	
MYCO002184	16	0	37	
MYCO002185	3	0	14	
MYCO002189	418	0	34	
MYCO002190	537	0	38	
MYCO002191	342	0	72	
MYCO002197	91	0	25	
MYCO002198	472	0	48	
MYCO002203	162	0	31	
MYCO002204	4	0	14	
MYCO002205	444	0	47	
MYCO002206	16	0	30	
MYCO002207	647	0	31	
MYCO002208	261	0	37	
MYCO002209	250	0	60	
MYCO002212	47	0	56	
MYCO002214	56	0	66	
MYCO002215	536	0	61	
MYCO002223	189	0	60	
MYCO002224	35	0	56	
MYCO002226	479	0	59	
MYCO002227	441	0	19	
MYCO002229	21	0	23	
MYCO002231	92	0	32	
MYCO002232	146	0	32	
MYCO002234	12	0	22	
MYCO002236	640	0	36	
MYCO002237	3	0	35	
MYCO002238	4	0	7	
MYCO002240	25	0	23	
MYCO002248	101	0	21	
MYCO002249	468	0	56	
MYCO002250	16	0	18	
MYCO002251	3582	0	1	
MYCO002252	15	0	40	
MYCO002253	32	0	23	
MYCO002254	21	0	24	
MYCO002255	22	0	13	
MYCO002256	3	0	15	
MYCO002258	342	0	45	
MYCO002260	10	0	27	
MYCO002261	27	0	18	
MYCO002262	3546	0	2	
MYCO002263	769	0	37	
MYCO002264	1701	0	52	
MYCO002265	371	0	45	
MYCO002266	20	0	54	
MYCO002267	45	0	51	
MYCO002268	200	0	63	
MYCO002269	16	0	19	
MYCO002270	140	0	28	
MYCO002271	128	0	11	
MYCO002272	129	0	12	
MYCO002273	144	0	16	
MYCO002274	147	0	24	
MYCO002275	449	0	34	
MYCO002276	150	0	48	
MYCO002277	149	3326	39	
MYCO002278	427	2	15	
MYCO002279	3584	0	0	
MYCO002280	236	0	54	
MYCO002281	28	0	66	
MYCO002282	459	1185	33	
MYCO002283	21	0	11	
MYCO002284	166	0	36	
MYCO002285	323	0	48	
MYCO002286	374	947	27	
MYCO002287	100	0	59	
MYCO002288	10	0	23	
MYCO002289	82	0	35	
MYCO002290	31	0	28	
MYCO002291	42	0	34	
MYCO002292	18	0	7	
MYCO002293	1751	0	16	
MYCO002294	30	0	55	
MYCO002295	16	0	25	
MYCO002296	83	0	34	
MYCO002297	8	0	20	
MYCO002298	17	0	41	
MYCO002299	54	0	59	
MYCO002300	65	0	46	
MYCO002301	50	0	37	
MYCO002302	5	0	11	
MYCO002303	17	0	47	
MYCO002304	10	0	9	
MYCO002305	280	0	61	
MYCO002307	256	0	40	
MYCO002308	115	0	38	
MYCO002309	14	0	17	
MYCO002310	71	0	23	
MYCO002311	41	0	22	
MYCO002312	3	0	8	
MYCO002313	50	0	39	
MYCO002314	111	0	49	
MYCO002316	11	0	32	
MYCO002317	10	0	21	
MYCO002318	729	0	41	
MYCO002319	1403	0	31	
MYCO002320	41	0	53	
MYCO002321	9	0	25	
MYCO002322	11	0	26	
MYCO002323	22	0	52	
MYCO002324	8	0	27	
MYCO002325	220	0	32	
MYCO002326	320	0	66	
MYCO002327	63	0	18	
MYCO002328	36	0	41	
MYCO002329	200	0	69	
MYCO002330	11	0	26	
MYCO002331	7	0	19	
MYCO002332	39	0	60	
MYCO002333	543	0	39	
MYCO002334	81	0	33	
MYCO002335	102	0	31	
MYCO002336	211	0	41	
MYCO002337	112	0	42	
MYCO002338	388	0	44	
MYCO002339	931	0	102	
MYCO002340	427	0	48	
MYCO002341	76	0	20	
MYCO002342	17	0	16	
MYCO002345	314	0	77	
MYCO002346	300	1565	108	
MYCO002347	2023	390	102	
MYCO002348	27	0	16	
MYCO002349	372	0	64	
MYCO002350	437	1327	44	
MYCO002351	440	1335	44	
MYCO002352	819	24	50	
MYCO002353	3502	0	5	
MYCO002354	427	2	15	
MYCO002355	3584	0	0	
MYCO002356	2669	0	40	
MYCO002358	8	0	13	
MYCO002359	2	0	40	
MYCO002360	12	0	23	
MYCO002363	973	0	28	
MYCO002365	365	0	10	
MYCO002369	34	0	15	
MYCO002370	32	0	59	
MYCO002371	149	0	6	
MYCO002372	125	0	32	
MYCO002375	6	0	11	
MYCO002376	61	0	26	
MYCO002377	16	0	9	
MYCO002378	68	0	41	
MYCO002379	306	0	109	
MYCO002380	634	0	156	
MYCO002381	270	0	99	
MYCO002382	143	0	46	
MYCO002383	562	431	138	
MYCO002384	294	0	40	
MYCO002385	62	0	51	
MYCO002386	126	0	45	
MYCO002387	16	0	44	
MYCO002388	108	0	45	
MYCO002389	9	0	19	
MYCO002390	44	0	21	
MYCO002391	13	0	54	
MYCO002392	77	0	27	
MYCO002393	127	2190	33	
MYCO002394	113	0	81	
MYCO002395	302	0	66	
MYCO002396	2021	0	42	
MYCO002397	86	0	43	
MYCO002398	3	0	32	
MYCO002401	3	0	15	
MYCO002403	60	0	21	
MYCO002405	30	0	29	
MYCO002406	117	0	15	
MYCO002407	181	0	45	
MYCO002408	241	0	23	
MYCO002414	283	0	66	
MYCO002415	77	0	33	
MYCO002416	88	0	51	
MYCO002417	664	0	27	
MYCO002418	152	0	33	
MYCO002419	94	0	28	
MYCO002422	14	0	11	
MYCO002423	27	0	45	
MYCO002424	3441	0	16	
MYCO002428	63	0	31	
MYCO002429	12	0	18	
MYCO002430	24	0	23	
MYCO002431	11	1278	14	
MYCO002432	30	0	17	
MYCO002433	10	0	13	
MYCO002434	675	0	55	
MYCO002435	111	0	87	
MYCO002436	246	0	40	
MYCO002437	814	0	11	
MYCO002438	64	0	63	
MYCO002443	33	0	65	
MYCO002444	314	0	99	
MYCO002446	9	0	16	
MYCO002449	389	0	51	
MYCO002450	251	0	35	
MYCO002451	37	0	18	
MYCO002452	0	0	13	
MYCO002453	34	0	29	
MYCO002456	52	0	43	
MYCO002458	28	0	29	
MYCO002459	40	0	53	
MYCO002463	12	0	32	
MYCO002464	94	0	44	
MYCO002468	31	0	23	
MYCO002469	39	0	33	
MYCO002471	53	0	74	
MYCO002472	4	0	12	
MYCO002473	70	0	29	
MYCO002474	135	0	30	
MYCO002475	4	0	16	
MYCO002476	773	0	131	
MYCO002478	280	0	21	
MYCO002479	3584	0	0	
MYCO002480	427	2	15	
MYCO002481	157	0	19	
MYCO002482	164	0	95	
MYCO002483	51	0	58	
MYCO002484	31	0	73	
MYCO002485	90	0	63	
MYCO002486	173	0	25	
MYCO002487	2114	0	77	
MYCO002488	745	0	122	
MYCO002489	69	0	13	
MYCO002490	3468	0	22	
MYCO002491	81	0	33	
MYCO002492	91	0	47	
MYCO002493	9	0	9	
MYCO002494	8	0	19	
MYCO002495	146	0	52	
MYCO002496	25	0	34	
MYCO002497	36	0	33	
MYCO002498	44	0	34	
MYCO002499	10	0	24	
MYCO002501	336	0	88	
MYCO002503	24	0	30	
MYCO002504	30	0	36	
MYCO002505	121	0	74	
MYCO002506	41	0	20	
MYCO002507	215	0	35	
MYCO002508	77	0	55	
MYCO002510	116	0	69	
MYCO002512	3484	33	9	
MYCO002513	18	0	20	
MYCO002514	34	0	23	
MYCO002515	23	0	50	
MYCO002516	11	0	26	
MYCO002517	31	0	7	
MYCO002519	475	0	70	
MYCO002520	1	0	14	
MYCO002522	340	0	67	
MYCO002525	200	0	23	
MYCO002526	1034	0	4	
MYCO002527	21	0	20	
MYCO002528	18	0	36	
MYCO002529	323	0	65	
MYCO002530	9	0	21	
MYCO002531	84	0	107	
MYCO002532	21	0	19	
MYCO002535	207	0	30	
MYCO002536	20	0	26	
MYCO002537	10	0	15	
MYCO002539	380	0	13	
MYCO002541	1509	0	12	
MYCO002542	409	0	61	
MYCO002543	1284	1008	43	
MYCO002544	1286	1031	59	
MYCO002545	805	0	14	
MYCO002546	4	0	17	
MYCO002547	15	0	19	
MYCO002548	26	0	19	
MYCO002549	61	0	17	
MYCO002550	2	0	13	
MYCO002551	239	0	14	
MYCO002552	246	0	36	
MYCO002553	118	0	54	
MYCO002554	97	0	14	
MYCO002556	8	0	16	
MYCO002557	18	0	30	
MYCO002558	29	0	20	
MYCO002560	104	0	43	
MYCO002561	3529	0	7	
MYCO002562	4	0	30	
MYCO002563	73	0	47	
MYCO002564	27	1308	40	
MYCO002565	84	0	67	
MYCO002566	989	0	106	
MYCO002567	98	0	87	
MYCO002569	31	0	30	
MYCO002570	463	0	24	
MYCO002571	115	0	53	
MYCO002573	98	0	43	
MYCO002574	30	0	27	
MYCO002576	46	0	25	
MYCO002577	36	0	56	
MYCO002578	111	0	40	
MYCO002579	65	0	32	
MYCO002581	3	0	19	
MYCO002584	43	0	28	
MYCO002585	195	0	70	
MYCO002586	484	0	52	
MYCO002588	2	0	15	
MYCO002590	162	0	123	
MYCO002591	1682	0	71	
MYCO002595	25	0	10	
MYCO002596	8	0	23	
MYCO002597	36	0	28	
MYCO002598	33	0	21	
MYCO002599	206	0	23	
MYCO002600	35	0	14	
MYCO002601	301	0	50	
MYCO002602	7	0	16	
MYCO002604	42	0	24	
MYCO002605	74	0	32	
MYCO002607	9	0	25	
MYCO002608	600	0	48	
MYCO002609	201	0	37	
MYCO002615	3341	0	66	
MYCO002616	44	0	23	
MYCO002617	2	0	17	
MYCO002618	201	0	24	
MYCO002619	4	0	11	
MYCO002620	8	0	15	
MYCO002621	273	0	34	
MYCO002622	53	0	32	
MYCO002623	106	0	31	
MYCO002624	181	0	40	
MYCO002625	37	0	41	
MYCO002626	9	0	18	
MYCO002627	53	0	61	
MYCO002628	59	0	29	
MYCO002629	333	0	32	
MYCO002630	10	0	29	
MYCO002631	72	0	55	
MYCO002632	5	0	9	
MYCO002633	8	0	33	
MYCO002634	1996	0	65	
MYCO002635	8	0	13	
MYCO002636	39	0	36	
MYCO002637	184	1124	28	
MYCO002638	60	0	23	
MYCO002639	27	0	14	
MYCO002640	35	0	19	
MYCO002641	6	0	18	
MYCO002642	15	0	18	
MYCO002643	169	0	80	
MYCO002644	27	0	17	
MYCO002645	885	0	16	
MYCO002646	612	0	42	
MYCO002647	405	0	10	
MYCO002648	427	2	15	
MYCO002649	3584	0	0	
MYCO002650	717	380	109	
MYCO002651	147	698	35	
MYCO002652	409	0	39	
MYCO002653	353	0	24	
MYCO002654	1878	0	11	
MYCO002655	1051	0	45	
MYCO002656	287	562	23	
MYCO002657	408	0	15	
MYCO002658	329	0	11	
MYCO002659	353	0	31	
MYCO002660	8	0	14	
MYCO002661	19	0	14	
MYCO002662	8	0	13	
MYCO002663	1	0	14	
MYCO002664	18	0	12	
MYCO002665	213	0	16	
MYCO002666	3498	0	9	
MYCO002667	32	0	18	
MYCO002668	329	0	19	
MYCO002669	17	0	20	
MYCO002671	61	0	20	
MYCO002672	221	0	61	
MYCO002674	1	0	13	
MYCO002675	13	0	44	
MYCO002677	1041	0	33	
MYCO002679	91	0	30	
MYCO002680	391	0	27	
MYCO002681	471	0	40	
MYCO002683	7	0	22	
MYCO002684	22	285	56	
MYCO002685	254	0	45	
MYCO002686	27	0	29	
MYCO002687	33	0	36	
MYCO002688	64	0	42	
MYCO002689	115	0	42	
MYCO002690	82	0	43	
MYCO002691	8	0	25	
MYCO002692	25	0	22	
MYCO002693	14	0	21	
MYCO002694	7	0	32	
MYCO002695	339	0	22	
MYCO002698	6	0	18	
MYCO002700	2222	0	19	
MYCO002701	34	0	43	
MYCO002704	12	0	13	
MYCO002705	10	0	18	
MYCO002706	71	0	12	
MYCO002707	23	0	32	
MYCO002709	328	0	33	
MYCO002712	211	0	58	
MYCO002713	71	0	68	
MYCO002716	13	0	25	
MYCO002717	140	0	15	
MYCO002718	12	0	14	
MYCO002719	314	0	29	
MYCO002721	790	0	72	
MYCO002722	4	0	14	
MYCO002723	28	0	48	
MYCO002728	60	0	28	
MYCO002729	35	0	38	
MYCO002730	6	0	22	
MYCO002732	63	0	36	
MYCO002734	20	0	33	
MYCO002735	532	0	37	
MYCO002736	113	0	25	
MYCO002737	12	0	70	
MYCO002738	247	0	9	
MYCO002739	979	0	21	
MYCO002740	12	0	26	
MYCO002741	2383	0	59	
MYCO002742	152	0	28	
MYCO002743	277	0	31	
MYCO002745	4	0	20	
MYCO002746	131	0	22	
MYCO002747	22	0	16	
MYCO002749	20	0	14	
MYCO002751	27	0	28	
MYCO002752	75	0	103	
MYCO002755	8	0	8	
MYCO002756	37	0	70	
MYCO002757	37	0	21	
MYCO002758	7	0	12	
MYCO002759	36	0	20	
MYCO002760	93	0	14	
MYCO002761	24	0	49	
MYCO002762	229	0	31	
MYCO002763	25	0	14	
MYCO002765	208	0	30	
MYCO002766	48	0	28	
MYCO002767	15	0	19	
MYCO002768	323	0	56	
MYCO002769	626	0	43	
MYCO002770	133	0	51	
MYCO002771	26	0	16	
MYCO002772	36	0	22	
MYCO002774	644	0	13	
MYCO002775	89	0	21	
MYCO002776	23	0	36	
MYCO002777	363	0	35	
MYCO002778	13	0	21	
MYCO002779	35	0	28	
MYCO002780	117	0	36	
MYCO002781	540	0	44	
MYCO002784	6	0	16	
MYCO002786	6	0	35	
MYCO002787	213	0	85	
MYCO002789	43	0	44	
MYCO002790	258	0	45	
MYCO002791	71	1782	53	
MYCO002792	71	0	28	
MYCO002793	357	0	30	
MYCO002796	36	0	32	
MYCO002797	184	0	55	
MYCO002798	4	0	13	
MYCO002799	78	0	35	
MYCO002800	674	0	63	
MYCO002801	41	0	11	
MYCO002802	703	0	43	
MYCO002803	35	0	19	
MYCO002804	72	0	32	
MYCO002805	48	0	18	
MYCO002806	24	0	6	
MYCO002807	964	0	43	
MYCO002808	191	0	7	
MYCO002809	47	0	13	
MYCO002810	3584	0	0	
MYCO002811	650	0	22	
MYCO002812	451	0	58	
MYCO002813	330	0	32	
MYCO002814	3584	0	0	
MYCO002815	427	2	15	
MYCO002816	848	0	11	
MYCO002817	908	0	33	
MYCO002818	999	0	24	
MYCO002819	899	0	39	
MYCO002820	833	0	38	
MYCO002821	39	0	25	
MYCO002822	13	0	16	
MYCO002823	65	0	87	
MYCO002824	18	0	45	
MYCO002825	2761	0	28	
MYCO002826	41	0	31	
MYCO002827	18	0	23	
MYCO002829	101	0	19	
MYCO002830	5	0	13	
MYCO002831	146	0	30	
MYCO002832	106	0	52	
MYCO002833	212	0	54	
MYCO002834	24	0	34	
MYCO002835	20	0	44	
MYCO002836	215	0	57	
MYCO002837	84	0	25	
MYCO002840	4	0	17	
MYCO002842	2	0	19	
MYCO002843	138	0	13	
MYCO002844	16	0	19	
MYCO002845	164	0	52	
MYCO002848	889	0	41	
MYCO002849	30	0	36	
MYCO002850	1108	0	76	
MYCO002851	12	0	20	
MYCO002852	88	0	61	
MYCO002853	1563	0	81	
MYCO002854	29	0	43	
MYCO002855	170	0	43	
MYCO002856	23	0	30	
MYCO002857	10	0	22	
MYCO002858	352	0	60	
MYCO002859	1129	0	47	
MYCO002860	25	0	52	
MYCO002862	9	0	19	
MYCO002863	6	0	15	
MYCO002865	6	0	11	
MYCO002866	7	0	7	
MYCO002867	428	0	38	
MYCO002869	17	0	49	
MYCO002871	643	0	10	
MYCO002872	54	0	20	
MYCO002873	7	0	18	
MYCO002874	182	0	81	
MYCO002875	110	0	21	
MYCO002876	2	0	27	
MYCO002877	104	0	40	
MYCO002878	12	0	20	
MYCO002879	3584	0	0	
MYCO002880	3327	0	6	
MYCO002881	8	0	29	
MYCO002884	86	0	30	
MYCO002885	146	617	69	
MYCO002886	86	0	36	
MYCO002887	20	0	17	
MYCO002888	306	0	48	
MYCO002891	640	0	29	
MYCO002892	196	0	48	
MYCO002893	43	0	54	
MYCO002895	151	0	38	
MYCO002896	277	0	52	
MYCO002897	221	0	72	
MYCO002898	8	0	19	
MYCO002899	7	0	26	
MYCO002900	35	0	76	
MYCO002903	44	0	37	
MYCO002905	30	0	50	
MYCO002906	9	0	18	
MYCO002907	80	0	18	
MYCO002908	29	0	7	
MYCO002910	5	0	25	
MYCO002911	88	0	27	
MYCO002912	17	0	17	
MYCO002913	76	0	85	
MYCO002914	231	0	58	
MYCO002920	82	0	68	
MYCO002922	662	0	84	
MYCO002923	44	0	17	
MYCO002924	50	0	31	
MYCO002925	20	0	23	
MYCO002926	6	0	30	
MYCO002928	11	0	27	
MYCO002929	18	0	16	
MYCO002930	29	0	50	
MYCO002931	3214	0	79	
MYCO002932	1003	0	134	
MYCO002933	919	0	132	
MYCO002934	1043	0	136	
MYCO002935	511	0	134	
MYCO002936	22	0	33	
MYCO002937	8	0	23	
MYCO002938	7	0	26	
MYCO002939	16	1684	37	
MYCO002940	200	0	196	
MYCO002941	22	0	68	
MYCO002942	81	0	102	
MYCO002943	134	0	49	
MYCO002944	23	0	37	
MYCO002945	1	0	25	
MYCO002946	667	0	158	
MYCO002947	1820	0	26	
MYCO002948	76	0	89	
MYCO002949	75	0	36	
MYCO002950	129	0	67	
MYCO002951	99	0	41	
MYCO002952	13	0	31	
MYCO002953	44	0	47	
MYCO002954	32	0	33	
MYCO002955	135	0	53	
MYCO002956	25	0	40	
MYCO002957	42	0	37	
MYCO002958	152	0	55	
MYCO002959	468	0	31	
MYCO002960	16	0	19	
MYCO002961	13	0	10	
MYCO002962	403	0	42	
MYCO002963	464	0	35	
MYCO002964	50	0	36	
MYCO002966	124	0	11	
MYCO002968	15	0	17	
MYCO002969	27	0	24	
MYCO002970	57	0	39	
MYCO002971	72	0	31	
MYCO002972	15	0	33	
MYCO002973	139	0	54	
MYCO002974	440	0	60	
MYCO002975	1744	0	6	
MYCO002977	212	0	25	
MYCO002978	70	1540	49	
MYCO002979	17	0	24	
MYCO002980	327	0	23	
MYCO002983	412	0	29	
MYCO002985	49	0	47	
MYCO002986	46	0	24	
MYCO002987	14	0	17	
MYCO002989	354	0	27	
MYCO002990	22	0	31	
MYCO002991	24	0	17	
MYCO002994	389	0	45	
MYCO002997	326	0	46	
MYCO002998	5	0	17	
MYCO002999	32	0	42	
MYCO003000	31	0	25	
MYCO003002	2	0	15	
MYCO003004	16	0	12	
MYCO003005	29	0	23	
MYCO003007	325	0	21	
MYCO003008	31	0	28	
MYCO003012	8	0	11	
MYCO003013	300	0	18	
MYCO003015	197	0	43	
MYCO003016	24	0	19	
MYCO003017	385	0	17	
MYCO003018	2749	0	27	
MYCO003019	1	58	24	
MYCO003020	12	12	18	
MYCO003021	3567	0	6	
MYCO003022	3584	0	0	
MYCO003023	3484	32	8	
MYCO003026	56	0	43	
MYCO003030	97	0	25	
MYCO003033	12	0	22	
MYCO003035	166	0	27	
MYCO003036	11	0	27	
MYCO003037	219	0	49	
MYCO003039	98	0	29	
MYCO003040	177	0	33	
MYCO003041	14	0	26	
MYCO003044	253	0	51	
MYCO003046	14	0	16	
MYCO003047	101	0	18	
MYCO003050	16	0	32	
MYCO003055	21	1116	21	
MYCO003056	30	0	54	
MYCO003058	6	0	24	
MYCO003059	40	0	42	
MYCO003060	625	0	76	
MYCO003061	372	0	72	
MYCO003062	1001	0	59	
MYCO003063	135	0	105	
MYCO003064	73	0	20	
MYCO003065	107	0	12	
MYCO003066	160	0	26	
MYCO003067	16	0	24	
MYCO003068	53	0	58	
MYCO003069	4	0	17	
MYCO003070	5	0	12	
MYCO003071	105	0	48	
MYCO003072	15	0	25	
MYCO003073	9	0	22	
MYCO003074	1096	1260	42	
MYCO003075	17	0	26	
MYCO003076	9	0	16	
MYCO003077	226	0	90	
MYCO003078	23	0	15	
MYCO003079	328	0	20	
MYCO003080	408	0	133	
MYCO003081	119	0	37	
MYCO003082	27	0	39	
MYCO003083	194	0	68	
MYCO003084	425	0	32	
MYCO003086	112	0	28	
MYCO003087	215	0	62	
MYCO003088	129	0	60	
MYCO003089	146	0	52	
MYCO003090	117	861	43	
MYCO003091	170	0	59	
MYCO003092	379	0	46	
MYCO003093	868	0	30	
MYCO003094	387	0	52	
MYCO003095	4	0	21	
MYCO003096	30	0	47	
MYCO003097	67	0	53	
MYCO003098	18	0	22	
MYCO003099	67	0	39	
MYCO003103	14	0	20	
MYCO003104	24	0	38	
MYCO003106	53	0	49	
MYCO003107	57	0	66	
MYCO003108	21	0	22	
MYCO003109	65	0	56	
MYCO003110	11	0	13	
MYCO003111	20	0	38	
MYCO003112	22	0	15	
MYCO003113	804	0	35	
MYCO003114	61	0	25	
MYCO003115	3484	32	8	
MYCO003116	105	0	44	
MYCO003119	31	0	24	
MYCO003120	40	0	28	
MYCO003121	91	0	47	
MYCO003122	33	0	18	
MYCO003123	22	0	22	
MYCO003124	73	0	39	
MYCO003125	517	0	39	
MYCO003126	22	0	14	
MYCO003127	29	0	47	
MYCO003128	3584	0	0	
MYCO003129	328	0	9	
MYCO003130	45	0	65	
MYCO003131	42	0	31	
MYCO003132	87	0	68	
MYCO003133	5	0	12	
MYCO003134	31	0	34	
MYCO003135	2202	0	7	
MYCO003136	62	0	37	
MYCO003137	21	0	33	
MYCO003138	45	0	58	
MYCO003141	145	0	35	
MYCO003142	496	0	18	
MYCO003143	5	0	10	
MYCO003144	602	0	50	
MYCO003145	17	0	10	
MYCO003146	3	0	18	
MYCO003147	25	0	10	
MYCO003148	21	0	36	
MYCO003149	33	0	30	
MYCO003150	340	0	32	
MYCO003151	736	0	71	
MYCO003152	5	0	35	
MYCO003153	71	0	24	
MYCO003154	7	0	32	
MYCO003155	6	0	11	
MYCO003156	48	0	60	
MYCO003157	81	0	72	
MYCO003158	17	0	60	
MYCO003159	1839	0	67	
MYCO003160	9	0	16	
MYCO003161	270	0	63	
MYCO003162	44	0	12	
MYCO003163	16	0	34	
MYCO003164	19	0	21	
MYCO003165	69	0	16	
MYCO003166	386	0	34	
MYCO003167	32	0	32	
MYCO003168	132	0	60	
MYCO003169	438	0	42	
MYCO003170	367	0	42	
MYCO003171	27	0	56	
MYCO003172	5	0	25	
MYCO003173	7	0	28	
MYCO003174	13	0	44	
MYCO003175	986	0	51	
MYCO003176	80	0	47	
MYCO003177	32	0	28	
MYCO003178	33	0	18	
MYCO003179	282	0	49	
MYCO003180	24	0	19	
MYCO003181	91	0	17	
MYCO003182	17	0	9	
MYCO003183	139	0	15	
MYCO003184	427	2	15	
MYCO003185	3584	0	0	
MYCO003186	427	2	15	
MYCO003187	3584	0	0	
MYCO003188	15	0	14	
MYCO003189	35	0	24	
MYCO003190	115	0	52	
MYCO003191	44	0	44	
MYCO003192	44	0	28	
MYCO003196	55	0	36	
MYCO003199	295	0	46	
MYCO003200	20	0	50	
MYCO003201	643	0	102	
MYCO003202	502	0	107	
MYCO003203	26	0	32	
MYCO003204	1	0	15	
MYCO003209	9	0	21	
MYCO003210	11	0	23	
MYCO003212	429	0	46	
MYCO003215	22	0	49	
MYCO003216	3584	0	0	
MYCO003217	229	0	17	
MYCO003218	16	0	36	
MYCO003222	48	0	19	
MYCO003224	183	0	36	
MYCO003225	57	0	50	
MYCO003226	28	0	35	
MYCO003227	188	0	58	
MYCO003230	93	0	48	
MYCO003231	43	0	19	
MYCO003232	11	0	27	
MYCO003233	4	0	28	
MYCO003234	1779	0	20	
MYCO003235	279	0	29	
MYCO003236	223	0	50	
MYCO003237	9	0	24	
MYCO003238	9	0	29	
MYCO003239	1818	0	75	
MYCO003242	60	0	28	
MYCO003243	56	0	32	
MYCO003244	281	0	58	
MYCO003247	42	0	21	
MYCO003249	130	0	25	
MYCO003250	4	0	9	
MYCO003251	4	0	8	
MYCO003253	45	0	46	
MYCO003254	85	0	55	
MYCO003256	481	0	40	
MYCO003259	18	0	7	
MYCO003260	0	0	15	
MYCO003263	145	0	55	
MYCO003266	105	0	33	
MYCO003268	92	0	33	
MYCO003269	12	0	9	
MYCO003270	222	0	74	
MYCO003271	19	0	31	
MYCO003272	79	0	50	
MYCO003273	9	0	86	
MYCO003278	9	0	19	
MYCO003279	11	0	33	
MYCO003281	3450	0	7	
MYCO003282	14	0	34	
MYCO003283	18	0	38	
MYCO003284	33	0	18	
MYCO003286	374	0	35	
MYCO003287	11	0	10	
MYCO003288	5	0	17	
MYCO003289	29	0	21	
MYCO003291	19	0	14	
MYCO003292	163	0	55	
MYCO003293	449	0	48	
MYCO003294	11	0	31	
MYCO003295	17	0	23	
MYCO003297	62	0	38	
MYCO003298	201	0	25	
MYCO003299	573	0	120	
MYCO003300	42	0	36	
MYCO003301	20	0	28	
MYCO003307	120	0	30	
MYCO003308	437	0	59	
MYCO003309	17	0	23	
MYCO003310	17	0	34	
MYCO003311	38	0	51	
MYCO003312	22	0	34	
MYCO003314	83	0	42	
MYCO003315	9	0	18	
MYCO003316	3	0	10	
MYCO003320	35	0	18	
MYCO003321	2	0	6	
MYCO003322	14	0	23	
MYCO003323	196	0	33	
MYCO003324	190	0	21	
MYCO003325	427	2	15	
MYCO003326	3584	0	0	
MYCO003327	3548	0	6	
MYCO003331	331	0	53	
MYCO003332	296	0	54	
MYCO003333	880	0	30	
MYCO003334	4	0	23	
MYCO003335	68	0	34	
MYCO003337	406	0	20	
MYCO003338	42	0	30	
MYCO003339	55	0	49	
MYCO003342	267	0	17	
MYCO003343	3574	0	10	
MYCO003344	3584	0	0	
MYCO003345	3565	0	9	
MYCO003346	1133	1	17	
MYCO003347	2783	0	174	
MYCO003348	88	3	29	
MYCO003349	1876	0	25	
MYCO003350	2973	0	167	
MYCO003351	479	0	30	
MYCO003352	464	0	14	
MYCO003353	448	0	8	
MYCO003354	447	0	15	
MYCO003355	453	1	17	
MYCO003357	6	0	13	
MYCO003358	2	0	10	
MYCO003359	204	0	33	
MYCO003360	539	0	11	
MYCO003361	40	0	27	
MYCO003362	44	0	26	
MYCO003363	210	0	18	
MYCO003364	43	0	13	
MYCO003365	3242	0	19	
MYCO003366	36	0	23	
MYCO003367	1642	0	71	
MYCO003368	90	0	26	
MYCO003369	116	0	16	
MYCO003370	788	0	101	
MYCO003371	332	0	60	
MYCO003372	209	0	46	
MYCO003373	427	0	21	
MYCO003374	4	0	13	
MYCO003375	147	0	61	
MYCO003376	15	0	29	
MYCO003377	253	0	66	
MYCO003378	89	0	48	
MYCO003379	55	0	68	
MYCO003380	3584	0	0	
MYCO003381	427	2	15	
MYCO003382	122	0	27	
MYCO003383	760	0	54	
MYCO003384	37	0	13	
MYCO003385	68	0	11	
MYCO003386	174	0	33	
MYCO003387	15	0	29	
MYCO003388	2686	0	53	
MYCO003389	278	0	46	
MYCO003390	23	0	45	
MYCO003391	224	0	86	
MYCO003393	68	0	35	
MYCO003394	1046	0	42	
MYCO003395	84	0	32	
MYCO003397	18	0	25	
MYCO003398	89	0	55	
MYCO003399	30	0	33	
MYCO003400	106	0	19	
MYCO003401	400	0	91	
MYCO003402	112	0	44	
MYCO003403	53	0	79	
MYCO003404	30	0	34	
MYCO003405	4	0	23	
MYCO003406	109	0	38	
MYCO003407	11	0	6	
MYCO003408	3	0	15	
MYCO003413	303	0	24	
MYCO003414	17	0	27	
MYCO003415	295	0	35	
MYCO003416	34	0	12	
MYCO003420	74	0	19	
MYCO003421	866	0	36	
MYCO003423	31	0	54	
MYCO003424	239	2	20	
MYCO003425	174	971	48	
MYCO003426	3505	0	3	
MYCO003427	999	0	23	
MYCO003428	3408	0	7	
MYCO003429	174	807	45	
MYCO003430	241	0	76	
MYCO003431	51	0	31	
MYCO003434	163	0	41	
MYCO003435	16	0	53	
MYCO003437	152	0	21	
MYCO003438	50	0	37	
MYCO003439	653	0	58	
MYCO003440	38	0	22	
MYCO003444	16	0	16	
MYCO003445	21	0	15	
MYCO003446	668	0	55	
MYCO003447	302	0	133	
MYCO003448	169	0	56	
MYCO003449	133	0	62	
MYCO003450	531	0	60	
MYCO003451	60	0	46	
MYCO003452	425	0	30	
MYCO003453	2201	0	5	
MYCO003454	50	0	59	
MYCO003463	105	0	35	
MYCO003465	8	0	23	
MYCO003466	3450	34	42	
MYCO003467	3468	54	24	
MYCO003468	55	0	46	
MYCO003469	22	0	42	
MYCO003470	171	0	72	
MYCO003471	27	0	18	
MYCO003472	28	0	25	
MYCO003473	23	0	40	
MYCO003474	427	2	15	
MYCO003475	3584	0	0	
MYCO003476	43	0	57	
MYCO003477	90	0	11	
MYCO003478	1790	197	288	
MYCO003479	184	0	134	
MYCO003480	185	0	68	
MYCO003481	46	0	21	
MYCO003482	31	0	36	
MYCO003483	777	0	29	
MYCO003484	84	0	58	
MYCO003485	488	0	41	
MYCO003486	222	0	16	
MYCO003487	779	0	35	
MYCO003488	102	0	11	
MYCO003489	3	0	7	
MYCO003491	14	0	26	
MYCO003492	2	0	19	
MYCO003493	282	0	27	
MYCO003494	780	0	48	
MYCO003495	23	0	35	
MYCO003496	226	0	40	
MYCO003497	10	0	47	
MYCO003498	81	0	39	
MYCO003499	6	0	36	
MYCO003502	26	0	31	
MYCO003503	0	0	8	
MYCO003505	107	0	42	
MYCO003506	66	0	68	
MYCO003507	3339	0	70	
MYCO003508	3582	0	2	
MYCO003509	360	0	68	
MYCO003510	125	0	32	
MYCO003511	3577	0	4	
MYCO003512	3584	0	0	
MYCO003513	3397	0	14	
MYCO003514	3583	0	1	
MYCO003515	3204	0	21	
MYCO003516	542	0	26	
MYCO003517	782	0	25	
MYCO003518	102	0	37	
MYCO003519	16	0	32	
MYCO003521	34	0	33	
MYCO003522	6	0	40	
MYCO003523	326	0	30	
MYCO003524	44	0	53	
MYCO003525	203	0	21	
MYCO003526	6	0	30	
MYCO003527	4	0	25	
MYCO003528	49	0	47	
MYCO003529	425	0	52	
MYCO003530	22	1319	34	
MYCO003531	74	0	55	
MYCO003532	289	0	54	
MYCO003533	1101	0	76	
MYCO003534	52	0	33	
MYCO003535	879	0	26	
MYCO003536	14	0	33	
MYCO003537	23	0	47	
MYCO003538	6	0	30	
MYCO003539	458	0	54	
MYCO003540	308	0	40	
MYCO003541	2	0	17	
MYCO003542	90	0	33	
MYCO003543	71	0	40	
MYCO003544	36	0	39	
MYCO003545	30	0	65	
MYCO003546	75	0	38	
MYCO003547	42	0	27	
MYCO003548	17	0	24	
MYCO003549	121	0	34	
MYCO003550	47	0	25	
MYCO003551	45	0	25	
MYCO003552	9	0	20	
MYCO003553	376	0	32	
MYCO003554	69	0	92	
MYCO003555	537	0	29	
MYCO003556	103	0	33	
MYCO003557	0	0	20	
MYCO003558	861	0	60	
MYCO003559	224	0	29	
MYCO003560	107	0	49	
MYCO003561	569	0	62	
MYCO003562	54	0	52	
MYCO003563	136	0	42	
MYCO003564	512	0	29	
MYCO003565	72	0	55	
MYCO003566	110	0	35	
MYCO003567	41	0	17	
MYCO003568	418	0	24	
MYCO003569	312	0	32	
MYCO003572	33	0	22	
MYCO003573	367	0	71	
MYCO003574	56	0	18	
MYCO003575	98	0	33	
MYCO003576	51	0	33	
MYCO003577	63	0	25	
MYCO003578	278	0	57	
MYCO003581	12	0	19	
MYCO003582	26	0	31	
MYCO003584	15	0	16	
MYCO003585	43	0	55	
MYCO003586	15	0	45	
MYCO003587	167	0	35	
MYCO003588	49	0	15	
MYCO003590	2501	0	46	
MYCO003591	27	0	35	
MYCO003593	3	0	60	
MYCO003594	64	0	41	
MYCO003595	1631	0	51	
MYCO003597	235	0	12	
MYCO003599	155	0	6	
MYCO003602	565	0	36	
MYCO003603	188	0	38	
MYCO003604	770	0	49	
MYCO003605	253	0	19	
MYCO003606	12	0	23	
MYCO003607	128	0	15	
MYCO003608	37	0	33	
MYCO003611	3546	0	4	
MYCO003612	37	0	18	
MYCO003613	2	0	8	
MYCO003614	6	0	35	
MYCO003615	6	0	10	
MYCO003616	54	0	58	
MYCO003617	81	0	38	
MYCO003618	75	0	40	
MYCO003619	300	1657	123	
MYCO003620	2022	407	98	
MYCO003621	527	0	47	
MYCO003622	99	0	12	
MYCO003623	196	0	28	
MYCO003625	212	0	39	
MYCO003626	295	0	44	
MYCO003627	52	0	66	
MYCO003629	38	0	44	
MYCO003630	13	863	49	
MYCO003631	7	0	23	
MYCO003632	3	0	8	
MYCO003633	63	0	35	
MYCO003634	104	0	28	
MYCO003635	137	0	76	
MYCO003636	14	0	20	
MYCO003637	61	0	29	
MYCO003638	12	0	34	
MYCO003639	347	0	32	
MYCO003640	145	0	50	
MYCO003641	14	0	28	
MYCO003642	8	0	14	
MYCO003643	4	0	7	
MYCO003645	752	0	58	
MYCO003649	544	0	99	
MYCO003650	76	0	12	
MYCO003651	335	0	39	
MYCO003652	837	0	19	
MYCO003653	2122	0	26	
MYCO003654	451	0	23	
MYCO003655	3582	0	1	
MYCO003656	15	0	13	
MYCO003657	1117	867	23	
MYCO003658	398	0	38	
MYCO003659	722	0	42	
MYCO003660	157	0	56	
MYCO003661	56	0	19	
MYCO003662	1005	0	43	
MYCO003663	360	0	73	
MYCO003664	13	0	40	
MYCO003665	7	0	45	
MYCO003666	100	959	51	
MYCO003667	272	0	81	
MYCO003669	8	0	23	
MYCO003671	22	0	49	
MYCO003672	58	0	34	
MYCO003673	127	0	27	
MYCO003675	0	0	20	
MYCO003678	12	0	19	
MYCO003681	17	0	23	
MYCO003685	93	0	60	
MYCO003686	67	0	13	
MYCO003687	16	0	15	
MYCO003688	21	0	23	
MYCO003689	182	0	82	
MYCO003690	345	0	22	
MYCO003691	76	0	51	
MYCO003692	54	0	41	
MYCO003693	1234	0	48	
MYCO003694	13	0	38	
MYCO003697	29	0	23	
MYCO003698	139	0	72	
MYCO003699	38	0	29	
MYCO003700	558	0	42	
MYCO003701	118	0	43	
MYCO003702	29	0	34	
MYCO003703	64	0	61	
MYCO003704	63	0	56	
MYCO003706	171	0	10	
MYCO003714	55	0	46	
MYCO003716	243	0	17	
MYCO003723	24	0	31	
MYCO003725	1746	0	22	
MYCO003726	283	0	44	
MYCO003727	239	0	87	
MYCO003728	2264	0	77	
MYCO003729	332	0	97	
MYCO003730	11	0	48	
MYCO003731	11	0	49	
MYCO003732	86	0	51	
MYCO003733	12	0	23	
MYCO003734	61	0	65	
MYCO003735	18	0	24	
MYCO003736	66	0	61	
MYCO003737	669	0	63	
MYCO003738	1238	0	38	
MYCO003739	872	0	14	
MYCO003740	104	0	60	
MYCO003741	22	0	37	
MYCO003742	11	0	25	
MYCO003743	153	0	99	
MYCO003744	4	0	21	
MYCO003745	12	1126	11	
MYCO003746	7	0	23	
MYCO003747	24	0	13	
MYCO003748	16	0	16	
MYCO003749	24	0	19	
MYCO003750	12	0	17	
MYCO003751	11	0	14	
MYCO003752	287	0	14	
MYCO003753	414	0	16	
MYCO003754	216	0	34	
MYCO003755	17	0	23	
MYCO003756	22	0	35	
MYCO003757	140	0	41	
MYCO003758	40	0	36	
MYCO003759	29	0	56	
MYCO003760	24	0	10	
MYCO003761	145	0	36	
MYCO003762	19	0	92	
MYCO003763	32	0	25	
MYCO003764	38	0	58	
MYCO003766	97	0	36	
MYCO003767	87	0	34	
MYCO003768	87	0	15	
MYCO003769	76	0	19	
MYCO003770	105	0	25	
MYCO003771	34	0	25	
MYCO003772	59	0	41	
MYCO003773	88	0	26	
MYCO003776	673	0	74	
MYCO003779	417	0	81	
MYCO003784	203	0	56	
MYCO003785	1567	0	36	
MYCO003786	285	0	56	
MYCO003787	87	0	47	
MYCO003788	9	0	20	
MYCO003789	4	0	14	
MYCO003792	199	0	94	
MYCO003796	27	0	59	
MYCO003797	187	0	84	
MYCO003798	1910	39	31	
MYCO003800	788	0	160	
MYCO003803	60	0	41	
MYCO003805	35	0	66	
MYCO003807	145	0	22	
MYCO003810	1000	0	30	
MYCO003811	160	0	63	
MYCO003812	1369	0	58	
MYCO003813	88	0	29	
MYCO003814	41	0	25	
MYCO003815	115	0	29	
MYCO003817	293	0	39	
MYCO003818	55	0	54	
MYCO003819	32	0	21	
MYCO003820	154	0	76	
MYCO003821	14	0	37	
MYCO003822	66	0	66	
MYCO003823	49	0	144	
MYCO003824	69	0	86	
MYCO003825	218	0	267	
MYCO003826	61	0	93	
MYCO003827	152	0	79	
MYCO003828	1	1382	21	
MYCO003829	734	0	78	
MYCO003830	823	0	40	
MYCO003831	19	0	42	
MYCO003832	103	0	36	
MYCO003833	460	0	49	
MYCO003836	406	0	27	
MYCO003837	33	0	47	
MYCO003838	115	0	54	
MYCO003839	12	0	37	
MYCO003840	52	0	36	
MYCO003841	6	0	28	
MYCO003843	308	0	48	
MYCO003844	88	3	29	
MYCO003845	2623	0	6	
MYCO003846	11	0	29	
MYCO003848	93	0	59	
MYCO003850	55	0	35	
MYCO003851	53	0	14	
MYCO003852	42	0	19	
MYCO003853	4	0	20	
MYCO003854	154	0	124	
MYCO003855	8	0	37	
MYCO003856	81	0	57	
MYCO003857	11	0	6	
MYCO003860	413	0	72	
MYCO003861	105	0	27	
MYCO003862	50	0	62	
MYCO003863	166	0	54	
MYCO003864	113	0	72	
MYCO003865	42	0	15	
MYCO003866	125	0	37	
MYCO003867	81	0	23	
MYCO003868	172	0	73	
MYCO003869	476	0	91	
MYCO003870	45	0	132	
MYCO003871	273	0	105	
MYCO003872	175	0	16	
MYCO003873	180	0	53	
MYCO003874	34	0	12	
MYCO003875	13	0	15	
MYCO003876	1624	0	79	
MYCO003877	48	0	104	
MYCO003878	426	0	46	
MYCO003879	1560	0	110	
MYCO003880	4	0	20	
MYCO003881	396	0	95	
MYCO003882	464	0	105	
MYCO003883	46	0	77	
MYCO003884	194	0	93	
MYCO003885	130	0	103	
MYCO003886	1239	0	61	
MYCO003887	364	0	82	
MYCO003888	102	0	83	
MYCO003889	240	0	64	
MYCO003890	75	0	18	
MYCO003891	19	0	26	
MYCO003892	826	0	67	
MYCO003893	67	0	18	
MYCO003894	1004	0	204	
MYCO003895	981	0	69	
MYCO003896	217	0	68	
MYCO003897	3549	0	2	
MYCO003898	1755	0	11	
MYCO003899	1023	0	71	
MYCO003900	560	0	90	
MYCO003901	64	0	31	
MYCO003902	18	0	33	
MYCO003903	1166	0	127	
MYCO003904	9	0	26	
MYCO003905	26	0	20	
MYCO003906	43	0	40	
MYCO003909	198	0	129	
MYCO003910	232	0	244	
MYCO003911	3575	0	5	
MYCO003912	168	0	70	
MYCO003914	3	0	21	
MYCO003916	3	0	55	
MYCO003919	212	0	187	
MYCO003922	3	0	31	
MYCO003923	6	0	35	
MYCO010064	9	0	10	
MYCO010078	9	0	41	
MYCO010157	2	0	6	
MYCO010186	35	0	7	
MYCO010192	827	0	10	
MYCO010236	30	0	4	
MYCO010277	3584	0	0	
MYCO010397	2	1734	11	
MYCO010456	11	0	13	
MYCO010470	518	0	15	
MYCO010492	35	0	9	
MYCO010500	172	0	5	
MYCO010530	6	0	10	
MYCO010590	18	0	8	
MYCO010609	11	0	10	
MYCO010616	1	0	15	
MYCO010634	6	0	12	
MYCO010691	2	0	9	
MYCO010724	3584	0	0	
MYCO010749	10	0	8	
MYCO010755	59	0	4	
MYCO010787	35	0	6	
MYCO010959	4	0	4	
MYCO011028	1	0	7	
MYCO011087	33	0	8	
MYCO011089	4	0	8	
MYCO011116	18	0	11	
MYCO011135	3	0	22	
MYCO011159	6	0	11	
MYCO011290	30	0	12	
MYCO011322	9	0	24	
MYCO011366	13	0	11	
MYCO011473	28	0	10	
MYCO011489	94	0	9	
MYCO011498	54	0	12	
MYCO011507	71	0	33	
MYCO011508	31	0	10	
MYCO011638	249	0	13	
MYCO011706	4	0	7	
MYCO011765	27	0	13	
MYCO011888	1	0	12	
MYCO011954	13	0	9	
MYCO011962	0	2109	13	
MYCO011982	13	0	6	
MYCO011990	34	0	16	
MYCO011991	1	0	6	
MYCO012023	36	0	47	
MYCO012063	96	0	16	
MYCO012077	114	0	14	
MYCO012142	1	0	13	
MYCO012160	1948	0	8	
MYCO012219	5	0	15	
MYCO012231	28	0	22	
MYCO012237	19	0	9	
MYCO012250	3582	0	1	
MYCO012274	129	0	13	
MYCO012306	32	0	25	
MYCO012307	8	0	5	
MYCO012309	7	0	17	
MYCO012331	3	0	10	
MYCO012395	14	0	9	
MYCO012401	16	0	4	
MYCO012427	3584	0	0	
MYCO012438	6	0	14	
MYCO012468	1	0	10	
MYCO012530	3	0	14	
MYCO012548	7	0	14	
MYCO012601	2	0	9	
MYCO012614	427	0	10	
MYCO012737	12	0	8	
MYCO012801	1	0	7	
MYCO012828	660	0	13	
MYCO012862	3584	0	0	
MYCO012922	13	0	12	
MYCO012943	18	0	24	
MYCO012970	16	0	4	
MYCO012998	4	0	14	
MYCO013018	1346	2	7	
MYCO013022	582	0	11	
MYCO013032	20	0	14	
MYCO013098	11	0	17	
MYCO013136	3	0	21	
MYCO013190	128	0	8	
MYCO013196	3	0	6	
MYCO013197	33	0	11	
MYCO013198	5	0	13	
MYCO013208	6	0	13	
MYCO013221	1	0	13	
MYCO013224	16	0	16	
MYCO013312	48	0	19	
MYCO013324	3584	0	0	
MYCO013395	133	0	24	
MYCO013566	5	0	15	
MYCO013697	36	0	12	
MYCO013705	31	0	22	
MYCO013724	397	0	9	
MYCO013770	4	0	8	
MYCO020078	3	0	18	
MYCO020456	3584	0	0	
MYCO020500	0	0	3	
MYCO022231	2558	0	12	
MYCO022306	59	0	18	
MYCO022307	48	0	18	
MYCO022395	39	0	12	
MYCO023224	23	0	8	
MYCO023724	420	0	25	
MYCO023770	4	0	9	
MYCO032307	0	0	8	
