GbGDiv simplified results table from 'accumulate-25.txt' records table.
Isolate records read from table: 6394

Locus	Missing	Paralogous	CountNuc
id	0	0	6394	
isolate	0	0	6394	
rMLST_database_accession	0	0	6394	
BACT000001	17	0	92	
BACT000002	183	0	36	
BACT000003	620	0	42	
BACT000004	38	0	30	
BACT000005	106	0	34	
BACT000006	5	0	18	
BACT000007	16	0	19	
BACT000008	27	0	27	
BACT000009	28	0	30	
BACT000010	2	0	13	
BACT000011	53	0	24	
BACT000012	4	0	22	
BACT000013	16	0	28	
BACT000014	3	5868	2	
BACT000015	9	0	9	
BACT000016	52	0	32	
BACT000017	18	0	21	
BACT000018	1	4988	4	
BACT000019	2	0	13	
BACT000020	7	0	16	
BACT000021	6393	0	1	
BACT000030	67	1786	33	
BACT000031	4	0	30	
BACT000032	16	0	27	
BACT000033	176	0	33	
BACT000034	13	0	28	
BACT000035	7	0	30	
BACT000036	410	0	24	
BACT000038	29	0	21	
BACT000039	23	0	27	
BACT000040	782	0	18	
BACT000042	10	0	28	
BACT000043	6	0	24	
BACT000044	36	0	21	
BACT000045	29	0	20	
BACT000046	8	0	35	
BACT000047	82	0	18	
BACT000048	2	0	19	
BACT000049	7	0	20	
BACT000050	38	0	17	
BACT000051	197	0	30	
BACT000052	3	0	16	
BACT000053	7	0	17	
BACT000056	10	0	13	
BACT000057	4	6191	5	
BACT000058	1	1	15	
BACT000059	0	0	14	
BACT000060	4	0	12	
BACT000061	19	0	18	
BACT000062	2	5328	8	
BACT000063	3	1	14	
BACT000064	4	0	14	
BACT000065	5	0	4	
MYCO000001	46	0	141	
MYCO000005	41	0	158	
MYCO000006	68	0	262	
MYCO000009	19	0	38	
MYCO000011	12	0	30	
MYCO000013	8	0	66	
MYCO000015	1438	0	84	
MYCO000016	103	0	101	
MYCO000017	89	0	99	
MYCO000019	10	0	38	
MYCO000038	416	0	41	
MYCO000046	19	0	70	
MYCO000047	24	0	40	
MYCO000049	42	0	32	
MYCO000050	700	0	163	
MYCO000051	535	0	121	
MYCO000054	253	0	33	
MYCO000066	32	0	143	
MYCO000068	177	0	89	
MYCO000129	60	0	42	
MYCO000183	342	0	58	
MYCO000184	381	0	37	
MYCO000189	847	0	71	
MYCO000198	72	0	125	
MYCO000204	197	0	61	
MYCO000207	19	0	46	
MYCO000211	76	0	122	
MYCO000223	632	0	87	
MYCO000225	47	0	45	
MYCO000227	714	0	65	
MYCO000228	153	0	65	
MYCO000236	1452	0	193	
MYCO000237	163	0	82	
MYCO000238	23	0	41	
MYCO000241	43	0	67	
MYCO000242	1051	0	77	
MYCO000243	593	0	74	
MYCO000244	129	3189	87	
MYCO000247	16	0	36	
MYCO000248	35	0	68	
MYCO000270	56	0	101	
MYCO000274	404	0	47	
MYCO000321	12	0	32	
MYCO000322	82	0	62	
MYCO000334	8	0	38	
MYCO000337	56	0	55	
MYCO000350	107	0	65	
MYCO000352	660	0	52	
MYCO000357	21	0	57	
MYCO000360	214	0	28	
MYCO000383	1195	0	36	
MYCO000384	801	0	96	
MYCO000407	295	0	57	
MYCO000410	201	0	118	
MYCO000411	175	0	49	
MYCO000414	1332	0	32	
MYCO000415	1403	0	47	
MYCO000417	441	1593	34	
MYCO000423	38	0	59	
MYCO000429	17	0	33	
MYCO000432	19	0	32	
MYCO000433	42	0	46	
MYCO000439	244	0	56	
MYCO000440	73	0	62	
MYCO000462	17	0	50	
MYCO000465	58	0	80	
MYCO000466	30	0	35	
MYCO000467	25	0	50	
MYCO000468	61	0	43	
MYCO000472	17	0	33	
MYCO000475	151	0	41	
MYCO000483	70	0	59	
MYCO000484	66	0	43	
MYCO000486	385	0	68	
MYCO000489	941	0	30	
MYCO000490	75	0	41	
MYCO000491	9	0	20	
MYCO000495	19	0	46	
MYCO000496	86	0	45	
MYCO000498	110	0	49	
MYCO000501	33	0	54	
MYCO000502	50	0	46	
MYCO000505	1537	0	40	
MYCO000509	141	0	73	
MYCO000510	109	0	42	
MYCO000512	142	0	47	
MYCO000524	517	0	61	
MYCO000527	196	0	40	
MYCO000528	986	0	64	
MYCO000529	232	0	55	
MYCO000548	44	0	43	
MYCO000551	217	0	99	
MYCO000553	611	0	47	
MYCO000555	595	0	61	
MYCO000557	75	0	91	
MYCO000558	316	0	30	
MYCO000562	31	0	52	
MYCO000563	132	0	48	
MYCO000564	81	0	60	
MYCO000566	19	0	24	
MYCO000636	13	0	25	
MYCO000639	245	0	28	
MYCO000647	238	0	71	
MYCO000655	35	0	56	
MYCO000667	314	0	291	
MYCO000668	254	0	283	
MYCO000672	272	0	100	
MYCO000684	88	0	101	
MYCO000685	28	0	35	
MYCO000693	609	0	50	
MYCO000696	102	0	74	
MYCO000732	17	0	61	
MYCO000733	12	0	24	
MYCO000734	662	0	35	
MYCO000757	13	0	34	
MYCO000758	177	0	172	
MYCO000772	196	0	59	
MYCO000777	71	0	44	
MYCO000780	25	0	43	
MYCO000782	6250	0	5	
MYCO000788	179	0	28	
MYCO000803	148	0	102	
MYCO000808	125	0	74	
MYCO000809	11	0	43	
MYCO000810	7	0	10	
MYCO000814	1269	25	13	
MYCO000815	101	6	47	
MYCO000820	21	0	30	
MYCO000821	35	0	21	
MYCO000823	124	0	63	
MYCO000824	14	0	28	
MYCO000859	95	0	81	
MYCO000860	381	0	115	
MYCO000861	69	0	74	
MYCO000871	20	0	14	
MYCO000876	11	0	79	
MYCO000884	24	0	52	
MYCO000885	82	0	41	
MYCO000886	1486	0	88	
MYCO000889	1257	0	60	
MYCO000896	92	0	61	
MYCO000902	52	0	35	
MYCO000903	16	0	14	
MYCO000906	1638	0	60	
MYCO000926	34	0	72	
MYCO000927	285	0	47	
MYCO000929	562	0	36	
MYCO000946	69	0	76	
MYCO000949	278	0	112	
MYCO000951	53	0	55	
MYCO000952	124	0	50	
MYCO000953	455	0	57	
MYCO000957	681	0	63	
MYCO000981	65	0	36	
MYCO000983	796	0	73	
MYCO000993	191	0	38	
MYCO000994	432	0	66	
MYCO000995	24	0	39	
MYCO001001	56	0	71	
MYCO001002	100	0	73	
MYCO001007	18	0	66	
MYCO001008	375	0	43	
MYCO001009	316	0	55	
MYCO001010	140	0	55	
MYCO001011	53	0	43	
MYCO001013	77	0	70	
MYCO001014	50	0	38	
MYCO001015	42	0	38	
MYCO001017	13	0	37	
MYCO001018	74	0	77	
MYCO001020	732	0	183	
MYCO001022	301	0	36	
MYCO001023	232	0	68	
MYCO001026	421	0	49	
MYCO001070	38	0	27	
MYCO001071	26	0	60	
MYCO001072	7	0	40	
MYCO001077	99	0	72	
MYCO001079	117	0	45	
MYCO001080	342	0	22	
MYCO001082	60	0	36	
MYCO001086	91	0	46	
MYCO001092	173	0	38	
MYCO001094	112	0	28	
MYCO001095	158	0	59	
MYCO001098	117	0	49	
MYCO001099	401	0	50	
MYCO001108	131	0	58	
MYCO001110	24	0	42	
MYCO001112	834	0	52	
MYCO001165	300	0	94	
MYCO001173	362	0	117	
MYCO001177	20	0	8	
MYCO001178	237	0	69	
MYCO001193	611	0	57	
MYCO001201	379	0	45	
MYCO001202	305	0	41	
MYCO001207	425	0	51	
MYCO001208	46	0	35	
MYCO001213	299	0	69	
MYCO001220	377	0	23	
MYCO001221	9	0	36	
MYCO001223	1037	0	77	
MYCO001229	186	0	58	
MYCO001238	75	0	46	
MYCO001239	29	0	55	
MYCO001245	124	0	50	
MYCO001248	714	0	157	
MYCO001253	277	0	95	
MYCO001272	486	0	80	
MYCO001273	27	0	87	
MYCO001277	691	0	47	
MYCO001292	51	0	82	
MYCO001293	88	0	56	
MYCO001294	114	0	56	
MYCO001295	88	0	50	
MYCO001297	528	0	73	
MYCO001299	59	0	33	
MYCO001302	19	0	41	
MYCO001305	12	0	11	
MYCO001308	99	0	59	
MYCO001309	26	0	45	
MYCO001310	30	0	50	
MYCO001311	27	0	27	
MYCO001315	44	0	44	
MYCO001321	102	0	33	
MYCO001323	138	0	57	
MYCO001326	82	0	103	
MYCO001327	113	0	84	
MYCO001328	227	0	129	
MYCO001338	163	0	36	
MYCO001340	90	0	32	
MYCO001380	74	0	42	
MYCO001381	689	0	53	
MYCO001383	64	0	55	
MYCO001384	592	0	179	
MYCO001385	1021	0	41	
MYCO001388	10	0	32	
MYCO001390	2	0	16	
MYCO001391	1119	0	66	
MYCO001392	611	0	71	
MYCO001402	2581	0	77	
MYCO001407	887	0	80	
MYCO001408	217	0	36	
MYCO001410	23	0	67	
MYCO001412	32	0	32	
MYCO001415	35	0	51	
MYCO001416	12	0	24	
MYCO001420	44	0	87	
MYCO001421	35	0	47	
MYCO001436	16	0	51	
MYCO001437	72	0	57	
MYCO001438	35	0	39	
MYCO001440	34	0	17	
MYCO001445	415	0	39	
MYCO001447	751	0	104	
MYCO001448	83	0	58	
MYCO001449	336	0	96	
MYCO001451	123	0	44	
MYCO001457	14	0	36	
MYCO001458	41	0	48	
MYCO001462	84	0	64	
MYCO001463	27	0	34	
MYCO001464	344	0	58	
MYCO001465	26	0	18	
MYCO001466	13	0	11	
MYCO001467	129	3240	73	
MYCO001473	62	0	60	
MYCO001474	196	0	22	
MYCO001475	38	0	101	
MYCO001479	147	0	56	
MYCO001480	208	0	46	
MYCO001481	38	0	47	
MYCO001483	170	0	26	
MYCO001484	52	0	38	
MYCO001485	192	0	38	
MYCO001493	999	0	79	
MYCO001536	218	0	152	
MYCO001540	50	0	56	
MYCO001547	231	0	133	
MYCO001557	1082	0	64	
MYCO001559	1396	0	65	
MYCO001564	81	0	105	
MYCO001568	393	0	61	
MYCO001569	1213	0	41	
MYCO001589	25	0	42	
MYCO001593	12	0	33	
MYCO001594	77	0	58	
MYCO001595	692	0	74	
MYCO001599	586	0	59	
MYCO001600	14	0	56	
MYCO001601	2	0	32	
MYCO001603	19	0	44	
MYCO001605	29	0	37	
MYCO001609	152	0	82	
MYCO001611	112	0	29	
MYCO001612	18	0	64	
MYCO001617	86	0	71	
MYCO001626	37	0	30	
MYCO001627	191	0	45	
MYCO001629	236	0	149	
MYCO001633	840	0	107	
MYCO001638	296	0	136	
MYCO001641	6394	0	0	
MYCO001649	486	0	47	
MYCO001652	368	0	50	
MYCO001653	1124	0	45	
MYCO001654	179	0	36	
MYCO001655	721	0	60	
MYCO001656	528	0	47	
MYCO001657	591	0	26	
MYCO001658	198	0	61	
MYCO001659	585	0	64	
MYCO001689	25	0	52	
MYCO001694	233	0	44	
MYCO001695	8	0	43	
MYCO001697	11	0	37	
MYCO001699	39	0	117	
MYCO001701	108	0	33	
MYCO001708	33	0	35	
MYCO001709	9	0	49	
MYCO001711	8	0	42	
MYCO001712	43	0	36	
MYCO001713	293	0	69	
MYCO001821	65	0	114	
MYCO001827	11	0	22	
MYCO001829	72	0	23	
MYCO001830	35	0	72	
MYCO001832	181	0	144	
MYCO001837	160	0	110	
MYCO001842	132	0	84	
MYCO001843	157	0	83	
MYCO001844	91	0	96	
MYCO001854	75	0	72	
MYCO001886	126	0	57	
MYCO001894	281	0	70	
MYCO001981	26	0	31	
MYCO002050	7	0	13	
MYCO002089	484	0	65	
MYCO002090	6249	0	12	
MYCO002092	768	0	137	
MYCO002093	73	0	43	
MYCO002096	47	0	58	
MYCO002097	148	0	52	
MYCO002109	25	0	35	
MYCO002110	74	0	43	
MYCO002111	178	0	11	
MYCO002112	2760	0	60	
MYCO002115	64	0	91	
MYCO002118	30	0	29	
MYCO002119	43	0	49	
MYCO002121	89	0	35	
MYCO002122	6	0	20	
MYCO002125	61	0	41	
MYCO002130	800	0	43	
MYCO002134	35	0	27	
MYCO002139	136	0	49	
MYCO002140	3	0	29	
MYCO002141	110	0	71	
MYCO002145	96	0	34	
MYCO002150	391	0	35	
MYCO002151	438	0	33	
MYCO002153	1227	0	70	
MYCO002154	1345	0	48	
MYCO002155	1061	0	103	
MYCO002156	30	0	56	
MYCO002157	2789	0	56	
MYCO002163	286	0	85	
MYCO002166	24	0	15	
MYCO002170	771	0	34	
MYCO002176	166	0	60	
MYCO002178	38	0	40	
MYCO002179	126	0	20	
MYCO002182	48	0	32	
MYCO002186	7	0	18	
MYCO002187	1816	0	81	
MYCO002188	70	0	66	
MYCO002192	204	0	53	
MYCO002193	11	0	24	
MYCO002194	57	0	43	
MYCO002195	34	0	56	
MYCO002196	30	0	78	
MYCO002199	5	0	22	
MYCO002200	44	0	52	
MYCO002201	273	0	80	
MYCO002202	287	0	50	
MYCO002210	132	0	57	
MYCO002211	185	0	61	
MYCO002213	337	0	88	
MYCO002216	59	0	59	
MYCO002217	346	0	40	
MYCO002218	277	0	57	
MYCO002219	212	0	40	
MYCO002220	46	0	67	
MYCO002221	1408	0	114	
MYCO002222	70	0	61	
MYCO002225	205	0	48	
MYCO002228	95	0	52	
MYCO002230	425	0	54	
MYCO002235	112	0	52	
MYCO002239	5	0	24	
MYCO002241	795	0	85	
MYCO002242	288	0	46	
MYCO002243	680	0	42	
MYCO002244	7	0	11	
MYCO002245	118	0	53	
MYCO002246	79	0	51	
MYCO002247	277	0	56	
MYCO002257	70	0	47	
MYCO002259	322	0	50	
MYCO002315	1097	0	73	
MYCO002343	322	0	83	
MYCO002344	969	0	51	
MYCO002357	20	0	43	
MYCO002361	21	0	30	
MYCO002362	176	0	32	
MYCO002364	17	0	45	
MYCO002366	26	0	73	
MYCO002367	12	0	20	
MYCO002368	64	0	55	
MYCO002373	101	0	55	
MYCO002374	206	0	60	
MYCO002399	89	0	45	
MYCO002400	73	0	63	
MYCO002402	107	0	114	
MYCO002404	50	0	100	
MYCO002409	27	0	36	
MYCO002410	13	0	33	
MYCO002411	161	0	77	
MYCO002413	242	0	42	
MYCO002420	289	0	27	
MYCO002421	5	0	20	
MYCO002425	527	0	53	
MYCO002426	1820	0	54	
MYCO002427	569	0	59	
MYCO002439	979	0	39	
MYCO002440	158	0	77	
MYCO002445	39	0	16	
MYCO002447	120	0	76	
MYCO002448	281	0	114	
MYCO002454	43	0	57	
MYCO002455	112	0	80	
MYCO002457	43	0	41	
MYCO002460	9	0	20	
MYCO002461	12	0	29	
MYCO002462	409	0	54	
MYCO002465	98	0	23	
MYCO002466	62	0	29	
MYCO002467	147	0	122	
MYCO002470	14	0	27	
MYCO002477	41	0	72	
MYCO002500	18	0	58	
MYCO002502	84	0	79	
MYCO002509	21	0	51	
MYCO002511	24	0	26	
MYCO002518	765	0	51	
MYCO002521	5	0	30	
MYCO002523	61	0	13	
MYCO002524	1855	0	317	
MYCO002533	32	0	24	
MYCO002534	8	0	26	
MYCO002538	347	0	55	
MYCO002540	1402	0	62	
MYCO002555	123	0	94	
MYCO002559	561	0	56	
MYCO002568	83	0	49	
MYCO002572	230	0	79	
MYCO002575	99	0	48	
MYCO002580	296	0	46	
MYCO002582	52	0	42	
MYCO002583	175	0	98	
MYCO002587	965	0	88	
MYCO002589	210	0	62	
MYCO002592	275	0	39	
MYCO002593	144	0	31	
MYCO002594	5	0	19	
MYCO002603	16	0	34	
MYCO002606	63	0	38	
MYCO002610	165	0	49	
MYCO002611	128	0	56	
MYCO002612	13	0	33	
MYCO002613	11	0	18	
MYCO002614	112	0	70	
MYCO002670	37	0	49	
MYCO002673	740	1626	51	
MYCO002676	38	0	27	
MYCO002678	575	0	52	
MYCO002682	145	0	75	
MYCO002696	169	0	47	
MYCO002697	17	0	21	
MYCO002699	0	0	13	
MYCO002702	15	0	50	
MYCO002703	222	0	56	
MYCO002708	7	0	18	
MYCO002710	119	0	42	
MYCO002711	46	0	34	
MYCO002714	46	0	45	
MYCO002715	836	0	69	
MYCO002720	25	0	51	
MYCO002724	69	0	77	
MYCO002725	167	0	71	
MYCO002726	90	0	40	
MYCO002727	337	0	54	
MYCO002731	719	0	56	
MYCO002733	1470	0	69	
MYCO002744	192	0	41	
MYCO002748	608	0	124	
MYCO002750	125	0	41	
MYCO002753	19	0	52	
MYCO002754	61	0	31	
MYCO002764	119	0	57	
MYCO002773	34	0	40	
MYCO002782	481	0	66	
MYCO002783	216	0	85	
MYCO002788	707	0	23	
MYCO002794	38	0	38	
MYCO002795	127	0	50	
MYCO002828	2890	777	54	
MYCO002838	125	0	28	
MYCO002839	2442	0	98	
MYCO002841	39	0	59	
MYCO002846	19	0	61	
MYCO002847	152	0	57	
MYCO002861	32	0	38	
MYCO002864	74	0	64	
MYCO002868	18	0	42	
MYCO002870	147	0	47	
MYCO002882	14	0	32	
MYCO002883	14	0	36	
MYCO002889	133	0	30	
MYCO002894	818	0	35	
MYCO002901	5	0	10	
MYCO002902	367	0	41	
MYCO002915	123	0	60	
MYCO002916	501	0	60	
MYCO002917	1013	0	75	
MYCO002918	397	0	120	
MYCO002919	10	0	16	
MYCO002921	220	0	67	
MYCO002927	35	0	36	
MYCO002965	4	0	15	
MYCO002967	418	0	106	
MYCO002976	108	0	39	
MYCO002981	280	0	61	
MYCO002982	41	0	51	
MYCO002984	91	0	75	
MYCO002988	160	0	48	
MYCO002992	191	0	72	
MYCO002993	15	0	36	
MYCO002995	239	0	54	
MYCO002996	413	0	75	
MYCO003001	31	0	41	
MYCO003003	296	0	79	
MYCO003006	222	0	46	
MYCO003009	33	0	70	
MYCO003010	591	0	44	
MYCO003011	1140	0	61	
MYCO003014	603	0	95	
MYCO003024	293	0	61	
MYCO003025	181	0	56	
MYCO003027	50	0	57	
MYCO003028	815	0	42	
MYCO003029	30	0	32	
MYCO003031	356	0	75	
MYCO003032	636	0	46	
MYCO003034	30	0	38	
MYCO003038	16	0	43	
MYCO003042	117	0	50	
MYCO003043	24	0	63	
MYCO003045	13	0	44	
MYCO003048	28	0	48	
MYCO003049	168	0	84	
MYCO003051	56	0	63	
MYCO003052	28	0	16	
MYCO003053	8	0	9	
MYCO003054	221	0	39	
MYCO003057	27	0	44	
MYCO003085	377	0	49	
MYCO003100	14	0	23	
MYCO003101	38	0	33	
MYCO003102	6	0	32	
MYCO003105	286	0	55	
MYCO003117	101	6	47	
MYCO003118	1269	25	13	
MYCO003139	31	0	75	
MYCO003140	31	0	69	
MYCO003193	100	0	144	
MYCO003194	8	0	39	
MYCO003195	505	0	79	
MYCO003197	43	0	64	
MYCO003198	462	0	83	
MYCO003205	68	0	39	
MYCO003206	41	0	68	
MYCO003207	24	0	44	
MYCO003208	84	0	32	
MYCO003211	502	0	93	
MYCO003213	26	0	48	
MYCO003214	43	0	41	
MYCO003219	9	0	8	
MYCO003220	37	0	60	
MYCO003221	0	0	12	
MYCO003223	6	0	34	
MYCO003228	608	0	48	
MYCO003229	38	0	82	
MYCO003240	684	0	106	
MYCO003241	290	0	32	
MYCO003245	27	0	67	
MYCO003246	19	0	19	
MYCO003248	73	0	83	
MYCO003252	310	0	63	
MYCO003255	173	0	46	
MYCO003257	312	0	58	
MYCO003258	428	0	24	
MYCO003261	24	0	48	
MYCO003262	370	0	56	
MYCO003264	28	0	38	
MYCO003265	158	0	46	
MYCO003267	431	0	51	
MYCO003274	11	0	53	
MYCO003275	202	0	28	
MYCO003276	168	0	59	
MYCO003277	13	0	32	
MYCO003280	53	0	66	
MYCO003285	211	0	67	
MYCO003290	38	0	50	
MYCO003296	1919	0	224	
MYCO003302	123	0	66	
MYCO003303	6336	0	2	
MYCO003304	70	0	16	
MYCO003305	123	0	48	
MYCO003306	395	0	62	
MYCO003313	43	0	31	
MYCO003317	26	0	29	
MYCO003318	334	0	68	
MYCO003319	85	0	44	
MYCO003328	484	0	61	
MYCO003329	76	0	76	
MYCO003330	639	0	63	
MYCO003336	19	0	41	
MYCO003340	33	0	52	
MYCO003341	841	0	57	
MYCO003356	39	0	37	
MYCO003392	65	4881	21	
MYCO003396	117	0	63	
MYCO003409	174	0	66	
MYCO003410	1119	0	48	
MYCO003411	282	0	80	
MYCO003412	14	0	20	
MYCO003417	19	3660	51	
MYCO003418	4	0	12	
MYCO003419	267	0	45	
MYCO003422	7	0	22	
MYCO003432	50	0	56	
MYCO003433	2268	0	50	
MYCO003436	1580	0	71	
MYCO003441	695	0	67	
MYCO003455	306	0	38	
MYCO003457	29	0	53	
MYCO003462	9	0	14	
MYCO003464	21	0	44	
MYCO003490	82	0	77	
MYCO003500	30	0	41	
MYCO003501	47	0	34	
MYCO003504	49	0	59	
MYCO003520	82	0	62	
MYCO003570	23	0	40	
MYCO003571	77	0	49	
MYCO003579	919	0	66	
MYCO003580	130	0	48	
MYCO003583	6	0	24	
MYCO003589	1494	0	45	
MYCO003592	12	0	17	
MYCO003596	496	0	109	
MYCO003598	54	0	56	
MYCO003600	58	0	35	
MYCO003601	49	0	23	
MYCO003609	8	0	18	
MYCO003610	619	0	90	
MYCO003624	18	0	44	
MYCO003628	30	0	29	
MYCO003644	346	0	67	
MYCO003646	953	0	120	
MYCO003647	99	0	30	
MYCO003648	11	0	33	
MYCO003668	15	0	35	
MYCO003670	329	0	49	
MYCO003674	16	0	36	
MYCO003676	12	0	28	
MYCO003677	89	0	46	
MYCO003679	33	0	61	
MYCO003680	156	0	53	
MYCO003682	216	0	110	
MYCO003683	116	0	53	
MYCO003684	95	0	36	
MYCO003695	49	0	60	
MYCO003696	259	0	107	
MYCO003705	12	0	41	
MYCO003707	189	0	52	
MYCO003708	189	0	50	
MYCO003709	110	0	55	
MYCO003710	2531	0	59	
MYCO003711	63	0	61	
MYCO003712	838	0	55	
MYCO003713	65	0	26	
MYCO003715	9	0	23	
MYCO003717	8	0	39	
MYCO003718	6	0	18	
MYCO003719	38	0	67	
MYCO003720	227	0	72	
MYCO003721	548	0	88	
MYCO003722	28	0	74	
MYCO003765	709	0	49	
MYCO003774	32	0	57	
MYCO003775	97	0	79	
MYCO003777	381	0	53	
MYCO003778	67	0	70	
MYCO003780	599	0	31	
MYCO003781	14	0	34	
MYCO003782	63	0	48	
MYCO003783	62	0	40	
MYCO003790	36	0	70	
MYCO003791	73	0	55	
MYCO003793	1061	0	188	
MYCO003794	347	0	216	
MYCO003795	302	0	297	
MYCO003799	31	0	79	
MYCO003801	67	0	78	
MYCO003802	126	0	53	
MYCO003804	66	0	56	
MYCO003806	25	0	90	
MYCO003808	396	0	77	
MYCO003809	12	0	50	
MYCO003816	469	0	50	
MYCO003834	190	0	63	
MYCO003835	838	0	76	
MYCO003842	167	0	78	
MYCO003847	2397	0	28	
MYCO003849	15	0	22	
MYCO003858	67	0	61	
MYCO003859	644	0	208	
MYCO003907	64	0	106	
MYCO003908	238	0	52	
MYCO003913	119	0	92	
MYCO003915	16	0	98	
MYCO003917	29	0	100	
MYCO003918	19	0	100	
MYCO003920	16	0	53	
MYCO003921	29	0	100	
MYCO013678	5	0	17	
MYCO000002	73	0	98	
MYCO000003	65	0	91	
MYCO000004	21	0	76	
MYCO000007	688	0	123	
MYCO000008	35	0	55	
MYCO000010	25	0	82	
MYCO000012	53	0	82	
MYCO000014	23	0	132	
MYCO000018	378	0	106	
MYCO000020	325	0	155	
MYCO000021	861	0	71	
MYCO000022	84	0	48	
MYCO000023	57	0	68	
MYCO000024	1968	0	65	
MYCO000025	693	0	44	
MYCO000026	208	0	109	
MYCO000027	35	0	19	
MYCO000028	20	0	26	
MYCO000029	481	0	104	
MYCO000030	1244	0	31	
MYCO000031	59	0	20	
MYCO000032	1938	0	138	
MYCO000033	24	0	15	
MYCO000034	15	0	29	
MYCO000035	101	0	154	
MYCO000036	137	0	64	
MYCO000037	87	0	95	
MYCO000039	278	0	32	
MYCO000040	98	0	75	
MYCO000041	578	0	194	
MYCO000042	427	0	85	
MYCO000043	55	0	57	
MYCO000044	796	0	55	
MYCO000045	2824	0	63	
MYCO000048	42	0	80	
MYCO000052	190	27	55	
MYCO000057	27	3802	64	
MYCO000058	104	0	158	
MYCO000059	30	0	58	
MYCO000060	16	0	60	
MYCO000061	1482	0	20	
MYCO000062	342	0	102	
MYCO000063	470	0	131	
MYCO000064	2637	0	168	
MYCO000065	15	0	16	
MYCO000067	24	0	42	
MYCO000069	145	0	84	
MYCO000070	35	3699	54	
MYCO000071	1772	0	72	
MYCO000072	1514	0	56	
MYCO000073	50	2713	57	
MYCO000074	2474	0	76	
MYCO000075	312	0	77	
MYCO000076	22	0	28	
MYCO000077	65	0	61	
MYCO000078	75	0	30	
MYCO000079	102	0	44	
MYCO000080	123	0	47	
MYCO000081	10	0	33	
MYCO000082	1681	0	31	
MYCO000083	2308	0	65	
MYCO000084	51	0	55	
MYCO000085	409	0	47	
MYCO000086	516	0	87	
MYCO000087	451	0	97	
MYCO000088	41	0	53	
MYCO000089	68	0	43	
MYCO000090	92	0	60	
MYCO000091	102	0	43	
MYCO000092	366	0	129	
MYCO000093	190	0	65	
MYCO000094	6170	88	42	
MYCO000095	2739	0	196	
MYCO000096	707	0	100	
MYCO000097	15	0	33	
MYCO000098	13	0	31	
MYCO000099	1807	0	77	
MYCO000100	9	0	9	
MYCO000101	260	0	408	
MYCO000102	155	0	129	
MYCO000103	273	0	135	
MYCO000104	2060	0	94	
MYCO000106	155	0	54	
MYCO000107	6336	0	6	
MYCO000108	20	0	15	
MYCO000109	2030	0	77	
MYCO000110	28	0	46	
MYCO000111	233	0	111	
MYCO000112	49	0	84	
MYCO000113	352	0	61	
MYCO000114	272	0	42	
MYCO000115	843	0	80	
MYCO000116	32	0	50	
MYCO000117	25	0	58	
MYCO000118	219	0	123	
MYCO000119	172	0	97	
MYCO000120	158	0	145	
MYCO000121	212	0	32	
MYCO000122	27	0	21	
MYCO000123	8	0	20	
MYCO000124	6226	0	6	
MYCO000125	363	0	64	
MYCO000126	62	0	113	
MYCO000127	61	0	67	
MYCO000128	62	0	39	
MYCO000130	9	0	45	
MYCO000131	51	0	76	
MYCO000132	272	0	56	
MYCO000133	740	0	50	
MYCO000134	2205	0	34	
MYCO000135	16	0	31	
MYCO000136	653	0	104	
MYCO000137	715	0	37	
MYCO000138	663	0	33	
MYCO000139	66	0	56	
MYCO000140	19	0	25	
MYCO000141	17	0	31	
MYCO000142	989	0	64	
MYCO000143	387	0	105	
MYCO000144	431	0	46	
MYCO000145	302	0	74	
MYCO000146	1061	0	65	
MYCO000147	228	0	112	
MYCO000148	65	0	44	
MYCO000149	1143	0	55	
MYCO000150	45	0	20	
MYCO000151	466	0	122	
MYCO000152	149	0	120	
MYCO000153	117	0	48	
MYCO000154	73	0	55	
MYCO000155	187	0	58	
MYCO000156	8	0	18	
MYCO000157	481	0	74	
MYCO000158	17	0	39	
MYCO000159	521	0	100	
MYCO000160	64	0	110	
MYCO000161	194	0	86	
MYCO000162	360	0	74	
MYCO000163	7	0	37	
MYCO000164	15	0	27	
MYCO000165	3166	0	17	
MYCO000166	112	0	108	
MYCO000167	13	3188	30	
MYCO000168	92	0	61	
MYCO000169	187	0	98	
MYCO000170	17	0	48	
MYCO000171	1672	0	89	
MYCO000172	270	0	103	
MYCO000173	19	0	63	
MYCO000174	118	0	91	
MYCO000175	96	0	60	
MYCO000176	256	0	63	
MYCO000177	3	0	26	
MYCO000178	35	0	47	
MYCO000179	378	0	74	
MYCO000180	770	0	92	
MYCO000181	16	0	41	
MYCO000182	473	0	83	
MYCO000185	131	0	24	
MYCO000186	349	0	122	
MYCO000187	111	0	50	
MYCO000188	25	0	31	
MYCO000190	1	0	16	
MYCO000191	647	0	68	
MYCO000192	1491	0	59	
MYCO000193	62	0	129	
MYCO000194	504	0	226	
MYCO000195	1013	0	37	
MYCO000196	102	0	28	
MYCO000197	6391	0	3	
MYCO000199	10	0	33	
MYCO000200	105	0	34	
MYCO000201	498	0	26	
MYCO000202	231	0	159	
MYCO000203	284	0	25	
MYCO000205	806	0	53	
MYCO000206	412	0	129	
MYCO000208	40	0	33	
MYCO000209	488	0	68	
MYCO000210	579	0	74	
MYCO000212	83	0	59	
MYCO000213	39	0	73	
MYCO000214	102	0	103	
MYCO000215	765	0	52	
MYCO000216	93	0	51	
MYCO000217	574	0	57	
MYCO000218	1889	0	62	
MYCO000219	9	0	42	
MYCO000220	263	0	69	
MYCO000221	718	0	66	
MYCO000222	145	0	43	
MYCO000224	83	0	28	
MYCO000226	399	0	92	
MYCO000229	38	0	43	
MYCO000230	26	0	71	
MYCO000231	93	0	97	
MYCO000232	45	0	48	
MYCO000233	657	0	47	
MYCO000234	348	0	79	
MYCO000235	99	0	118	
MYCO000239	13	0	21	
MYCO000240	13	0	28	
MYCO000245	35	0	37	
MYCO000246	286	0	76	
MYCO000249	33	0	40	
MYCO000250	10	0	17	
MYCO000251	11	0	42	
MYCO000252	115	0	167	
MYCO000253	41	0	19	
MYCO000254	88	0	23	
MYCO000255	580	0	94	
MYCO000256	1755	0	93	
MYCO000257	827	0	35	
MYCO000258	72	0	30	
MYCO000259	14	0	45	
MYCO000260	99	0	79	
MYCO000261	85	0	98	
MYCO000262	33	0	32	
MYCO000263	577	0	50	
MYCO000264	131	0	42	
MYCO000265	37	0	73	
MYCO000266	1611	0	170	
MYCO000267	704	0	69	
MYCO000268	63	0	36	
MYCO000269	136	0	67	
MYCO000271	226	0	127	
MYCO000272	123	0	83	
MYCO000273	101	0	40	
MYCO000275	635	0	61	
MYCO000276	304	1784	58	
MYCO000277	198	2696	86	
MYCO000278	6381	0	6	
MYCO000279	6043	0	93	
MYCO000280	2750	0	86	
MYCO000281	329	0	51	
MYCO000282	88	0	94	
MYCO000283	552	0	87	
MYCO000284	1167	0	199	
MYCO000285	219	0	13	
MYCO000286	1844	0	83	
MYCO000287	27	24	16	
MYCO000288	3	0	29	
MYCO000289	139	0	73	
MYCO000290	1032	0	98	
MYCO000291	861	0	80	
MYCO000292	63	0	55	
MYCO000293	181	0	83	
MYCO000294	161	0	56	
MYCO000295	28	0	40	
MYCO000296	104	0	69	
MYCO000297	3354	0	118	
MYCO000298	11	0	17	
MYCO000299	10	0	26	
MYCO000300	6	0	11	
MYCO000301	7	0	27	
MYCO000302	106	0	43	
MYCO000303	72	0	64	
MYCO000304	876	0	453	
MYCO000305	6297	0	15	
MYCO000306	25	0	36	
MYCO000307	32	0	31	
MYCO000308	11	0	44	
MYCO000309	37	0	30	
MYCO000310	5	0	20	
MYCO000311	48	0	76	
MYCO000312	546	0	89	
MYCO000313	8	0	26	
MYCO000314	237	0	48	
MYCO000315	1527	0	45	
MYCO000316	608	0	33	
MYCO000317	94	0	55	
MYCO000318	41	0	45	
MYCO000319	83	0	42	
MYCO000320	22	0	39	
MYCO000323	667	0	46	
MYCO000324	36	0	37	
MYCO000325	3099	0	7	
MYCO000326	303	0	27	
MYCO000327	365	0	74	
MYCO000328	13	0	28	
MYCO000329	177	0	45	
MYCO000330	51	0	50	
MYCO000331	351	0	91	
MYCO000332	64	0	49	
MYCO000333	6	0	22	
MYCO000335	913	0	31	
MYCO000336	5530	716	28	
MYCO000338	1208	0	114	
MYCO000339	924	0	139	
MYCO000340	22	0	38	
MYCO000341	1965	0	66	
MYCO000342	222	0	92	
MYCO000343	266	0	87	
MYCO000344	36	0	27	
MYCO000345	14	0	32	
MYCO000346	295	0	66	
MYCO000347	14	28	35	
MYCO000348	12	0	25	
MYCO000349	29	0	38	
MYCO000351	168	0	31	
MYCO000353	9	0	26	
MYCO000354	6390	0	1	
MYCO000355	3917	0	428	
MYCO000356	556	0	45	
MYCO000358	1726	0	37	
MYCO000359	92	0	48	
MYCO000361	19	0	40	
MYCO000362	45	0	92	
MYCO000363	60	0	56	
MYCO000364	21	0	39	
MYCO000365	184	0	66	
MYCO000366	106	0	38	
MYCO000367	51	0	20	
MYCO000368	295	0	78	
MYCO000369	17	0	30	
MYCO000370	58	0	75	
MYCO000371	48	0	27	
MYCO000372	197	0	51	
MYCO000373	251	0	165	
MYCO000374	27	0	34	
MYCO000375	678	0	40	
MYCO000376	507	0	68	
MYCO000377	466	0	68	
MYCO000378	870	0	15	
MYCO000379	19	0	17	
MYCO000380	111	0	30	
MYCO000381	89	0	45	
MYCO000382	42	0	23	
MYCO000385	25	0	51	
MYCO000386	538	0	173	
MYCO000387	2322	0	30	
MYCO000388	6388	0	4	
MYCO000389	793	0	81	
MYCO000390	9	0	24	
MYCO000391	131	0	52	
MYCO000392	392	0	84	
MYCO000393	2001	0	116	
MYCO000394	74	0	41	
MYCO000395	995	0	16	
MYCO000396	45	0	24	
MYCO000397	977	2134	84	
MYCO000398	421	0	32	
MYCO000399	112	0	83	
MYCO000400	169	0	62	
MYCO000401	314	0	28	
MYCO000402	1085	0	143	
MYCO000403	1460	0	22	
MYCO000404	195	0	158	
MYCO000405	3086	0	185	
MYCO000406	91	0	48	
MYCO000408	41	0	110	
MYCO000409	46	0	56	
MYCO000412	45	0	68	
MYCO000413	197	0	32	
MYCO000416	2	0	8	
MYCO000418	61	0	84	
MYCO000419	134	0	89	
MYCO000420	7	0	42	
MYCO000421	42	0	41	
MYCO000422	33	0	41	
MYCO000424	4	0	18	
MYCO000425	1493	0	211	
MYCO000426	115	0	31	
MYCO000427	81	0	50	
MYCO000428	323	0	46	
MYCO000430	94	0	9	
MYCO000431	31	0	21	
MYCO000434	70	0	37	
MYCO000435	433	0	121	
MYCO000436	445	0	43	
MYCO000437	356	0	25	
MYCO000438	114	0	70	
MYCO000441	383	0	24	
MYCO000442	191	0	94	
MYCO000443	235	0	24	
MYCO000444	962	0	41	
MYCO000445	23	0	25	
MYCO000446	1321	0	36	
MYCO000447	268	0	72	
MYCO000448	115	0	32	
MYCO000449	99	0	52	
MYCO000450	96	0	131	
MYCO000451	15	0	30	
MYCO000452	17	0	32	
MYCO000453	1658	0	54	
MYCO000454	23	0	22	
MYCO000455	4	0	26	
MYCO000456	77	0	57	
MYCO000457	766	0	95	
MYCO000458	470	0	91	
MYCO000459	184	0	44	
MYCO000460	6	0	14	
MYCO000461	69	0	36	
MYCO000463	107	0	14	
MYCO000464	7	0	27	
MYCO000469	114	0	63	
MYCO000470	50	0	35	
MYCO000471	125	0	37	
MYCO000473	50	0	64	
MYCO000474	11	0	23	
MYCO000476	16	0	13	
MYCO000477	89	0	22	
MYCO000478	40	0	42	
MYCO000479	639	0	40	
MYCO000480	212	0	43	
MYCO000481	35	0	30	
MYCO000482	62	0	47	
MYCO000485	112	0	62	
MYCO000487	198	0	43	
MYCO000488	34	0	35	
MYCO000492	840	0	107	
MYCO000493	250	0	64	
MYCO000494	178	0	42	
MYCO000497	784	0	43	
MYCO000499	164	0	44	
MYCO000500	530	0	40	
MYCO000503	13	0	36	
MYCO000504	7	0	20	
MYCO000506	36	0	13	
MYCO000507	517	0	201	
MYCO000508	0	0	13	
MYCO000511	1021	0	74	
MYCO000513	99	0	23	
MYCO000514	54	0	30	
MYCO000515	5530	432	27	
MYCO000516	32	0	24	
MYCO000517	149	0	76	
MYCO000518	34	0	36	
MYCO000519	758	0	45	
MYCO000520	71	0	17	
MYCO000521	9	0	16	
MYCO000522	39	0	52	
MYCO000523	301	0	24	
MYCO000525	619	0	41	
MYCO000526	91	0	37	
MYCO000530	527	0	87	
MYCO000531	832	0	17	
MYCO000532	6006	0	15	
MYCO000533	141	0	43	
MYCO000534	261	0	56	
MYCO000535	104	0	44	
MYCO000536	982	0	44	
MYCO000537	488	0	88	
MYCO000538	1556	0	133	
MYCO000539	2543	0	24	
MYCO000540	545	0	29	
MYCO000541	235	0	72	
MYCO000542	820	0	58	
MYCO000543	0	0	11	
MYCO000544	586	0	20	
MYCO000545	236	0	64	
MYCO000546	22	0	24	
MYCO000547	381	0	52	
MYCO000549	84	0	26	
MYCO000550	36	0	16	
MYCO000552	1318	0	80	
MYCO000554	419	0	40	
MYCO000556	12	0	26	
MYCO000559	105	0	20	
MYCO000560	37	0	41	
MYCO000561	422	0	50	
MYCO000565	245	0	111	
MYCO000567	116	0	60	
MYCO000568	213	0	74	
MYCO000569	12	0	15	
MYCO000570	363	0	130	
MYCO000571	599	0	64	
MYCO000572	27	0	25	
MYCO000573	395	0	78	
MYCO000574	333	0	60	
MYCO000575	419	0	68	
MYCO000576	512	0	75	
MYCO000577	522	0	52	
MYCO000578	4848	0	141	
MYCO000579	315	0	52	
MYCO000580	41	0	31	
MYCO000581	206	0	17	
MYCO000582	28	0	18	
MYCO000583	167	0	46	
MYCO000584	88	0	161	
MYCO000585	215	0	132	
MYCO000586	29	1986	41	
MYCO000587	199	0	62	
MYCO000588	268	0	56	
MYCO000589	87	0	76	
MYCO000590	3113	0	32	
MYCO000591	497	0	96	
MYCO000592	1125	0	61	
MYCO000593	81	0	68	
MYCO000594	346	0	106	
MYCO000595	44	0	29	
MYCO000596	47	0	13	
MYCO000597	24	0	63	
MYCO000598	26	0	24	
MYCO000599	11	3556	17	
MYCO000600	325	0	27	
MYCO000601	289	0	40	
MYCO000602	788	0	48	
MYCO000603	1185	0	17	
MYCO000604	319	0	58	
MYCO000605	45	0	30	
MYCO000606	133	0	44	
MYCO000607	17	0	20	
MYCO000608	3	0	11	
MYCO000609	40	0	29	
MYCO000610	770	0	50	
MYCO000611	15	0	28	
MYCO000612	833	0	34	
MYCO000613	1709	0	114	
MYCO000614	227	0	54	
MYCO000615	88	0	13	
MYCO000616	42	0	27	
MYCO000617	19	0	26	
MYCO000618	842	0	33	
MYCO000619	6394	0	0	
MYCO000620	1677	0	64	
MYCO000621	872	0	50	
MYCO000622	25	0	54	
MYCO000623	15	0	13	
MYCO000624	17	0	28	
MYCO000625	452	0	41	
MYCO000626	44	0	15	
MYCO000627	46	0	21	
MYCO000628	542	2961	58	
MYCO000629	1113	0	94	
MYCO000630	1719	0	136	
MYCO000631	1725	0	136	
MYCO000632	8	0	33	
MYCO000633	50	0	54	
MYCO000634	16	0	32	
MYCO000635	12	0	28	
MYCO000637	7	0	38	
MYCO000638	99	0	33	
MYCO000642	39	0	50	
MYCO000643	164	0	47	
MYCO000644	10	23	36	
MYCO000645	6	0	37	
MYCO000646	104	0	48	
MYCO000648	2159	0	156	
MYCO000649	2461	0	38	
MYCO000650	1792	0	44	
MYCO000653	36	0	35	
MYCO000654	666	0	83	
MYCO000656	40	0	26	
MYCO000657	5	0	7	
MYCO000658	41	0	46	
MYCO000659	16	0	22	
MYCO000660	80	0	18	
MYCO000661	86	0	23	
MYCO000662	102	0	13	
MYCO000663	517	0	145	
MYCO000664	7	0	13	
MYCO000665	73	0	19	
MYCO000666	7	0	16	
MYCO000669	625	0	104	
MYCO000670	1105	0	29	
MYCO000671	130	0	49	
MYCO000673	856	0	51	
MYCO000674	84	0	32	
MYCO000675	299	0	37	
MYCO000676	30	2837	106	
MYCO000677	13	0	25	
MYCO000678	29	0	31	
MYCO000679	93	0	28	
MYCO000680	17	0	22	
MYCO000681	14	0	40	
MYCO000686	962	0	37	
MYCO000687	85	0	36	
MYCO000688	68	0	58	
MYCO000689	301	0	17	
MYCO000690	83	0	41	
MYCO000691	4	0	39	
MYCO000692	9	0	19	
MYCO000694	358	0	49	
MYCO000695	81	0	34	
MYCO000697	29	0	72	
MYCO000698	1178	0	33	
MYCO000699	3	0	11	
MYCO000711	459	0	105	
MYCO000712	27	0	35	
MYCO000713	29	0	67	
MYCO000724	615	0	99	
MYCO000725	79	0	42	
MYCO000726	166	0	66	
MYCO000727	394	0	43	
MYCO000728	179	0	59	
MYCO000729	935	0	79	
MYCO000730	197	0	38	
MYCO000731	525	0	51	
MYCO000735	18	0	33	
MYCO000736	145	0	47	
MYCO000737	30	0	24	
MYCO000738	797	0	32	
MYCO000739	3174	0	24	
MYCO000740	1573	0	41	
MYCO000741	34	772	23	
MYCO000742	6394	0	0	
MYCO000743	22	0	26	
MYCO000744	311	0	31	
MYCO000745	857	0	35	
MYCO000746	5806	0	30	
MYCO000747	5786	0	44	
MYCO000748	639	0	27	
MYCO000749	198	3061	60	
MYCO000750	1453	2375	27	
MYCO000751	225	0	44	
MYCO000752	167	0	65	
MYCO000753	321	0	75	
MYCO000754	1749	0	84	
MYCO000755	805	0	131	
MYCO000756	175	0	40	
MYCO000759	2	0	13	
MYCO000760	207	0	22	
MYCO000761	54	0	41	
MYCO000762	25	0	30	
MYCO000763	12	0	12	
MYCO000764	44	0	62	
MYCO000765	142	0	47	
MYCO000766	1515	0	61	
MYCO000767	487	0	40	
MYCO000768	72	0	85	
MYCO000769	15	0	43	
MYCO000770	387	0	44	
MYCO000771	85	0	29	
MYCO000773	126	0	90	
MYCO000774	272	0	56	
MYCO000775	116	0	44	
MYCO000776	266	0	39	
MYCO000778	348	0	64	
MYCO000779	2026	0	30	
MYCO000781	6249	0	2	
MYCO000783	57	0	103	
MYCO000784	188	0	41	
MYCO000785	192	0	73	
MYCO000786	242	0	27	
MYCO000787	928	0	53	
MYCO000789	17	0	27	
MYCO000790	45	0	47	
MYCO000791	163	0	65	
MYCO000792	39	0	46	
MYCO000793	20	0	16	
MYCO000794	102	0	73	
MYCO000795	776	2	21	
MYCO000796	6394	0	0	
MYCO000797	6296	0	12	
MYCO000798	32	0	33	
MYCO000799	12	0	35	
MYCO000800	84	0	72	
MYCO000801	13	0	23	
MYCO000802	148	0	50	
MYCO000804	1119	0	28	
MYCO000805	21	0	62	
MYCO000806	31	0	72	
MYCO000807	27	0	14	
MYCO000811	416	0	51	
MYCO000812	33	0	42	
MYCO000813	476	0	43	
MYCO000816	13	0	30	
MYCO000817	9	0	40	
MYCO000818	151	0	32	
MYCO000819	98	0	53	
MYCO000822	1136	0	95	
MYCO000825	70	0	60	
MYCO000826	378	0	42	
MYCO000827	488	0	25	
MYCO000828	134	0	35	
MYCO000829	172	2028	40	
MYCO000830	36	0	60	
MYCO000831	47	0	40	
MYCO000832	1524	0	19	
MYCO000833	5137	0	74	
MYCO000834	3840	0	97	
MYCO000835	468	0	58	
MYCO000836	3192	0	18	
MYCO000837	228	0	60	
MYCO000838	80	0	44	
MYCO000839	98	0	30	
MYCO000840	110	0	42	
MYCO000841	73	0	20	
MYCO000842	319	0	77	
MYCO000843	36	0	63	
MYCO000844	169	0	49	
MYCO000845	76	0	73	
MYCO000846	276	0	71	
MYCO000847	814	0	19	
MYCO000848	103	0	73	
MYCO000849	836	0	81	
MYCO000850	32	0	17	
MYCO000851	484	0	36	
MYCO000852	44	0	54	
MYCO000853	244	0	87	
MYCO000854	16	0	30	
MYCO000855	176	0	58	
MYCO000856	14	0	25	
MYCO000857	28	0	23	
MYCO000858	362	0	76	
MYCO000862	564	0	131	
MYCO000863	14	0	13	
MYCO000864	35	0	28	
MYCO000865	50	0	19	
MYCO000866	486	0	30	
MYCO000867	3173	0	95	
MYCO000868	38	0	17	
MYCO000869	469	0	66	
MYCO000870	24	0	24	
MYCO000872	2903	0	92	
MYCO000873	88	0	106	
MYCO000874	543	3037	55	
MYCO000875	32	0	25	
MYCO000877	45	0	37	
MYCO000878	4660	0	48	
MYCO000879	161	0	25	
MYCO000880	87	0	24	
MYCO000881	39	0	44	
MYCO000882	61	0	22	
MYCO000883	225	0	33	
MYCO000887	25	0	19	
MYCO000888	1475	0	78	
MYCO000890	245	0	159	
MYCO000891	192	0	44	
MYCO000892	50	0	98	
MYCO000893	61	0	75	
MYCO000894	90	0	72	
MYCO000895	196	0	75	
MYCO000897	1346	0	85	
MYCO000898	7	0	13	
MYCO000899	25	0	41	
MYCO000900	20	0	8	
MYCO000901	345	0	33	
MYCO000904	991	0	66	
MYCO000905	46	0	41	
MYCO000907	6390	0	1	
MYCO000908	40	0	120	
MYCO000909	51	0	14	
MYCO000910	26	0	30	
MYCO000911	369	0	46	
MYCO000912	12	0	26	
MYCO000913	176	0	85	
MYCO000914	226	0	86	
MYCO000915	1029	0	62	
MYCO000916	24	0	24	
MYCO000917	162	0	76	
MYCO000918	71	0	33	
MYCO000919	8	0	30	
MYCO000920	70	0	82	
MYCO000921	48	0	37	
MYCO000922	207	0	103	
MYCO000923	40	0	74	
MYCO000924	538	0	60	
MYCO000925	98	0	41	
MYCO000928	80	0	46	
MYCO000930	101	0	12	
MYCO000931	273	0	121	
MYCO000932	82	0	79	
MYCO000933	65	0	53	
MYCO000934	794	0	61	
MYCO000935	98	0	56	
MYCO000936	118	0	46	
MYCO000937	8	0	34	
MYCO000938	46	0	114	
MYCO000939	155	0	112	
MYCO000940	15	0	48	
MYCO000941	31	0	42	
MYCO000942	31	0	18	
MYCO000943	79	0	65	
MYCO000944	90	0	35	
MYCO000945	168	0	56	
MYCO000947	19	0	18	
MYCO000948	4	0	18	
MYCO000950	248	0	56	
MYCO000954	152	0	64	
MYCO000955	1375	0	55	
MYCO000956	601	0	31	
MYCO000958	815	0	73	
MYCO000959	1131	0	107	
MYCO000960	52	0	21	
MYCO000961	55	3957	21	
MYCO000962	347	0	31	
MYCO000963	403	0	54	
MYCO000964	39	0	27	
MYCO000965	14	0	36	
MYCO000966	695	0	27	
MYCO000967	41	0	16	
MYCO000968	64	0	21	
MYCO000969	1537	0	111	
MYCO000970	13	0	36	
MYCO000971	671	0	37	
MYCO000972	87	0	71	
MYCO000973	412	0	133	
MYCO000974	259	0	110	
MYCO000975	602	0	58	
MYCO000976	784	0	91	
MYCO000977	3848	0	103	
MYCO000978	5941	0	74	
MYCO000979	29	0	17	
MYCO000980	6162	0	66	
MYCO000982	261	0	71	
MYCO000984	58	0	20	
MYCO000985	24	0	36	
MYCO000986	205	0	58	
MYCO000987	311	0	231	
MYCO000988	142	0	111	
MYCO000989	77	0	81	
MYCO000990	206	0	45	
MYCO000991	9	0	20	
MYCO000992	322	0	41	
MYCO000996	30	0	58	
MYCO000997	10	0	27	
MYCO000998	211	0	45	
MYCO000999	68	0	40	
MYCO001000	54	0	29	
MYCO001003	338	0	55	
MYCO001004	2485	0	76	
MYCO001005	1667	0	34	
MYCO001006	130	0	85	
MYCO001012	748	0	13	
MYCO001016	39	0	26	
MYCO001019	7	0	23	
MYCO001021	43	0	42	
MYCO001024	504	0	32	
MYCO001025	88	0	23	
MYCO001027	53	0	46	
MYCO001028	1724	0	117	
MYCO001029	76	0	95	
MYCO001030	68	0	125	
MYCO001031	110	0	31	
MYCO001032	119	0	89	
MYCO001033	55	0	31	
MYCO001034	811	0	21	
MYCO001035	1001	0	35	
MYCO001036	145	0	22	
MYCO001037	565	2995	142	
MYCO001038	3592	680	119	
MYCO001039	1344	0	61	
MYCO001040	667	0	45	
MYCO001041	244	37	57	
MYCO001042	69	4	32	
MYCO001043	30	0	57	
MYCO001044	11	0	23	
MYCO001045	1309	0	38	
MYCO001046	6390	0	1	
MYCO001047	6222	51	9	
MYCO001048	29	0	86	
MYCO001049	33	0	32	
MYCO001050	279	0	42	
MYCO001051	55	0	56	
MYCO001052	68	0	22	
MYCO001053	29	0	16	
MYCO001054	14	0	19	
MYCO001055	2	0	9	
MYCO001056	49	200	37	
MYCO001057	48	0	78	
MYCO001058	175	0	64	
MYCO001059	105	0	68	
MYCO001060	44	0	25	
MYCO001061	33	0	44	
MYCO001062	402	0	41	
MYCO001063	116	0	63	
MYCO001064	429	0	26	
MYCO001065	120	0	38	
MYCO001066	708	0	17	
MYCO001067	6347	0	22	
MYCO001068	6205	0	21	
MYCO001069	158	0	106	
MYCO001073	137	0	60	
MYCO001074	142	0	53	
MYCO001075	209	0	71	
MYCO001076	67	0	67	
MYCO001078	1536	0	30	
MYCO001081	92	0	18	
MYCO001083	20	0	12	
MYCO001084	2246	0	71	
MYCO001085	49	0	31	
MYCO001087	5345	0	109	
MYCO001088	537	0	31	
MYCO001089	6394	0	0	
MYCO001090	58	0	31	
MYCO001091	5816	0	85	
MYCO001093	82	0	56	
MYCO001096	83	0	53	
MYCO001097	36	0	53	
MYCO001100	46	0	42	
MYCO001101	171	0	55	
MYCO001102	31	0	16	
MYCO001103	15	0	14	
MYCO001104	20	0	41	
MYCO001105	61	0	27	
MYCO001106	135	0	40	
MYCO001107	1	0	12	
MYCO001109	19	0	31	
MYCO001111	59	0	43	
MYCO001113	13	0	7	
MYCO001114	13	0	20	
MYCO001115	118	0	51	
MYCO001116	28	0	10	
MYCO001117	8	0	15	
MYCO001118	341	0	43	
MYCO001119	30	0	8	
MYCO001120	31	0	32	
MYCO001121	126	0	84	
MYCO001122	601	0	50	
MYCO001123	88	0	55	
MYCO001124	144	0	46	
MYCO001125	746	0	70	
MYCO001126	28	0	30	
MYCO001127	38	0	78	
MYCO001128	2149	0	68	
MYCO001129	45	0	123	
MYCO001130	87	0	84	
MYCO001131	22	0	58	
MYCO001132	1073	0	96	
MYCO001133	840	0	76	
MYCO001134	450	0	17	
MYCO001135	1974	0	107	
MYCO001136	8	0	22	
MYCO001137	36	0	15	
MYCO001138	70	0	51	
MYCO001139	476	0	37	
MYCO001140	20	0	37	
MYCO001141	74	3241	32	
MYCO001142	74	3638	28	
MYCO001143	89	0	43	
MYCO001144	92	0	41	
MYCO001145	3145	0	23	
MYCO001146	54	0	64	
MYCO001147	46	0	36	
MYCO001148	6176	55	38	
MYCO001149	69	2	32	
MYCO001150	6394	0	0	
MYCO001151	59	0	30	
MYCO001152	39	0	23	
MYCO001153	122	0	47	
MYCO001154	18	0	37	
MYCO001155	44	0	28	
MYCO001156	49	0	35	
MYCO001157	2632	0	45	
MYCO001158	1369	0	40	
MYCO001159	23	0	63	
MYCO001160	92	0	22	
MYCO001161	179	0	163	
MYCO001162	88	0	79	
MYCO001163	77	0	25	
MYCO001164	31	0	37	
MYCO001166	271	0	72	
MYCO001167	46	0	22	
MYCO001168	917	0	65	
MYCO001169	19	0	19	
MYCO001170	65	0	46	
MYCO001171	23	0	30	
MYCO001172	853	0	52	
MYCO001174	10	0	25	
MYCO001175	2469	0	105	
MYCO001176	340	0	30	
MYCO001179	1182	0	161	
MYCO001180	6381	0	1	
MYCO001181	371	0	222	
MYCO001182	37	0	48	
MYCO001183	58	0	162	
MYCO001184	43	0	49	
MYCO001185	80	0	76	
MYCO001186	502	0	90	
MYCO001187	656	0	77	
MYCO001188	372	0	60	
MYCO001189	111	0	44	
MYCO001190	818	0	42	
MYCO001191	1109	0	45	
MYCO001192	642	0	35	
MYCO001194	106	0	82	
MYCO001195	36	0	18	
MYCO001196	3162	473	455	
MYCO001197	3591	733	124	
MYCO001198	565	3044	140	
MYCO001199	6222	52	10	
MYCO001200	476	0	72	
MYCO001203	478	0	37	
MYCO001204	473	0	81	
MYCO001205	111	0	33	
MYCO001206	111	0	73	
MYCO001209	89	0	18	
MYCO001210	43	0	19	
MYCO001211	14	0	7	
MYCO001212	81	0	53	
MYCO001214	198	0	21	
MYCO001215	884	0	101	
MYCO001216	110	0	41	
MYCO001217	1013	0	95	
MYCO001218	24	0	64	
MYCO001219	53	0	44	
MYCO001222	16	0	28	
MYCO001224	28	0	28	
MYCO001225	1655	0	45	
MYCO001226	843	0	93	
MYCO001227	42	0	41	
MYCO001228	23	0	39	
MYCO001230	576	0	89	
MYCO001231	193	0	32	
MYCO001232	170	0	77	
MYCO001233	241	0	42	
MYCO001234	53	0	27	
MYCO001235	34	0	54	
MYCO001236	79	0	52	
MYCO001237	24	0	35	
MYCO001240	111	0	54	
MYCO001241	61	0	17	
MYCO001242	54	0	25	
MYCO001243	4203	0	57	
MYCO001244	957	0	53	
MYCO001246	9	0	19	
MYCO001247	10	0	7	
MYCO001249	120	0	53	
MYCO001250	749	0	86	
MYCO001251	1720	0	114	
MYCO001252	33	0	28	
MYCO001254	609	0	48	
MYCO001255	86	0	42	
MYCO001256	189	0	62	
MYCO001257	77	0	79	
MYCO001258	1540	0	63	
MYCO001259	255	0	41	
MYCO001260	678	0	39	
MYCO001261	34	0	23	
MYCO001262	36	0	30	
MYCO001263	607	0	75	
MYCO001264	191	0	81	
MYCO001265	158	0	28	
MYCO001266	1428	0	97	
MYCO001267	53	0	65	
MYCO001268	404	0	51	
MYCO001269	1291	0	26	
MYCO001270	302	0	39	
MYCO001271	30	0	19	
MYCO001274	634	0	27	
MYCO001275	17	0	35	
MYCO001276	328	0	34	
MYCO001278	1256	0	104	
MYCO001279	107	0	82	
MYCO001280	48	0	94	
MYCO001281	126	0	74	
MYCO001282	5	0	38	
MYCO001283	153	0	39	
MYCO001284	17	0	21	
MYCO001285	31	0	66	
MYCO001286	35	0	103	
MYCO001287	22	0	15	
MYCO001288	2482	0	80	
MYCO001289	23	0	41	
MYCO001290	988	1365	75	
MYCO001291	24	0	22	
MYCO001296	285	0	46	
MYCO001300	583	0	46	
MYCO001301	22	0	29	
MYCO001303	15	0	23	
MYCO001304	25	0	42	
MYCO001306	19	0	23	
MYCO001307	68	0	70	
MYCO001312	48	0	24	
MYCO001313	3425	66	40	
MYCO001314	78	0	45	
MYCO001316	64	0	34	
MYCO001317	269	0	91	
MYCO001318	296	0	79	
MYCO001319	4786	0	72	
MYCO001320	321	0	107	
MYCO001322	321	0	21	
MYCO001324	659	0	44	
MYCO001325	4101	0	75	
MYCO001329	760	0	103	
MYCO001330	441	0	77	
MYCO001331	22	0	13	
MYCO001332	19	0	37	
MYCO001333	359	0	55	
MYCO001334	166	0	20	
MYCO001335	154	0	20	
MYCO001336	448	0	42	
MYCO001337	8	0	36	
MYCO001339	25	0	42	
MYCO001341	53	0	29	
MYCO001342	14	0	22	
MYCO001343	32	0	33	
MYCO001344	3	0	17	
MYCO001345	79	0	70	
MYCO001346	20	0	39	
MYCO001347	15	0	40	
MYCO001348	442	0	108	
MYCO001349	178	0	69	
MYCO001350	19	0	40	
MYCO001351	33	0	22	
MYCO001352	25	0	33	
MYCO001353	300	0	42	
MYCO001354	364	0	116	
MYCO001355	986	0	142	
MYCO001356	355	0	52	
MYCO001357	61	0	53	
MYCO001358	1715	0	161	
MYCO001359	85	0	34	
MYCO001360	180	0	43	
MYCO001361	3071	484	478	
MYCO001362	49	0	34	
MYCO001363	535	0	43	
MYCO001364	496	0	95	
MYCO001365	39	0	24	
MYCO001366	393	0	45	
MYCO001367	474	0	68	
MYCO001368	130	0	46	
MYCO001369	6394	0	0	
MYCO001370	776	2	21	
MYCO001371	1560	0	55	
MYCO001372	45	0	77	
MYCO001373	146	0	55	
MYCO001374	9	0	36	
MYCO001375	347	0	85	
MYCO001376	546	0	69	
MYCO001377	17	0	29	
MYCO001378	845	0	82	
MYCO001379	68	0	23	
MYCO001382	194	0	37	
MYCO001386	188	0	26	
MYCO001387	2402	0	68	
MYCO001389	127	0	40	
MYCO001393	177	0	72	
MYCO001394	50	0	82	
MYCO001395	50	0	68	
MYCO001396	4378	0	58	
MYCO001397	22	0	23	
MYCO001398	9	0	16	
MYCO001399	179	0	60	
MYCO001400	204	0	52	
MYCO001401	233	0	43	
MYCO001403	360	0	46	
MYCO001404	14	0	23	
MYCO001405	36	0	52	
MYCO001406	471	0	47	
MYCO001409	815	0	37	
MYCO001411	13	0	43	
MYCO001413	29	0	36	
MYCO001414	22	0	25	
MYCO001417	12	0	32	
MYCO001418	26	0	35	
MYCO001419	22	0	32	
MYCO001422	339	0	46	
MYCO001423	423	0	56	
MYCO001424	80	0	49	
MYCO001425	47	0	69	
MYCO001426	112	0	81	
MYCO001427	303	0	80	
MYCO001428	11	0	49	
MYCO001429	271	0	76	
MYCO001430	748	0	72	
MYCO001431	81	0	118	
MYCO001432	623	0	52	
MYCO001433	15	0	41	
MYCO001434	34	0	10	
MYCO001435	1324	0	43	
MYCO001439	16	1677	23	
MYCO001441	3510	0	116	
MYCO001442	336	0	152	
MYCO001443	50	0	25	
MYCO001444	66	0	30	
MYCO001446	935	0	56	
MYCO001450	6386	0	5	
MYCO001452	5992	0	102	
MYCO001453	124	0	78	
MYCO001454	51	0	59	
MYCO001455	154	0	57	
MYCO001456	176	0	58	
MYCO001459	545	0	95	
MYCO001460	991	0	32	
MYCO001461	104	0	127	
MYCO001468	3270	0	47	
MYCO001469	537	0	96	
MYCO001470	18	0	18	
MYCO001471	37	0	18	
MYCO001472	65	0	60	
MYCO001476	6	0	32	
MYCO001477	158	0	65	
MYCO001478	76	0	30	
MYCO001482	59	0	48	
MYCO001486	40	0	48	
MYCO001487	16	0	23	
MYCO001488	83	0	44	
MYCO001489	20	0	21	
MYCO001490	64	0	88	
MYCO001491	13	0	47	
MYCO001492	734	0	86	
MYCO001494	13	0	13	
MYCO001495	14	0	24	
MYCO001496	66	0	51	
MYCO001497	211	0	76	
MYCO001498	89	0	44	
MYCO001499	51	0	22	
MYCO001500	112	0	69	
MYCO001501	74	0	42	
MYCO001502	140	0	69	
MYCO001503	6394	0	0	
MYCO001504	1695	0	23	
MYCO001505	84	0	52	
MYCO001506	171	0	34	
MYCO001507	137	0	45	
MYCO001508	284	171	111	
MYCO001509	549	0	45	
MYCO001510	29	3496	54	
MYCO001511	121	0	61	
MYCO001512	81	0	57	
MYCO001513	91	0	31	
MYCO001514	60	0	40	
MYCO001515	83	0	49	
MYCO001516	364	0	54	
MYCO001517	56	0	35	
MYCO001518	198	0	51	
MYCO001519	931	0	15	
MYCO001520	969	0	58	
MYCO001521	212	0	80	
MYCO001522	599	0	181	
MYCO001523	125	0	52	
MYCO001524	721	0	59	
MYCO001525	820	0	46	
MYCO001526	706	0	68	
MYCO001527	1569	0	323	
MYCO001528	57	0	22	
MYCO001529	116	0	103	
MYCO001530	95	0	75	
MYCO001531	27	0	27	
MYCO001532	108	0	27	
MYCO001533	217	0	46	
MYCO001534	38	0	38	
MYCO001535	7	0	13	
MYCO001537	215	0	82	
MYCO001538	463	0	55	
MYCO001539	32	0	32	
MYCO001541	48	0	28	
MYCO001542	25	25	22	
MYCO001543	23	0	54	
MYCO001544	128	0	49	
MYCO001545	36	0	15	
MYCO001546	104	0	37	
MYCO001548	249	0	120	
MYCO001549	6334	0	2	
MYCO001550	773	0	75	
MYCO001551	1547	0	84	
MYCO001552	191	0	103	
MYCO001553	240	0	30	
MYCO001554	15	0	19	
MYCO001555	14	0	21	
MYCO001556	38	0	41	
MYCO001558	37	0	21	
MYCO001560	5	0	8	
MYCO001561	15	0	29	
MYCO001562	693	0	83	
MYCO001563	486	0	126	
MYCO001565	795	0	89	
MYCO001566	280	0	46	
MYCO001567	9	0	27	
MYCO001570	732	0	33	
MYCO001571	624	0	28	
MYCO001572	4510	0	12	
MYCO001573	4086	0	12	
MYCO001574	4274	0	19	
MYCO001575	6388	0	3	
MYCO001576	1242	785	152	
MYCO001577	3895	0	21	
MYCO001578	3910	0	27	
MYCO001579	3872	0	23	
MYCO001580	3912	0	15	
MYCO001581	4727	0	10	
MYCO001582	3904	0	53	
MYCO001583	507	1092	30	
MYCO001584	4092	0	11	
MYCO001585	4355	0	24	
MYCO001586	4033	0	51	
MYCO001587	6333	0	13	
MYCO001588	6157	6	61	
MYCO001590	20	0	11	
MYCO001591	48	0	49	
MYCO001592	34	0	83	
MYCO001596	20	0	30	
MYCO001597	59	0	44	
MYCO001598	68	0	14	
MYCO001602	17	0	36	
MYCO001604	45	0	43	
MYCO001606	31	0	26	
MYCO001607	88	0	39	
MYCO001608	4	0	18	
MYCO001610	777	0	37	
MYCO001613	19	0	47	
MYCO001614	84	0	67	
MYCO001615	9	0	35	
MYCO001616	19	0	22	
MYCO001618	34	0	34	
MYCO001619	329	0	68	
MYCO001620	1004	0	67	
MYCO001621	853	0	70	
MYCO001622	33	0	56	
MYCO001623	17	0	70	
MYCO001624	28	0	42	
MYCO001625	306	0	82	
MYCO001628	99	0	19	
MYCO001631	95	0	59	
MYCO001632	109	0	23	
MYCO001634	107	0	67	
MYCO001635	96	0	78	
MYCO001636	6	0	27	
MYCO001637	377	0	48	
MYCO001639	1308	1976	71	
MYCO001640	150	0	172	
MYCO001644	447	0	45	
MYCO001645	667	0	64	
MYCO001646	600	0	57	
MYCO001647	1654	0	40	
MYCO001648	21	0	49	
MYCO001650	979	0	136	
MYCO001651	3598	0	134	
MYCO001660	1066	0	60	
MYCO001661	1855	0	318	
MYCO001662	1562	0	294	
MYCO001663	203	0	100	
MYCO001664	535	0	178	
MYCO001665	307	0	69	
MYCO001666	234	0	66	
MYCO001667	104	0	34	
MYCO001668	6247	0	5	
MYCO001669	184	0	18	
MYCO001670	48	0	21	
MYCO001671	16	0	30	
MYCO001672	554	0	73	
MYCO001673	479	0	56	
MYCO001674	519	0	33	
MYCO001675	413	0	47	
MYCO001676	23	0	62	
MYCO001677	30	0	36	
MYCO001678	789	0	55	
MYCO001679	79	0	52	
MYCO001680	97	0	49	
MYCO001681	70	0	56	
MYCO001682	531	0	47	
MYCO001683	955	0	120	
MYCO001684	51	0	14	
MYCO001685	26	0	34	
MYCO001686	33	0	45	
MYCO001687	35	0	54	
MYCO001688	207	0	43	
MYCO001690	25	0	20	
MYCO001691	361	0	53	
MYCO001692	703	0	43	
MYCO001693	15	0	14	
MYCO001696	59	0	79	
MYCO001698	620	0	37	
MYCO001700	12	0	38	
MYCO001702	703	0	81	
MYCO001703	23	0	31	
MYCO001704	47	0	99	
MYCO001705	1378	0	54	
MYCO001706	499	0	58	
MYCO001707	100	0	82	
MYCO001710	14	0	37	
MYCO001714	830	0	51	
MYCO001715	693	0	55	
MYCO001716	21	0	59	
MYCO001717	1252	0	25	
MYCO001718	132	0	62	
MYCO001719	201	0	62	
MYCO001720	104	0	21	
MYCO001721	8	0	9	
MYCO001722	665	0	85	
MYCO001723	339	0	74	
MYCO001724	101	0	17	
MYCO001725	349	0	47	
MYCO001726	437	0	107	
MYCO001727	80	0	38	
MYCO001728	20	0	42	
MYCO001729	49	0	49	
MYCO001730	1189	0	101	
MYCO001731	475	0	79	
MYCO001732	383	0	21	
MYCO001733	14	0	43	
MYCO001734	12	0	13	
MYCO001735	43	0	34	
MYCO001736	1015	2668	118	
MYCO001737	1042	0	55	
MYCO001738	85	0	26	
MYCO001739	373	0	93	
MYCO001740	13	0	13	
MYCO001741	9	1982	18	
MYCO001742	197	0	45	
MYCO001743	687	0	76	
MYCO001744	976	0	27	
MYCO001745	51	0	38	
MYCO001746	322	0	84	
MYCO001747	451	0	106	
MYCO001748	32	0	47	
MYCO001749	50	0	38	
MYCO001750	258	0	89	
MYCO001751	167	0	72	
MYCO001752	34	0	33	
MYCO001753	6350	0	25	
MYCO001754	2785	0	56	
MYCO001755	6394	0	0	
MYCO001756	6394	0	0	
MYCO001757	776	2	21	
MYCO001758	4391	0	36	
MYCO001759	6032	0	40	
MYCO001760	3385	0	58	
MYCO001761	3335	0	21	
MYCO001762	3399	0	25	
MYCO001763	776	2	21	
MYCO001764	6394	0	0	
MYCO001765	6386	0	2	
MYCO001766	24	0	10	
MYCO001767	17	0	19	
MYCO001768	3070	0	81	
MYCO001769	400	0	65	
MYCO001770	384	0	77	
MYCO001771	15	0	70	
MYCO001772	21	0	17	
MYCO001773	32	0	42	
MYCO001774	108	0	97	
MYCO001775	1711	0	33	
MYCO001776	44	0	37	
MYCO001777	391	0	87	
MYCO001778	701	0	19	
MYCO001779	576	0	118	
MYCO001780	17	0	27	
MYCO001781	685	0	127	
MYCO001782	159	0	58	
MYCO001783	348	0	143	
MYCO001785	34	0	52	
MYCO001786	3	0	14	
MYCO001787	5592	0	46	
MYCO001788	20	18	25	
MYCO001789	659	0	70	
MYCO001790	2712	0	74	
MYCO001791	28	0	12	
MYCO001792	6394	0	0	
MYCO001793	565	2429	116	
MYCO001794	11	0	44	
MYCO001795	633	0	77	
MYCO001796	298	0	89	
MYCO001797	25	0	75	
MYCO001798	35	0	72	
MYCO001799	533	0	17	
MYCO001800	241	0	119	
MYCO001801	1734	0	88	
MYCO001802	1178	0	68	
MYCO001803	1867	0	90	
MYCO001804	40	0	24	
MYCO001805	7	0	34	
MYCO001806	18	0	21	
MYCO001807	6394	0	0	
MYCO001808	456	0	66	
MYCO001809	304	0	56	
MYCO001810	6	0	19	
MYCO001811	54	0	55	
MYCO001812	323	0	75	
MYCO001813	25	0	28	
MYCO001814	307	0	76	
MYCO001815	909	0	58	
MYCO001816	869	1790	28	
MYCO001817	699	0	89	
MYCO001818	4215	0	67	
MYCO001819	225	0	70	
MYCO001820	213	0	82	
MYCO001822	29	0	38	
MYCO001823	174	0	54	
MYCO001824	26	0	23	
MYCO001825	30	0	46	
MYCO001826	2	0	15	
MYCO001828	26	0	35	
MYCO001831	57	0	15	
MYCO001833	35	0	50	
MYCO001834	61	0	39	
MYCO001835	351	0	113	
MYCO001836	402	0	105	
MYCO001838	20	0	19	
MYCO001839	5	0	10	
MYCO001840	3101	0	77	
MYCO001841	92	0	62	
MYCO001845	1155	0	40	
MYCO001846	53	0	36	
MYCO001847	74	0	38	
MYCO001848	92	0	21	
MYCO001849	6	0	11	
MYCO001850	359	0	93	
MYCO001851	637	0	39	
MYCO001852	128	0	31	
MYCO001853	42	0	36	
MYCO001855	90	0	57	
MYCO001856	893	0	41	
MYCO001857	13	0	38	
MYCO001858	38	0	25	
MYCO001859	115	0	54	
MYCO001860	985	0	65	
MYCO001861	9	0	23	
MYCO001862	61	0	55	
MYCO001863	50	0	46	
MYCO001864	23	0	42	
MYCO001865	18	0	46	
MYCO001866	144	0	123	
MYCO001867	332	0	87	
MYCO001868	526	0	120	
MYCO001869	240	0	46	
MYCO001870	740	0	37	
MYCO001871	221	0	30	
MYCO001872	59	0	90	
MYCO001873	80	0	31	
MYCO001874	37	0	48	
MYCO001875	38	0	32	
MYCO001876	83	0	29	
MYCO001877	294	0	112	
MYCO001878	452	0	74	
MYCO001879	283	0	57	
MYCO001880	86	0	77	
MYCO001881	71	0	28	
MYCO001882	26	0	46	
MYCO001883	48	0	32	
MYCO001884	26	0	30	
MYCO001885	47	0	50	
MYCO001887	328	0	76	
MYCO001888	5334	0	7	
MYCO001889	41	0	18	
MYCO001890	36	0	35	
MYCO001891	18	0	33	
MYCO001892	34	0	16	
MYCO001893	16	0	17	
MYCO001895	1806	0	40	
MYCO001896	419	0	69	
MYCO001897	53	0	30	
MYCO001898	26	0	17	
MYCO001899	2353	0	59	
MYCO001900	180	0	92	
MYCO001901	225	0	82	
MYCO001902	192	0	74	
MYCO001903	32	0	30	
MYCO001904	24	0	29	
MYCO001905	78	0	59	
MYCO001906	23	0	29	
MYCO001907	4542	0	41	
MYCO001908	227	0	201	
MYCO001909	27	0	35	
MYCO001910	207	0	40	
MYCO001911	234	0	31	
MYCO001912	1899	0	37	
MYCO001913	38	0	42	
MYCO001914	20	0	31	
MYCO001915	3981	0	23	
MYCO001916	90	0	51	
MYCO001917	6367	0	12	
MYCO001918	1237	0	174	
MYCO001919	16	0	25	
MYCO001920	23	0	63	
MYCO001921	998	0	67	
MYCO001922	105	0	58	
MYCO001923	133	0	92	
MYCO001924	28	0	27	
MYCO001925	73	0	79	
MYCO001926	19	0	26	
MYCO001927	184	0	58	
MYCO001928	1127	0	44	
MYCO001929	1264	0	51	
MYCO001930	236	0	40	
MYCO001931	73	0	46	
MYCO001932	69	0	31	
MYCO001933	955	0	60	
MYCO001934	604	0	72	
MYCO001935	64	0	61	
MYCO001936	43	0	71	
MYCO001937	665	0	129	
MYCO001938	102	0	68	
MYCO001939	582	0	40	
MYCO001940	5263	0	23	
MYCO001941	106	0	45	
MYCO001942	6	0	20	
MYCO001943	24	0	25	
MYCO001944	52	0	43	
MYCO001945	6006	74	46	
MYCO001946	72	0	27	
MYCO001947	121	0	22	
MYCO001948	190	0	37	
MYCO001949	6394	0	0	
MYCO001950	28	0	11	
MYCO001951	286	0	17	
MYCO001952	22	0	11	
MYCO001953	27	0	29	
MYCO001954	60	0	32	
MYCO001955	50	0	20	
MYCO001956	72	0	40	
MYCO001957	35	0	33	
MYCO001958	88	0	50	
MYCO001959	5	0	14	
MYCO001960	7	0	13	
MYCO001961	173	0	39	
MYCO001962	16	0	25	
MYCO001963	166	0	52	
MYCO001964	226	0	37	
MYCO001965	222	0	47	
MYCO001966	179	0	71	
MYCO001967	176	0	76	
MYCO001968	2052	0	66	
MYCO001969	277	0	71	
MYCO001970	143	0	60	
MYCO001971	599	0	84	
MYCO001972	122	0	36	
MYCO001973	276	0	26	
MYCO001974	92	0	29	
MYCO001975	779	0	35	
MYCO001976	165	0	22	
MYCO001977	823	0	43	
MYCO001978	1161	0	46	
MYCO001979	159	0	76	
MYCO001980	43	0	39	
MYCO001982	46	0	36	
MYCO001983	1764	0	80	
MYCO001984	308	0	42	
MYCO001985	181	0	43	
MYCO001986	72	0	45	
MYCO001987	57	0	29	
MYCO001988	166	0	31	
MYCO001989	50	0	30	
MYCO001990	4	0	16	
MYCO001991	6	0	18	
MYCO001992	2020	0	103	
MYCO001993	1219	0	22	
MYCO001994	856	0	21	
MYCO001995	1187	0	43	
MYCO001996	1158	0	45	
MYCO001997	2818	0	119	
MYCO001998	80	0	52	
MYCO001999	478	0	85	
MYCO002000	161	0	103	
MYCO002001	35	0	59	
MYCO002002	61	0	38	
MYCO002003	139	0	62	
MYCO002004	225	0	72	
MYCO002005	25	0	43	
MYCO002006	328	0	225	
MYCO002007	10	0	12	
MYCO002008	43	0	79	
MYCO002009	8	0	12	
MYCO002010	29	0	17	
MYCO002011	6	0	27	
MYCO002012	20	0	40	
MYCO002013	601	0	24	
MYCO002014	149	0	36	
MYCO002015	1774	0	84	
MYCO002016	1519	0	27	
MYCO002017	126	0	60	
MYCO002018	184	0	26	
MYCO002019	576	0	22	
MYCO002020	243	0	19	
MYCO002021	144	0	18	
MYCO002022	178	0	53	
MYCO002023	433	0	17	
MYCO002024	5880	0	18	
MYCO002025	150	0	62	
MYCO002026	49	0	54	
MYCO002027	1496	0	57	
MYCO002028	288	0	38	
MYCO002029	222	0	56	
MYCO002030	413	0	116	
MYCO002031	17	0	27	
MYCO002032	265	0	59	
MYCO002033	874	0	51	
MYCO002034	316	0	19	
MYCO002035	11	0	32	
MYCO002036	28	0	35	
MYCO002037	76	0	69	
MYCO002038	14	0	52	
MYCO002039	11	0	40	
MYCO002040	18	0	30	
MYCO002041	32	0	65	
MYCO002042	146	0	50	
MYCO002043	253	0	196	
MYCO002044	944	0	18	
MYCO002045	81	0	91	
MYCO002046	253	0	46	
MYCO002047	347	0	118	
MYCO002048	6333	0	36	
MYCO002049	36	0	12	
MYCO002051	403	0	123	
MYCO002052	955	0	97	
MYCO002053	31	0	42	
MYCO002054	54	0	48	
MYCO002059	391	0	111	
MYCO002060	301	0	29	
MYCO002061	45	0	28	
MYCO002062	1287	0	189	
MYCO002063	4	0	15	
MYCO002064	977	0	53	
MYCO002065	1068	0	29	
MYCO002066	788	0	99	
MYCO002067	73	0	62	
MYCO002068	30	0	52	
MYCO002069	156	0	24	
MYCO002070	2422	0	32	
MYCO002071	87	0	59	
MYCO002072	390	0	62	
MYCO002073	328	0	40	
MYCO002074	137	0	23	
MYCO002075	341	0	87	
MYCO002076	11	0	10	
MYCO002077	133	0	59	
MYCO002078	14	0	29	
MYCO002079	1521	0	85	
MYCO002080	39	0	43	
MYCO002081	3732	0	30	
MYCO002082	3044	0	134	
MYCO002083	462	0	60	
MYCO002084	3196	0	21	
MYCO002085	40	0	22	
MYCO002086	20	0	33	
MYCO002087	15	0	18	
MYCO002088	2009	0	72	
MYCO002091	81	0	42	
MYCO002094	2	0	14	
MYCO002095	783	0	51	
MYCO002098	6394	0	0	
MYCO002099	6394	0	0	
MYCO002100	1336	0	88	
MYCO002101	1281	0	143	
MYCO002102	346	0	35	
MYCO002103	70	0	29	
MYCO002104	5	0	19	
MYCO002105	776	2	21	
MYCO002106	6394	0	0	
MYCO002107	113	0	26	
MYCO002108	208	0	41	
MYCO002113	139	0	70	
MYCO002114	93	0	37	
MYCO002116	74	0	32	
MYCO002117	61	0	12	
MYCO002120	493	0	28	
MYCO002123	3774	0	46	
MYCO002124	479	0	174	
MYCO002126	3082	0	37	
MYCO002127	249	0	88	
MYCO002128	4	0	14	
MYCO002129	98	0	56	
MYCO002131	78	0	42	
MYCO002132	57	0	15	
MYCO002133	72	0	39	
MYCO002135	906	0	29	
MYCO002136	105	0	44	
MYCO002137	36	0	23	
MYCO002138	114	0	55	
MYCO002142	17	0	22	
MYCO002143	143	0	70	
MYCO002144	64	0	20	
MYCO002146	3	0	14	
MYCO002147	1149	0	36	
MYCO002148	1148	0	33	
MYCO002149	103	0	25	
MYCO002152	526	0	77	
MYCO002158	1818	0	86	
MYCO002159	1229	0	63	
MYCO002160	3402	0	15	
MYCO002161	850	1850	52	
MYCO002162	4659	0	72	
MYCO002164	622	0	64	
MYCO002165	42	0	66	
MYCO002167	6394	0	0	
MYCO002168	776	2	21	
MYCO002169	27	0	24	
MYCO002171	24	0	39	
MYCO002172	23	0	45	
MYCO002173	328	0	58	
MYCO002174	97	0	73	
MYCO002175	7	0	22	
MYCO002177	3322	205	45	
MYCO002180	1201	0	50	
MYCO002181	61	0	58	
MYCO002183	5	0	17	
MYCO002184	25	0	57	
MYCO002185	5	0	25	
MYCO002189	744	0	41	
MYCO002190	954	0	48	
MYCO002191	588	0	101	
MYCO002197	146	0	37	
MYCO002198	838	0	59	
MYCO002203	307	0	38	
MYCO002204	8	0	23	
MYCO002205	800	0	67	
MYCO002206	27	0	43	
MYCO002207	1149	0	47	
MYCO002208	468	0	51	
MYCO002209	447	0	79	
MYCO002212	82	0	71	
MYCO002214	96	0	86	
MYCO002215	937	0	85	
MYCO002223	329	0	83	
MYCO002224	66	0	73	
MYCO002226	833	0	83	
MYCO002227	795	0	29	
MYCO002229	35	0	31	
MYCO002231	160	0	56	
MYCO002232	247	0	45	
MYCO002234	25	0	26	
MYCO002236	1117	0	51	
MYCO002237	10	0	46	
MYCO002238	8	0	11	
MYCO002240	49	0	34	
MYCO002248	172	0	28	
MYCO002249	816	0	71	
MYCO002250	26	0	23	
MYCO002251	6390	0	1	
MYCO002252	31	0	58	
MYCO002253	54	0	33	
MYCO002254	36	0	33	
MYCO002255	35	0	20	
MYCO002256	8	0	24	
MYCO002258	627	0	60	
MYCO002260	17	0	34	
MYCO002261	51	0	24	
MYCO002262	6334	0	3	
MYCO002263	1398	0	48	
MYCO002264	3017	0	77	
MYCO002265	662	0	55	
MYCO002266	28	0	79	
MYCO002267	86	0	61	
MYCO002268	372	0	88	
MYCO002269	28	0	29	
MYCO002270	265	0	36	
MYCO002271	238	0	14	
MYCO002272	241	0	16	
MYCO002273	264	0	22	
MYCO002274	278	0	36	
MYCO002275	837	0	41	
MYCO002276	285	0	70	
MYCO002277	275	5938	50	
MYCO002278	776	2	21	
MYCO002279	6394	0	0	
MYCO002280	432	0	72	
MYCO002281	49	0	94	
MYCO002282	842	2090	44	
MYCO002283	44	0	13	
MYCO002284	311	0	43	
MYCO002285	583	0	62	
MYCO002286	630	1715	41	
MYCO002287	176	0	82	
MYCO002288	14	0	28	
MYCO002289	142	0	40	
MYCO002290	52	0	40	
MYCO002291	77	0	45	
MYCO002292	28	0	7	
MYCO002293	3114	0	17	
MYCO002294	55	0	77	
MYCO002295	31	0	41	
MYCO002296	154	0	48	
MYCO002297	18	0	30	
MYCO002298	35	0	55	
MYCO002299	89	0	83	
MYCO002300	110	0	54	
MYCO002301	91	0	46	
MYCO002302	8	0	16	
MYCO002303	29	0	66	
MYCO002304	14	0	9	
MYCO002305	509	0	77	
MYCO002307	441	0	51	
MYCO002308	206	0	51	
MYCO002309	28	0	29	
MYCO002310	125	0	27	
MYCO002311	86	0	26	
MYCO002312	7	0	12	
MYCO002313	94	0	53	
MYCO002314	198	0	70	
MYCO002316	18	0	43	
MYCO002317	20	0	30	
MYCO002318	1290	0	54	
MYCO002319	2493	0	44	
MYCO002320	75	0	71	
MYCO002321	15	0	35	
MYCO002322	25	0	34	
MYCO002323	40	0	64	
MYCO002324	14	0	35	
MYCO002325	398	0	41	
MYCO002326	556	0	89	
MYCO002327	117	0	24	
MYCO002328	76	0	59	
MYCO002329	338	0	94	
MYCO002330	26	0	33	
MYCO002331	12	0	25	
MYCO002332	68	0	74	
MYCO002333	982	0	52	
MYCO002334	120	0	54	
MYCO002335	182	0	43	
MYCO002336	388	0	59	
MYCO002337	204	0	58	
MYCO002338	708	0	59	
MYCO002339	1690	0	132	
MYCO002340	764	0	73	
MYCO002341	128	0	26	
MYCO002342	34	0	18	
MYCO002345	562	0	103	
MYCO002346	565	2834	130	
MYCO002347	3592	706	122	
MYCO002348	42	0	22	
MYCO002349	680	0	89	
MYCO002350	781	2397	50	
MYCO002351	789	2442	56	
MYCO002352	1508	46	68	
MYCO002353	6252	0	5	
MYCO002354	776	2	21	
MYCO002355	6394	0	0	
MYCO002356	4715	0	49	
MYCO002358	18	0	20	
MYCO002359	3	0	50	
MYCO002360	16	0	28	
MYCO002363	1748	0	42	
MYCO002365	660	0	12	
MYCO002369	61	0	21	
MYCO002370	84	0	75	
MYCO002371	266	0	10	
MYCO002372	224	0	44	
MYCO002375	11	0	16	
MYCO002376	109	0	31	
MYCO002377	27	0	12	
MYCO002378	121	0	50	
MYCO002379	536	0	151	
MYCO002380	1123	0	216	
MYCO002381	471	0	121	
MYCO002382	244	0	56	
MYCO002383	985	751	201	
MYCO002384	517	0	64	
MYCO002385	133	0	67	
MYCO002386	214	0	60	
MYCO002387	30	0	60	
MYCO002388	199	0	58	
MYCO002389	17	0	24	
MYCO002390	87	0	33	
MYCO002391	27	0	76	
MYCO002392	149	0	40	
MYCO002393	230	3939	40	
MYCO002394	196	0	115	
MYCO002395	511	0	92	
MYCO002396	3586	0	57	
MYCO002397	147	0	59	
MYCO002398	8	0	40	
MYCO002401	6	0	16	
MYCO002403	106	0	32	
MYCO002405	56	0	35	
MYCO002406	224	0	20	
MYCO002407	332	0	55	
MYCO002408	439	0	34	
MYCO002414	515	0	87	
MYCO002415	137	0	44	
MYCO002416	161	0	82	
MYCO002417	1169	0	41	
MYCO002418	264	0	38	
MYCO002419	164	0	36	
MYCO002422	24	0	16	
MYCO002423	50	0	56	
MYCO002424	6121	0	25	
MYCO002428	107	0	40	
MYCO002429	22	0	19	
MYCO002430	52	0	31	
MYCO002431	20	2279	18	
MYCO002432	50	0	23	
MYCO002433	19	0	16	
MYCO002434	1238	0	74	
MYCO002435	220	0	113	
MYCO002436	452	0	49	
MYCO002437	1478	0	17	
MYCO002438	107	0	91	
MYCO002443	53	0	89	
MYCO002444	544	0	136	
MYCO002446	15	0	19	
MYCO002449	686	0	66	
MYCO002450	469	0	48	
MYCO002451	68	0	26	
MYCO002452	1	0	17	
MYCO002453	69	0	34	
MYCO002456	97	0	56	
MYCO002458	49	0	40	
MYCO002459	79	0	76	
MYCO002463	24	0	48	
MYCO002464	167	0	60	
MYCO002468	51	0	27	
MYCO002469	75	0	39	
MYCO002471	98	0	93	
MYCO002472	11	0	18	
MYCO002473	131	0	40	
MYCO002474	227	0	38	
MYCO002475	11	0	19	
MYCO002476	1396	0	184	
MYCO002478	486	0	28	
MYCO002479	6394	0	0	
MYCO002480	776	2	21	
MYCO002481	296	0	24	
MYCO002482	313	0	135	
MYCO002483	84	0	80	
MYCO002484	57	0	101	
MYCO002485	163	0	81	
MYCO002486	308	0	33	
MYCO002487	3763	0	94	
MYCO002488	1313	0	160	
MYCO002489	122	0	20	
MYCO002490	6183	0	36	
MYCO002491	118	0	47	
MYCO002492	149	0	62	
MYCO002493	19	0	11	
MYCO002494	17	0	24	
MYCO002495	264	0	68	
MYCO002496	39	0	48	
MYCO002497	57	0	44	
MYCO002498	84	0	48	
MYCO002499	14	0	30	
MYCO002501	599	0	109	
MYCO002503	46	0	44	
MYCO002504	55	0	48	
MYCO002505	219	0	97	
MYCO002506	73	0	30	
MYCO002507	415	0	54	
MYCO002508	142	0	72	
MYCO002510	216	0	100	
MYCO002512	6222	52	10	
MYCO002513	32	0	29	
MYCO002514	62	0	32	
MYCO002515	40	0	67	
MYCO002516	26	0	35	
MYCO002517	51	0	9	
MYCO002519	849	0	88	
MYCO002520	1	0	15	
MYCO002522	598	0	90	
MYCO002525	348	0	29	
MYCO002526	1859	0	8	
MYCO002527	35	0	23	
MYCO002528	26	0	47	
MYCO002529	582	0	88	
MYCO002530	18	0	30	
MYCO002531	164	0	154	
MYCO002532	45	0	20	
MYCO002535	365	0	41	
MYCO002536	43	0	29	
MYCO002537	15	0	21	
MYCO002539	659	0	21	
MYCO002541	2644	0	18	
MYCO002542	733	0	79	
MYCO002543	2306	1805	59	
MYCO002544	2312	1827	79	
MYCO002545	1456	0	19	
MYCO002546	6	0	24	
MYCO002547	31	0	21	
MYCO002548	48	0	22	
MYCO002549	104	0	23	
MYCO002550	4	0	15	
MYCO002551	428	0	19	
MYCO002552	471	0	45	
MYCO002553	214	0	67	
MYCO002554	167	0	20	
MYCO002556	13	0	21	
MYCO002557	37	0	40	
MYCO002558	55	0	31	
MYCO002560	199	0	59	
MYCO002561	6307	0	7	
MYCO002562	6	0	35	
MYCO002563	145	0	65	
MYCO002564	52	2355	47	
MYCO002565	152	0	93	
MYCO002566	1770	0	141	
MYCO002567	170	0	118	
MYCO002569	73	0	38	
MYCO002570	814	0	28	
MYCO002571	208	0	80	
MYCO002573	165	0	52	
MYCO002574	54	0	40	
MYCO002576	83	0	32	
MYCO002577	68	0	78	
MYCO002578	207	0	53	
MYCO002579	122	0	43	
MYCO002581	7	0	25	
MYCO002584	62	0	39	
MYCO002585	343	0	90	
MYCO002586	823	0	78	
MYCO002588	4	0	21	
MYCO002590	275	0	176	
MYCO002591	2978	0	97	
MYCO002595	50	0	12	
MYCO002596	16	0	32	
MYCO002597	58	0	37	
MYCO002598	59	0	29	
MYCO002599	346	0	29	
MYCO002600	57	0	23	
MYCO002601	536	0	73	
MYCO002602	13	0	26	
MYCO002604	84	0	29	
MYCO002605	131	0	43	
MYCO002607	18	0	29	
MYCO002608	1048	0	72	
MYCO002609	347	0	51	
MYCO002615	5946	0	90	
MYCO002616	87	0	33	
MYCO002617	8	0	23	
MYCO002618	356	0	31	
MYCO002619	9	0	12	
MYCO002620	12	0	20	
MYCO002621	491	0	49	
MYCO002622	108	0	48	
MYCO002623	178	0	40	
MYCO002624	343	0	55	
MYCO002625	62	0	52	
MYCO002626	16	0	24	
MYCO002627	85	0	83	
MYCO002628	109	0	40	
MYCO002629	560	0	50	
MYCO002630	20	0	38	
MYCO002631	117	0	73	
MYCO002632	8	0	13	
MYCO002633	14	0	35	
MYCO002634	3585	0	94	
MYCO002635	14	0	19	
MYCO002636	68	0	55	
MYCO002637	312	2010	39	
MYCO002638	125	0	30	
MYCO002639	52	0	20	
MYCO002640	73	0	21	
MYCO002641	22	0	29	
MYCO002642	36	0	25	
MYCO002643	323	0	105	
MYCO002644	48	0	20	
MYCO002645	1582	0	21	
MYCO002646	1071	0	60	
MYCO002647	739	0	15	
MYCO002648	776	2	21	
MYCO002649	6394	0	0	
MYCO002650	1242	690	150	
MYCO002651	251	1279	46	
MYCO002652	736	0	60	
MYCO002653	629	0	35	
MYCO002654	3306	0	13	
MYCO002655	1857	0	62	
MYCO002656	507	1011	30	
MYCO002657	751	0	20	
MYCO002658	598	0	15	
MYCO002659	642	0	43	
MYCO002660	15	0	16	
MYCO002661	30	0	21	
MYCO002662	12	0	16	
MYCO002663	4	0	17	
MYCO002664	28	0	15	
MYCO002665	395	0	21	
MYCO002666	6246	0	12	
MYCO002667	60	0	29	
MYCO002668	603	0	27	
MYCO002669	39	0	26	
MYCO002671	105	0	35	
MYCO002672	406	0	79	
MYCO002674	8	0	20	
MYCO002675	31	0	60	
MYCO002677	1840	0	55	
MYCO002679	169	0	47	
MYCO002680	673	0	42	
MYCO002681	814	0	63	
MYCO002683	8	0	32	
MYCO002684	44	497	66	
MYCO002685	461	0	57	
MYCO002686	43	0	36	
MYCO002687	63	0	45	
MYCO002688	127	0	56	
MYCO002689	209	0	64	
MYCO002690	138	0	59	
MYCO002691	17	0	35	
MYCO002692	44	0	32	
MYCO002693	21	0	31	
MYCO002694	14	0	35	
MYCO002695	584	0	30	
MYCO002698	10	0	25	
MYCO002700	3950	0	25	
MYCO002701	62	0	62	
MYCO002704	19	0	20	
MYCO002705	16	0	21	
MYCO002706	123	0	17	
MYCO002707	46	0	46	
MYCO002709	579	0	39	
MYCO002712	379	0	77	
MYCO002713	127	0	83	
MYCO002716	27	0	33	
MYCO002717	243	0	23	
MYCO002718	17	0	18	
MYCO002719	566	0	41	
MYCO002721	1373	0	102	
MYCO002722	9	0	19	
MYCO002723	45	0	69	
MYCO002728	106	0	37	
MYCO002729	66	0	52	
MYCO002730	11	0	28	
MYCO002732	102	0	47	
MYCO002734	32	0	42	
MYCO002735	901	0	47	
MYCO002736	179	0	32	
MYCO002737	31	0	95	
MYCO002738	431	0	11	
MYCO002739	1718	0	33	
MYCO002740	23	0	29	
MYCO002741	4256	0	74	
MYCO002742	264	0	40	
MYCO002743	476	0	46	
MYCO002745	7	0	28	
MYCO002746	249	0	28	
MYCO002747	34	0	21	
MYCO002749	35	0	15	
MYCO002751	43	0	43	
MYCO002752	137	0	141	
MYCO002755	16	0	12	
MYCO002756	68	0	89	
MYCO002757	68	0	28	
MYCO002758	11	0	15	
MYCO002759	53	0	24	
MYCO002760	159	0	20	
MYCO002761	38	0	72	
MYCO002762	393	0	35	
MYCO002763	51	0	21	
MYCO002765	368	0	39	
MYCO002766	74	0	34	
MYCO002767	25	0	28	
MYCO002768	561	0	73	
MYCO002769	1085	0	49	
MYCO002770	238	0	68	
MYCO002771	37	0	25	
MYCO002772	61	0	28	
MYCO002774	1132	0	17	
MYCO002775	141	0	28	
MYCO002776	36	0	43	
MYCO002777	657	0	50	
MYCO002778	21	0	27	
MYCO002779	67	0	39	
MYCO002780	217	0	58	
MYCO002781	977	0	64	
MYCO002784	15	0	25	
MYCO002786	12	0	49	
MYCO002787	371	0	112	
MYCO002789	76	0	62	
MYCO002790	476	0	64	
MYCO002791	135	3185	62	
MYCO002792	131	0	38	
MYCO002793	634	0	36	
MYCO002796	59	0	42	
MYCO002797	342	0	68	
MYCO002798	9	0	19	
MYCO002799	145	0	50	
MYCO002800	1192	0	88	
MYCO002801	87	0	17	
MYCO002802	1230	0	64	
MYCO002803	66	0	23	
MYCO002804	141	0	38	
MYCO002805	91	0	25	
MYCO002806	44	0	8	
MYCO002807	1671	0	57	
MYCO002808	355	0	10	
MYCO002809	97	0	16	
MYCO002810	6394	0	0	
MYCO002811	1135	0	35	
MYCO002812	779	0	88	
MYCO002813	574	0	41	
MYCO002814	6394	0	0	
MYCO002815	776	2	21	
MYCO002816	1517	0	17	
MYCO002817	1620	0	47	
MYCO002818	1802	0	37	
MYCO002819	1624	0	51	
MYCO002820	1509	0	45	
MYCO002821	78	0	35	
MYCO002822	28	0	21	
MYCO002823	126	0	118	
MYCO002824	50	0	52	
MYCO002825	4920	0	34	
MYCO002826	67	0	42	
MYCO002827	35	0	32	
MYCO002829	168	0	23	
MYCO002830	8	0	16	
MYCO002831	272	0	39	
MYCO002832	199	0	75	
MYCO002833	375	0	75	
MYCO002834	48	0	47	
MYCO002835	33	0	53	
MYCO002836	390	0	76	
MYCO002837	167	0	41	
MYCO002840	9	0	21	
MYCO002842	7	0	27	
MYCO002843	260	0	19	
MYCO002844	31	0	25	
MYCO002845	271	0	68	
MYCO002848	1614	0	51	
MYCO002849	61	0	42	
MYCO002850	1960	0	110	
MYCO002851	29	0	22	
MYCO002852	160	0	78	
MYCO002853	2770	0	113	
MYCO002854	54	0	57	
MYCO002855	293	0	65	
MYCO002856	51	0	42	
MYCO002857	20	0	31	
MYCO002858	630	0	83	
MYCO002859	1952	0	59	
MYCO002860	50	0	62	
MYCO002862	26	0	28	
MYCO002863	12	0	15	
MYCO002865	14	0	13	
MYCO002866	12	0	13	
MYCO002867	746	0	49	
MYCO002869	41	0	59	
MYCO002871	1124	0	13	
MYCO002872	104	0	29	
MYCO002873	14	0	25	
MYCO002874	332	0	112	
MYCO002875	178	0	27	
MYCO002876	4	0	28	
MYCO002877	195	0	59	
MYCO002878	21	0	23	
MYCO002879	6394	0	0	
MYCO002880	5922	0	8	
MYCO002881	15	0	41	
MYCO002884	160	0	39	
MYCO002885	273	1103	83	
MYCO002886	163	0	47	
MYCO002887	36	0	19	
MYCO002888	535	0	66	
MYCO002891	1097	0	43	
MYCO002892	347	0	65	
MYCO002893	86	0	68	
MYCO002895	269	0	46	
MYCO002896	490	0	66	
MYCO002897	395	0	93	
MYCO002898	27	0	31	
MYCO002899	15	0	39	
MYCO002900	68	0	99	
MYCO002903	87	0	45	
MYCO002905	50	0	62	
MYCO002906	25	0	25	
MYCO002907	132	0	26	
MYCO002908	58	0	9	
MYCO002910	12	0	29	
MYCO002911	152	0	47	
MYCO002912	36	0	22	
MYCO002913	140	0	103	
MYCO002914	410	0	78	
MYCO002920	150	0	90	
MYCO002922	1155	0	130	
MYCO002923	66	0	25	
MYCO002924	97	0	40	
MYCO002925	31	0	30	
MYCO002926	12	0	38	
MYCO002928	30	0	33	
MYCO002929	26	0	21	
MYCO002930	63	0	72	
MYCO002931	5747	0	112	
MYCO002932	1774	0	192	
MYCO002933	1640	0	205	
MYCO002934	1848	0	202	
MYCO002935	885	0	178	
MYCO002936	43	0	45	
MYCO002937	20	0	32	
MYCO002938	18	0	33	
MYCO002939	31	3002	55	
MYCO002940	340	0	256	
MYCO002941	45	0	91	
MYCO002942	158	0	154	
MYCO002943	238	0	80	
MYCO002944	35	0	52	
MYCO002945	3	0	34	
MYCO002946	1206	0	222	
MYCO002947	3233	0	30	
MYCO002948	125	0	116	
MYCO002949	138	0	43	
MYCO002950	255	0	96	
MYCO002951	172	0	56	
MYCO002952	25	0	36	
MYCO002953	72	0	63	
MYCO002954	54	0	42	
MYCO002955	242	0	62	
MYCO002956	43	0	51	
MYCO002957	77	0	47	
MYCO002958	274	0	77	
MYCO002959	813	0	46	
MYCO002960	28	0	20	
MYCO002961	25	0	14	
MYCO002962	705	0	59	
MYCO002963	797	0	52	
MYCO002964	82	0	47	
MYCO002966	238	0	22	
MYCO002968	29	0	22	
MYCO002969	60	0	34	
MYCO002970	99	0	50	
MYCO002971	129	0	41	
MYCO002972	29	0	43	
MYCO002973	256	0	72	
MYCO002974	779	0	83	
MYCO002975	3096	0	9	
MYCO002977	393	0	34	
MYCO002978	134	2755	62	
MYCO002979	36	0	34	
MYCO002980	544	0	30	
MYCO002983	729	0	35	
MYCO002985	87	0	63	
MYCO002986	84	0	32	
MYCO002987	30	0	19	
MYCO002989	613	0	38	
MYCO002990	36	0	43	
MYCO002991	49	0	24	
MYCO002994	706	0	60	
MYCO002997	599	0	61	
MYCO002998	12	0	19	
MYCO002999	43	0	61	
MYCO003000	51	0	30	
MYCO003002	6	0	21	
MYCO003004	39	0	19	
MYCO003005	52	0	28	
MYCO003007	604	0	29	
MYCO003008	63	0	40	
MYCO003012	14	0	12	
MYCO003013	552	0	31	
MYCO003015	365	0	55	
MYCO003016	39	0	29	
MYCO003017	679	0	24	
MYCO003018	4869	0	36	
MYCO003019	1	117	34	
MYCO003020	27	22	22	
MYCO003021	6364	0	10	
MYCO003022	6394	0	0	
MYCO003023	6222	51	9	
MYCO003026	100	0	55	
MYCO003030	164	0	40	
MYCO003033	18	0	32	
MYCO003035	304	0	45	
MYCO003036	22	0	38	
MYCO003037	391	0	64	
MYCO003039	170	0	37	
MYCO003040	321	0	48	
MYCO003041	22	0	36	
MYCO003044	438	0	72	
MYCO003046	21	0	21	
MYCO003047	183	0	24	
MYCO003050	30	0	46	
MYCO003055	44	1991	35	
MYCO003056	58	0	69	
MYCO003058	11	0	29	
MYCO003059	80	0	61	
MYCO003060	1086	0	95	
MYCO003061	633	0	110	
MYCO003062	1733	0	79	
MYCO003063	236	0	150	
MYCO003064	123	0	28	
MYCO003065	175	0	20	
MYCO003066	290	0	33	
MYCO003067	29	0	30	
MYCO003068	95	0	85	
MYCO003069	7	0	20	
MYCO003070	9	0	15	
MYCO003071	175	0	65	
MYCO003072	34	0	40	
MYCO003073	21	0	26	
MYCO003074	1932	2272	63	
MYCO003075	36	0	36	
MYCO003076	17	0	23	
MYCO003077	420	0	118	
MYCO003078	43	0	23	
MYCO003079	598	0	29	
MYCO003080	729	0	174	
MYCO003081	222	0	55	
MYCO003082	41	0	51	
MYCO003083	380	0	101	
MYCO003084	779	0	47	
MYCO003086	194	0	42	
MYCO003087	385	0	92	
MYCO003088	224	0	82	
MYCO003089	253	0	74	
MYCO003090	221	1556	61	
MYCO003091	303	0	82	
MYCO003092	658	0	56	
MYCO003093	1551	0	43	
MYCO003094	685	0	65	
MYCO003095	8	0	27	
MYCO003096	57	0	68	
MYCO003097	123	0	80	
MYCO003098	34	0	30	
MYCO003099	120	0	50	
MYCO003103	38	0	27	
MYCO003104	38	0	46	
MYCO003106	89	0	73	
MYCO003107	114	0	83	
MYCO003108	36	0	31	
MYCO003109	109	0	81	
MYCO003110	27	0	15	
MYCO003111	40	0	43	
MYCO003112	44	0	18	
MYCO003113	1379	0	40	
MYCO003114	106	0	29	
MYCO003115	6222	51	9	
MYCO003116	182	0	67	
MYCO003119	53	0	30	
MYCO003120	66	0	36	
MYCO003121	163	0	72	
MYCO003122	65	0	23	
MYCO003123	34	0	27	
MYCO003124	118	0	50	
MYCO003125	926	0	52	
MYCO003126	37	0	19	
MYCO003127	51	0	63	
MYCO003128	6394	0	0	
MYCO003129	603	0	11	
MYCO003130	75	0	75	
MYCO003131	81	0	42	
MYCO003132	165	0	82	
MYCO003133	11	0	17	
MYCO003134	53	0	47	
MYCO003135	3948	0	11	
MYCO003136	123	0	56	
MYCO003137	41	0	39	
MYCO003138	82	0	75	
MYCO003141	270	0	44	
MYCO003142	857	0	29	
MYCO003143	9	0	17	
MYCO003144	1064	0	64	
MYCO003145	27	0	15	
MYCO003146	5	0	25	
MYCO003147	49	0	15	
MYCO003148	40	0	56	
MYCO003149	62	0	35	
MYCO003150	588	0	47	
MYCO003151	1300	0	97	
MYCO003152	12	0	52	
MYCO003153	119	0	33	
MYCO003154	18	0	44	
MYCO003155	7	0	17	
MYCO003156	89	0	79	
MYCO003157	149	0	88	
MYCO003158	29	0	76	
MYCO003159	3263	0	91	
MYCO003160	21	0	25	
MYCO003161	484	0	83	
MYCO003162	81	0	18	
MYCO003163	31	0	54	
MYCO003164	30	0	30	
MYCO003165	131	0	21	
MYCO003166	676	0	51	
MYCO003167	59	0	41	
MYCO003168	237	0	76	
MYCO003169	812	0	62	
MYCO003170	673	0	62	
MYCO003171	49	0	70	
MYCO003172	11	0	29	
MYCO003173	17	0	40	
MYCO003174	25	0	58	
MYCO003175	1742	0	69	
MYCO003176	150	0	59	
MYCO003177	48	0	39	
MYCO003178	58	0	21	
MYCO003179	508	0	66	
MYCO003180	40	0	28	
MYCO003181	176	0	23	
MYCO003182	35	0	15	
MYCO003183	266	0	17	
MYCO003184	776	2	21	
MYCO003185	6394	0	0	
MYCO003186	776	2	21	
MYCO003187	6394	0	0	
MYCO003188	33	0	18	
MYCO003189	68	0	33	
MYCO003190	221	0	64	
MYCO003191	73	0	60	
MYCO003192	78	0	35	
MYCO003196	106	0	56	
MYCO003199	542	0	56	
MYCO003200	32	0	63	
MYCO003201	1100	0	135	
MYCO003202	878	0	167	
MYCO003203	46	0	46	
MYCO003204	2	0	21	
MYCO003209	17	0	34	
MYCO003210	19	0	31	
MYCO003212	753	0	67	
MYCO003215	44	0	63	
MYCO003216	6394	0	0	
MYCO003217	402	0	22	
MYCO003218	38	0	51	
MYCO003222	83	0	24	
MYCO003224	326	0	49	
MYCO003225	116	0	71	
MYCO003226	54	0	41	
MYCO003227	340	0	71	
MYCO003230	160	0	63	
MYCO003231	75	0	23	
MYCO003232	18	0	43	
MYCO003233	8	0	40	
MYCO003234	3163	0	28	
MYCO003235	484	0	41	
MYCO003236	373	0	62	
MYCO003237	12	0	32	
MYCO003238	24	0	40	
MYCO003239	3239	0	105	
MYCO003242	115	0	40	
MYCO003243	97	0	41	
MYCO003244	484	0	71	
MYCO003247	73	0	29	
MYCO003249	239	0	32	
MYCO003250	5	0	10	
MYCO003251	10	0	10	
MYCO003253	78	0	69	
MYCO003254	142	0	71	
MYCO003256	827	0	60	
MYCO003259	35	0	10	
MYCO003260	2	0	15	
MYCO003263	237	0	73	
MYCO003266	187	0	45	
MYCO003268	163	0	45	
MYCO003269	18	0	13	
MYCO003270	402	0	99	
MYCO003271	38	0	39	
MYCO003272	128	0	70	
MYCO003273	27	0	109	
MYCO003278	19	0	23	
MYCO003279	22	0	41	
MYCO003281	6143	0	10	
MYCO003282	25	0	48	
MYCO003283	30	0	52	
MYCO003284	64	0	22	
MYCO003286	653	0	46	
MYCO003287	18	0	15	
MYCO003288	7	0	19	
MYCO003289	49	0	28	
MYCO003291	34	0	16	
MYCO003292	294	0	69	
MYCO003293	793	0	73	
MYCO003294	25	0	43	
MYCO003295	33	0	31	
MYCO003297	127	0	50	
MYCO003298	357	0	35	
MYCO003299	984	0	175	
MYCO003300	87	0	51	
MYCO003301	30	0	46	
MYCO003307	201	0	47	
MYCO003308	760	0	85	
MYCO003309	28	0	28	
MYCO003310	38	0	51	
MYCO003311	57	0	60	
MYCO003312	42	0	42	
MYCO003314	152	0	54	
MYCO003315	18	0	26	
MYCO003316	6	0	14	
MYCO003320	60	0	24	
MYCO003321	3	0	7	
MYCO003322	28	0	36	
MYCO003323	346	0	41	
MYCO003324	330	0	27	
MYCO003325	776	2	21	
MYCO003326	6394	0	0	
MYCO003327	6318	0	7	
MYCO003331	558	0	75	
MYCO003332	527	0	74	
MYCO003333	1544	0	43	
MYCO003334	12	0	29	
MYCO003335	124	0	39	
MYCO003337	731	0	24	
MYCO003338	64	0	43	
MYCO003339	86	0	58	
MYCO003342	460	0	22	
MYCO003343	6378	0	15	
MYCO003344	6394	0	0	
MYCO003345	6363	0	12	
MYCO003346	1980	1	21	
MYCO003347	4938	0	254	
MYCO003348	163	6	34	
MYCO003349	3325	0	32	
MYCO003350	5282	0	265	
MYCO003351	836	0	40	
MYCO003352	807	0	16	
MYCO003353	782	0	13	
MYCO003354	782	0	20	
MYCO003355	788	1	19	
MYCO003357	16	0	16	
MYCO003358	9	0	12	
MYCO003359	383	0	44	
MYCO003360	921	0	18	
MYCO003361	82	0	37	
MYCO003362	75	0	44	
MYCO003363	364	0	21	
MYCO003364	87	0	21	
MYCO003365	5770	0	32	
MYCO003366	65	0	28	
MYCO003367	2940	0	95	
MYCO003368	153	0	36	
MYCO003369	208	0	19	
MYCO003370	1353	0	138	
MYCO003371	594	0	85	
MYCO003372	386	0	62	
MYCO003373	769	0	30	
MYCO003374	11	0	14	
MYCO003375	270	0	81	
MYCO003376	30	0	34	
MYCO003377	459	0	84	
MYCO003378	169	0	72	
MYCO003379	105	0	97	
MYCO003380	6394	0	0	
MYCO003381	776	2	21	
MYCO003382	242	0	42	
MYCO003383	1390	0	77	
MYCO003384	76	0	22	
MYCO003385	137	0	12	
MYCO003386	302	0	47	
MYCO003387	26	0	40	
MYCO003388	4778	0	68	
MYCO003389	503	0	67	
MYCO003390	34	0	55	
MYCO003391	393	0	114	
MYCO003393	117	0	40	
MYCO003394	1855	0	61	
MYCO003395	161	0	42	
MYCO003397	28	0	37	
MYCO003398	149	0	68	
MYCO003399	52	0	49	
MYCO003400	191	0	33	
MYCO003401	699	0	115	
MYCO003402	188	0	59	
MYCO003403	93	0	103	
MYCO003404	49	0	46	
MYCO003405	10	0	30	
MYCO003406	209	0	53	
MYCO003407	21	0	8	
MYCO003408	6	0	17	
MYCO003413	549	0	38	
MYCO003414	34	0	40	
MYCO003415	513	0	52	
MYCO003416	61	0	13	
MYCO003420	129	0	26	
MYCO003421	1557	0	46	
MYCO003423	69	0	84	
MYCO003424	411	5	31	
MYCO003425	285	1699	58	
MYCO003426	6254	0	4	
MYCO003427	1785	0	35	
MYCO003428	6058	0	7	
MYCO003429	285	1413	57	
MYCO003430	440	0	101	
MYCO003431	81	0	46	
MYCO003434	289	0	56	
MYCO003435	28	0	70	
MYCO003437	258	0	33	
MYCO003438	84	0	49	
MYCO003439	1125	0	73	
MYCO003440	73	0	27	
MYCO003444	22	0	21	
MYCO003445	39	0	20	
MYCO003446	1181	0	82	
MYCO003447	555	0	192	
MYCO003448	311	0	80	
MYCO003449	243	0	88	
MYCO003450	944	0	90	
MYCO003451	105	0	57	
MYCO003452	743	0	43	
MYCO003453	3948	0	5	
MYCO003454	106	0	76	
MYCO003463	185	0	43	
MYCO003465	11	0	27	
MYCO003466	6156	65	57	
MYCO003467	6196	87	31	
MYCO003468	101	0	66	
MYCO003469	34	0	62	
MYCO003470	315	0	99	
MYCO003471	48	0	25	
MYCO003472	39	0	37	
MYCO003473	43	0	55	
MYCO003474	776	2	21	
MYCO003475	6394	0	0	
MYCO003476	75	0	76	
MYCO003477	151	0	17	
MYCO003478	3167	351	425	
MYCO003479	333	0	174	
MYCO003480	339	0	87	
MYCO003481	84	0	30	
MYCO003482	50	0	41	
MYCO003483	1416	0	39	
MYCO003484	160	0	72	
MYCO003485	842	0	54	
MYCO003486	395	0	24	
MYCO003487	1351	0	47	
MYCO003488	189	0	15	
MYCO003489	5	0	8	
MYCO003491	21	0	39	
MYCO003492	3	0	27	
MYCO003493	493	0	34	
MYCO003494	1353	0	69	
MYCO003495	47	0	52	
MYCO003496	416	0	55	
MYCO003497	21	0	57	
MYCO003498	147	0	51	
MYCO003499	21	0	52	
MYCO003502	49	0	39	
MYCO003503	0	0	9	
MYCO003505	205	0	54	
MYCO003506	134	0	103	
MYCO003507	5990	0	97	
MYCO003508	6390	0	3	
MYCO003509	642	0	91	
MYCO003510	222	0	45	
MYCO003511	6380	0	6	
MYCO003512	6394	0	0	
MYCO003513	6081	0	17	
MYCO003514	6392	0	1	
MYCO003515	5728	0	31	
MYCO003516	930	0	36	
MYCO003517	1379	0	45	
MYCO003518	191	0	51	
MYCO003519	31	0	38	
MYCO003521	50	0	50	
MYCO003522	17	0	60	
MYCO003523	585	0	44	
MYCO003524	83	0	72	
MYCO003525	376	0	26	
MYCO003526	16	0	46	
MYCO003527	10	0	30	
MYCO003528	87	0	64	
MYCO003529	743	0	75	
MYCO003530	41	2326	49	
MYCO003531	135	0	69	
MYCO003532	512	0	77	
MYCO003533	1952	0	100	
MYCO003534	93	0	45	
MYCO003535	1604	0	39	
MYCO003536	26	0	42	
MYCO003537	43	0	69	
MYCO003538	13	0	41	
MYCO003539	804	0	73	
MYCO003540	540	0	52	
MYCO003541	3	0	24	
MYCO003542	156	0	43	
MYCO003543	143	0	50	
MYCO003544	70	0	53	
MYCO003545	40	0	87	
MYCO003546	141	0	49	
MYCO003547	70	0	36	
MYCO003548	35	0	32	
MYCO003549	209	0	44	
MYCO003550	94	0	38	
MYCO003551	92	0	40	
MYCO003552	15	0	29	
MYCO003553	657	0	41	
MYCO003554	121	0	128	
MYCO003555	940	0	41	
MYCO003556	187	0	43	
MYCO003557	2	0	31	
MYCO003558	1487	0	85	
MYCO003559	384	0	43	
MYCO003560	199	0	57	
MYCO003561	994	0	74	
MYCO003562	106	0	64	
MYCO003563	247	0	50	
MYCO003564	884	0	33	
MYCO003565	135	0	76	
MYCO003566	205	0	52	
MYCO003567	63	0	23	
MYCO003568	717	0	37	
MYCO003569	553	0	40	
MYCO003572	51	0	28	
MYCO003573	644	0	98	
MYCO003574	97	0	27	
MYCO003575	174	0	47	
MYCO003576	107	0	48	
MYCO003577	110	0	38	
MYCO003578	502	0	83	
MYCO003581	18	0	24	
MYCO003582	46	0	40	
MYCO003584	20	0	25	
MYCO003585	74	0	77	
MYCO003586	29	0	55	
MYCO003587	312	0	48	
MYCO003588	86	0	17	
MYCO003590	4428	0	65	
MYCO003591	46	0	57	
MYCO003593	5	0	83	
MYCO003594	110	0	55	
MYCO003595	2867	0	72	
MYCO003597	413	0	15	
MYCO003599	276	0	6	
MYCO003602	978	0	52	
MYCO003603	341	0	50	
MYCO003604	1352	0	72	
MYCO003605	441	0	23	
MYCO003606	24	0	29	
MYCO003607	245	0	19	
MYCO003608	77	0	43	
MYCO003611	6333	0	6	
MYCO003612	69	0	21	
MYCO003613	4	0	8	
MYCO003614	9	0	47	
MYCO003615	10	0	13	
MYCO003616	98	0	76	
MYCO003617	160	0	51	
MYCO003618	147	0	57	
MYCO003619	565	2995	142	
MYCO003620	3591	720	119	
MYCO003621	923	0	60	
MYCO003622	169	0	16	
MYCO003623	355	0	41	
MYCO003625	387	0	50	
MYCO003626	519	0	53	
MYCO003627	87	0	84	
MYCO003629	63	0	65	
MYCO003630	29	1545	65	
MYCO003631	16	0	31	
MYCO003632	6	0	11	
MYCO003633	101	0	60	
MYCO003634	187	0	41	
MYCO003635	229	0	99	
MYCO003636	18	0	24	
MYCO003637	111	0	35	
MYCO003638	25	0	48	
MYCO003639	584	0	40	
MYCO003640	247	0	68	
MYCO003641	24	0	33	
MYCO003642	11	0	15	
MYCO003643	8	0	13	
MYCO003645	1336	0	73	
MYCO003649	947	0	134	
MYCO003650	136	0	18	
MYCO003651	612	0	56	
MYCO003652	1449	0	21	
MYCO003653	3767	0	38	
MYCO003654	781	0	27	
MYCO003655	6388	0	2	
MYCO003656	31	0	16	
MYCO003657	1951	1519	32	
MYCO003658	709	0	49	
MYCO003659	1267	0	60	
MYCO003660	284	0	72	
MYCO003661	94	0	33	
MYCO003662	1753	0	50	
MYCO003663	649	0	94	
MYCO003664	24	0	54	
MYCO003665	18	0	56	
MYCO003666	171	1711	77	
MYCO003667	478	0	111	
MYCO003669	13	0	30	
MYCO003671	31	0	68	
MYCO003672	101	0	44	
MYCO003673	231	0	38	
MYCO003675	3	0	24	
MYCO003678	19	0	26	
MYCO003681	30	0	30	
MYCO003685	176	0	84	
MYCO003686	120	0	18	
MYCO003687	27	0	25	
MYCO003688	41	0	34	
MYCO003689	325	0	107	
MYCO003690	597	0	28	
MYCO003691	130	0	64	
MYCO003692	109	0	56	
MYCO003693	2208	0	66	
MYCO003694	18	0	58	
MYCO003697	51	0	29	
MYCO003698	265	0	98	
MYCO003699	61	0	42	
MYCO003700	973	0	60	
MYCO003701	217	0	56	
MYCO003702	51	0	49	
MYCO003703	112	0	89	
MYCO003704	108	0	71	
MYCO003706	301	0	20	
MYCO003714	104	0	59	
MYCO003716	450	0	25	
MYCO003723	36	0	41	
MYCO003725	3104	0	26	
MYCO003726	489	0	67	
MYCO003727	399	0	115	
MYCO003728	4063	0	110	
MYCO003729	594	0	143	
MYCO003730	19	0	62	
MYCO003731	22	0	67	
MYCO003732	171	0	65	
MYCO003733	22	0	32	
MYCO003734	113	0	84	
MYCO003735	27	0	40	
MYCO003736	118	0	77	
MYCO003737	1173	0	86	
MYCO003738	2197	0	49	
MYCO003739	1533	0	16	
MYCO003740	185	0	80	
MYCO003741	39	0	50	
MYCO003742	17	0	31	
MYCO003743	266	0	132	
MYCO003744	8	0	28	
MYCO003745	24	1998	14	
MYCO003746	21	0	26	
MYCO003747	40	0	17	
MYCO003748	33	0	22	
MYCO003749	45	0	29	
MYCO003750	23	0	22	
MYCO003751	24	0	15	
MYCO003752	498	0	16	
MYCO003753	752	0	21	
MYCO003754	385	0	48	
MYCO003755	23	0	32	
MYCO003756	32	0	48	
MYCO003757	246	0	51	
MYCO003758	73	0	53	
MYCO003759	44	0	78	
MYCO003760	47	0	12	
MYCO003761	256	0	47	
MYCO003762	38	0	118	
MYCO003763	52	0	33	
MYCO003764	68	0	70	
MYCO003766	185	0	46	
MYCO003767	172	0	55	
MYCO003768	161	0	19	
MYCO003769	151	0	25	
MYCO003770	181	0	34	
MYCO003771	64	0	30	
MYCO003772	94	0	58	
MYCO003773	164	0	36	
MYCO003776	1197	0	99	
MYCO003779	732	0	114	
MYCO003784	380	0	72	
MYCO003785	2767	0	47	
MYCO003786	520	0	69	
MYCO003787	146	0	64	
MYCO003788	20	0	26	
MYCO003789	8	0	22	
MYCO003792	340	0	129	
MYCO003796	47	0	77	
MYCO003797	319	0	117	
MYCO003798	3425	69	40	
MYCO003800	1371	0	240	
MYCO003803	104	0	60	
MYCO003805	55	0	98	
MYCO003807	250	0	24	
MYCO003810	1773	0	40	
MYCO003811	283	0	88	
MYCO003812	2451	0	74	
MYCO003813	172	0	42	
MYCO003814	69	0	36	
MYCO003815	199	0	45	
MYCO003817	521	0	49	
MYCO003818	92	0	78	
MYCO003819	53	0	26	
MYCO003820	291	0	94	
MYCO003821	29	0	51	
MYCO003822	117	0	97	
MYCO003823	90	0	201	
MYCO003824	126	0	120	
MYCO003825	367	0	369	
MYCO003826	121	0	121	
MYCO003827	275	0	106	
MYCO003828	6	2439	25	
MYCO003829	1341	0	110	
MYCO003830	1494	0	50	
MYCO003831	28	0	46	
MYCO003832	186	0	45	
MYCO003833	796	0	57	
MYCO003836	731	0	33	
MYCO003837	60	0	54	
MYCO003838	199	0	65	
MYCO003839	16	0	56	
MYCO003840	104	0	43	
MYCO003841	17	0	39	
MYCO003843	556	0	65	
MYCO003844	163	6	34	
MYCO003845	4690	0	12	
MYCO003846	15	0	35	
MYCO003848	156	0	82	
MYCO003850	103	0	45	
MYCO003851	89	0	19	
MYCO003852	83	0	26	
MYCO003853	9	0	24	
MYCO003854	300	0	176	
MYCO003855	12	0	48	
MYCO003856	142	0	79	
MYCO003857	14	0	9	
MYCO003860	738	0	106	
MYCO003861	188	0	37	
MYCO003862	104	0	90	
MYCO003863	295	0	77	
MYCO003864	197	0	95	
MYCO003865	82	0	22	
MYCO003866	205	0	51	
MYCO003867	146	0	37	
MYCO003868	298	0	98	
MYCO003869	829	0	110	
MYCO003870	77	0	166	
MYCO003871	480	0	129	
MYCO003872	303	0	19	
MYCO003873	326	0	69	
MYCO003874	62	0	19	
MYCO003875	15	0	23	
MYCO003876	2864	0	112	
MYCO003877	79	0	137	
MYCO003878	783	0	63	
MYCO003879	2783	0	176	
MYCO003880	9	0	24	
MYCO003881	702	0	139	
MYCO003882	798	0	134	
MYCO003883	78	0	113	
MYCO003884	353	0	126	
MYCO003885	231	0	146	
MYCO003886	2180	0	95	
MYCO003887	653	0	114	
MYCO003888	171	0	110	
MYCO003889	443	0	86	
MYCO003890	129	0	24	
MYCO003891	33	0	37	
MYCO003892	1464	0	98	
MYCO003893	122	0	24	
MYCO003894	1826	0	279	
MYCO003895	1727	0	97	
MYCO003896	365	0	82	
MYCO003897	6337	0	3	
MYCO003898	3116	0	12	
MYCO003899	1814	0	89	
MYCO003900	1000	0	117	
MYCO003901	116	0	42	
MYCO003902	34	0	49	
MYCO003903	2028	0	177	
MYCO003904	19	0	34	
MYCO003905	46	0	30	
MYCO003906	78	0	52	
MYCO003909	336	0	181	
MYCO003910	441	0	330	
MYCO003911	6382	0	5	
MYCO003912	311	0	94	
MYCO003914	9	0	27	
MYCO003916	6	0	75	
MYCO003919	351	0	252	
MYCO003922	5	0	41	
MYCO003923	13	0	43	
MYCO010064	19	0	14	
MYCO010078	16	0	47	
MYCO010157	4	0	9	
MYCO010186	58	0	9	
MYCO010192	1453	0	20	
MYCO010236	53	0	7	
MYCO010277	6394	0	0	
MYCO010397	8	3144	16	
MYCO010456	16	0	20	
MYCO010470	887	0	19	
MYCO010492	58	0	14	
MYCO010500	303	0	7	
MYCO010530	16	0	10	
MYCO010590	41	0	9	
MYCO010609	29	0	14	
MYCO010616	2	0	21	
MYCO010634	14	0	16	
MYCO010691	3	0	11	
MYCO010724	6394	0	0	
MYCO010749	13	0	10	
MYCO010755	114	0	7	
MYCO010787	54	0	9	
MYCO010959	9	0	10	
MYCO011028	4	0	8	
MYCO011087	48	0	11	
MYCO011089	10	0	10	
MYCO011116	30	0	14	
MYCO011135	5	0	24	
MYCO011159	10	0	15	
MYCO011290	62	0	17	
MYCO011322	18	0	34	
MYCO011366	25	0	14	
MYCO011473	49	0	16	
MYCO011489	174	0	10	
MYCO011498	94	0	15	
MYCO011507	116	0	42	
MYCO011508	55	0	16	
MYCO011638	415	0	15	
MYCO011706	10	0	10	
MYCO011765	53	0	18	
MYCO011888	3	0	17	
MYCO011954	26	0	13	
MYCO011962	1	3761	18	
MYCO011982	17	0	8	
MYCO011990	68	0	23	
MYCO011991	1	0	9	
MYCO012023	62	0	61	
MYCO012063	171	0	21	
MYCO012077	204	0	19	
MYCO012142	3	0	13	
MYCO012160	3446	0	15	
MYCO012219	9	0	23	
MYCO012231	51	0	31	
MYCO012237	43	0	13	
MYCO012250	6390	0	1	
MYCO012274	246	0	17	
MYCO012306	52	0	37	
MYCO012307	13	0	6	
MYCO012309	8	0	22	
MYCO012331	6	0	13	
MYCO012395	27	0	14	
MYCO012401	34	0	9	
MYCO012427	6394	0	0	
MYCO012438	11	0	21	
MYCO012468	3	0	13	
MYCO012530	5	0	15	
MYCO012548	15	0	17	
MYCO012601	6	0	13	
MYCO012614	735	0	16	
MYCO012737	18	0	11	
MYCO012801	6	0	11	
MYCO012828	1167	0	17	
MYCO012862	6394	0	0	
MYCO012922	25	0	17	
MYCO012943	29	0	38	
MYCO012970	28	0	6	
MYCO012998	8	0	18	
MYCO013018	2379	3	10	
MYCO013022	1025	0	18	
MYCO013032	32	0	20	
MYCO013098	26	0	21	
MYCO013136	9	0	28	
MYCO013190	246	0	12	
MYCO013196	6	0	8	
MYCO013197	72	0	15	
MYCO013198	10	0	16	
MYCO013208	12	0	18	
MYCO013221	4	0	16	
MYCO013224	26	0	19	
MYCO013312	80	0	24	
MYCO013324	6394	0	0	
MYCO013395	244	0	29	
MYCO013566	6	0	20	
MYCO013697	67	0	15	
MYCO013705	52	0	29	
MYCO013724	719	0	11	
MYCO013770	8	0	11	
MYCO020078	4	0	22	
MYCO020456	6394	0	0	
MYCO020500	1	0	5	
MYCO022231	4574	0	20	
MYCO022306	96	0	25	
MYCO022307	70	0	30	
MYCO022395	62	0	17	
MYCO023224	42	0	11	
MYCO023724	755	0	30	
MYCO023770	12	0	14	
MYCO032307	0	0	10	
