GbGDiv simplified results table from 'accumulate-16.txt' records table.
Isolate records read from table: 4096

Locus	Missing	Paralogous	CountNuc
id	0	0	4096	
isolate	0	0	4096	
rMLST_database_accession	0	0	4096	
BACT000001	10	0	74	
BACT000002	119	0	30	
BACT000003	399	0	36	
BACT000004	28	0	26	
BACT000005	66	0	27	
BACT000006	4	0	15	
BACT000007	11	0	18	
BACT000008	19	0	19	
BACT000009	17	0	26	
BACT000010	1	0	9	
BACT000011	33	0	19	
BACT000012	2	0	18	
BACT000013	9	0	20	
BACT000014	2	3738	2	
BACT000015	1	0	9	
BACT000016	42	0	26	
BACT000017	14	0	18	
BACT000018	1	3196	3	
BACT000019	0	0	11	
BACT000020	5	0	15	
BACT000021	4095	0	1	
BACT000030	35	1154	25	
BACT000031	2	0	24	
BACT000032	8	0	19	
BACT000033	112	0	28	
BACT000034	11	0	21	
BACT000035	4	0	24	
BACT000036	271	0	20	
BACT000038	18	0	19	
BACT000039	16	0	21	
BACT000040	486	0	15	
BACT000042	6	0	23	
BACT000043	2	0	23	
BACT000044	25	0	17	
BACT000045	18	0	16	
BACT000046	4	0	28	
BACT000047	55	0	11	
BACT000048	1	0	16	
BACT000049	3	0	16	
BACT000050	22	0	15	
BACT000051	136	0	21	
BACT000052	1	0	13	
BACT000053	4	0	14	
BACT000056	7	0	13	
BACT000057	2	3972	3	
BACT000058	1	1	12	
BACT000059	0	0	10	
BACT000060	2	0	8	
BACT000061	10	0	13	
BACT000062	1	3437	7	
BACT000063	2	1	11	
BACT000064	3	0	13	
BACT000065	3	0	3	
MYCO000001	27	0	112	
MYCO000005	27	0	125	
MYCO000006	45	0	199	
MYCO000009	10	0	29	
MYCO000011	9	0	23	
MYCO000013	4	0	57	
MYCO000015	925	0	67	
MYCO000016	64	0	80	
MYCO000017	57	0	74	
MYCO000019	8	0	30	
MYCO000038	277	0	33	
MYCO000046	15	0	59	
MYCO000047	16	0	29	
MYCO000049	21	0	28	
MYCO000050	461	0	138	
MYCO000051	354	0	102	
MYCO000054	161	0	30	
MYCO000066	21	0	110	
MYCO000068	109	0	73	
MYCO000129	33	0	32	
MYCO000183	212	0	46	
MYCO000184	236	0	26	
MYCO000189	521	0	56	
MYCO000198	45	0	100	
MYCO000204	127	0	43	
MYCO000207	13	0	34	
MYCO000211	49	0	97	
MYCO000223	428	0	70	
MYCO000225	30	0	32	
MYCO000227	461	0	51	
MYCO000228	92	0	49	
MYCO000236	946	0	152	
MYCO000237	108	0	63	
MYCO000238	15	0	31	
MYCO000241	26	0	53	
MYCO000242	685	0	63	
MYCO000243	379	0	57	
MYCO000244	75	2073	69	
MYCO000247	10	0	27	
MYCO000248	25	0	56	
MYCO000270	40	0	86	
MYCO000274	259	0	36	
MYCO000321	11	0	22	
MYCO000322	49	0	49	
MYCO000334	4	0	26	
MYCO000337	36	0	42	
MYCO000350	62	0	53	
MYCO000352	429	0	45	
MYCO000357	14	0	48	
MYCO000360	150	0	26	
MYCO000383	771	0	25	
MYCO000384	528	0	84	
MYCO000407	184	0	46	
MYCO000410	121	0	87	
MYCO000411	102	0	38	
MYCO000414	855	0	30	
MYCO000415	909	0	39	
MYCO000417	289	1030	29	
MYCO000423	27	0	48	
MYCO000429	10	0	27	
MYCO000432	13	0	26	
MYCO000433	24	0	39	
MYCO000439	154	0	44	
MYCO000440	48	0	50	
MYCO000462	10	0	36	
MYCO000465	37	0	70	
MYCO000466	18	0	27	
MYCO000467	19	0	38	
MYCO000468	37	0	33	
MYCO000472	10	0	28	
MYCO000475	95	0	30	
MYCO000483	47	0	48	
MYCO000484	40	0	32	
MYCO000486	250	0	59	
MYCO000489	609	0	26	
MYCO000490	53	0	37	
MYCO000491	7	0	18	
MYCO000495	12	0	35	
MYCO000496	52	0	40	
MYCO000498	72	0	42	
MYCO000501	23	0	38	
MYCO000502	31	0	33	
MYCO000505	999	0	33	
MYCO000509	91	0	58	
MYCO000510	74	0	34	
MYCO000512	86	0	33	
MYCO000524	341	0	50	
MYCO000527	126	0	29	
MYCO000528	639	0	50	
MYCO000529	149	0	50	
MYCO000548	28	0	28	
MYCO000551	139	0	81	
MYCO000553	402	0	37	
MYCO000555	387	0	46	
MYCO000557	46	0	60	
MYCO000558	197	0	25	
MYCO000562	22	0	44	
MYCO000563	86	0	37	
MYCO000564	46	0	51	
MYCO000566	11	0	21	
MYCO000636	7	0	19	
MYCO000639	161	0	23	
MYCO000647	155	0	56	
MYCO000655	25	0	47	
MYCO000667	202	0	234	
MYCO000668	164	0	220	
MYCO000672	169	0	81	
MYCO000684	62	0	78	
MYCO000685	15	0	28	
MYCO000693	384	0	47	
MYCO000696	68	0	56	
MYCO000732	10	0	50	
MYCO000733	9	0	20	
MYCO000734	440	0	26	
MYCO000757	9	0	25	
MYCO000758	108	0	131	
MYCO000772	130	0	50	
MYCO000777	49	0	38	
MYCO000780	13	0	31	
MYCO000782	3995	0	5	
MYCO000788	122	0	22	
MYCO000803	93	0	74	
MYCO000808	70	0	56	
MYCO000809	6	0	33	
MYCO000810	2	0	7	
MYCO000814	809	16	13	
MYCO000815	56	4	40	
MYCO000820	13	0	26	
MYCO000821	24	0	17	
MYCO000823	84	0	50	
MYCO000824	8	0	22	
MYCO000859	64	0	68	
MYCO000860	251	0	92	
MYCO000861	38	0	57	
MYCO000871	13	0	12	
MYCO000876	5	0	59	
MYCO000884	13	0	48	
MYCO000885	55	0	33	
MYCO000886	962	0	61	
MYCO000889	828	0	49	
MYCO000896	52	0	51	
MYCO000902	33	0	25	
MYCO000903	8	0	12	
MYCO000906	1066	0	45	
MYCO000926	20	0	62	
MYCO000927	180	0	31	
MYCO000929	373	0	29	
MYCO000946	43	0	65	
MYCO000949	179	0	91	
MYCO000951	35	0	47	
MYCO000952	76	0	40	
MYCO000953	300	0	49	
MYCO000957	439	0	47	
MYCO000981	44	0	26	
MYCO000983	520	0	57	
MYCO000993	118	0	31	
MYCO000994	273	0	52	
MYCO000995	16	0	28	
MYCO001001	36	0	58	
MYCO001002	61	0	62	
MYCO001007	13	0	58	
MYCO001008	241	0	35	
MYCO001009	209	0	37	
MYCO001010	86	0	44	
MYCO001011	35	0	29	
MYCO001013	50	0	53	
MYCO001014	32	0	32	
MYCO001015	28	0	28	
MYCO001017	5	0	29	
MYCO001018	46	0	63	
MYCO001020	476	0	150	
MYCO001022	196	0	30	
MYCO001023	145	0	51	
MYCO001026	263	0	38	
MYCO001070	22	0	22	
MYCO001071	19	0	53	
MYCO001072	4	0	27	
MYCO001077	66	0	61	
MYCO001079	71	0	37	
MYCO001080	227	0	17	
MYCO001082	39	0	31	
MYCO001086	58	0	37	
MYCO001092	103	0	30	
MYCO001094	66	0	19	
MYCO001095	95	0	43	
MYCO001098	71	0	40	
MYCO001099	251	0	38	
MYCO001108	76	0	50	
MYCO001110	14	0	28	
MYCO001112	531	0	40	
MYCO001165	186	0	77	
MYCO001173	244	0	86	
MYCO001177	14	0	8	
MYCO001178	150	0	49	
MYCO001193	397	0	46	
MYCO001201	243	0	38	
MYCO001202	192	0	34	
MYCO001207	288	0	40	
MYCO001208	28	0	32	
MYCO001213	197	0	53	
MYCO001220	242	0	17	
MYCO001221	5	0	30	
MYCO001223	672	0	62	
MYCO001229	120	0	47	
MYCO001238	47	0	33	
MYCO001239	16	0	44	
MYCO001245	88	0	44	
MYCO001248	470	0	131	
MYCO001253	183	0	73	
MYCO001272	312	0	61	
MYCO001273	23	0	70	
MYCO001277	455	0	40	
MYCO001292	34	0	61	
MYCO001293	55	0	45	
MYCO001294	71	0	41	
MYCO001295	60	0	42	
MYCO001297	343	0	53	
MYCO001299	43	0	26	
MYCO001302	14	0	32	
MYCO001305	8	0	8	
MYCO001308	66	0	48	
MYCO001309	13	0	37	
MYCO001310	19	0	39	
MYCO001311	16	0	21	
MYCO001315	23	0	36	
MYCO001321	61	0	29	
MYCO001323	85	0	44	
MYCO001326	50	0	81	
MYCO001327	74	0	66	
MYCO001328	138	0	106	
MYCO001338	113	0	30	
MYCO001340	54	0	25	
MYCO001380	49	0	31	
MYCO001381	440	0	43	
MYCO001383	40	0	41	
MYCO001384	397	0	138	
MYCO001385	653	0	37	
MYCO001388	5	0	24	
MYCO001390	2	0	11	
MYCO001391	735	0	55	
MYCO001392	412	0	62	
MYCO001402	1688	0	58	
MYCO001407	569	0	68	
MYCO001408	135	0	26	
MYCO001410	13	0	54	
MYCO001412	19	0	27	
MYCO001415	20	0	42	
MYCO001416	8	0	19	
MYCO001420	28	0	61	
MYCO001421	25	0	33	
MYCO001436	7	0	38	
MYCO001437	44	0	45	
MYCO001438	21	0	28	
MYCO001440	22	0	13	
MYCO001445	260	0	33	
MYCO001447	492	0	82	
MYCO001448	49	0	46	
MYCO001449	209	0	72	
MYCO001451	81	0	38	
MYCO001457	9	0	28	
MYCO001458	23	0	39	
MYCO001462	53	0	53	
MYCO001463	13	0	27	
MYCO001464	223	0	45	
MYCO001465	11	0	14	
MYCO001466	8	0	9	
MYCO001467	75	2104	56	
MYCO001473	40	0	47	
MYCO001474	131	0	17	
MYCO001475	24	0	79	
MYCO001479	87	0	41	
MYCO001480	124	0	40	
MYCO001481	22	0	36	
MYCO001483	109	0	20	
MYCO001484	29	0	35	
MYCO001485	126	0	31	
MYCO001493	652	0	63	
MYCO001536	137	0	118	
MYCO001540	28	0	47	
MYCO001547	154	0	104	
MYCO001557	703	0	53	
MYCO001559	901	0	57	
MYCO001564	48	0	81	
MYCO001568	255	0	46	
MYCO001569	795	0	29	
MYCO001589	17	0	30	
MYCO001593	4	0	25	
MYCO001594	53	0	44	
MYCO001595	456	0	59	
MYCO001599	377	0	48	
MYCO001600	10	0	45	
MYCO001601	2	0	21	
MYCO001603	11	0	31	
MYCO001605	18	0	31	
MYCO001609	93	0	67	
MYCO001611	73	0	24	
MYCO001612	11	0	50	
MYCO001617	57	0	54	
MYCO001626	22	0	23	
MYCO001627	128	0	35	
MYCO001629	149	0	111	
MYCO001633	547	0	81	
MYCO001638	188	0	112	
MYCO001641	4096	0	0	
MYCO001649	319	0	35	
MYCO001652	235	0	37	
MYCO001653	727	0	34	
MYCO001654	110	0	25	
MYCO001655	457	0	48	
MYCO001656	346	0	32	
MYCO001657	383	0	18	
MYCO001658	124	0	47	
MYCO001659	385	0	47	
MYCO001689	14	0	39	
MYCO001694	153	0	35	
MYCO001695	4	0	34	
MYCO001697	6	0	29	
MYCO001699	23	0	92	
MYCO001701	62	0	28	
MYCO001708	22	0	29	
MYCO001709	7	0	40	
MYCO001711	3	0	34	
MYCO001712	28	0	29	
MYCO001713	194	0	52	
MYCO001821	44	0	89	
MYCO001827	5	0	21	
MYCO001829	41	0	21	
MYCO001830	21	0	55	
MYCO001832	118	0	115	
MYCO001837	104	0	85	
MYCO001842	86	0	69	
MYCO001843	103	0	59	
MYCO001844	60	0	72	
MYCO001854	43	0	60	
MYCO001886	85	0	48	
MYCO001894	185	0	60	
MYCO001981	18	0	26	
MYCO002050	4	0	11	
MYCO002089	306	0	51	
MYCO002090	4001	0	10	
MYCO002092	491	0	103	
MYCO002093	42	0	32	
MYCO002096	30	0	45	
MYCO002097	88	0	39	
MYCO002109	17	0	30	
MYCO002110	49	0	38	
MYCO002111	115	0	10	
MYCO002112	1788	0	49	
MYCO002115	39	0	72	
MYCO002118	16	0	23	
MYCO002119	28	0	42	
MYCO002121	56	0	27	
MYCO002122	4	0	13	
MYCO002125	40	0	27	
MYCO002130	525	0	35	
MYCO002134	24	0	22	
MYCO002139	84	0	44	
MYCO002140	2	0	21	
MYCO002141	71	0	58	
MYCO002145	59	0	28	
MYCO002150	258	0	32	
MYCO002151	278	0	23	
MYCO002153	802	0	58	
MYCO002154	883	0	34	
MYCO002155	672	0	79	
MYCO002156	19	0	45	
MYCO002157	1802	0	47	
MYCO002163	179	0	64	
MYCO002166	15	0	12	
MYCO002170	495	0	25	
MYCO002176	115	0	49	
MYCO002178	23	0	32	
MYCO002179	81	0	14	
MYCO002182	29	0	25	
MYCO002186	4	0	13	
MYCO002187	1170	0	62	
MYCO002188	47	0	56	
MYCO002192	129	0	36	
MYCO002193	8	0	17	
MYCO002194	34	0	34	
MYCO002195	20	0	48	
MYCO002196	18	0	63	
MYCO002199	1	0	19	
MYCO002200	27	0	40	
MYCO002201	176	0	61	
MYCO002202	190	0	38	
MYCO002210	78	0	42	
MYCO002211	124	0	54	
MYCO002213	222	0	76	
MYCO002216	40	0	48	
MYCO002217	225	0	35	
MYCO002218	177	0	42	
MYCO002219	129	0	29	
MYCO002220	30	0	51	
MYCO002221	930	0	89	
MYCO002222	43	0	49	
MYCO002225	137	0	41	
MYCO002228	61	0	44	
MYCO002230	264	0	41	
MYCO002235	79	0	41	
MYCO002239	2	0	18	
MYCO002241	521	0	68	
MYCO002242	189	0	37	
MYCO002243	437	0	35	
MYCO002244	5	0	7	
MYCO002245	74	0	46	
MYCO002246	44	0	40	
MYCO002247	179	0	44	
MYCO002257	43	0	37	
MYCO002259	211	0	35	
MYCO002315	716	0	61	
MYCO002343	207	0	63	
MYCO002344	645	0	38	
MYCO002357	12	0	33	
MYCO002361	11	0	24	
MYCO002362	120	0	26	
MYCO002364	10	0	35	
MYCO002366	15	0	58	
MYCO002367	6	0	18	
MYCO002368	44	0	39	
MYCO002373	68	0	41	
MYCO002374	136	0	49	
MYCO002399	58	0	35	
MYCO002400	50	0	49	
MYCO002402	70	0	94	
MYCO002404	34	0	74	
MYCO002409	16	0	31	
MYCO002410	8	0	27	
MYCO002411	102	0	59	
MYCO002413	148	0	36	
MYCO002420	173	0	23	
MYCO002421	1	0	16	
MYCO002425	333	0	39	
MYCO002426	1163	0	45	
MYCO002427	359	0	48	
MYCO002439	635	0	30	
MYCO002440	103	0	66	
MYCO002445	23	0	14	
MYCO002447	79	0	61	
MYCO002448	182	0	96	
MYCO002454	27	0	45	
MYCO002455	73	0	59	
MYCO002457	29	0	36	
MYCO002460	5	0	17	
MYCO002461	10	0	20	
MYCO002462	264	0	45	
MYCO002465	65	0	17	
MYCO002466	40	0	25	
MYCO002467	102	0	95	
MYCO002470	10	0	23	
MYCO002477	26	0	52	
MYCO002500	14	0	42	
MYCO002502	54	0	64	
MYCO002509	13	0	39	
MYCO002511	17	0	19	
MYCO002518	493	0	39	
MYCO002521	2	0	20	
MYCO002523	36	0	11	
MYCO002524	1206	0	245	
MYCO002533	18	0	20	
MYCO002534	2	0	19	
MYCO002538	220	0	44	
MYCO002540	927	0	47	
MYCO002555	76	0	72	
MYCO002559	364	0	39	
MYCO002568	50	0	42	
MYCO002572	148	0	61	
MYCO002575	67	0	41	
MYCO002580	185	0	40	
MYCO002582	34	0	36	
MYCO002583	109	0	79	
MYCO002587	638	0	65	
MYCO002589	127	0	52	
MYCO002592	180	0	32	
MYCO002593	87	0	23	
MYCO002594	2	0	16	
MYCO002603	9	0	27	
MYCO002606	36	0	30	
MYCO002610	100	0	42	
MYCO002611	81	0	46	
MYCO002612	7	0	26	
MYCO002613	9	0	15	
MYCO002614	72	0	59	
MYCO002670	24	0	38	
MYCO002673	480	1052	42	
MYCO002676	27	0	18	
MYCO002678	366	0	39	
MYCO002682	94	0	60	
MYCO002696	112	0	38	
MYCO002697	8	0	17	
MYCO002699	0	0	12	
MYCO002702	11	0	41	
MYCO002703	150	0	45	
MYCO002708	3	0	13	
MYCO002710	75	0	35	
MYCO002711	29	0	29	
MYCO002714	30	0	39	
MYCO002715	535	0	51	
MYCO002720	16	0	40	
MYCO002724	48	0	66	
MYCO002725	109	0	51	
MYCO002726	53	0	30	
MYCO002727	225	0	42	
MYCO002731	465	0	46	
MYCO002733	954	0	48	
MYCO002744	115	0	32	
MYCO002748	388	0	100	
MYCO002750	77	0	38	
MYCO002753	13	0	44	
MYCO002754	31	0	28	
MYCO002764	74	0	42	
MYCO002773	24	0	26	
MYCO002782	310	0	54	
MYCO002783	148	0	65	
MYCO002788	449	0	17	
MYCO002794	23	0	27	
MYCO002795	80	0	39	
MYCO002828	1856	484	43	
MYCO002838	73	0	19	
MYCO002839	1600	0	78	
MYCO002841	26	0	45	
MYCO002846	7	0	53	
MYCO002847	98	0	45	
MYCO002861	18	0	30	
MYCO002864	50	0	50	
MYCO002868	13	0	33	
MYCO002870	97	0	35	
MYCO002882	11	0	29	
MYCO002883	4	0	28	
MYCO002889	83	0	26	
MYCO002894	526	0	29	
MYCO002901	2	0	9	
MYCO002902	227	0	30	
MYCO002915	75	0	49	
MYCO002916	328	0	45	
MYCO002917	654	0	60	
MYCO002918	255	0	93	
MYCO002919	4	0	12	
MYCO002921	137	0	49	
MYCO002927	24	0	32	
MYCO002965	4	0	11	
MYCO002967	274	0	79	
MYCO002976	66	0	31	
MYCO002981	179	0	47	
MYCO002982	26	0	40	
MYCO002984	55	0	53	
MYCO002988	107	0	35	
MYCO002992	127	0	63	
MYCO002993	11	0	31	
MYCO002995	149	0	41	
MYCO002996	268	0	62	
MYCO003001	21	0	34	
MYCO003003	191	0	58	
MYCO003006	138	0	34	
MYCO003009	21	0	50	
MYCO003010	358	0	36	
MYCO003011	753	0	45	
MYCO003014	379	0	75	
MYCO003024	177	0	52	
MYCO003025	115	0	35	
MYCO003027	39	0	43	
MYCO003028	522	0	37	
MYCO003029	19	0	24	
MYCO003031	228	0	58	
MYCO003032	410	0	33	
MYCO003034	14	0	31	
MYCO003038	11	0	35	
MYCO003042	69	0	38	
MYCO003043	10	0	45	
MYCO003045	5	0	38	
MYCO003048	19	0	37	
MYCO003049	99	0	69	
MYCO003051	31	0	50	
MYCO003052	19	0	14	
MYCO003053	5	0	6	
MYCO003054	142	0	31	
MYCO003057	18	0	36	
MYCO003085	230	0	40	
MYCO003100	10	0	19	
MYCO003101	25	0	28	
MYCO003102	2	0	26	
MYCO003105	190	0	46	
MYCO003117	56	4	40	
MYCO003118	809	16	13	
MYCO003139	22	0	63	
MYCO003140	21	0	55	
MYCO003193	75	0	110	
MYCO003194	4	0	31	
MYCO003195	329	0	63	
MYCO003197	31	0	49	
MYCO003198	287	0	68	
MYCO003205	40	0	31	
MYCO003206	24	0	56	
MYCO003207	19	0	33	
MYCO003208	54	0	24	
MYCO003211	321	0	70	
MYCO003213	16	0	39	
MYCO003214	26	0	37	
MYCO003219	7	0	7	
MYCO003220	25	0	49	
MYCO003221	0	0	12	
MYCO003223	4	0	26	
MYCO003228	396	0	41	
MYCO003229	25	0	69	
MYCO003240	445	0	81	
MYCO003241	190	0	25	
MYCO003245	18	0	56	
MYCO003246	13	0	16	
MYCO003248	44	0	58	
MYCO003252	189	0	43	
MYCO003255	111	0	38	
MYCO003257	213	0	44	
MYCO003258	279	0	15	
MYCO003261	17	0	43	
MYCO003262	241	0	41	
MYCO003264	19	0	31	
MYCO003265	105	0	34	
MYCO003267	283	0	38	
MYCO003274	8	0	40	
MYCO003275	118	0	25	
MYCO003276	107	0	45	
MYCO003277	7	0	28	
MYCO003280	34	0	51	
MYCO003285	135	0	56	
MYCO003290	24	0	43	
MYCO003296	1246	0	167	
MYCO003302	75	0	46	
MYCO003303	4053	0	2	
MYCO003304	43	0	12	
MYCO003305	80	0	38	
MYCO003306	265	0	51	
MYCO003313	27	0	23	
MYCO003317	16	0	27	
MYCO003318	214	0	53	
MYCO003319	48	0	37	
MYCO003328	321	0	48	
MYCO003329	50	0	64	
MYCO003330	417	0	45	
MYCO003336	16	0	30	
MYCO003340	23	0	44	
MYCO003341	539	0	46	
MYCO003356	23	0	31	
MYCO003392	43	3119	17	
MYCO003396	78	0	56	
MYCO003409	109	0	54	
MYCO003410	722	0	38	
MYCO003411	184	0	61	
MYCO003412	10	0	18	
MYCO003417	14	2348	43	
MYCO003418	0	0	9	
MYCO003419	164	0	37	
MYCO003422	4	0	20	
MYCO003432	37	0	40	
MYCO003433	1480	0	30	
MYCO003436	1030	0	57	
MYCO003441	460	0	57	
MYCO003455	197	0	32	
MYCO003457	18	0	42	
MYCO003462	8	0	12	
MYCO003464	12	0	39	
MYCO003490	52	0	62	
MYCO003500	20	0	35	
MYCO003501	27	0	27	
MYCO003504	30	0	44	
MYCO003520	44	0	51	
MYCO003570	15	0	31	
MYCO003571	51	0	38	
MYCO003579	594	0	47	
MYCO003580	82	0	38	
MYCO003583	3	0	17	
MYCO003589	971	0	28	
MYCO003592	7	0	14	
MYCO003596	322	0	88	
MYCO003598	36	0	46	
MYCO003600	32	0	26	
MYCO003601	32	0	19	
MYCO003609	5	0	17	
MYCO003610	404	0	73	
MYCO003624	12	0	32	
MYCO003628	17	0	22	
MYCO003644	217	0	58	
MYCO003646	637	0	102	
MYCO003647	61	0	23	
MYCO003648	7	0	28	
MYCO003668	10	0	24	
MYCO003670	220	0	37	
MYCO003674	9	0	29	
MYCO003676	9	0	22	
MYCO003677	57	0	37	
MYCO003679	22	0	48	
MYCO003680	106	0	43	
MYCO003682	140	0	81	
MYCO003683	77	0	43	
MYCO003684	62	0	27	
MYCO003695	32	0	50	
MYCO003696	173	0	84	
MYCO003705	7	0	31	
MYCO003707	118	0	45	
MYCO003708	129	0	44	
MYCO003709	78	0	42	
MYCO003710	1642	0	39	
MYCO003711	33	0	52	
MYCO003712	537	0	41	
MYCO003713	42	0	22	
MYCO003715	6	0	19	
MYCO003717	4	0	30	
MYCO003718	4	0	13	
MYCO003719	26	0	59	
MYCO003720	135	0	53	
MYCO003721	361	0	67	
MYCO003722	19	0	59	
MYCO003765	459	0	40	
MYCO003774	19	0	46	
MYCO003775	59	0	66	
MYCO003777	240	0	44	
MYCO003778	45	0	54	
MYCO003780	391	0	22	
MYCO003781	9	0	22	
MYCO003782	42	0	41	
MYCO003783	43	0	30	
MYCO003790	22	0	54	
MYCO003791	46	0	40	
MYCO003793	703	0	146	
MYCO003794	223	0	165	
MYCO003795	195	0	234	
MYCO003799	23	0	59	
MYCO003801	39	0	60	
MYCO003802	76	0	39	
MYCO003804	43	0	44	
MYCO003806	16	0	68	
MYCO003808	261	0	61	
MYCO003809	6	0	40	
MYCO003816	301	0	37	
MYCO003834	113	0	48	
MYCO003835	540	0	63	
MYCO003842	114	0	62	
MYCO003847	1527	0	23	
MYCO003849	5	0	16	
MYCO003858	47	0	46	
MYCO003859	423	0	171	
MYCO003907	41	0	80	
MYCO003908	152	0	43	
MYCO003913	73	0	77	
MYCO003915	12	0	76	
MYCO003917	14	0	83	
MYCO003918	14	0	80	
MYCO003920	11	0	40	
MYCO003921	19	0	80	
MYCO013678	1	0	15	
MYCO000002	46	0	86	
MYCO000003	40	0	74	
MYCO000004	14	0	59	
MYCO000007	434	0	96	
MYCO000008	19	0	36	
MYCO000010	13	0	63	
MYCO000012	33	0	68	
MYCO000014	14	0	105	
MYCO000018	244	0	85	
MYCO000020	206	0	124	
MYCO000021	567	0	61	
MYCO000022	47	0	40	
MYCO000023	43	0	56	
MYCO000024	1240	0	51	
MYCO000025	438	0	37	
MYCO000026	134	0	84	
MYCO000027	22	0	17	
MYCO000028	11	0	20	
MYCO000029	312	0	84	
MYCO000030	819	0	27	
MYCO000031	36	0	20	
MYCO000032	1261	0	109	
MYCO000033	15	0	12	
MYCO000034	9	0	23	
MYCO000035	55	0	126	
MYCO000036	92	0	56	
MYCO000037	53	0	75	
MYCO000039	179	0	24	
MYCO000040	69	0	54	
MYCO000041	380	0	158	
MYCO000042	275	0	73	
MYCO000043	36	0	44	
MYCO000044	507	0	47	
MYCO000045	1808	0	54	
MYCO000048	29	0	62	
MYCO000052	124	14	46	
MYCO000057	19	2444	55	
MYCO000058	72	0	127	
MYCO000059	17	0	49	
MYCO000060	10	0	47	
MYCO000061	929	0	17	
MYCO000062	214	0	79	
MYCO000063	304	0	106	
MYCO000064	1692	0	126	
MYCO000065	10	0	13	
MYCO000067	16	0	35	
MYCO000069	93	0	66	
MYCO000070	19	2374	47	
MYCO000071	1116	0	52	
MYCO000072	949	0	47	
MYCO000073	33	1744	47	
MYCO000074	1583	0	66	
MYCO000075	205	0	62	
MYCO000076	13	0	21	
MYCO000077	44	0	45	
MYCO000078	55	0	25	
MYCO000079	64	0	37	
MYCO000080	78	0	38	
MYCO000081	6	0	29	
MYCO000082	1049	0	25	
MYCO000083	1491	0	57	
MYCO000084	35	0	46	
MYCO000085	261	0	37	
MYCO000086	337	0	69	
MYCO000087	294	0	71	
MYCO000088	24	0	43	
MYCO000089	40	0	37	
MYCO000090	57	0	51	
MYCO000091	66	0	32	
MYCO000092	230	0	103	
MYCO000093	123	0	53	
MYCO000094	3948	60	35	
MYCO000095	1756	0	161	
MYCO000096	448	0	74	
MYCO000097	9	0	26	
MYCO000098	10	0	25	
MYCO000099	1173	0	64	
MYCO000100	6	0	8	
MYCO000101	168	0	319	
MYCO000102	105	0	98	
MYCO000103	169	0	104	
MYCO000104	1302	0	70	
MYCO000106	88	0	42	
MYCO000107	4052	0	6	
MYCO000108	15	0	13	
MYCO000109	1306	0	63	
MYCO000110	16	0	35	
MYCO000111	146	0	89	
MYCO000112	31	0	64	
MYCO000113	228	0	52	
MYCO000114	175	0	32	
MYCO000115	548	0	66	
MYCO000116	20	0	38	
MYCO000117	17	0	48	
MYCO000118	141	0	100	
MYCO000119	109	0	80	
MYCO000120	100	0	114	
MYCO000121	127	0	29	
MYCO000122	20	0	12	
MYCO000123	7	0	16	
MYCO000124	3989	0	5	
MYCO000125	236	0	52	
MYCO000126	44	0	80	
MYCO000127	37	0	54	
MYCO000128	43	0	29	
MYCO000130	6	0	36	
MYCO000131	31	0	62	
MYCO000132	175	0	46	
MYCO000133	489	0	41	
MYCO000134	1385	0	29	
MYCO000135	12	0	24	
MYCO000136	422	0	81	
MYCO000137	457	0	31	
MYCO000138	421	0	27	
MYCO000139	43	0	45	
MYCO000140	12	0	21	
MYCO000141	12	0	23	
MYCO000142	644	0	50	
MYCO000143	250	0	84	
MYCO000144	273	0	36	
MYCO000145	208	0	51	
MYCO000146	696	0	48	
MYCO000147	149	0	89	
MYCO000148	42	0	32	
MYCO000149	732	0	43	
MYCO000150	30	0	19	
MYCO000151	287	0	96	
MYCO000152	100	0	93	
MYCO000153	79	0	38	
MYCO000154	45	0	46	
MYCO000155	112	0	45	
MYCO000156	4	0	16	
MYCO000157	314	0	59	
MYCO000158	14	0	31	
MYCO000159	329	0	80	
MYCO000160	42	0	85	
MYCO000161	128	0	65	
MYCO000162	234	0	60	
MYCO000163	1	0	33	
MYCO000164	11	0	21	
MYCO000165	2023	0	11	
MYCO000166	68	0	83	
MYCO000167	6	2041	27	
MYCO000168	64	0	48	
MYCO000169	122	0	78	
MYCO000170	9	0	43	
MYCO000171	1088	0	72	
MYCO000172	184	0	76	
MYCO000173	15	0	54	
MYCO000174	75	0	70	
MYCO000175	60	0	45	
MYCO000176	164	0	54	
MYCO000177	2	0	19	
MYCO000178	22	0	42	
MYCO000179	242	0	57	
MYCO000180	483	0	76	
MYCO000181	11	0	33	
MYCO000182	312	0	68	
MYCO000185	86	0	20	
MYCO000186	230	0	97	
MYCO000187	69	0	37	
MYCO000188	17	0	26	
MYCO000190	1	0	14	
MYCO000191	418	0	56	
MYCO000192	969	0	43	
MYCO000193	38	0	99	
MYCO000194	332	0	176	
MYCO000195	658	0	30	
MYCO000196	66	0	25	
MYCO000197	4094	0	2	
MYCO000199	7	0	26	
MYCO000200	62	0	28	
MYCO000201	311	0	21	
MYCO000202	149	0	127	
MYCO000203	186	0	19	
MYCO000205	531	0	43	
MYCO000206	262	0	104	
MYCO000208	28	0	26	
MYCO000209	307	0	53	
MYCO000210	371	0	55	
MYCO000212	55	0	50	
MYCO000213	26	0	59	
MYCO000214	74	0	87	
MYCO000215	490	0	46	
MYCO000216	60	0	42	
MYCO000217	371	0	45	
MYCO000218	1233	0	52	
MYCO000219	5	0	33	
MYCO000220	169	0	59	
MYCO000221	459	0	52	
MYCO000222	96	0	37	
MYCO000224	59	0	27	
MYCO000226	251	0	76	
MYCO000229	19	0	39	
MYCO000230	15	0	57	
MYCO000231	55	0	75	
MYCO000232	29	0	37	
MYCO000233	419	0	38	
MYCO000234	221	0	57	
MYCO000235	68	0	94	
MYCO000239	8	0	17	
MYCO000240	10	0	22	
MYCO000245	25	0	28	
MYCO000246	186	0	61	
MYCO000249	24	0	32	
MYCO000250	7	0	14	
MYCO000251	6	0	36	
MYCO000252	70	0	136	
MYCO000253	24	0	19	
MYCO000254	53	0	21	
MYCO000255	384	0	67	
MYCO000256	1137	0	67	
MYCO000257	537	0	27	
MYCO000258	42	0	22	
MYCO000259	9	0	35	
MYCO000260	65	0	63	
MYCO000261	56	0	77	
MYCO000262	19	0	24	
MYCO000263	388	0	37	
MYCO000264	89	0	32	
MYCO000265	24	0	57	
MYCO000266	1043	0	138	
MYCO000267	449	0	57	
MYCO000268	42	0	28	
MYCO000269	89	0	56	
MYCO000271	144	0	97	
MYCO000272	74	0	66	
MYCO000273	61	0	32	
MYCO000275	404	0	55	
MYCO000276	194	1156	39	
MYCO000277	128	1717	72	
MYCO000278	4087	0	4	
MYCO000279	3879	0	68	
MYCO000280	1788	0	70	
MYCO000281	203	0	45	
MYCO000282	58	0	80	
MYCO000283	357	0	67	
MYCO000284	763	0	160	
MYCO000285	141	0	11	
MYCO000286	1199	0	66	
MYCO000287	13	13	13	
MYCO000288	3	0	23	
MYCO000289	87	0	58	
MYCO000290	679	0	80	
MYCO000291	560	0	59	
MYCO000292	42	0	43	
MYCO000293	113	0	57	
MYCO000294	104	0	47	
MYCO000295	18	0	28	
MYCO000296	69	0	53	
MYCO000297	2177	0	99	
MYCO000298	6	0	13	
MYCO000299	8	0	23	
MYCO000300	4	0	11	
MYCO000301	3	0	23	
MYCO000302	70	0	38	
MYCO000303	48	0	56	
MYCO000304	570	0	366	
MYCO000305	4033	0	10	
MYCO000306	14	0	30	
MYCO000307	14	0	27	
MYCO000308	5	0	38	
MYCO000309	29	0	25	
MYCO000310	5	0	16	
MYCO000311	25	0	59	
MYCO000312	347	0	67	
MYCO000313	5	0	21	
MYCO000314	149	0	39	
MYCO000315	989	0	38	
MYCO000316	387	0	29	
MYCO000317	60	0	39	
MYCO000318	27	0	32	
MYCO000319	53	0	35	
MYCO000320	16	0	31	
MYCO000323	442	0	35	
MYCO000324	21	0	33	
MYCO000325	1977	0	5	
MYCO000326	203	0	22	
MYCO000327	250	0	54	
MYCO000328	12	0	22	
MYCO000329	125	0	36	
MYCO000330	30	0	38	
MYCO000331	223	0	75	
MYCO000332	36	0	43	
MYCO000333	4	0	20	
MYCO000335	581	0	23	
MYCO000336	3542	467	20	
MYCO000338	785	0	90	
MYCO000339	600	0	111	
MYCO000340	13	0	27	
MYCO000341	1279	0	55	
MYCO000342	133	0	67	
MYCO000343	173	0	76	
MYCO000344	19	0	23	
MYCO000345	8	0	29	
MYCO000346	181	0	53	
MYCO000347	8	14	30	
MYCO000348	7	0	17	
MYCO000349	14	0	30	
MYCO000351	107	0	23	
MYCO000353	4	0	22	
MYCO000354	4093	0	1	
MYCO000355	2485	0	328	
MYCO000356	355	0	38	
MYCO000358	1128	0	29	
MYCO000359	62	0	37	
MYCO000361	12	0	34	
MYCO000362	28	0	74	
MYCO000363	36	0	48	
MYCO000364	13	0	33	
MYCO000365	119	0	49	
MYCO000366	62	0	31	
MYCO000367	30	0	16	
MYCO000368	179	0	63	
MYCO000369	11	0	24	
MYCO000370	33	0	54	
MYCO000371	30	0	21	
MYCO000372	117	0	44	
MYCO000373	154	0	127	
MYCO000374	18	0	27	
MYCO000375	442	0	30	
MYCO000376	343	0	56	
MYCO000377	320	0	55	
MYCO000378	574	0	11	
MYCO000379	14	0	15	
MYCO000380	61	0	27	
MYCO000381	56	0	35	
MYCO000382	25	0	14	
MYCO000385	14	0	39	
MYCO000386	352	0	133	
MYCO000387	1512	0	23	
MYCO000388	4092	0	2	
MYCO000389	533	0	63	
MYCO000390	7	0	18	
MYCO000391	74	0	37	
MYCO000392	245	0	69	
MYCO000393	1298	0	90	
MYCO000394	45	0	34	
MYCO000395	656	0	14	
MYCO000396	31	0	18	
MYCO000397	636	1380	69	
MYCO000398	253	0	25	
MYCO000399	70	0	62	
MYCO000400	109	0	45	
MYCO000401	198	0	18	
MYCO000402	701	0	107	
MYCO000403	919	0	21	
MYCO000404	133	0	120	
MYCO000405	1965	0	155	
MYCO000406	53	0	39	
MYCO000408	25	0	94	
MYCO000409	32	0	47	
MYCO000412	28	0	59	
MYCO000413	130	0	23	
MYCO000416	1	0	8	
MYCO000418	36	0	66	
MYCO000419	80	0	71	
MYCO000420	6	0	30	
MYCO000421	29	0	30	
MYCO000422	23	0	32	
MYCO000424	2	0	16	
MYCO000425	985	0	155	
MYCO000426	65	0	27	
MYCO000427	50	0	38	
MYCO000428	212	0	37	
MYCO000430	57	0	8	
MYCO000431	22	0	18	
MYCO000434	36	0	30	
MYCO000435	284	0	92	
MYCO000436	286	0	34	
MYCO000437	229	0	21	
MYCO000438	67	0	49	
MYCO000441	253	0	21	
MYCO000442	119	0	61	
MYCO000443	150	0	23	
MYCO000444	642	0	37	
MYCO000445	18	0	21	
MYCO000446	873	0	30	
MYCO000447	174	0	61	
MYCO000448	71	0	23	
MYCO000449	66	0	43	
MYCO000450	59	0	110	
MYCO000451	9	0	25	
MYCO000452	7	0	26	
MYCO000453	1062	0	45	
MYCO000454	15	0	18	
MYCO000455	3	0	21	
MYCO000456	43	0	44	
MYCO000457	479	0	72	
MYCO000458	314	0	68	
MYCO000459	125	0	40	
MYCO000460	3	0	11	
MYCO000461	45	0	29	
MYCO000463	76	0	11	
MYCO000464	5	0	21	
MYCO000469	74	0	52	
MYCO000470	28	0	30	
MYCO000471	79	0	34	
MYCO000473	31	0	54	
MYCO000474	6	0	20	
MYCO000476	10	0	11	
MYCO000477	52	0	18	
MYCO000478	22	0	35	
MYCO000479	425	0	29	
MYCO000480	131	0	33	
MYCO000481	24	0	21	
MYCO000482	39	0	42	
MYCO000485	76	0	49	
MYCO000487	131	0	35	
MYCO000488	23	0	30	
MYCO000492	553	0	82	
MYCO000493	154	0	53	
MYCO000494	111	0	30	
MYCO000497	516	0	40	
MYCO000499	102	0	35	
MYCO000500	349	0	35	
MYCO000503	7	0	20	
MYCO000504	2	0	14	
MYCO000506	23	0	12	
MYCO000507	328	0	158	
MYCO000508	0	0	11	
MYCO000511	655	0	57	
MYCO000513	58	0	21	
MYCO000514	33	0	27	
MYCO000515	3542	277	20	
MYCO000516	14	0	20	
MYCO000517	92	0	61	
MYCO000518	15	0	31	
MYCO000519	478	0	38	
MYCO000520	42	0	15	
MYCO000521	6	0	14	
MYCO000522	21	0	40	
MYCO000523	205	0	18	
MYCO000525	395	0	37	
MYCO000526	57	0	28	
MYCO000530	335	0	61	
MYCO000531	532	0	17	
MYCO000532	3840	0	13	
MYCO000533	84	0	30	
MYCO000534	161	0	46	
MYCO000535	65	0	36	
MYCO000536	635	0	38	
MYCO000537	317	0	68	
MYCO000538	999	0	109	
MYCO000539	1625	0	20	
MYCO000540	363	0	24	
MYCO000541	147	0	51	
MYCO000542	534	0	42	
MYCO000543	0	0	7	
MYCO000544	378	0	14	
MYCO000545	136	0	56	
MYCO000546	15	0	16	
MYCO000547	248	0	44	
MYCO000549	51	0	22	
MYCO000550	19	0	10	
MYCO000552	851	0	61	
MYCO000554	279	0	28	
MYCO000556	9	0	19	
MYCO000559	71	0	14	
MYCO000560	22	0	33	
MYCO000561	272	0	36	
MYCO000565	157	0	89	
MYCO000567	71	0	45	
MYCO000568	133	0	59	
MYCO000569	10	0	14	
MYCO000570	234	0	103	
MYCO000571	385	0	54	
MYCO000572	16	0	19	
MYCO000573	248	0	66	
MYCO000574	208	0	46	
MYCO000575	269	0	54	
MYCO000576	315	0	56	
MYCO000577	331	0	37	
MYCO000578	3103	0	116	
MYCO000579	207	0	40	
MYCO000580	25	0	24	
MYCO000581	137	0	12	
MYCO000582	16	0	15	
MYCO000583	103	0	32	
MYCO000584	54	0	132	
MYCO000585	138	0	99	
MYCO000586	20	1280	33	
MYCO000587	128	0	55	
MYCO000588	176	0	43	
MYCO000589	49	0	61	
MYCO000590	1989	0	25	
MYCO000591	314	0	74	
MYCO000592	722	0	51	
MYCO000593	47	0	56	
MYCO000594	221	0	83	
MYCO000595	26	0	21	
MYCO000596	34	0	8	
MYCO000597	14	0	47	
MYCO000598	16	0	21	
MYCO000599	7	2288	12	
MYCO000600	207	0	20	
MYCO000601	183	0	35	
MYCO000602	522	0	37	
MYCO000603	771	0	14	
MYCO000604	202	0	50	
MYCO000605	29	0	17	
MYCO000606	87	0	34	
MYCO000607	8	0	17	
MYCO000608	1	0	8	
MYCO000609	22	0	20	
MYCO000610	493	0	41	
MYCO000611	8	0	20	
MYCO000612	526	0	24	
MYCO000613	1108	0	89	
MYCO000614	151	0	44	
MYCO000615	55	0	9	
MYCO000616	28	0	18	
MYCO000617	13	0	22	
MYCO000618	543	0	24	
MYCO000619	4096	0	0	
MYCO000620	1078	0	50	
MYCO000621	552	0	40	
MYCO000622	15	0	44	
MYCO000623	8	0	10	
MYCO000624	12	0	23	
MYCO000625	299	0	33	
MYCO000626	27	0	11	
MYCO000627	29	0	17	
MYCO000628	358	1902	50	
MYCO000629	730	0	70	
MYCO000630	1117	0	104	
MYCO000631	1126	0	105	
MYCO000632	4	0	25	
MYCO000633	30	0	42	
MYCO000634	6	0	24	
MYCO000635	8	0	25	
MYCO000637	6	0	29	
MYCO000638	59	0	25	
MYCO000642	25	0	38	
MYCO000643	115	0	32	
MYCO000644	7	12	31	
MYCO000645	4	0	32	
MYCO000646	69	0	36	
MYCO000648	1395	0	131	
MYCO000649	1591	0	34	
MYCO000650	1144	0	31	
MYCO000653	24	0	26	
MYCO000654	428	0	65	
MYCO000656	28	0	22	
MYCO000657	5	0	5	
MYCO000658	24	0	39	
MYCO000659	10	0	20	
MYCO000660	44	0	13	
MYCO000661	57	0	16	
MYCO000662	63	0	12	
MYCO000663	339	0	106	
MYCO000664	3	0	9	
MYCO000665	46	0	16	
MYCO000666	7	0	14	
MYCO000669	397	0	75	
MYCO000670	720	0	20	
MYCO000671	83	0	39	
MYCO000673	545	0	42	
MYCO000674	50	0	21	
MYCO000675	201	0	24	
MYCO000676	19	1820	92	
MYCO000677	7	0	19	
MYCO000678	21	0	24	
MYCO000679	63	0	22	
MYCO000680	7	0	21	
MYCO000681	8	0	35	
MYCO000686	613	0	25	
MYCO000687	54	0	30	
MYCO000688	46	0	46	
MYCO000689	197	0	16	
MYCO000690	53	0	31	
MYCO000691	1	0	34	
MYCO000692	5	0	10	
MYCO000694	220	0	40	
MYCO000695	46	0	26	
MYCO000697	21	0	60	
MYCO000698	750	0	30	
MYCO000699	2	0	8	
MYCO000711	301	0	78	
MYCO000712	12	0	28	
MYCO000713	16	0	55	
MYCO000724	390	0	79	
MYCO000725	54	0	32	
MYCO000726	108	0	50	
MYCO000727	251	0	35	
MYCO000728	126	0	48	
MYCO000729	616	0	57	
MYCO000730	121	0	32	
MYCO000731	344	0	41	
MYCO000735	13	0	28	
MYCO000736	90	0	36	
MYCO000737	20	0	18	
MYCO000738	503	0	24	
MYCO000739	2037	0	16	
MYCO000740	1005	0	32	
MYCO000741	25	471	22	
MYCO000742	4096	0	0	
MYCO000743	13	0	21	
MYCO000744	200	0	28	
MYCO000745	569	0	31	
MYCO000746	3717	0	23	
MYCO000747	3704	0	36	
MYCO000748	394	0	21	
MYCO000749	128	1960	52	
MYCO000750	936	1531	23	
MYCO000751	152	0	35	
MYCO000752	104	0	50	
MYCO000753	214	0	61	
MYCO000754	1134	0	65	
MYCO000755	517	0	107	
MYCO000756	110	0	31	
MYCO000759	0	0	11	
MYCO000760	127	0	21	
MYCO000761	34	0	33	
MYCO000762	14	0	26	
MYCO000763	8	0	10	
MYCO000764	26	0	49	
MYCO000765	88	0	37	
MYCO000766	991	0	44	
MYCO000767	311	0	30	
MYCO000768	44	0	64	
MYCO000769	10	0	33	
MYCO000770	245	0	34	
MYCO000771	55	0	24	
MYCO000773	82	0	72	
MYCO000774	160	0	48	
MYCO000775	68	0	31	
MYCO000776	172	0	34	
MYCO000778	212	0	48	
MYCO000779	1288	0	21	
MYCO000781	3995	0	1	
MYCO000783	32	0	76	
MYCO000784	124	0	35	
MYCO000785	120	0	55	
MYCO000786	155	0	22	
MYCO000787	606	0	42	
MYCO000789	7	0	17	
MYCO000790	31	0	38	
MYCO000791	105	0	52	
MYCO000792	21	0	35	
MYCO000793	13	0	15	
MYCO000794	68	0	56	
MYCO000795	479	2	18	
MYCO000796	4096	0	0	
MYCO000797	4037	0	11	
MYCO000798	24	0	28	
MYCO000799	8	0	30	
MYCO000800	50	0	53	
MYCO000801	4	0	18	
MYCO000802	93	0	41	
MYCO000804	734	0	25	
MYCO000805	12	0	46	
MYCO000806	22	0	55	
MYCO000807	16	0	13	
MYCO000811	264	0	39	
MYCO000812	22	0	35	
MYCO000813	299	0	35	
MYCO000816	7	0	26	
MYCO000817	4	0	34	
MYCO000818	92	0	28	
MYCO000819	70	0	43	
MYCO000822	731	0	75	
MYCO000825	42	0	48	
MYCO000826	243	0	33	
MYCO000827	328	0	21	
MYCO000828	88	0	28	
MYCO000829	115	1291	33	
MYCO000830	26	0	47	
MYCO000831	27	0	32	
MYCO000832	993	0	12	
MYCO000833	3281	0	54	
MYCO000834	2476	0	78	
MYCO000835	308	0	48	
MYCO000836	2035	0	14	
MYCO000837	134	0	48	
MYCO000838	50	0	33	
MYCO000839	61	0	19	
MYCO000840	68	0	32	
MYCO000841	44	0	16	
MYCO000842	210	0	62	
MYCO000843	17	0	57	
MYCO000844	101	0	38	
MYCO000845	49	0	58	
MYCO000846	177	0	53	
MYCO000847	520	0	16	
MYCO000848	65	0	51	
MYCO000849	547	0	60	
MYCO000850	20	0	11	
MYCO000851	320	0	26	
MYCO000852	29	0	44	
MYCO000853	154	0	65	
MYCO000854	11	0	20	
MYCO000855	108	0	50	
MYCO000856	9	0	16	
MYCO000857	21	0	18	
MYCO000858	220	0	63	
MYCO000862	362	0	103	
MYCO000863	11	0	9	
MYCO000864	19	0	24	
MYCO000865	28	0	15	
MYCO000866	324	0	23	
MYCO000867	2064	0	77	
MYCO000868	25	0	11	
MYCO000869	299	0	47	
MYCO000870	14	0	20	
MYCO000872	1882	0	68	
MYCO000873	59	0	75	
MYCO000874	359	1941	46	
MYCO000875	23	0	21	
MYCO000877	28	0	29	
MYCO000878	2979	0	40	
MYCO000879	96	0	21	
MYCO000880	54	0	19	
MYCO000881	29	0	37	
MYCO000882	42	0	17	
MYCO000883	143	0	26	
MYCO000887	14	0	14	
MYCO000888	925	0	65	
MYCO000890	164	0	127	
MYCO000891	116	0	34	
MYCO000892	34	0	80	
MYCO000893	40	0	60	
MYCO000894	54	0	59	
MYCO000895	131	0	59	
MYCO000897	851	0	71	
MYCO000898	4	0	10	
MYCO000899	16	0	35	
MYCO000900	13	0	8	
MYCO000901	215	0	29	
MYCO000904	650	0	52	
MYCO000905	30	0	31	
MYCO000907	4093	0	1	
MYCO000908	27	0	93	
MYCO000909	36	0	10	
MYCO000910	18	0	24	
MYCO000911	242	0	35	
MYCO000912	7	0	18	
MYCO000913	114	0	63	
MYCO000914	148	0	70	
MYCO000915	663	0	48	
MYCO000916	16	0	19	
MYCO000917	101	0	63	
MYCO000918	48	0	25	
MYCO000919	4	0	24	
MYCO000920	45	0	58	
MYCO000921	31	0	32	
MYCO000922	136	0	81	
MYCO000923	21	0	63	
MYCO000924	344	0	47	
MYCO000925	57	0	27	
MYCO000928	57	0	29	
MYCO000930	69	0	12	
MYCO000931	176	0	96	
MYCO000932	60	0	62	
MYCO000933	38	0	48	
MYCO000934	516	0	49	
MYCO000935	68	0	49	
MYCO000936	77	0	36	
MYCO000937	6	0	31	
MYCO000938	33	0	94	
MYCO000939	100	0	86	
MYCO000940	9	0	35	
MYCO000941	20	0	35	
MYCO000942	20	0	14	
MYCO000943	52	0	50	
MYCO000944	59	0	29	
MYCO000945	107	0	45	
MYCO000947	11	0	14	
MYCO000948	3	0	16	
MYCO000950	157	0	46	
MYCO000954	93	0	55	
MYCO000955	882	0	42	
MYCO000956	385	0	27	
MYCO000958	537	0	57	
MYCO000959	719	0	83	
MYCO000960	38	0	16	
MYCO000961	40	2546	13	
MYCO000962	215	0	24	
MYCO000963	251	0	45	
MYCO000964	26	0	20	
MYCO000965	11	0	28	
MYCO000966	447	0	21	
MYCO000967	27	0	13	
MYCO000968	38	0	19	
MYCO000969	984	0	89	
MYCO000970	9	0	29	
MYCO000971	437	0	30	
MYCO000972	54	0	60	
MYCO000973	275	0	110	
MYCO000974	166	0	90	
MYCO000975	401	0	46	
MYCO000976	501	0	71	
MYCO000977	2479	0	85	
MYCO000978	3803	0	57	
MYCO000979	18	0	14	
MYCO000980	3948	0	50	
MYCO000982	175	0	50	
MYCO000984	39	0	17	
MYCO000985	17	0	27	
MYCO000986	136	0	46	
MYCO000987	202	0	180	
MYCO000988	98	0	90	
MYCO000989	53	0	73	
MYCO000990	129	0	37	
MYCO000991	5	0	16	
MYCO000992	214	0	31	
MYCO000996	19	0	52	
MYCO000997	3	0	23	
MYCO000998	126	0	38	
MYCO000999	45	0	29	
MYCO001000	38	0	20	
MYCO001003	222	0	42	
MYCO001004	1605	0	61	
MYCO001005	1068	0	28	
MYCO001006	83	0	69	
MYCO001012	484	0	12	
MYCO001016	25	0	21	
MYCO001019	4	0	19	
MYCO001021	23	0	33	
MYCO001024	330	0	27	
MYCO001025	56	0	16	
MYCO001027	35	0	37	
MYCO001028	1093	0	89	
MYCO001029	43	0	81	
MYCO001030	41	0	95	
MYCO001031	65	0	22	
MYCO001032	86	0	65	
MYCO001033	39	0	26	
MYCO001034	508	0	18	
MYCO001035	649	0	28	
MYCO001036	94	0	17	
MYCO001037	346	1905	128	
MYCO001038	2300	447	105	
MYCO001039	866	0	49	
MYCO001040	440	0	36	
MYCO001041	155	31	45	
MYCO001042	48	3	25	
MYCO001043	23	0	45	
MYCO001044	7	0	17	
MYCO001045	828	0	30	
MYCO001046	4093	0	1	
MYCO001047	3984	35	8	
MYCO001048	19	0	73	
MYCO001049	17	0	26	
MYCO001050	178	0	32	
MYCO001051	31	0	48	
MYCO001052	41	0	18	
MYCO001053	19	0	13	
MYCO001054	7	0	12	
MYCO001055	1	0	6	
MYCO001056	38	125	31	
MYCO001057	27	0	61	
MYCO001058	105	0	51	
MYCO001059	68	0	59	
MYCO001060	29	0	20	
MYCO001061	21	0	36	
MYCO001062	255	0	30	
MYCO001063	75	0	54	
MYCO001064	272	0	22	
MYCO001065	77	0	32	
MYCO001066	457	0	13	
MYCO001067	4068	0	17	
MYCO001068	3976	0	19	
MYCO001069	105	0	88	
MYCO001073	98	0	47	
MYCO001074	93	0	44	
MYCO001075	138	0	57	
MYCO001076	39	0	52	
MYCO001078	1003	0	25	
MYCO001081	59	0	16	
MYCO001083	9	0	12	
MYCO001084	1459	0	54	
MYCO001085	34	0	26	
MYCO001087	3440	0	81	
MYCO001088	351	0	25	
MYCO001089	4096	0	0	
MYCO001090	43	0	22	
MYCO001091	3742	0	65	
MYCO001093	57	0	44	
MYCO001096	54	0	44	
MYCO001097	22	0	47	
MYCO001100	30	0	37	
MYCO001101	112	0	42	
MYCO001102	22	0	10	
MYCO001103	10	0	10	
MYCO001104	13	0	31	
MYCO001105	33	0	21	
MYCO001106	84	0	31	
MYCO001107	0	0	11	
MYCO001109	13	0	24	
MYCO001111	39	0	35	
MYCO001113	3	0	6	
MYCO001114	8	0	13	
MYCO001115	81	0	44	
MYCO001116	22	0	9	
MYCO001117	4	0	13	
MYCO001118	221	0	32	
MYCO001119	18	0	6	
MYCO001120	18	0	24	
MYCO001121	83	0	64	
MYCO001122	384	0	44	
MYCO001123	53	0	40	
MYCO001124	93	0	36	
MYCO001125	486	0	57	
MYCO001126	18	0	23	
MYCO001127	22	0	60	
MYCO001128	1373	0	51	
MYCO001129	25	0	88	
MYCO001130	59	0	70	
MYCO001131	15	0	43	
MYCO001132	674	0	76	
MYCO001133	544	0	62	
MYCO001134	291	0	15	
MYCO001135	1258	0	80	
MYCO001136	3	0	20	
MYCO001137	22	0	15	
MYCO001138	50	0	38	
MYCO001139	309	0	34	
MYCO001140	13	0	25	
MYCO001141	43	2090	28	
MYCO001142	43	2341	24	
MYCO001143	59	0	36	
MYCO001144	56	0	29	
MYCO001145	2010	0	16	
MYCO001146	35	0	53	
MYCO001147	28	0	26	
MYCO001148	3955	34	30	
MYCO001149	48	2	25	
MYCO001150	4096	0	0	
MYCO001151	38	0	27	
MYCO001152	24	0	16	
MYCO001153	83	0	41	
MYCO001154	10	0	29	
MYCO001155	28	0	25	
MYCO001156	33	0	27	
MYCO001157	1736	0	34	
MYCO001158	908	0	30	
MYCO001159	15	0	53	
MYCO001160	58	0	20	
MYCO001161	121	0	136	
MYCO001162	61	0	67	
MYCO001163	46	0	19	
MYCO001164	17	0	26	
MYCO001166	174	0	61	
MYCO001167	32	0	18	
MYCO001168	610	0	50	
MYCO001169	8	0	17	
MYCO001170	41	0	36	
MYCO001171	11	0	22	
MYCO001172	546	0	40	
MYCO001174	3	0	18	
MYCO001175	1572	0	82	
MYCO001176	211	0	24	
MYCO001179	767	0	120	
MYCO001180	4087	0	1	
MYCO001181	245	0	178	
MYCO001182	24	0	41	
MYCO001183	41	0	124	
MYCO001184	26	0	38	
MYCO001185	50	0	57	
MYCO001186	326	0	81	
MYCO001187	423	0	59	
MYCO001188	238	0	50	
MYCO001189	75	0	38	
MYCO001190	526	0	33	
MYCO001191	727	0	34	
MYCO001192	422	0	25	
MYCO001194	64	0	63	
MYCO001195	22	0	13	
MYCO001196	2035	297	343	
MYCO001197	2299	478	110	
MYCO001198	346	1937	125	
MYCO001199	3984	36	9	
MYCO001200	295	0	59	
MYCO001203	304	0	27	
MYCO001204	299	0	58	
MYCO001205	70	0	27	
MYCO001206	69	0	56	
MYCO001209	58	0	13	
MYCO001210	29	0	17	
MYCO001211	11	0	6	
MYCO001212	52	0	46	
MYCO001214	138	0	16	
MYCO001215	573	0	80	
MYCO001216	79	0	33	
MYCO001217	665	0	78	
MYCO001218	17	0	55	
MYCO001219	34	0	34	
MYCO001222	9	0	22	
MYCO001224	16	0	26	
MYCO001225	1042	0	36	
MYCO001226	550	0	73	
MYCO001227	27	0	28	
MYCO001228	13	0	36	
MYCO001230	364	0	78	
MYCO001231	122	0	27	
MYCO001232	105	0	65	
MYCO001233	168	0	35	
MYCO001234	35	0	20	
MYCO001235	22	0	39	
MYCO001236	54	0	38	
MYCO001237	15	0	26	
MYCO001240	68	0	47	
MYCO001241	36	0	14	
MYCO001242	32	0	19	
MYCO001243	2668	0	47	
MYCO001244	618	0	44	
MYCO001246	3	0	16	
MYCO001247	7	0	7	
MYCO001249	76	0	46	
MYCO001250	503	0	68	
MYCO001251	1114	0	89	
MYCO001252	21	0	23	
MYCO001254	406	0	40	
MYCO001255	50	0	35	
MYCO001256	118	0	51	
MYCO001257	47	0	74	
MYCO001258	972	0	53	
MYCO001259	169	0	33	
MYCO001260	433	0	32	
MYCO001261	25	0	17	
MYCO001262	24	0	23	
MYCO001263	398	0	58	
MYCO001264	131	0	57	
MYCO001265	101	0	24	
MYCO001266	927	0	79	
MYCO001267	33	0	44	
MYCO001268	249	0	40	
MYCO001269	815	0	20	
MYCO001270	195	0	31	
MYCO001271	22	0	17	
MYCO001274	419	0	19	
MYCO001275	12	0	25	
MYCO001276	202	0	25	
MYCO001278	811	0	78	
MYCO001279	67	0	60	
MYCO001280	27	0	70	
MYCO001281	89	0	60	
MYCO001282	3	0	28	
MYCO001283	102	0	28	
MYCO001284	10	0	13	
MYCO001285	14	0	49	
MYCO001286	23	0	84	
MYCO001287	10	0	12	
MYCO001288	1642	0	60	
MYCO001289	15	0	34	
MYCO001290	639	888	59	
MYCO001291	10	0	19	
MYCO001296	184	0	36	
MYCO001300	395	0	33	
MYCO001301	13	0	23	
MYCO001303	7	0	14	
MYCO001304	13	0	33	
MYCO001306	13	0	18	
MYCO001307	38	0	56	
MYCO001312	35	0	20	
MYCO001313	2199	41	32	
MYCO001314	48	0	39	
MYCO001316	41	0	26	
MYCO001317	175	0	68	
MYCO001318	188	0	67	
MYCO001319	3053	0	58	
MYCO001320	200	0	92	
MYCO001322	198	0	17	
MYCO001324	436	0	39	
MYCO001325	2630	0	63	
MYCO001329	489	0	80	
MYCO001330	286	0	68	
MYCO001331	14	0	10	
MYCO001332	14	0	29	
MYCO001333	222	0	43	
MYCO001334	114	0	17	
MYCO001335	104	0	17	
MYCO001336	305	0	35	
MYCO001337	4	0	29	
MYCO001339	18	0	36	
MYCO001341	34	0	22	
MYCO001342	10	0	17	
MYCO001343	18	0	24	
MYCO001344	1	0	15	
MYCO001345	50	0	60	
MYCO001346	13	0	31	
MYCO001347	10	0	36	
MYCO001348	275	0	81	
MYCO001349	116	0	53	
MYCO001350	15	0	30	
MYCO001351	17	0	21	
MYCO001352	15	0	28	
MYCO001353	182	0	37	
MYCO001354	228	0	92	
MYCO001355	629	0	119	
MYCO001356	216	0	37	
MYCO001357	36	0	42	
MYCO001358	1121	0	124	
MYCO001359	55	0	28	
MYCO001360	118	0	32	
MYCO001361	1979	294	363	
MYCO001362	28	0	25	
MYCO001363	348	0	37	
MYCO001364	320	0	76	
MYCO001365	24	0	16	
MYCO001366	257	0	33	
MYCO001367	289	0	55	
MYCO001368	80	0	36	
MYCO001369	4096	0	0	
MYCO001370	479	2	18	
MYCO001371	975	0	47	
MYCO001372	29	0	61	
MYCO001373	90	0	45	
MYCO001374	6	0	27	
MYCO001375	224	0	63	
MYCO001376	344	0	57	
MYCO001377	11	0	24	
MYCO001378	541	0	60	
MYCO001379	47	0	21	
MYCO001382	129	0	30	
MYCO001386	121	0	19	
MYCO001387	1564	0	52	
MYCO001389	86	0	33	
MYCO001393	114	0	50	
MYCO001394	34	0	60	
MYCO001395	29	0	52	
MYCO001396	2828	0	48	
MYCO001397	15	0	22	
MYCO001398	5	0	14	
MYCO001399	105	0	50	
MYCO001400	135	0	43	
MYCO001401	143	0	34	
MYCO001403	234	0	35	
MYCO001404	9	0	17	
MYCO001405	25	0	45	
MYCO001406	296	0	40	
MYCO001409	526	0	29	
MYCO001411	6	0	33	
MYCO001413	16	0	29	
MYCO001414	14	0	20	
MYCO001417	9	0	27	
MYCO001418	16	0	26	
MYCO001419	12	0	28	
MYCO001422	212	0	34	
MYCO001423	264	0	41	
MYCO001424	48	0	44	
MYCO001425	31	0	51	
MYCO001426	68	0	67	
MYCO001427	201	0	59	
MYCO001428	6	0	40	
MYCO001429	174	0	64	
MYCO001430	492	0	58	
MYCO001431	53	0	98	
MYCO001432	412	0	40	
MYCO001433	10	0	32	
MYCO001434	25	0	5	
MYCO001435	861	0	32	
MYCO001439	9	1092	20	
MYCO001441	2258	0	96	
MYCO001442	222	0	120	
MYCO001443	33	0	23	
MYCO001444	40	0	27	
MYCO001446	577	0	46	
MYCO001450	4091	0	5	
MYCO001452	3834	0	79	
MYCO001453	75	0	54	
MYCO001454	35	0	46	
MYCO001455	105	0	41	
MYCO001456	118	0	49	
MYCO001459	362	0	66	
MYCO001460	646	0	25	
MYCO001461	71	0	101	
MYCO001468	2110	0	35	
MYCO001469	345	0	71	
MYCO001470	9	0	14	
MYCO001471	26	0	10	
MYCO001472	42	0	48	
MYCO001476	3	0	23	
MYCO001477	110	0	54	
MYCO001478	52	0	23	
MYCO001482	38	0	41	
MYCO001486	30	0	39	
MYCO001487	7	0	20	
MYCO001488	52	0	34	
MYCO001489	14	0	18	
MYCO001490	43	0	72	
MYCO001491	8	0	37	
MYCO001492	472	0	71	
MYCO001494	5	0	12	
MYCO001495	7	0	18	
MYCO001496	38	0	43	
MYCO001497	138	0	61	
MYCO001498	49	0	38	
MYCO001499	31	0	18	
MYCO001500	72	0	56	
MYCO001501	41	0	36	
MYCO001502	83	0	55	
MYCO001503	4096	0	0	
MYCO001504	1093	0	18	
MYCO001505	48	0	46	
MYCO001506	104	0	29	
MYCO001507	93	0	40	
MYCO001508	190	104	87	
MYCO001509	347	0	35	
MYCO001510	16	2234	41	
MYCO001511	82	0	50	
MYCO001512	59	0	42	
MYCO001513	53	0	25	
MYCO001514	36	0	31	
MYCO001515	52	0	38	
MYCO001516	235	0	40	
MYCO001517	33	0	30	
MYCO001518	123	0	46	
MYCO001519	610	0	14	
MYCO001520	632	0	48	
MYCO001521	141	0	66	
MYCO001522	384	0	140	
MYCO001523	86	0	46	
MYCO001524	474	0	48	
MYCO001525	516	0	37	
MYCO001526	449	0	53	
MYCO001527	1012	0	263	
MYCO001528	41	0	16	
MYCO001529	70	0	76	
MYCO001530	57	0	58	
MYCO001531	17	0	20	
MYCO001532	80	0	21	
MYCO001533	128	0	33	
MYCO001534	25	0	29	
MYCO001535	5	0	6	
MYCO001537	142	0	62	
MYCO001538	293	0	43	
MYCO001539	27	0	24	
MYCO001541	33	0	20	
MYCO001542	15	13	19	
MYCO001543	15	0	39	
MYCO001544	79	0	34	
MYCO001545	19	0	13	
MYCO001546	70	0	30	
MYCO001548	161	0	98	
MYCO001549	4052	0	2	
MYCO001550	502	0	58	
MYCO001551	972	0	72	
MYCO001552	130	0	86	
MYCO001553	154	0	20	
MYCO001554	10	0	16	
MYCO001555	8	0	18	
MYCO001556	23	0	36	
MYCO001558	24	0	17	
MYCO001560	4	0	7	
MYCO001561	9	0	23	
MYCO001562	444	0	65	
MYCO001563	295	0	95	
MYCO001565	534	0	67	
MYCO001566	176	0	37	
MYCO001567	5	0	23	
MYCO001570	474	0	25	
MYCO001571	401	0	21	
MYCO001572	2900	0	11	
MYCO001573	2635	0	9	
MYCO001574	2754	0	14	
MYCO001575	4092	0	3	
MYCO001576	819	485	129	
MYCO001577	2507	0	13	
MYCO001578	2513	0	20	
MYCO001579	2491	0	17	
MYCO001580	2517	0	10	
MYCO001581	3048	0	8	
MYCO001582	2507	0	42	
MYCO001583	332	677	25	
MYCO001584	2633	0	8	
MYCO001585	2811	0	18	
MYCO001586	2589	0	38	
MYCO001587	4056	0	9	
MYCO001588	3941	4	49	
MYCO001590	12	0	8	
MYCO001591	31	0	40	
MYCO001592	20	0	67	
MYCO001596	16	0	24	
MYCO001597	40	0	31	
MYCO001598	42	0	12	
MYCO001602	13	0	27	
MYCO001604	29	0	37	
MYCO001606	22	0	23	
MYCO001607	57	0	31	
MYCO001608	2	0	14	
MYCO001610	512	0	29	
MYCO001613	10	0	36	
MYCO001614	49	0	51	
MYCO001615	6	0	27	
MYCO001616	12	0	17	
MYCO001618	19	0	29	
MYCO001619	208	0	52	
MYCO001620	640	0	46	
MYCO001621	566	0	49	
MYCO001622	19	0	44	
MYCO001623	12	0	58	
MYCO001624	18	0	32	
MYCO001625	189	0	64	
MYCO001628	67	0	16	
MYCO001631	62	0	51	
MYCO001632	68	0	16	
MYCO001634	65	0	57	
MYCO001635	66	0	63	
MYCO001636	2	0	21	
MYCO001637	245	0	37	
MYCO001639	854	1292	56	
MYCO001640	97	0	144	
MYCO001644	295	0	39	
MYCO001645	440	0	47	
MYCO001646	385	0	41	
MYCO001647	1064	0	31	
MYCO001648	15	0	37	
MYCO001650	634	0	113	
MYCO001651	2322	0	108	
MYCO001660	679	0	39	
MYCO001661	1191	0	246	
MYCO001662	1015	0	229	
MYCO001663	135	0	88	
MYCO001664	321	0	138	
MYCO001665	197	0	55	
MYCO001666	149	0	51	
MYCO001667	67	0	26	
MYCO001668	3992	0	3	
MYCO001669	109	0	18	
MYCO001670	34	0	18	
MYCO001671	11	0	24	
MYCO001672	361	0	53	
MYCO001673	312	0	49	
MYCO001674	337	0	22	
MYCO001675	265	0	40	
MYCO001676	17	0	51	
MYCO001677	19	0	28	
MYCO001678	492	0	40	
MYCO001679	47	0	44	
MYCO001680	57	0	43	
MYCO001681	50	0	43	
MYCO001682	336	0	39	
MYCO001683	632	0	91	
MYCO001684	34	0	13	
MYCO001685	18	0	29	
MYCO001686	24	0	35	
MYCO001687	22	0	44	
MYCO001688	127	0	36	
MYCO001690	15	0	15	
MYCO001691	234	0	41	
MYCO001692	457	0	34	
MYCO001693	13	0	11	
MYCO001696	33	0	65	
MYCO001698	393	0	31	
MYCO001700	8	0	31	
MYCO001702	455	0	64	
MYCO001703	10	0	23	
MYCO001704	31	0	82	
MYCO001705	884	0	41	
MYCO001706	316	0	45	
MYCO001707	70	0	60	
MYCO001710	8	0	27	
MYCO001714	523	0	38	
MYCO001715	455	0	47	
MYCO001716	11	0	45	
MYCO001717	824	0	20	
MYCO001718	82	0	51	
MYCO001719	127	0	51	
MYCO001720	67	0	19	
MYCO001721	6	0	7	
MYCO001722	425	0	66	
MYCO001723	215	0	52	
MYCO001724	67	0	14	
MYCO001725	225	0	36	
MYCO001726	267	0	89	
MYCO001727	48	0	27	
MYCO001728	13	0	35	
MYCO001729	31	0	40	
MYCO001730	749	0	87	
MYCO001731	311	0	60	
MYCO001732	240	0	18	
MYCO001733	6	0	35	
MYCO001734	7	0	10	
MYCO001735	29	0	28	
MYCO001736	673	1718	98	
MYCO001737	677	0	39	
MYCO001738	47	0	21	
MYCO001739	224	0	70	
MYCO001740	8	0	11	
MYCO001741	6	1279	12	
MYCO001742	124	0	36	
MYCO001743	444	0	56	
MYCO001744	630	0	21	
MYCO001745	32	0	35	
MYCO001746	211	0	60	
MYCO001747	283	0	90	
MYCO001748	22	0	36	
MYCO001749	33	0	32	
MYCO001750	167	0	60	
MYCO001751	107	0	60	
MYCO001752	21	0	24	
MYCO001753	4062	0	20	
MYCO001754	1786	0	42	
MYCO001755	4096	0	0	
MYCO001756	4096	0	0	
MYCO001757	479	2	18	
MYCO001758	2780	0	30	
MYCO001759	3856	0	35	
MYCO001760	2141	0	44	
MYCO001761	2107	0	18	
MYCO001762	2147	0	24	
MYCO001763	479	2	18	
MYCO001764	4096	0	0	
MYCO001765	4089	0	2	
MYCO001766	17	0	8	
MYCO001767	8	0	18	
MYCO001768	2004	0	59	
MYCO001769	247	0	57	
MYCO001770	250	0	58	
MYCO001771	5	0	53	
MYCO001772	17	0	11	
MYCO001773	19	0	38	
MYCO001774	66	0	79	
MYCO001775	1096	0	26	
MYCO001776	26	0	31	
MYCO001777	256	0	77	
MYCO001778	470	0	16	
MYCO001779	373	0	97	
MYCO001780	11	0	22	
MYCO001781	433	0	101	
MYCO001782	100	0	44	
MYCO001783	222	0	113	
MYCO001785	21	0	43	
MYCO001786	3	0	11	
MYCO001787	3567	0	29	
MYCO001788	12	10	22	
MYCO001789	422	0	55	
MYCO001790	1739	0	55	
MYCO001791	20	0	12	
MYCO001792	4096	0	0	
MYCO001793	346	1541	98	
MYCO001794	7	0	36	
MYCO001795	425	0	59	
MYCO001796	186	0	78	
MYCO001797	17	0	54	
MYCO001798	27	0	56	
MYCO001799	334	0	13	
MYCO001800	150	0	97	
MYCO001801	1116	0	65	
MYCO001802	749	0	57	
MYCO001803	1218	0	65	
MYCO001804	25	0	18	
MYCO001805	3	0	24	
MYCO001806	10	0	14	
MYCO001807	4096	0	0	
MYCO001808	287	0	50	
MYCO001809	196	0	44	
MYCO001810	5	0	14	
MYCO001811	32	0	44	
MYCO001812	206	0	54	
MYCO001813	14	0	24	
MYCO001814	186	0	60	
MYCO001815	594	0	50	
MYCO001816	564	1147	21	
MYCO001817	464	0	71	
MYCO001818	2719	0	54	
MYCO001819	136	0	59	
MYCO001820	134	0	57	
MYCO001822	16	0	28	
MYCO001823	116	0	44	
MYCO001824	15	0	20	
MYCO001825	16	0	39	
MYCO001826	2	0	11	
MYCO001828	16	0	27	
MYCO001831	43	0	12	
MYCO001833	22	0	38	
MYCO001834	41	0	32	
MYCO001835	217	0	89	
MYCO001836	266	0	87	
MYCO001838	11	0	18	
MYCO001839	2	0	8	
MYCO001840	1988	0	58	
MYCO001841	54	0	49	
MYCO001845	760	0	31	
MYCO001846	31	0	28	
MYCO001847	47	0	30	
MYCO001848	58	0	18	
MYCO001849	3	0	8	
MYCO001850	246	0	81	
MYCO001851	402	0	30	
MYCO001852	84	0	22	
MYCO001853	25	0	29	
MYCO001855	63	0	43	
MYCO001856	575	0	34	
MYCO001857	10	0	31	
MYCO001858	26	0	20	
MYCO001859	78	0	44	
MYCO001860	649	0	43	
MYCO001861	5	0	20	
MYCO001862	37	0	43	
MYCO001863	33	0	39	
MYCO001864	14	0	30	
MYCO001865	12	0	32	
MYCO001866	95	0	94	
MYCO001867	225	0	65	
MYCO001868	330	0	100	
MYCO001869	147	0	38	
MYCO001870	473	0	30	
MYCO001871	145	0	23	
MYCO001872	39	0	71	
MYCO001873	51	0	30	
MYCO001874	26	0	40	
MYCO001875	24	0	27	
MYCO001876	57	0	23	
MYCO001877	193	0	91	
MYCO001878	278	0	54	
MYCO001879	173	0	40	
MYCO001880	56	0	65	
MYCO001881	40	0	22	
MYCO001882	15	0	37	
MYCO001883	35	0	25	
MYCO001884	16	0	24	
MYCO001885	33	0	37	
MYCO001887	219	0	55	
MYCO001888	3426	0	3	
MYCO001889	26	0	12	
MYCO001890	18	0	30	
MYCO001891	9	0	29	
MYCO001892	21	0	13	
MYCO001893	10	0	14	
MYCO001895	1171	0	29	
MYCO001896	270	0	55	
MYCO001897	33	0	26	
MYCO001898	13	0	12	
MYCO001899	1542	0	49	
MYCO001900	120	0	75	
MYCO001901	142	0	63	
MYCO001902	126	0	58	
MYCO001903	16	0	22	
MYCO001904	13	0	17	
MYCO001905	49	0	48	
MYCO001906	13	0	21	
MYCO001907	2879	0	31	
MYCO001908	139	0	146	
MYCO001909	11	0	26	
MYCO001910	130	0	29	
MYCO001911	151	0	28	
MYCO001912	1228	0	27	
MYCO001913	22	0	32	
MYCO001914	11	0	23	
MYCO001915	2539	0	20	
MYCO001916	59	0	39	
MYCO001917	4077	0	12	
MYCO001918	799	0	140	
MYCO001919	10	0	20	
MYCO001920	15	0	50	
MYCO001921	651	0	54	
MYCO001922	69	0	46	
MYCO001923	83	0	77	
MYCO001924	17	0	19	
MYCO001925	42	0	62	
MYCO001926	14	0	21	
MYCO001927	120	0	44	
MYCO001928	722	0	35	
MYCO001929	806	0	42	
MYCO001930	143	0	33	
MYCO001931	44	0	34	
MYCO001932	45	0	29	
MYCO001933	598	0	49	
MYCO001934	386	0	57	
MYCO001935	42	0	50	
MYCO001936	23	0	56	
MYCO001937	427	0	98	
MYCO001938	68	0	60	
MYCO001939	382	0	29	
MYCO001940	3378	0	12	
MYCO001941	65	0	36	
MYCO001942	4	0	16	
MYCO001943	15	0	18	
MYCO001944	30	0	40	
MYCO001945	3853	50	33	
MYCO001946	41	0	22	
MYCO001947	74	0	20	
MYCO001948	128	0	29	
MYCO001949	4096	0	0	
MYCO001950	15	0	8	
MYCO001951	180	0	15	
MYCO001952	14	0	8	
MYCO001953	16	0	25	
MYCO001954	39	0	28	
MYCO001955	24	0	18	
MYCO001956	45	0	29	
MYCO001957	20	0	28	
MYCO001958	62	0	37	
MYCO001959	2	0	12	
MYCO001960	3	0	10	
MYCO001961	102	0	32	
MYCO001962	10	0	22	
MYCO001963	101	0	40	
MYCO001964	147	0	28	
MYCO001965	150	0	37	
MYCO001966	120	0	58	
MYCO001967	109	0	55	
MYCO001968	1324	0	57	
MYCO001969	180	0	60	
MYCO001970	84	0	46	
MYCO001971	382	0	69	
MYCO001972	77	0	30	
MYCO001973	175	0	21	
MYCO001974	58	0	25	
MYCO001975	512	0	31	
MYCO001976	109	0	18	
MYCO001977	529	0	32	
MYCO001978	750	0	38	
MYCO001979	110	0	54	
MYCO001980	29	0	31	
MYCO001982	29	0	25	
MYCO001983	1139	0	63	
MYCO001984	192	0	31	
MYCO001985	115	0	30	
MYCO001986	48	0	36	
MYCO001987	36	0	23	
MYCO001988	107	0	25	
MYCO001989	32	0	26	
MYCO001990	1	0	12	
MYCO001991	3	0	13	
MYCO001992	1311	0	81	
MYCO001993	787	0	18	
MYCO001994	541	0	19	
MYCO001995	747	0	36	
MYCO001996	728	0	35	
MYCO001997	1786	0	94	
MYCO001998	41	0	36	
MYCO001999	303	0	67	
MYCO002000	100	0	83	
MYCO002001	18	0	45	
MYCO002002	37	0	29	
MYCO002003	94	0	48	
MYCO002004	146	0	58	
MYCO002005	16	0	34	
MYCO002006	205	0	189	
MYCO002007	7	0	11	
MYCO002008	27	0	61	
MYCO002009	6	0	10	
MYCO002010	18	0	15	
MYCO002011	2	0	22	
MYCO002012	12	0	35	
MYCO002013	398	0	20	
MYCO002014	96	0	32	
MYCO002015	1156	0	69	
MYCO002016	960	0	24	
MYCO002017	76	0	46	
MYCO002018	110	0	19	
MYCO002019	363	0	15	
MYCO002020	152	0	16	
MYCO002021	88	0	13	
MYCO002022	113	0	39	
MYCO002023	272	0	15	
MYCO002024	3770	0	17	
MYCO002025	84	0	48	
MYCO002026	27	0	45	
MYCO002027	940	0	49	
MYCO002028	187	0	33	
MYCO002029	136	0	47	
MYCO002030	261	0	93	
MYCO002031	10	0	23	
MYCO002032	165	0	43	
MYCO002033	563	0	40	
MYCO002034	207	0	11	
MYCO002035	5	0	26	
MYCO002036	16	0	29	
MYCO002037	50	0	61	
MYCO002038	9	0	36	
MYCO002039	8	0	30	
MYCO002040	12	0	24	
MYCO002041	22	0	54	
MYCO002042	94	0	42	
MYCO002043	181	0	162	
MYCO002044	616	0	15	
MYCO002045	51	0	75	
MYCO002046	168	0	33	
MYCO002047	226	0	92	
MYCO002048	4053	0	25	
MYCO002049	21	0	10	
MYCO002051	257	0	96	
MYCO002052	613	0	74	
MYCO002053	18	0	34	
MYCO002054	35	0	34	
MYCO002059	243	0	89	
MYCO002060	192	0	23	
MYCO002061	27	0	21	
MYCO002062	817	0	145	
MYCO002063	3	0	10	
MYCO002064	639	0	41	
MYCO002065	682	0	27	
MYCO002066	504	0	80	
MYCO002067	46	0	46	
MYCO002068	16	0	41	
MYCO002069	98	0	23	
MYCO002070	1550	0	25	
MYCO002071	52	0	55	
MYCO002072	256	0	49	
MYCO002073	207	0	31	
MYCO002074	90	0	13	
MYCO002075	224	0	68	
MYCO002076	3	0	8	
MYCO002077	90	0	47	
MYCO002078	6	0	21	
MYCO002079	957	0	61	
MYCO002080	24	0	36	
MYCO002081	2411	0	24	
MYCO002082	1946	0	101	
MYCO002083	299	0	47	
MYCO002084	2045	0	17	
MYCO002085	25	0	17	
MYCO002086	13	0	26	
MYCO002087	14	0	12	
MYCO002088	1283	0	56	
MYCO002091	49	0	33	
MYCO002094	1	0	11	
MYCO002095	504	0	41	
MYCO002098	4096	0	0	
MYCO002099	4096	0	0	
MYCO002100	878	0	63	
MYCO002101	824	0	113	
MYCO002102	215	0	28	
MYCO002103	45	0	24	
MYCO002104	3	0	16	
MYCO002105	479	2	18	
MYCO002106	4096	0	0	
MYCO002107	70	0	20	
MYCO002108	130	0	34	
MYCO002113	87	0	59	
MYCO002114	59	0	27	
MYCO002116	48	0	22	
MYCO002117	43	0	10	
MYCO002120	330	0	23	
MYCO002123	2432	0	38	
MYCO002124	305	0	135	
MYCO002126	1994	0	27	
MYCO002127	163	0	73	
MYCO002128	3	0	11	
MYCO002129	62	0	40	
MYCO002131	48	0	37	
MYCO002132	38	0	14	
MYCO002133	49	0	27	
MYCO002135	594	0	25	
MYCO002136	66	0	32	
MYCO002137	25	0	20	
MYCO002138	82	0	45	
MYCO002142	9	0	17	
MYCO002143	89	0	53	
MYCO002144	41	0	16	
MYCO002146	2	0	13	
MYCO002147	721	0	29	
MYCO002148	719	0	28	
MYCO002149	67	0	18	
MYCO002152	343	0	59	
MYCO002158	1187	0	69	
MYCO002159	782	0	53	
MYCO002160	2180	0	9	
MYCO002161	553	1186	42	
MYCO002162	3007	0	56	
MYCO002164	407	0	51	
MYCO002165	28	0	55	
MYCO002167	4096	0	0	
MYCO002168	479	2	18	
MYCO002169	19	0	19	
MYCO002171	13	0	33	
MYCO002172	16	0	40	
MYCO002173	213	0	46	
MYCO002174	62	0	61	
MYCO002175	4	0	21	
MYCO002177	2107	131	39	
MYCO002180	755	0	38	
MYCO002181	42	0	47	
MYCO002183	2	0	15	
MYCO002184	17	0	41	
MYCO002185	3	0	15	
MYCO002189	481	0	34	
MYCO002190	608	0	40	
MYCO002191	389	0	79	
MYCO002197	101	0	26	
MYCO002198	539	0	49	
MYCO002203	186	0	31	
MYCO002204	4	0	15	
MYCO002205	511	0	51	
MYCO002206	19	0	34	
MYCO002207	736	0	34	
MYCO002208	301	0	45	
MYCO002209	289	0	64	
MYCO002212	54	0	57	
MYCO002214	60	0	68	
MYCO002215	611	0	67	
MYCO002223	218	0	66	
MYCO002224	39	0	61	
MYCO002226	553	0	62	
MYCO002227	514	0	22	
MYCO002229	22	0	25	
MYCO002231	107	0	37	
MYCO002232	166	0	35	
MYCO002234	16	0	22	
MYCO002236	730	0	41	
MYCO002237	5	0	37	
MYCO002238	4	0	7	
MYCO002240	33	0	26	
MYCO002248	116	0	23	
MYCO002249	525	0	57	
MYCO002250	16	0	19	
MYCO002251	4093	0	1	
MYCO002252	19	0	46	
MYCO002253	40	0	27	
MYCO002254	24	0	26	
MYCO002255	23	0	14	
MYCO002256	5	0	17	
MYCO002258	393	0	49	
MYCO002260	11	0	28	
MYCO002261	30	0	20	
MYCO002262	4052	0	3	
MYCO002263	882	0	37	
MYCO002264	1929	0	58	
MYCO002265	421	0	47	
MYCO002266	21	0	58	
MYCO002267	53	0	53	
MYCO002268	230	0	69	
MYCO002269	17	0	21	
MYCO002270	161	0	29	
MYCO002271	146	0	11	
MYCO002272	147	0	15	
MYCO002273	165	0	18	
MYCO002274	174	0	28	
MYCO002275	522	0	37	
MYCO002276	172	0	54	
MYCO002277	169	3800	43	
MYCO002278	479	2	18	
MYCO002279	4096	0	0	
MYCO002280	269	0	59	
MYCO002281	30	0	71	
MYCO002282	526	1358	38	
MYCO002283	25	0	12	
MYCO002284	195	0	37	
MYCO002285	372	0	51	
MYCO002286	418	1098	30	
MYCO002287	121	0	64	
MYCO002288	10	0	25	
MYCO002289	96	0	37	
MYCO002290	33	0	31	
MYCO002291	52	0	37	
MYCO002292	20	0	7	
MYCO002293	1990	0	16	
MYCO002294	35	0	61	
MYCO002295	18	0	27	
MYCO002296	94	0	37	
MYCO002297	11	0	25	
MYCO002298	20	0	43	
MYCO002299	60	0	63	
MYCO002300	77	0	49	
MYCO002301	57	0	38	
MYCO002302	6	0	13	
MYCO002303	19	0	49	
MYCO002304	11	0	9	
MYCO002305	327	0	66	
MYCO002307	291	0	42	
MYCO002308	131	0	44	
MYCO002309	19	0	19	
MYCO002310	80	0	24	
MYCO002311	47	0	23	
MYCO002312	3	0	9	
MYCO002313	64	0	42	
MYCO002314	132	0	52	
MYCO002316	12	0	35	
MYCO002317	13	0	22	
MYCO002318	831	0	44	
MYCO002319	1597	0	33	
MYCO002320	45	0	56	
MYCO002321	9	0	26	
MYCO002322	14	0	28	
MYCO002323	22	0	55	
MYCO002324	10	0	29	
MYCO002325	251	0	37	
MYCO002326	362	0	72	
MYCO002327	69	0	19	
MYCO002328	42	0	45	
MYCO002329	223	0	75	
MYCO002330	15	0	27	
MYCO002331	7	0	21	
MYCO002332	46	0	63	
MYCO002333	625	0	42	
MYCO002334	88	0	36	
MYCO002335	121	0	33	
MYCO002336	241	0	46	
MYCO002337	130	0	46	
MYCO002338	455	0	45	
MYCO002339	1063	0	105	
MYCO002340	490	0	54	
MYCO002341	84	0	22	
MYCO002342	17	0	16	
MYCO002345	367	0	82	
MYCO002346	346	1808	115	
MYCO002347	2300	460	108	
MYCO002348	31	0	16	
MYCO002349	418	0	70	
MYCO002350	490	1552	47	
MYCO002351	495	1560	50	
MYCO002352	935	30	53	
MYCO002353	3997	0	5	
MYCO002354	479	2	18	
MYCO002355	4096	0	0	
MYCO002356	3051	0	41	
MYCO002358	9	0	17	
MYCO002359	2	0	40	
MYCO002360	12	0	25	
MYCO002363	1126	0	31	
MYCO002365	415	0	10	
MYCO002369	39	0	17	
MYCO002370	44	0	62	
MYCO002371	174	0	6	
MYCO002372	146	0	34	
MYCO002375	7	0	12	
MYCO002376	68	0	27	
MYCO002377	17	0	9	
MYCO002378	78	0	46	
MYCO002379	347	0	119	
MYCO002380	737	0	174	
MYCO002381	305	0	103	
MYCO002382	161	0	49	
MYCO002383	636	496	150	
MYCO002384	337	0	46	
MYCO002385	70	0	56	
MYCO002386	145	0	50	
MYCO002387	21	0	48	
MYCO002388	128	0	48	
MYCO002389	9	0	20	
MYCO002390	50	0	24	
MYCO002391	17	0	60	
MYCO002392	88	0	29	
MYCO002393	149	2517	34	
MYCO002394	123	0	87	
MYCO002395	333	0	70	
MYCO002396	2307	0	46	
MYCO002397	95	0	47	
MYCO002398	4	0	36	
MYCO002401	3	0	15	
MYCO002403	69	0	23	
MYCO002405	31	0	30	
MYCO002406	138	0	16	
MYCO002407	215	0	46	
MYCO002408	276	0	25	
MYCO002414	330	0	70	
MYCO002415	91	0	34	
MYCO002416	104	0	53	
MYCO002417	771	0	31	
MYCO002418	167	0	33	
MYCO002419	107	0	30	
MYCO002422	15	0	12	
MYCO002423	29	0	52	
MYCO002424	3920	0	20	
MYCO002428	71	0	33	
MYCO002429	13	0	18	
MYCO002430	29	0	26	
MYCO002431	12	1469	15	
MYCO002432	33	0	18	
MYCO002433	12	0	14	
MYCO002434	781	0	58	
MYCO002435	131	0	89	
MYCO002436	291	0	42	
MYCO002437	926	0	13	
MYCO002438	74	0	71	
MYCO002443	41	0	69	
MYCO002444	361	0	109	
MYCO002446	11	0	17	
MYCO002449	443	0	55	
MYCO002450	296	0	38	
MYCO002451	43	0	19	
MYCO002452	0	0	14	
MYCO002453	42	0	30	
MYCO002456	62	0	44	
MYCO002458	32	0	34	
MYCO002459	49	0	61	
MYCO002463	13	0	35	
MYCO002464	108	0	47	
MYCO002468	35	0	24	
MYCO002469	45	0	35	
MYCO002471	60	0	77	
MYCO002472	5	0	12	
MYCO002473	80	0	31	
MYCO002474	152	0	32	
MYCO002475	8	0	16	
MYCO002476	898	0	140	
MYCO002478	319	0	22	
MYCO002479	4096	0	0	
MYCO002480	479	2	18	
MYCO002481	181	0	20	
MYCO002482	194	0	104	
MYCO002483	59	0	64	
MYCO002484	36	0	80	
MYCO002485	105	0	67	
MYCO002486	202	0	27	
MYCO002487	2413	0	83	
MYCO002488	851	0	131	
MYCO002489	76	0	16	
MYCO002490	3964	0	24	
MYCO002491	90	0	36	
MYCO002492	104	0	50	
MYCO002493	10	0	9	
MYCO002494	9	0	20	
MYCO002495	171	0	56	
MYCO002496	26	0	36	
MYCO002497	42	0	36	
MYCO002498	48	0	37	
MYCO002499	10	0	25	
MYCO002501	383	0	93	
MYCO002503	26	0	31	
MYCO002504	35	0	37	
MYCO002505	137	0	78	
MYCO002506	48	0	21	
MYCO002507	256	0	39	
MYCO002508	90	0	61	
MYCO002510	134	0	76	
MYCO002512	3984	36	9	
MYCO002513	19	0	22	
MYCO002514	39	0	27	
MYCO002515	26	0	53	
MYCO002516	15	0	28	
MYCO002517	34	0	8	
MYCO002519	541	0	75	
MYCO002520	1	0	14	
MYCO002522	386	0	71	
MYCO002525	230	0	25	
MYCO002526	1180	0	4	
MYCO002527	21	0	20	
MYCO002528	19	0	39	
MYCO002529	372	0	71	
MYCO002530	9	0	23	
MYCO002531	100	0	118	
MYCO002532	26	0	19	
MYCO002535	238	0	33	
MYCO002536	24	0	27	
MYCO002537	11	0	15	
MYCO002539	429	0	17	
MYCO002541	1722	0	12	
MYCO002542	462	0	68	
MYCO002543	1476	1150	45	
MYCO002544	1479	1175	61	
MYCO002545	914	0	14	
MYCO002546	4	0	19	
MYCO002547	17	0	20	
MYCO002548	30	0	20	
MYCO002549	69	0	18	
MYCO002550	2	0	14	
MYCO002551	275	0	14	
MYCO002552	288	0	38	
MYCO002553	135	0	59	
MYCO002554	109	0	17	
MYCO002556	8	0	17	
MYCO002557	20	0	34	
MYCO002558	34	0	24	
MYCO002560	123	0	48	
MYCO002561	4031	0	7	
MYCO002562	4	0	33	
MYCO002563	91	0	51	
MYCO002564	35	1507	42	
MYCO002565	96	0	74	
MYCO002566	1153	0	114	
MYCO002567	112	0	98	
MYCO002569	40	0	30	
MYCO002570	513	0	25	
MYCO002571	136	0	59	
MYCO002573	106	0	46	
MYCO002574	33	0	30	
MYCO002576	55	0	26	
MYCO002577	40	0	60	
MYCO002578	130	0	43	
MYCO002579	77	0	34	
MYCO002581	3	0	20	
MYCO002584	46	0	28	
MYCO002585	222	0	73	
MYCO002586	544	0	56	
MYCO002588	3	0	17	
MYCO002590	181	0	136	
MYCO002591	1926	0	77	
MYCO002595	31	0	11	
MYCO002596	8	0	26	
MYCO002597	39	0	30	
MYCO002598	37	0	22	
MYCO002599	224	0	23	
MYCO002600	38	0	18	
MYCO002601	342	0	55	
MYCO002602	9	0	17	
MYCO002604	50	0	24	
MYCO002605	86	0	35	
MYCO002607	11	0	26	
MYCO002608	674	0	54	
MYCO002609	227	0	40	
MYCO002615	3815	0	71	
MYCO002616	54	0	25	
MYCO002617	3	0	17	
MYCO002618	230	0	24	
MYCO002619	4	0	11	
MYCO002620	8	0	17	
MYCO002621	310	0	41	
MYCO002622	62	0	36	
MYCO002623	114	0	33	
MYCO002624	208	0	40	
MYCO002625	39	0	43	
MYCO002626	10	0	19	
MYCO002627	56	0	69	
MYCO002628	68	0	31	
MYCO002629	376	0	35	
MYCO002630	11	0	31	
MYCO002631	78	0	56	
MYCO002632	5	0	9	
MYCO002633	8	0	34	
MYCO002634	2285	0	71	
MYCO002635	8	0	15	
MYCO002636	46	0	41	
MYCO002637	201	1291	34	
MYCO002638	70	0	23	
MYCO002639	29	0	16	
MYCO002640	43	0	20	
MYCO002641	8	0	20	
MYCO002642	16	0	22	
MYCO002643	193	0	86	
MYCO002644	31	0	17	
MYCO002645	1015	0	16	
MYCO002646	701	0	43	
MYCO002647	471	0	11	
MYCO002648	479	2	18	
MYCO002649	4096	0	0	
MYCO002650	819	430	118	
MYCO002651	167	803	39	
MYCO002652	466	0	42	
MYCO002653	405	0	25	
MYCO002654	2136	0	11	
MYCO002655	1204	0	50	
MYCO002656	332	632	23	
MYCO002657	478	0	16	
MYCO002658	382	0	13	
MYCO002659	409	0	34	
MYCO002660	10	0	15	
MYCO002661	21	0	15	
MYCO002662	8	0	14	
MYCO002663	1	0	15	
MYCO002664	18	0	13	
MYCO002665	251	0	16	
MYCO002666	4000	0	9	
MYCO002667	38	0	19	
MYCO002668	374	0	19	
MYCO002669	21	0	22	
MYCO002671	69	0	21	
MYCO002672	257	0	65	
MYCO002674	1	0	13	
MYCO002675	13	0	49	
MYCO002677	1178	0	38	
MYCO002679	107	0	37	
MYCO002680	448	0	29	
MYCO002681	535	0	45	
MYCO002683	7	0	24	
MYCO002684	29	322	58	
MYCO002685	296	0	46	
MYCO002686	32	0	29	
MYCO002687	40	0	38	
MYCO002688	76	0	44	
MYCO002689	134	0	48	
MYCO002690	93	0	46	
MYCO002691	9	0	26	
MYCO002692	28	0	25	
MYCO002693	15	0	24	
MYCO002694	9	0	32	
MYCO002695	383	0	23	
MYCO002698	8	0	19	
MYCO002700	2540	0	20	
MYCO002701	39	0	48	
MYCO002704	13	0	14	
MYCO002705	11	0	19	
MYCO002706	83	0	13	
MYCO002707	27	0	39	
MYCO002709	373	0	34	
MYCO002712	240	0	61	
MYCO002713	82	0	69	
MYCO002716	17	0	26	
MYCO002717	166	0	18	
MYCO002718	13	0	16	
MYCO002719	357	0	34	
MYCO002721	904	0	79	
MYCO002722	6	0	15	
MYCO002723	34	0	55	
MYCO002728	70	0	29	
MYCO002729	40	0	40	
MYCO002730	7	0	23	
MYCO002732	68	0	39	
MYCO002734	22	0	34	
MYCO002735	592	0	38	
MYCO002736	122	0	25	
MYCO002737	14	0	77	
MYCO002738	283	0	9	
MYCO002739	1115	0	25	
MYCO002740	13	0	27	
MYCO002741	2721	0	63	
MYCO002742	169	0	31	
MYCO002743	314	0	32	
MYCO002745	4	0	22	
MYCO002746	160	0	23	
MYCO002747	23	0	17	
MYCO002749	23	0	15	
MYCO002751	30	0	29	
MYCO002752	86	0	112	
MYCO002755	11	0	8	
MYCO002756	45	0	75	
MYCO002757	44	0	23	
MYCO002758	7	0	12	
MYCO002759	37	0	20	
MYCO002760	104	0	14	
MYCO002761	28	0	58	
MYCO002762	260	0	32	
MYCO002763	28	0	14	
MYCO002765	231	0	31	
MYCO002766	54	0	29	
MYCO002767	16	0	22	
MYCO002768	366	0	59	
MYCO002769	718	0	43	
MYCO002770	151	0	57	
MYCO002771	30	0	17	
MYCO002772	39	0	23	
MYCO002774	737	0	14	
MYCO002775	101	0	24	
MYCO002776	25	0	37	
MYCO002777	422	0	39	
MYCO002778	14	0	24	
MYCO002779	40	0	29	
MYCO002780	135	0	38	
MYCO002781	624	0	45	
MYCO002784	6	0	17	
MYCO002786	6	0	38	
MYCO002787	242	0	93	
MYCO002789	49	0	46	
MYCO002790	296	0	50	
MYCO002791	84	2052	55	
MYCO002792	82	0	30	
MYCO002793	408	0	31	
MYCO002796	39	0	35	
MYCO002797	213	0	58	
MYCO002798	4	0	15	
MYCO002799	94	0	40	
MYCO002800	760	0	70	
MYCO002801	49	0	12	
MYCO002802	793	0	49	
MYCO002803	37	0	20	
MYCO002804	89	0	32	
MYCO002805	61	0	20	
MYCO002806	27	0	6	
MYCO002807	1085	0	44	
MYCO002808	218	0	9	
MYCO002809	53	0	14	
MYCO002810	4096	0	0	
MYCO002811	737	0	25	
MYCO002812	517	0	64	
MYCO002813	372	0	36	
MYCO002814	4096	0	0	
MYCO002815	479	2	18	
MYCO002816	961	0	11	
MYCO002817	1028	0	36	
MYCO002818	1137	0	25	
MYCO002819	1023	0	40	
MYCO002820	948	0	39	
MYCO002821	47	0	29	
MYCO002822	14	0	16	
MYCO002823	72	0	93	
MYCO002824	25	0	48	
MYCO002825	3166	0	28	
MYCO002826	48	0	34	
MYCO002827	21	0	23	
MYCO002829	111	0	20	
MYCO002830	6	0	14	
MYCO002831	164	0	33	
MYCO002832	126	0	57	
MYCO002833	243	0	57	
MYCO002834	27	0	39	
MYCO002835	21	0	46	
MYCO002836	249	0	59	
MYCO002837	101	0	26	
MYCO002840	5	0	18	
MYCO002842	3	0	22	
MYCO002843	158	0	13	
MYCO002844	18	0	19	
MYCO002845	181	0	53	
MYCO002848	1014	0	43	
MYCO002849	36	0	38	
MYCO002850	1263	0	83	
MYCO002851	14	0	21	
MYCO002852	106	0	64	
MYCO002853	1786	0	91	
MYCO002854	31	0	43	
MYCO002855	194	0	47	
MYCO002856	28	0	34	
MYCO002857	12	0	23	
MYCO002858	403	0	64	
MYCO002859	1285	0	50	
MYCO002860	27	0	52	
MYCO002862	11	0	23	
MYCO002863	6	0	15	
MYCO002865	7	0	11	
MYCO002866	8	0	8	
MYCO002867	483	0	40	
MYCO002869	22	0	50	
MYCO002871	727	0	10	
MYCO002872	62	0	23	
MYCO002873	10	0	22	
MYCO002874	205	0	85	
MYCO002875	124	0	22	
MYCO002876	2	0	27	
MYCO002877	119	0	46	
MYCO002878	12	0	21	
MYCO002879	4096	0	0	
MYCO002880	3794	0	6	
MYCO002881	8	0	31	
MYCO002884	100	0	32	
MYCO002885	168	709	72	
MYCO002886	99	0	38	
MYCO002887	22	0	17	
MYCO002888	351	0	50	
MYCO002891	725	0	33	
MYCO002892	228	0	51	
MYCO002893	51	0	57	
MYCO002895	172	0	41	
MYCO002896	315	0	55	
MYCO002897	255	0	77	
MYCO002898	10	0	19	
MYCO002899	7	0	28	
MYCO002900	43	0	81	
MYCO002903	51	0	39	
MYCO002905	33	0	51	
MYCO002906	13	0	18	
MYCO002907	91	0	20	
MYCO002908	33	0	9	
MYCO002910	6	0	26	
MYCO002911	98	0	32	
MYCO002912	19	0	18	
MYCO002913	88	0	90	
MYCO002914	264	0	65	
MYCO002920	96	0	73	
MYCO002922	749	0	93	
MYCO002923	46	0	18	
MYCO002924	60	0	33	
MYCO002925	21	0	24	
MYCO002926	7	0	32	
MYCO002928	15	0	28	
MYCO002929	19	0	19	
MYCO002930	39	0	53	
MYCO002931	3671	0	88	
MYCO002932	1144	0	141	
MYCO002933	1057	0	145	
MYCO002934	1199	0	150	
MYCO002935	589	0	144	
MYCO002936	26	0	37	
MYCO002937	10	0	24	
MYCO002938	8	0	27	
MYCO002939	18	1937	40	
MYCO002940	236	0	212	
MYCO002941	31	0	73	
MYCO002942	93	0	113	
MYCO002943	155	0	54	
MYCO002944	25	0	41	
MYCO002945	1	0	27	
MYCO002946	764	0	170	
MYCO002947	2063	0	27	
MYCO002948	85	0	97	
MYCO002949	90	0	36	
MYCO002950	152	0	70	
MYCO002951	116	0	45	
MYCO002952	14	0	33	
MYCO002953	47	0	48	
MYCO002954	34	0	34	
MYCO002955	161	0	56	
MYCO002956	27	0	41	
MYCO002957	50	0	37	
MYCO002958	171	0	61	
MYCO002959	518	0	37	
MYCO002960	18	0	19	
MYCO002961	14	0	10	
MYCO002962	467	0	47	
MYCO002963	519	0	42	
MYCO002964	57	0	42	
MYCO002966	140	0	12	
MYCO002968	15	0	18	
MYCO002969	32	0	27	
MYCO002970	66	0	44	
MYCO002971	83	0	35	
MYCO002972	17	0	35	
MYCO002973	155	0	57	
MYCO002974	502	0	68	
MYCO002975	1981	0	7	
MYCO002977	243	0	27	
MYCO002978	83	1770	52	
MYCO002979	21	0	25	
MYCO002980	367	0	26	
MYCO002983	469	0	30	
MYCO002985	57	0	50	
MYCO002986	53	0	27	
MYCO002987	17	0	17	
MYCO002989	399	0	28	
MYCO002990	23	0	34	
MYCO002991	26	0	20	
MYCO002994	444	0	48	
MYCO002997	383	0	49	
MYCO002998	6	0	18	
MYCO002999	35	0	48	
MYCO003000	39	0	29	
MYCO003002	3	0	17	
MYCO003004	21	0	15	
MYCO003005	32	0	23	
MYCO003007	382	0	23	
MYCO003008	38	0	29	
MYCO003012	9	0	11	
MYCO003013	345	0	23	
MYCO003015	227	0	44	
MYCO003016	26	0	20	
MYCO003017	438	0	19	
MYCO003018	3139	0	28	
MYCO003019	1	69	25	
MYCO003020	13	13	18	
MYCO003021	4077	0	6	
MYCO003022	4096	0	0	
MYCO003023	3984	35	8	
MYCO003026	67	0	45	
MYCO003030	107	0	30	
MYCO003033	12	0	24	
MYCO003035	193	0	32	
MYCO003036	11	0	31	
MYCO003037	251	0	51	
MYCO003039	110	0	32	
MYCO003040	206	0	36	
MYCO003041	16	0	27	
MYCO003044	280	0	55	
MYCO003046	16	0	16	
MYCO003047	122	0	19	
MYCO003050	19	0	34	
MYCO003055	26	1281	24	
MYCO003056	36	0	58	
MYCO003058	6	0	26	
MYCO003059	49	0	49	
MYCO003060	706	0	79	
MYCO003061	429	0	75	
MYCO003062	1134	0	64	
MYCO003063	153	0	118	
MYCO003064	82	0	22	
MYCO003065	117	0	14	
MYCO003066	179	0	27	
MYCO003067	19	0	25	
MYCO003068	60	0	66	
MYCO003069	4	0	17	
MYCO003070	5	0	14	
MYCO003071	114	0	52	
MYCO003072	18	0	30	
MYCO003073	9	0	24	
MYCO003074	1247	1465	46	
MYCO003075	18	0	26	
MYCO003076	9	0	17	
MYCO003077	273	0	92	
MYCO003078	25	0	16	
MYCO003079	383	0	24	
MYCO003080	464	0	141	
MYCO003081	139	0	44	
MYCO003082	29	0	42	
MYCO003083	226	0	74	
MYCO003084	486	0	34	
MYCO003086	129	0	33	
MYCO003087	245	0	66	
MYCO003088	150	0	65	
MYCO003089	163	0	57	
MYCO003090	138	990	45	
MYCO003091	194	0	63	
MYCO003092	432	0	48	
MYCO003093	998	0	32	
MYCO003094	446	0	53	
MYCO003095	4	0	23	
MYCO003096	33	0	54	
MYCO003097	77	0	59	
MYCO003098	23	0	23	
MYCO003099	77	0	41	
MYCO003103	18	0	21	
MYCO003104	28	0	39	
MYCO003106	59	0	53	
MYCO003107	70	0	69	
MYCO003108	26	0	22	
MYCO003109	80	0	59	
MYCO003110	14	0	13	
MYCO003111	27	0	39	
MYCO003112	24	0	16	
MYCO003113	903	0	36	
MYCO003114	66	0	27	
MYCO003115	3984	35	8	
MYCO003116	121	0	50	
MYCO003119	33	0	25	
MYCO003120	42	0	30	
MYCO003121	103	0	50	
MYCO003122	37	0	21	
MYCO003123	23	0	22	
MYCO003124	84	0	40	
MYCO003125	587	0	41	
MYCO003126	25	0	15	
MYCO003127	37	0	52	
MYCO003128	4096	0	0	
MYCO003129	386	0	9	
MYCO003130	50	0	66	
MYCO003131	49	0	33	
MYCO003132	105	0	71	
MYCO003133	6	0	12	
MYCO003134	34	0	37	
MYCO003135	2516	0	8	
MYCO003136	74	0	40	
MYCO003137	26	0	34	
MYCO003138	52	0	62	
MYCO003141	164	0	35	
MYCO003142	555	0	21	
MYCO003143	6	0	11	
MYCO003144	692	0	55	
MYCO003145	17	0	11	
MYCO003146	3	0	20	
MYCO003147	28	0	12	
MYCO003148	24	0	42	
MYCO003149	38	0	30	
MYCO003150	381	0	35	
MYCO003151	847	0	75	
MYCO003152	6	0	38	
MYCO003153	79	0	27	
MYCO003154	8	0	36	
MYCO003155	6	0	13	
MYCO003156	54	0	65	
MYCO003157	103	0	75	
MYCO003158	19	0	62	
MYCO003159	2098	0	69	
MYCO003160	12	0	18	
MYCO003161	305	0	67	
MYCO003162	53	0	14	
MYCO003163	22	0	37	
MYCO003164	22	0	25	
MYCO003165	82	0	16	
MYCO003166	434	0	37	
MYCO003167	39	0	33	
MYCO003168	146	0	63	
MYCO003169	508	0	47	
MYCO003170	429	0	48	
MYCO003171	30	0	58	
MYCO003172	6	0	26	
MYCO003173	9	0	31	
MYCO003174	15	0	46	
MYCO003175	1130	0	54	
MYCO003176	96	0	49	
MYCO003177	36	0	30	
MYCO003178	38	0	20	
MYCO003179	326	0	54	
MYCO003180	25	0	20	
MYCO003181	111	0	19	
MYCO003182	20	0	9	
MYCO003183	161	0	16	
MYCO003184	479	2	18	
MYCO003185	4096	0	0	
MYCO003186	479	2	18	
MYCO003187	4096	0	0	
MYCO003188	18	0	16	
MYCO003189	41	0	26	
MYCO003190	141	0	53	
MYCO003191	52	0	46	
MYCO003192	49	0	29	
MYCO003196	67	0	40	
MYCO003199	340	0	47	
MYCO003200	21	0	53	
MYCO003201	719	0	108	
MYCO003202	575	0	122	
MYCO003203	28	0	39	
MYCO003204	1	0	15	
MYCO003209	10	0	26	
MYCO003210	12	0	24	
MYCO003212	485	0	47	
MYCO003215	25	0	51	
MYCO003216	4096	0	0	
MYCO003217	261	0	17	
MYCO003218	18	0	40	
MYCO003222	55	0	19	
MYCO003224	207	0	40	
MYCO003225	66	0	58	
MYCO003226	32	0	35	
MYCO003227	218	0	62	
MYCO003230	107	0	50	
MYCO003231	48	0	19	
MYCO003232	12	0	31	
MYCO003233	7	0	31	
MYCO003234	2022	0	22	
MYCO003235	319	0	30	
MYCO003236	246	0	50	
MYCO003237	10	0	26	
MYCO003238	14	0	35	
MYCO003239	2092	0	82	
MYCO003242	76	0	33	
MYCO003243	61	0	33	
MYCO003244	320	0	60	
MYCO003247	45	0	22	
MYCO003249	150	0	28	
MYCO003250	4	0	9	
MYCO003251	4	0	8	
MYCO003253	53	0	51	
MYCO003254	93	0	59	
MYCO003256	538	0	45	
MYCO003259	22	0	8	
MYCO003260	0	0	15	
MYCO003263	161	0	58	
MYCO003266	122	0	35	
MYCO003268	105	0	34	
MYCO003269	14	0	9	
MYCO003270	257	0	77	
MYCO003271	22	0	32	
MYCO003272	86	0	54	
MYCO003273	12	0	90	
MYCO003278	11	0	19	
MYCO003279	14	0	34	
MYCO003281	3938	0	7	
MYCO003282	14	0	38	
MYCO003283	18	0	44	
MYCO003284	36	0	18	
MYCO003286	427	0	37	
MYCO003287	11	0	11	
MYCO003288	5	0	18	
MYCO003289	34	0	23	
MYCO003291	19	0	15	
MYCO003292	186	0	55	
MYCO003293	508	0	55	
MYCO003294	13	0	35	
MYCO003295	22	0	26	
MYCO003297	72	0	40	
MYCO003298	227	0	25	
MYCO003299	652	0	138	
MYCO003300	50	0	37	
MYCO003301	21	0	28	
MYCO003307	131	0	32	
MYCO003308	494	0	65	
MYCO003309	18	0	23	
MYCO003310	25	0	35	
MYCO003311	44	0	53	
MYCO003312	26	0	36	
MYCO003314	95	0	45	
MYCO003315	11	0	21	
MYCO003316	3	0	10	
MYCO003320	41	0	18	
MYCO003321	2	0	7	
MYCO003322	18	0	24	
MYCO003323	221	0	36	
MYCO003324	215	0	22	
MYCO003325	479	2	18	
MYCO003326	4096	0	0	
MYCO003327	4051	0	7	
MYCO003331	373	0	58	
MYCO003332	337	0	59	
MYCO003333	1005	0	32	
MYCO003334	4	0	24	
MYCO003335	76	0	34	
MYCO003337	471	0	21	
MYCO003338	46	0	30	
MYCO003339	59	0	51	
MYCO003342	300	0	18	
MYCO003343	4085	0	11	
MYCO003344	4096	0	0	
MYCO003345	4076	0	10	
MYCO003346	1281	1	17	
MYCO003347	3174	0	194	
MYCO003348	104	3	29	
MYCO003349	2133	0	26	
MYCO003350	3392	0	181	
MYCO003351	532	0	30	
MYCO003352	515	0	15	
MYCO003353	497	0	10	
MYCO003354	495	0	17	
MYCO003355	520	1	17	
MYCO003357	9	0	15	
MYCO003358	2	0	10	
MYCO003359	238	0	38	
MYCO003360	601	0	12	
MYCO003361	53	0	29	
MYCO003362	52	0	29	
MYCO003363	240	0	18	
MYCO003364	52	0	16	
MYCO003365	3700	0	22	
MYCO003366	40	0	23	
MYCO003367	1880	0	75	
MYCO003368	103	0	31	
MYCO003369	135	0	17	
MYCO003370	896	0	107	
MYCO003371	385	0	64	
MYCO003372	239	0	50	
MYCO003373	499	0	22	
MYCO003374	5	0	13	
MYCO003375	171	0	68	
MYCO003376	18	0	29	
MYCO003377	290	0	71	
MYCO003378	103	0	50	
MYCO003379	63	0	77	
MYCO003380	4096	0	0	
MYCO003381	479	2	18	
MYCO003382	137	0	31	
MYCO003383	873	0	60	
MYCO003384	42	0	13	
MYCO003385	81	0	11	
MYCO003386	203	0	38	
MYCO003387	16	0	30	
MYCO003388	3072	0	55	
MYCO003389	318	0	51	
MYCO003390	23	0	47	
MYCO003391	252	0	93	
MYCO003393	79	0	35	
MYCO003394	1198	0	47	
MYCO003395	93	0	33	
MYCO003397	20	0	29	
MYCO003398	98	0	58	
MYCO003399	35	0	35	
MYCO003400	122	0	20	
MYCO003401	457	0	97	
MYCO003402	125	0	47	
MYCO003403	59	0	82	
MYCO003404	37	0	36	
MYCO003405	6	0	23	
MYCO003406	127	0	41	
MYCO003407	11	0	8	
MYCO003408	3	0	15	
MYCO003413	348	0	28	
MYCO003414	19	0	29	
MYCO003415	338	0	40	
MYCO003416	39	0	12	
MYCO003420	82	0	19	
MYCO003421	990	0	39	
MYCO003423	37	0	60	
MYCO003424	275	2	22	
MYCO003425	196	1104	52	
MYCO003426	4000	0	3	
MYCO003427	1144	0	25	
MYCO003428	3883	0	7	
MYCO003429	196	923	49	
MYCO003430	286	0	77	
MYCO003431	57	0	33	
MYCO003434	186	0	45	
MYCO003435	17	0	55	
MYCO003437	173	0	23	
MYCO003438	54	0	39	
MYCO003439	739	0	63	
MYCO003440	43	0	23	
MYCO003444	17	0	16	
MYCO003445	22	0	18	
MYCO003446	762	0	62	
MYCO003447	352	0	138	
MYCO003448	191	0	61	
MYCO003449	155	0	67	
MYCO003450	600	0	71	
MYCO003451	67	0	49	
MYCO003452	480	0	32	
MYCO003453	2517	0	5	
MYCO003454	62	0	65	
MYCO003463	119	0	36	
MYCO003465	9	0	24	
MYCO003466	3941	39	44	
MYCO003467	3964	59	27	
MYCO003468	59	0	51	
MYCO003469	24	0	44	
MYCO003470	200	0	79	
MYCO003471	30	0	20	
MYCO003472	30	0	26	
MYCO003473	26	0	41	
MYCO003474	479	2	18	
MYCO003475	4096	0	0	
MYCO003476	48	0	61	
MYCO003477	99	0	12	
MYCO003478	2039	220	313	
MYCO003479	209	0	141	
MYCO003480	210	0	72	
MYCO003481	52	0	22	
MYCO003482	32	0	37	
MYCO003483	894	0	31	
MYCO003484	97	0	61	
MYCO003485	546	0	43	
MYCO003486	251	0	17	
MYCO003487	873	0	37	
MYCO003488	119	0	11	
MYCO003489	3	0	8	
MYCO003491	15	0	28	
MYCO003492	2	0	21	
MYCO003493	319	0	29	
MYCO003494	877	0	54	
MYCO003495	26	0	37	
MYCO003496	261	0	42	
MYCO003497	12	0	48	
MYCO003498	92	0	44	
MYCO003499	8	0	40	
MYCO003502	31	0	31	
MYCO003503	0	0	8	
MYCO003505	117	0	44	
MYCO003506	76	0	80	
MYCO003507	3821	0	74	
MYCO003508	4093	0	3	
MYCO003509	411	0	70	
MYCO003510	142	0	33	
MYCO003511	4085	0	5	
MYCO003512	4096	0	0	
MYCO003513	3884	0	14	
MYCO003514	4095	0	1	
MYCO003515	3673	0	23	
MYCO003516	603	0	33	
MYCO003517	887	0	28	
MYCO003518	121	0	39	
MYCO003519	20	0	34	
MYCO003521	37	0	36	
MYCO003522	8	0	45	
MYCO003523	374	0	36	
MYCO003524	53	0	59	
MYCO003525	235	0	24	
MYCO003526	9	0	31	
MYCO003527	6	0	25	
MYCO003528	55	0	48	
MYCO003529	477	0	54	
MYCO003530	25	1503	36	
MYCO003531	83	0	60	
MYCO003532	331	0	57	
MYCO003533	1255	0	79	
MYCO003534	59	0	38	
MYCO003535	1010	0	30	
MYCO003536	14	0	35	
MYCO003537	29	0	54	
MYCO003538	6	0	33	
MYCO003539	528	0	58	
MYCO003540	351	0	42	
MYCO003541	2	0	17	
MYCO003542	100	0	36	
MYCO003543	85	0	41	
MYCO003544	44	0	41	
MYCO003545	32	0	67	
MYCO003546	93	0	38	
MYCO003547	46	0	30	
MYCO003548	21	0	25	
MYCO003549	137	0	37	
MYCO003550	54	0	27	
MYCO003551	57	0	28	
MYCO003552	9	0	23	
MYCO003553	424	0	34	
MYCO003554	74	0	101	
MYCO003555	614	0	34	
MYCO003556	117	0	34	
MYCO003557	0	0	22	
MYCO003558	976	0	63	
MYCO003559	254	0	31	
MYCO003560	127	0	51	
MYCO003561	640	0	67	
MYCO003562	64	0	54	
MYCO003563	160	0	43	
MYCO003564	576	0	30	
MYCO003565	80	0	60	
MYCO003566	128	0	37	
MYCO003567	45	0	18	
MYCO003568	476	0	25	
MYCO003569	358	0	33	
MYCO003572	37	0	25	
MYCO003573	419	0	76	
MYCO003574	62	0	21	
MYCO003575	107	0	39	
MYCO003576	66	0	35	
MYCO003577	70	0	28	
MYCO003578	320	0	61	
MYCO003581	13	0	21	
MYCO003582	28	0	33	
MYCO003584	15	0	19	
MYCO003585	48	0	61	
MYCO003586	17	0	47	
MYCO003587	193	0	38	
MYCO003588	57	0	15	
MYCO003590	2849	0	52	
MYCO003591	28	0	41	
MYCO003593	3	0	64	
MYCO003594	72	0	43	
MYCO003595	1867	0	55	
MYCO003597	271	0	12	
MYCO003599	169	0	6	
MYCO003602	638	0	38	
MYCO003603	220	0	42	
MYCO003604	879	0	55	
MYCO003605	283	0	20	
MYCO003606	14	0	25	
MYCO003607	148	0	16	
MYCO003608	47	0	35	
MYCO003611	4053	0	4	
MYCO003612	42	0	19	
MYCO003613	2	0	8	
MYCO003614	6	0	36	
MYCO003615	6	0	11	
MYCO003616	64	0	58	
MYCO003617	97	0	41	
MYCO003618	86	0	41	
MYCO003619	346	1905	128	
MYCO003620	2299	475	105	
MYCO003621	596	0	48	
MYCO003622	110	0	12	
MYCO003623	225	0	32	
MYCO003625	247	0	41	
MYCO003626	334	0	46	
MYCO003627	61	0	69	
MYCO003629	43	0	53	
MYCO003630	16	999	54	
MYCO003631	10	0	24	
MYCO003632	4	0	10	
MYCO003633	70	0	42	
MYCO003634	116	0	32	
MYCO003635	154	0	81	
MYCO003636	14	0	23	
MYCO003637	71	0	31	
MYCO003638	13	0	37	
MYCO003639	400	0	34	
MYCO003640	159	0	54	
MYCO003641	15	0	31	
MYCO003642	8	0	14	
MYCO003643	4	0	9	
MYCO003645	870	0	58	
MYCO003649	615	0	107	
MYCO003650	87	0	12	
MYCO003651	392	0	43	
MYCO003652	947	0	19	
MYCO003653	2419	0	30	
MYCO003654	510	0	24	
MYCO003655	4093	0	1	
MYCO003656	18	0	14	
MYCO003657	1257	995	24	
MYCO003658	450	0	40	
MYCO003659	814	0	45	
MYCO003660	178	0	60	
MYCO003661	65	0	24	
MYCO003662	1139	0	43	
MYCO003663	412	0	76	
MYCO003664	14	0	43	
MYCO003665	9	0	50	
MYCO003666	114	1100	56	
MYCO003667	309	0	90	
MYCO003669	9	0	24	
MYCO003671	23	0	51	
MYCO003672	63	0	38	
MYCO003673	147	0	29	
MYCO003675	1	0	20	
MYCO003678	14	0	21	
MYCO003681	18	0	25	
MYCO003685	110	0	65	
MYCO003686	77	0	14	
MYCO003687	17	0	16	
MYCO003688	26	0	25	
MYCO003689	212	0	86	
MYCO003690	392	0	23	
MYCO003691	87	0	52	
MYCO003692	64	0	43	
MYCO003693	1413	0	51	
MYCO003694	13	0	40	
MYCO003697	32	0	25	
MYCO003698	158	0	75	
MYCO003699	42	0	33	
MYCO003700	626	0	49	
MYCO003701	135	0	44	
MYCO003702	30	0	40	
MYCO003703	72	0	68	
MYCO003704	71	0	60	
MYCO003706	198	0	14	
MYCO003714	64	0	49	
MYCO003716	280	0	18	
MYCO003723	27	0	34	
MYCO003725	1983	0	23	
MYCO003726	318	0	50	
MYCO003727	272	0	93	
MYCO003728	2594	0	84	
MYCO003729	383	0	110	
MYCO003730	13	0	51	
MYCO003731	14	0	52	
MYCO003732	106	0	52	
MYCO003733	13	0	24	
MYCO003734	74	0	66	
MYCO003735	19	0	29	
MYCO003736	80	0	62	
MYCO003737	756	0	69	
MYCO003738	1417	0	41	
MYCO003739	991	0	15	
MYCO003740	115	0	62	
MYCO003741	24	0	41	
MYCO003742	12	0	26	
MYCO003743	173	0	108	
MYCO003744	4	0	23	
MYCO003745	14	1290	11	
MYCO003746	8	0	24	
MYCO003747	25	0	15	
MYCO003748	19	0	20	
MYCO003749	29	0	22	
MYCO003750	13	0	18	
MYCO003751	12	0	14	
MYCO003752	327	0	14	
MYCO003753	483	0	17	
MYCO003754	247	0	35	
MYCO003755	18	0	24	
MYCO003756	23	0	38	
MYCO003757	162	0	42	
MYCO003758	46	0	39	
MYCO003759	32	0	63	
MYCO003760	27	0	10	
MYCO003761	164	0	39	
MYCO003762	25	0	97	
MYCO003763	35	0	27	
MYCO003764	43	0	61	
MYCO003766	115	0	37	
MYCO003767	103	0	35	
MYCO003768	102	0	17	
MYCO003769	90	0	20	
MYCO003770	120	0	26	
MYCO003771	38	0	26	
MYCO003772	69	0	47	
MYCO003773	103	0	31	
MYCO003776	764	0	79	
MYCO003779	473	0	89	
MYCO003784	245	0	59	
MYCO003785	1769	0	41	
MYCO003786	324	0	60	
MYCO003787	99	0	51	
MYCO003788	10	0	21	
MYCO003789	4	0	15	
MYCO003792	224	0	103	
MYCO003796	30	0	60	
MYCO003797	213	0	93	
MYCO003798	2199	43	32	
MYCO003800	895	0	191	
MYCO003803	67	0	44	
MYCO003805	39	0	75	
MYCO003807	168	0	22	
MYCO003810	1143	0	30	
MYCO003811	183	0	68	
MYCO003812	1581	0	59	
MYCO003813	106	0	34	
MYCO003814	46	0	27	
MYCO003815	129	0	32	
MYCO003817	335	0	41	
MYCO003818	62	0	56	
MYCO003819	34	0	22	
MYCO003820	180	0	82	
MYCO003821	17	0	39	
MYCO003822	71	0	74	
MYCO003823	55	0	156	
MYCO003824	80	0	94	
MYCO003825	248	0	289	
MYCO003826	76	0	102	
MYCO003827	176	0	84	
MYCO003828	3	1578	23	
MYCO003829	839	0	87	
MYCO003830	939	0	42	
MYCO003831	19	0	44	
MYCO003832	120	0	39	
MYCO003833	528	0	50	
MYCO003836	470	0	27	
MYCO003837	35	0	49	
MYCO003838	134	0	56	
MYCO003839	12	0	43	
MYCO003840	62	0	37	
MYCO003841	9	0	29	
MYCO003843	358	0	54	
MYCO003844	104	3	29	
MYCO003845	2998	0	6	
MYCO003846	13	0	30	
MYCO003848	111	0	65	
MYCO003850	66	0	36	
MYCO003851	58	0	15	
MYCO003852	45	0	21	
MYCO003853	4	0	20	
MYCO003854	179	0	141	
MYCO003855	8	0	42	
MYCO003856	94	0	61	
MYCO003857	13	0	6	
MYCO003860	459	0	77	
MYCO003861	115	0	32	
MYCO003862	55	0	72	
MYCO003863	190	0	59	
MYCO003864	134	0	79	
MYCO003865	51	0	16	
MYCO003866	134	0	37	
MYCO003867	95	0	28	
MYCO003868	189	0	75	
MYCO003869	541	0	92	
MYCO003870	53	0	142	
MYCO003871	311	0	109	
MYCO003872	199	0	16	
MYCO003873	205	0	55	
MYCO003874	40	0	14	
MYCO003875	13	0	16	
MYCO003876	1856	0	85	
MYCO003877	53	0	109	
MYCO003878	492	0	48	
MYCO003879	1791	0	122	
MYCO003880	4	0	22	
MYCO003881	457	0	103	
MYCO003882	525	0	111	
MYCO003883	50	0	88	
MYCO003884	224	0	104	
MYCO003885	147	0	108	
MYCO003886	1412	0	66	
MYCO003887	427	0	88	
MYCO003888	120	0	87	
MYCO003889	279	0	73	
MYCO003890	82	0	21	
MYCO003891	20	0	30	
MYCO003892	946	0	78	
MYCO003893	80	0	21	
MYCO003894	1149	0	224	
MYCO003895	1133	0	76	
MYCO003896	243	0	71	
MYCO003897	4056	0	2	
MYCO003898	1991	0	11	
MYCO003899	1173	0	71	
MYCO003900	637	0	92	
MYCO003901	74	0	34	
MYCO003902	23	0	36	
MYCO003903	1319	0	134	
MYCO003904	10	0	28	
MYCO003905	29	0	23	
MYCO003906	49	0	43	
MYCO003909	216	0	139	
MYCO003910	274	0	265	
MYCO003911	4086	0	5	
MYCO003912	192	0	75	
MYCO003914	4	0	23	
MYCO003916	4	0	61	
MYCO003919	236	0	203	
MYCO003922	4	0	32	
MYCO003923	8	0	35	
MYCO010064	11	0	10	
MYCO010078	9	0	42	
MYCO010157	2	0	7	
MYCO010186	40	0	7	
MYCO010192	945	0	11	
MYCO010236	34	0	5	
MYCO010277	4096	0	0	
MYCO010397	3	2008	11	
MYCO010456	14	0	15	
MYCO010470	577	0	16	
MYCO010492	37	0	10	
MYCO010500	196	0	6	
MYCO010530	8	0	10	
MYCO010590	24	0	8	
MYCO010609	13	0	10	
MYCO010616	1	0	17	
MYCO010634	7	0	12	
MYCO010691	2	0	9	
MYCO010724	4096	0	0	
MYCO010749	12	0	8	
MYCO010755	66	0	5	
MYCO010787	35	0	6	
MYCO010959	4	0	8	
MYCO011028	1	0	7	
MYCO011087	34	0	8	
MYCO011089	4	0	8	
MYCO011116	21	0	11	
MYCO011135	3	0	22	
MYCO011159	7	0	12	
MYCO011290	39	0	14	
MYCO011322	10	0	25	
MYCO011366	13	0	12	
MYCO011473	31	0	11	
MYCO011489	110	0	9	
MYCO011498	60	0	13	
MYCO011507	78	0	33	
MYCO011508	36	0	12	
MYCO011638	282	0	14	
MYCO011706	6	0	8	
MYCO011765	29	0	14	
MYCO011888	1	0	12	
MYCO011954	17	0	11	
MYCO011962	0	2424	14	
MYCO011982	14	0	8	
MYCO011990	44	0	17	
MYCO011991	1	0	6	
MYCO012023	43	0	50	
MYCO012063	108	0	16	
MYCO012077	129	0	15	
MYCO012142	2	0	13	
MYCO012160	2215	0	8	
MYCO012219	5	0	17	
MYCO012231	33	0	24	
MYCO012237	23	0	9	
MYCO012250	4093	0	1	
MYCO012274	147	0	13	
MYCO012306	34	0	27	
MYCO012307	8	0	5	
MYCO012309	7	0	18	
MYCO012331	4	0	10	
MYCO012395	17	0	9	
MYCO012401	19	0	4	
MYCO012427	4096	0	0	
MYCO012438	8	0	15	
MYCO012468	1	0	10	
MYCO012530	3	0	14	
MYCO012548	9	0	14	
MYCO012601	3	0	10	
MYCO012614	486	0	12	
MYCO012737	14	0	10	
MYCO012801	2	0	9	
MYCO012828	744	0	14	
MYCO012862	4096	0	0	
MYCO012922	15	0	12	
MYCO012943	23	0	28	
MYCO012970	18	0	4	
MYCO012998	4	0	14	
MYCO013018	1534	2	8	
MYCO013022	663	0	11	
MYCO013032	21	0	16	
MYCO013098	12	0	17	
MYCO013136	4	0	23	
MYCO013190	151	0	8	
MYCO013196	4	0	7	
MYCO013197	39	0	14	
MYCO013198	7	0	14	
MYCO013208	6	0	15	
MYCO013221	1	0	14	
MYCO013224	17	0	16	
MYCO013312	55	0	19	
MYCO013324	4096	0	0	
MYCO013395	149	0	26	
MYCO013566	5	0	16	
MYCO013697	42	0	12	
MYCO013705	35	0	24	
MYCO013724	461	0	9	
MYCO013770	5	0	10	
MYCO020078	3	0	19	
MYCO020456	4096	0	0	
MYCO020500	0	0	5	
MYCO022231	2916	0	13	
MYCO022306	66	0	19	
MYCO022307	51	0	20	
MYCO022395	44	0	15	
MYCO023224	27	0	9	
MYCO023724	490	0	26	
MYCO023770	5	0	11	
MYCO032307	0	0	8	
