GbGDiv simplified results table from 'accumulate-4.txt' records table.
Isolate records read from table: 1024

Locus	Missing	Paralogous	CountNuc
id	0	0	1024	
isolate	0	0	1024	
rMLST_database_accession	0	0	1024	
BACT000001	3	0	31	
BACT000002	28	0	12	
BACT000003	96	0	18	
BACT000004	8	0	8	
BACT000005	18	0	10	
BACT000006	0	0	7	
BACT000007	3	0	10	
BACT000008	4	0	8	
BACT000009	2	0	13	
BACT000010	0	0	4	
BACT000011	8	0	7	
BACT000012	0	0	10	
BACT000013	2	0	8	
BACT000014	1	929	2	
BACT000015	1	0	5	
BACT000016	12	0	13	
BACT000017	7	0	12	
BACT000018	0	794	3	
BACT000019	0	0	4	
BACT000020	1	0	8	
BACT000021	1024	0	0	
BACT000030	5	269	11	
BACT000031	1	0	11	
BACT000032	3	0	10	
BACT000033	25	0	10	
BACT000034	3	0	10	
BACT000035	2	0	8	
BACT000036	61	0	9	
BACT000038	2	0	9	
BACT000039	4	0	11	
BACT000040	114	0	6	
BACT000042	1	0	11	
BACT000043	0	0	9	
BACT000044	7	0	6	
BACT000045	1	0	9	
BACT000046	1	0	17	
BACT000047	9	0	6	
BACT000048	0	0	7	
BACT000049	1	0	11	
BACT000050	5	0	6	
BACT000051	28	0	9	
BACT000052	1	0	4	
BACT000053	2	0	5	
BACT000056	0	0	4	
BACT000057	1	987	3	
BACT000058	0	0	5	
BACT000059	0	0	4	
BACT000060	2	0	2	
BACT000061	1	0	7	
BACT000062	0	867	5	
BACT000063	1	0	5	
BACT000064	0	0	6	
BACT000065	1	0	1	
MYCO000001	10	0	40	
MYCO000005	7	0	57	
MYCO000006	8	0	87	
MYCO000009	2	0	11	
MYCO000011	0	0	10	
MYCO000013	0	0	24	
MYCO000015	217	0	26	
MYCO000016	15	0	31	
MYCO000017	10	0	26	
MYCO000019	1	0	19	
MYCO000038	72	0	10	
MYCO000046	2	0	22	
MYCO000047	3	0	15	
MYCO000049	6	0	15	
MYCO000050	113	0	66	
MYCO000051	89	0	40	
MYCO000054	40	0	15	
MYCO000066	5	0	51	
MYCO000068	25	0	31	
MYCO000129	10	0	17	
MYCO000183	46	0	16	
MYCO000184	46	0	15	
MYCO000189	129	0	29	
MYCO000198	6	0	48	
MYCO000204	26	0	19	
MYCO000207	2	0	17	
MYCO000211	14	0	45	
MYCO000223	100	0	26	
MYCO000225	5	0	15	
MYCO000227	111	0	33	
MYCO000228	16	0	24	
MYCO000236	225	0	60	
MYCO000237	30	0	29	
MYCO000238	2	0	11	
MYCO000241	5	0	18	
MYCO000242	177	0	23	
MYCO000243	79	0	26	
MYCO000244	19	498	39	
MYCO000247	3	0	14	
MYCO000248	3	0	21	
MYCO000270	11	0	40	
MYCO000274	67	0	16	
MYCO000321	2	0	9	
MYCO000322	9	0	21	
MYCO000334	2	0	10	
MYCO000337	9	0	19	
MYCO000350	19	0	22	
MYCO000352	107	0	22	
MYCO000357	3	0	21	
MYCO000360	45	0	15	
MYCO000383	196	0	12	
MYCO000384	136	0	30	
MYCO000407	48	0	17	
MYCO000410	27	0	42	
MYCO000411	20	0	15	
MYCO000414	225	0	12	
MYCO000415	219	0	19	
MYCO000417	66	241	13	
MYCO000423	9	0	18	
MYCO000429	2	0	10	
MYCO000432	0	0	10	
MYCO000433	4	0	13	
MYCO000439	39	0	14	
MYCO000440	14	0	18	
MYCO000462	4	0	17	
MYCO000465	11	0	30	
MYCO000466	7	0	9	
MYCO000467	3	0	20	
MYCO000468	15	0	10	
MYCO000472	2	0	10	
MYCO000475	30	0	12	
MYCO000483	13	0	18	
MYCO000484	8	0	17	
MYCO000486	52	0	21	
MYCO000489	159	0	11	
MYCO000490	13	0	19	
MYCO000491	1	0	8	
MYCO000495	3	0	17	
MYCO000496	12	0	18	
MYCO000498	11	0	20	
MYCO000501	9	0	18	
MYCO000502	8	0	9	
MYCO000505	240	0	14	
MYCO000509	23	0	29	
MYCO000510	18	0	14	
MYCO000512	23	0	19	
MYCO000524	83	0	15	
MYCO000527	26	0	12	
MYCO000528	144	0	19	
MYCO000529	30	0	23	
MYCO000548	7	0	9	
MYCO000551	35	0	30	
MYCO000553	87	0	16	
MYCO000555	103	0	17	
MYCO000557	13	0	29	
MYCO000558	49	0	9	
MYCO000562	3	0	19	
MYCO000563	22	0	22	
MYCO000564	9	0	26	
MYCO000566	2	0	13	
MYCO000636	3	0	11	
MYCO000639	47	0	13	
MYCO000647	39	0	23	
MYCO000655	5	0	22	
MYCO000667	60	0	101	
MYCO000668	38	0	98	
MYCO000672	41	0	32	
MYCO000684	18	0	37	
MYCO000685	6	0	8	
MYCO000693	87	0	19	
MYCO000696	19	0	28	
MYCO000732	2	0	21	
MYCO000733	1	0	7	
MYCO000734	100	0	7	
MYCO000757	3	0	15	
MYCO000758	22	0	48	
MYCO000772	30	0	21	
MYCO000777	10	0	15	
MYCO000780	3	0	16	
MYCO000782	997	0	3	
MYCO000788	29	0	8	
MYCO000803	27	0	41	
MYCO000808	18	0	30	
MYCO000809	2	0	18	
MYCO000810	0	0	5	
MYCO000814	194	3	12	
MYCO000815	18	1	15	
MYCO000820	2	0	10	
MYCO000821	6	0	9	
MYCO000823	21	0	22	
MYCO000824	3	0	15	
MYCO000859	17	0	31	
MYCO000860	78	0	37	
MYCO000861	5	0	31	
MYCO000871	3	0	6	
MYCO000876	0	0	31	
MYCO000884	2	0	20	
MYCO000885	14	0	18	
MYCO000886	231	0	20	
MYCO000889	202	0	20	
MYCO000896	18	0	20	
MYCO000902	9	0	11	
MYCO000903	4	0	5	
MYCO000906	260	0	17	
MYCO000926	6	0	27	
MYCO000927	38	0	10	
MYCO000929	94	0	12	
MYCO000946	12	0	28	
MYCO000949	44	0	36	
MYCO000951	8	0	21	
MYCO000952	21	0	18	
MYCO000953	74	0	17	
MYCO000957	110	0	19	
MYCO000981	10	0	13	
MYCO000983	129	0	31	
MYCO000993	33	0	12	
MYCO000994	67	0	23	
MYCO000995	5	0	12	
MYCO001001	4	0	31	
MYCO001002	13	0	28	
MYCO001007	4	0	23	
MYCO001008	52	0	17	
MYCO001009	59	0	14	
MYCO001010	22	0	18	
MYCO001011	6	0	15	
MYCO001013	10	0	18	
MYCO001014	5	0	15	
MYCO001015	7	0	12	
MYCO001017	1	0	12	
MYCO001018	6	0	29	
MYCO001020	121	0	53	
MYCO001022	50	0	12	
MYCO001023	39	0	23	
MYCO001026	72	0	20	
MYCO001070	2	0	12	
MYCO001071	3	0	23	
MYCO001072	2	0	14	
MYCO001077	14	0	26	
MYCO001079	17	0	15	
MYCO001080	52	0	6	
MYCO001082	5	0	15	
MYCO001086	15	0	16	
MYCO001092	27	0	15	
MYCO001094	20	0	9	
MYCO001095	32	0	20	
MYCO001098	16	0	17	
MYCO001099	57	0	14	
MYCO001108	13	0	22	
MYCO001110	1	0	17	
MYCO001112	120	0	22	
MYCO001165	39	0	35	
MYCO001173	51	0	33	
MYCO001177	5	0	3	
MYCO001178	40	0	23	
MYCO001193	94	0	21	
MYCO001201	55	0	25	
MYCO001202	47	0	14	
MYCO001207	64	0	21	
MYCO001208	5	0	13	
MYCO001213	49	0	22	
MYCO001220	53	0	6	
MYCO001221	0	0	13	
MYCO001223	159	0	25	
MYCO001229	21	0	21	
MYCO001238	12	0	14	
MYCO001239	2	0	14	
MYCO001245	25	0	20	
MYCO001248	118	0	58	
MYCO001253	50	0	34	
MYCO001272	84	0	25	
MYCO001273	5	0	29	
MYCO001277	113	0	20	
MYCO001292	9	0	21	
MYCO001293	14	0	15	
MYCO001294	18	0	18	
MYCO001295	11	0	21	
MYCO001297	82	0	27	
MYCO001299	8	0	12	
MYCO001302	6	0	12	
MYCO001305	4	0	4	
MYCO001308	14	0	19	
MYCO001309	2	0	16	
MYCO001310	4	0	16	
MYCO001311	6	0	7	
MYCO001315	3	0	16	
MYCO001321	18	0	13	
MYCO001323	22	0	22	
MYCO001326	7	0	35	
MYCO001327	15	0	23	
MYCO001328	35	0	46	
MYCO001338	25	0	12	
MYCO001340	13	0	13	
MYCO001380	14	0	21	
MYCO001381	103	0	24	
MYCO001383	6	0	17	
MYCO001384	88	0	62	
MYCO001385	157	0	13	
MYCO001388	2	0	12	
MYCO001390	1	0	6	
MYCO001391	178	0	27	
MYCO001392	101	0	37	
MYCO001402	422	0	28	
MYCO001407	137	0	32	
MYCO001408	26	0	12	
MYCO001410	2	0	21	
MYCO001412	6	0	15	
MYCO001415	3	0	18	
MYCO001416	2	0	13	
MYCO001420	6	0	31	
MYCO001421	7	0	11	
MYCO001436	1	0	19	
MYCO001437	11	0	16	
MYCO001438	3	0	13	
MYCO001440	5	0	3	
MYCO001445	53	0	19	
MYCO001447	132	0	33	
MYCO001448	10	0	16	
MYCO001449	56	0	32	
MYCO001451	21	0	23	
MYCO001457	2	0	12	
MYCO001458	6	0	22	
MYCO001462	9	0	24	
MYCO001463	2	0	14	
MYCO001464	47	0	23	
MYCO001465	2	0	6	
MYCO001466	0	0	6	
MYCO001467	19	498	29	
MYCO001473	9	0	23	
MYCO001474	32	0	9	
MYCO001475	6	0	31	
MYCO001479	23	0	14	
MYCO001480	33	0	23	
MYCO001481	6	0	15	
MYCO001483	26	0	7	
MYCO001484	4	0	16	
MYCO001485	25	0	14	
MYCO001493	167	0	29	
MYCO001536	30	0	55	
MYCO001540	4	0	13	
MYCO001547	43	0	46	
MYCO001557	178	0	22	
MYCO001559	217	0	23	
MYCO001564	14	0	31	
MYCO001568	57	0	23	
MYCO001569	194	0	15	
MYCO001589	3	0	11	
MYCO001593	3	0	9	
MYCO001594	11	0	20	
MYCO001595	103	0	29	
MYCO001599	85	0	19	
MYCO001600	1	0	15	
MYCO001601	0	0	9	
MYCO001603	2	0	9	
MYCO001605	1	0	15	
MYCO001609	19	0	25	
MYCO001611	17	0	9	
MYCO001612	2	0	19	
MYCO001617	17	0	25	
MYCO001626	4	0	9	
MYCO001627	35	0	14	
MYCO001629	34	0	47	
MYCO001633	130	0	46	
MYCO001638	53	0	51	
MYCO001641	1024	0	0	
MYCO001649	84	0	13	
MYCO001652	50	0	19	
MYCO001653	180	0	14	
MYCO001654	29	0	12	
MYCO001655	107	0	19	
MYCO001656	78	0	11	
MYCO001657	96	0	10	
MYCO001658	32	0	24	
MYCO001659	92	0	23	
MYCO001689	6	0	18	
MYCO001694	29	0	11	
MYCO001695	2	0	17	
MYCO001697	3	0	10	
MYCO001699	3	0	38	
MYCO001701	11	0	11	
MYCO001708	4	0	12	
MYCO001709	0	0	21	
MYCO001711	0	0	15	
MYCO001712	6	0	19	
MYCO001713	40	0	22	
MYCO001821	9	0	39	
MYCO001827	3	0	7	
MYCO001829	10	0	11	
MYCO001830	1	0	20	
MYCO001832	33	0	43	
MYCO001837	27	0	29	
MYCO001842	21	0	28	
MYCO001843	26	0	22	
MYCO001844	12	0	34	
MYCO001854	12	0	20	
MYCO001886	19	0	22	
MYCO001894	45	0	30	
MYCO001981	4	0	6	
MYCO002050	1	0	2	
MYCO002089	72	0	24	
MYCO002090	1004	0	4	
MYCO002092	116	0	49	
MYCO002093	14	0	19	
MYCO002096	6	0	19	
MYCO002097	20	0	18	
MYCO002109	8	0	15	
MYCO002110	7	0	19	
MYCO002111	29	0	6	
MYCO002112	442	0	23	
MYCO002115	11	0	35	
MYCO002118	1	0	9	
MYCO002119	4	0	22	
MYCO002121	11	0	11	
MYCO002122	1	0	8	
MYCO002125	10	0	12	
MYCO002130	118	0	13	
MYCO002134	5	0	10	
MYCO002139	18	0	18	
MYCO002140	0	0	12	
MYCO002141	22	0	20	
MYCO002145	14	0	11	
MYCO002150	74	0	15	
MYCO002151	60	0	10	
MYCO002153	203	0	17	
MYCO002154	205	0	16	
MYCO002155	166	0	33	
MYCO002156	4	0	23	
MYCO002157	443	0	17	
MYCO002163	50	0	25	
MYCO002166	4	0	7	
MYCO002170	123	0	10	
MYCO002176	29	0	21	
MYCO002178	5	0	17	
MYCO002179	21	0	6	
MYCO002182	7	0	11	
MYCO002186	1	0	5	
MYCO002187	285	0	23	
MYCO002188	8	0	27	
MYCO002192	26	0	20	
MYCO002193	2	0	7	
MYCO002194	7	0	20	
MYCO002195	7	0	12	
MYCO002196	6	0	22	
MYCO002199	0	0	6	
MYCO002200	6	0	14	
MYCO002201	35	0	21	
MYCO002202	49	0	20	
MYCO002210	22	0	20	
MYCO002211	25	0	20	
MYCO002213	49	0	28	
MYCO002216	10	0	23	
MYCO002217	46	0	21	
MYCO002218	42	0	19	
MYCO002219	27	0	12	
MYCO002220	8	0	24	
MYCO002221	222	0	47	
MYCO002222	11	0	24	
MYCO002225	33	0	19	
MYCO002228	12	0	24	
MYCO002230	55	0	23	
MYCO002235	17	0	16	
MYCO002239	1	0	8	
MYCO002241	142	0	31	
MYCO002242	39	0	16	
MYCO002243	111	0	18	
MYCO002244	2	0	2	
MYCO002245	26	0	16	
MYCO002246	9	0	14	
MYCO002247	49	0	20	
MYCO002257	10	0	15	
MYCO002259	47	0	15	
MYCO002315	179	0	19	
MYCO002343	45	0	27	
MYCO002344	155	0	22	
MYCO002357	6	0	18	
MYCO002361	3	0	11	
MYCO002362	23	0	14	
MYCO002364	4	0	15	
MYCO002366	3	0	20	
MYCO002367	1	0	11	
MYCO002368	15	0	16	
MYCO002373	16	0	18	
MYCO002374	28	0	25	
MYCO002399	12	0	14	
MYCO002400	14	0	22	
MYCO002402	18	0	39	
MYCO002404	8	0	34	
MYCO002409	2	0	11	
MYCO002410	2	0	10	
MYCO002411	25	0	23	
MYCO002413	40	0	18	
MYCO002420	45	0	12	
MYCO002421	0	0	8	
MYCO002425	76	0	18	
MYCO002426	304	0	22	
MYCO002427	87	0	15	
MYCO002439	148	0	18	
MYCO002440	26	0	32	
MYCO002445	5	0	6	
MYCO002447	14	0	28	
MYCO002448	51	0	39	
MYCO002454	6	0	19	
MYCO002455	22	0	20	
MYCO002457	9	0	15	
MYCO002460	1	0	10	
MYCO002461	3	0	8	
MYCO002462	76	0	20	
MYCO002465	14	0	5	
MYCO002466	5	0	16	
MYCO002467	22	0	40	
MYCO002470	3	0	9	
MYCO002477	6	0	25	
MYCO002500	1	0	17	
MYCO002502	11	0	31	
MYCO002509	3	0	19	
MYCO002511	6	0	9	
MYCO002518	129	0	10	
MYCO002521	0	0	10	
MYCO002523	10	0	6	
MYCO002524	288	0	100	
MYCO002533	4	0	8	
MYCO002534	0	0	9	
MYCO002538	49	0	19	
MYCO002540	239	0	16	
MYCO002555	21	0	37	
MYCO002559	77	0	19	
MYCO002568	10	0	27	
MYCO002572	29	0	27	
MYCO002575	20	0	17	
MYCO002580	41	0	22	
MYCO002582	9	0	14	
MYCO002583	26	0	31	
MYCO002587	154	0	23	
MYCO002589	27	0	19	
MYCO002592	37	0	18	
MYCO002593	20	0	10	
MYCO002594	0	0	6	
MYCO002603	1	0	12	
MYCO002606	8	0	14	
MYCO002610	28	0	21	
MYCO002611	16	0	18	
MYCO002612	2	0	13	
MYCO002613	1	0	8	
MYCO002614	17	0	31	
MYCO002670	4	0	13	
MYCO002673	123	241	16	
MYCO002676	6	0	12	
MYCO002678	86	0	15	
MYCO002682	21	0	18	
MYCO002696	27	0	16	
MYCO002697	2	0	10	
MYCO002699	0	0	6	
MYCO002702	2	0	23	
MYCO002703	27	0	21	
MYCO002708	3	0	5	
MYCO002710	17	0	13	
MYCO002711	8	0	11	
MYCO002714	6	0	19	
MYCO002715	154	0	9	
MYCO002720	6	0	18	
MYCO002724	20	0	32	
MYCO002725	31	0	19	
MYCO002726	12	0	8	
MYCO002727	64	0	22	
MYCO002731	112	0	19	
MYCO002733	231	0	20	
MYCO002744	29	0	15	
MYCO002748	90	0	35	
MYCO002750	15	0	13	
MYCO002753	5	0	23	
MYCO002754	5	0	12	
MYCO002764	19	0	20	
MYCO002773	4	0	9	
MYCO002782	77	0	22	
MYCO002783	32	0	26	
MYCO002788	105	0	9	
MYCO002794	4	0	15	
MYCO002795	21	0	18	
MYCO002828	464	132	20	
MYCO002838	16	0	9	
MYCO002839	382	0	33	
MYCO002841	9	0	23	
MYCO002846	2	0	25	
MYCO002847	23	0	25	
MYCO002861	7	0	14	
MYCO002864	14	0	23	
MYCO002868	3	0	17	
MYCO002870	21	0	12	
MYCO002882	3	0	16	
MYCO002883	2	0	10	
MYCO002889	22	0	13	
MYCO002894	124	0	11	
MYCO002901	1	0	5	
MYCO002902	56	0	14	
MYCO002915	21	0	18	
MYCO002916	70	0	22	
MYCO002917	160	0	28	
MYCO002918	68	0	38	
MYCO002919	1	0	8	
MYCO002921	25	0	16	
MYCO002927	6	0	15	
MYCO002965	2	0	5	
MYCO002967	60	0	36	
MYCO002976	14	0	14	
MYCO002981	48	0	22	
MYCO002982	6	0	19	
MYCO002984	12	0	23	
MYCO002988	24	0	23	
MYCO002992	36	0	30	
MYCO002993	1	0	10	
MYCO002995	45	0	23	
MYCO002996	61	0	35	
MYCO003001	5	0	15	
MYCO003003	46	0	26	
MYCO003006	36	0	11	
MYCO003009	5	0	22	
MYCO003010	104	0	12	
MYCO003011	187	0	11	
MYCO003014	86	0	31	
MYCO003024	46	0	19	
MYCO003025	26	0	19	
MYCO003027	13	0	17	
MYCO003028	127	0	15	
MYCO003029	6	0	13	
MYCO003031	50	0	27	
MYCO003032	102	0	15	
MYCO003034	3	0	10	
MYCO003038	3	0	16	
MYCO003042	13	0	14	
MYCO003043	2	0	21	
MYCO003045	1	0	15	
MYCO003048	6	0	14	
MYCO003049	27	0	27	
MYCO003051	11	0	22	
MYCO003052	6	0	5	
MYCO003053	1	0	3	
MYCO003054	44	0	12	
MYCO003057	3	0	18	
MYCO003085	57	0	17	
MYCO003100	3	0	10	
MYCO003101	5	0	16	
MYCO003102	1	0	17	
MYCO003105	41	0	18	
MYCO003117	18	1	15	
MYCO003118	194	3	12	
MYCO003139	6	0	26	
MYCO003140	5	0	26	
MYCO003193	23	0	45	
MYCO003194	0	0	17	
MYCO003195	93	0	29	
MYCO003197	5	0	22	
MYCO003198	59	0	33	
MYCO003205	8	0	14	
MYCO003206	3	0	23	
MYCO003207	7	0	18	
MYCO003208	16	0	15	
MYCO003211	66	0	37	
MYCO003213	2	0	16	
MYCO003214	5	0	16	
MYCO003219	2	0	5	
MYCO003220	8	0	23	
MYCO003221	0	0	9	
MYCO003223	0	0	13	
MYCO003228	88	0	15	
MYCO003229	8	0	27	
MYCO003240	103	0	35	
MYCO003241	54	0	15	
MYCO003245	3	0	24	
MYCO003246	5	0	7	
MYCO003248	8	0	24	
MYCO003252	51	0	18	
MYCO003255	23	0	18	
MYCO003257	47	0	18	
MYCO003258	59	0	3	
MYCO003261	3	0	17	
MYCO003262	53	0	17	
MYCO003264	5	0	18	
MYCO003265	29	0	18	
MYCO003267	74	0	17	
MYCO003274	0	0	20	
MYCO003275	26	0	14	
MYCO003276	19	0	21	
MYCO003277	2	0	14	
MYCO003280	8	0	26	
MYCO003285	36	0	22	
MYCO003290	6	0	15	
MYCO003296	301	0	74	
MYCO003302	17	0	20	
MYCO003303	1016	0	2	
MYCO003304	10	0	3	
MYCO003305	18	0	23	
MYCO003306	77	0	28	
MYCO003313	8	0	13	
MYCO003317	3	0	16	
MYCO003318	44	0	23	
MYCO003319	16	0	16	
MYCO003328	68	0	22	
MYCO003329	12	0	28	
MYCO003330	99	0	16	
MYCO003336	6	0	14	
MYCO003340	9	0	26	
MYCO003341	127	0	21	
MYCO003356	4	0	14	
MYCO003392	12	768	12	
MYCO003396	13	0	24	
MYCO003409	27	0	26	
MYCO003410	184	0	13	
MYCO003411	43	0	26	
MYCO003412	0	0	9	
MYCO003417	1	575	24	
MYCO003418	0	0	5	
MYCO003419	47	0	17	
MYCO003422	1	0	9	
MYCO003432	3	0	16	
MYCO003433	334	0	10	
MYCO003436	242	0	29	
MYCO003441	116	0	29	
MYCO003455	39	0	10	
MYCO003457	7	0	22	
MYCO003462	4	0	9	
MYCO003464	2	0	19	
MYCO003490	15	0	26	
MYCO003500	8	0	18	
MYCO003501	5	0	13	
MYCO003504	6	0	20	
MYCO003520	11	0	24	
MYCO003570	3	0	15	
MYCO003571	11	0	18	
MYCO003579	150	0	26	
MYCO003580	19	0	19	
MYCO003583	1	0	5	
MYCO003589	231	0	14	
MYCO003592	3	0	9	
MYCO003596	80	0	37	
MYCO003598	8	0	19	
MYCO003600	7	0	15	
MYCO003601	7	0	10	
MYCO003609	2	0	8	
MYCO003610	101	0	30	
MYCO003624	3	0	12	
MYCO003628	3	0	12	
MYCO003644	44	0	20	
MYCO003646	160	0	42	
MYCO003647	18	0	11	
MYCO003648	3	0	9	
MYCO003668	2	0	9	
MYCO003670	43	0	11	
MYCO003674	2	0	14	
MYCO003676	0	0	12	
MYCO003677	13	0	19	
MYCO003679	5	0	23	
MYCO003680	24	0	15	
MYCO003682	28	0	38	
MYCO003683	16	0	19	
MYCO003684	10	0	7	
MYCO003695	5	0	22	
MYCO003696	44	0	35	
MYCO003705	1	0	14	
MYCO003707	29	0	20	
MYCO003708	30	0	16	
MYCO003709	25	0	19	
MYCO003710	413	0	16	
MYCO003711	9	0	31	
MYCO003712	131	0	14	
MYCO003713	11	0	12	
MYCO003715	0	0	11	
MYCO003717	1	0	11	
MYCO003718	1	0	7	
MYCO003719	8	0	27	
MYCO003720	28	0	24	
MYCO003721	93	0	27	
MYCO003722	5	0	21	
MYCO003765	115	0	19	
MYCO003774	1	0	20	
MYCO003775	16	0	40	
MYCO003777	46	0	25	
MYCO003778	6	0	24	
MYCO003780	99	0	11	
MYCO003781	3	0	8	
MYCO003782	10	0	16	
MYCO003783	11	0	14	
MYCO003790	7	0	20	
MYCO003791	13	0	23	
MYCO003793	176	0	53	
MYCO003794	52	0	80	
MYCO003795	49	0	102	
MYCO003799	5	0	27	
MYCO003801	6	0	25	
MYCO003802	21	0	18	
MYCO003804	11	0	23	
MYCO003806	2	0	30	
MYCO003808	63	0	31	
MYCO003809	1	0	19	
MYCO003816	66	0	14	
MYCO003834	31	0	18	
MYCO003835	131	0	18	
MYCO003842	26	0	34	
MYCO003847	385	0	11	
MYCO003849	1	0	3	
MYCO003858	10	0	25	
MYCO003859	106	0	64	
MYCO003907	6	0	30	
MYCO003908	36	0	14	
MYCO003913	21	0	36	
MYCO003915	4	0	29	
MYCO003917	1	0	35	
MYCO003918	5	0	30	
MYCO003920	3	0	20	
MYCO003921	7	0	35	
MYCO013678	0	0	10	
MYCO000002	9	0	43	
MYCO000003	6	0	27	
MYCO000004	3	0	28	
MYCO000007	108	0	44	
MYCO000008	3	0	20	
MYCO000010	3	0	32	
MYCO000012	5	0	28	
MYCO000014	4	0	45	
MYCO000018	48	0	37	
MYCO000020	55	0	63	
MYCO000021	147	0	29	
MYCO000022	13	0	19	
MYCO000023	10	0	27	
MYCO000024	295	0	18	
MYCO000025	101	0	13	
MYCO000026	31	0	48	
MYCO000027	7	0	9	
MYCO000028	2	0	10	
MYCO000029	74	0	39	
MYCO000030	225	0	15	
MYCO000031	8	0	9	
MYCO000032	310	0	49	
MYCO000033	1	0	8	
MYCO000034	2	0	12	
MYCO000035	15	0	52	
MYCO000036	20	0	25	
MYCO000037	15	0	34	
MYCO000039	37	0	10	
MYCO000040	22	0	25	
MYCO000041	103	0	74	
MYCO000042	72	0	27	
MYCO000043	9	0	19	
MYCO000044	126	0	20	
MYCO000045	455	0	21	
MYCO000048	2	0	30	
MYCO000052	33	5	17	
MYCO000057	7	604	18	
MYCO000058	19	0	45	
MYCO000059	5	0	20	
MYCO000060	3	0	20	
MYCO000061	219	0	11	
MYCO000062	43	0	31	
MYCO000063	74	0	47	
MYCO000064	419	0	56	
MYCO000065	1	0	6	
MYCO000067	2	0	17	
MYCO000069	26	0	40	
MYCO000070	5	580	28	
MYCO000071	273	0	28	
MYCO000072	228	0	20	
MYCO000073	6	433	27	
MYCO000074	394	0	22	
MYCO000075	46	0	25	
MYCO000076	5	0	7	
MYCO000077	11	0	14	
MYCO000078	14	0	13	
MYCO000079	12	0	17	
MYCO000080	18	0	20	
MYCO000081	2	0	18	
MYCO000082	265	0	11	
MYCO000083	353	0	30	
MYCO000084	5	0	15	
MYCO000085	58	0	22	
MYCO000086	72	0	31	
MYCO000087	67	0	25	
MYCO000088	5	0	20	
MYCO000089	8	0	20	
MYCO000090	17	0	21	
MYCO000091	20	0	14	
MYCO000092	52	0	57	
MYCO000093	31	0	23	
MYCO000094	989	19	16	
MYCO000095	433	0	80	
MYCO000096	105	0	35	
MYCO000097	4	0	11	
MYCO000098	4	0	12	
MYCO000099	308	0	27	
MYCO000100	3	0	5	
MYCO000101	40	0	130	
MYCO000102	30	0	40	
MYCO000103	51	0	40	
MYCO000104	312	0	34	
MYCO000106	19	0	25	
MYCO000107	1016	0	2	
MYCO000108	3	0	5	
MYCO000109	309	0	29	
MYCO000110	4	0	14	
MYCO000111	33	0	47	
MYCO000112	11	0	32	
MYCO000113	48	0	20	
MYCO000114	53	0	17	
MYCO000115	134	0	31	
MYCO000116	5	0	18	
MYCO000117	4	0	23	
MYCO000118	37	0	41	
MYCO000119	24	0	42	
MYCO000120	22	0	49	
MYCO000121	29	0	18	
MYCO000122	4	0	5	
MYCO000123	1	0	8	
MYCO000124	994	0	2	
MYCO000125	51	0	23	
MYCO000126	12	0	36	
MYCO000127	8	0	28	
MYCO000128	12	0	13	
MYCO000130	2	0	14	
MYCO000131	7	0	29	
MYCO000132	41	0	21	
MYCO000133	114	0	18	
MYCO000134	332	0	14	
MYCO000135	1	0	10	
MYCO000136	100	0	39	
MYCO000137	128	0	10	
MYCO000138	117	0	14	
MYCO000139	6	0	25	
MYCO000140	2	0	10	
MYCO000141	3	0	12	
MYCO000142	161	0	17	
MYCO000143	72	0	41	
MYCO000144	67	0	14	
MYCO000145	56	0	18	
MYCO000146	186	0	19	
MYCO000147	39	0	30	
MYCO000148	11	0	8	
MYCO000149	197	0	21	
MYCO000150	10	0	9	
MYCO000151	74	0	37	
MYCO000152	12	0	40	
MYCO000153	21	0	18	
MYCO000154	10	0	16	
MYCO000155	28	0	15	
MYCO000156	1	0	8	
MYCO000157	80	0	27	
MYCO000158	2	0	18	
MYCO000159	80	0	31	
MYCO000160	11	0	33	
MYCO000161	26	0	31	
MYCO000162	49	0	22	
MYCO000163	1	0	12	
MYCO000164	3	0	11	
MYCO000165	506	0	5	
MYCO000166	13	0	40	
MYCO000167	1	496	16	
MYCO000168	20	0	25	
MYCO000169	25	0	41	
MYCO000170	4	0	18	
MYCO000171	263	0	23	
MYCO000172	57	0	35	
MYCO000173	4	0	24	
MYCO000174	18	0	31	
MYCO000175	16	0	28	
MYCO000176	31	0	24	
MYCO000177	1	0	10	
MYCO000178	1	0	18	
MYCO000179	55	0	21	
MYCO000180	125	0	39	
MYCO000181	1	0	19	
MYCO000182	88	0	31	
MYCO000185	13	0	10	
MYCO000186	59	0	45	
MYCO000187	14	0	14	
MYCO000188	4	0	11	
MYCO000190	0	0	8	
MYCO000191	91	0	17	
MYCO000192	240	0	14	
MYCO000193	15	0	42	
MYCO000194	76	0	77	
MYCO000195	177	0	14	
MYCO000196	11	0	11	
MYCO000197	1024	0	0	
MYCO000199	1	0	16	
MYCO000200	13	0	10	
MYCO000201	67	0	7	
MYCO000202	35	0	53	
MYCO000203	50	0	14	
MYCO000205	137	0	16	
MYCO000206	53	0	43	
MYCO000208	7	0	10	
MYCO000209	79	0	22	
MYCO000210	94	0	20	
MYCO000212	15	0	21	
MYCO000213	8	0	27	
MYCO000214	20	0	41	
MYCO000215	119	0	20	
MYCO000216	15	0	17	
MYCO000217	92	0	17	
MYCO000218	292	0	25	
MYCO000219	0	0	18	
MYCO000220	37	0	20	
MYCO000221	113	0	24	
MYCO000222	22	0	18	
MYCO000224	17	0	9	
MYCO000226	51	0	28	
MYCO000229	2	0	19	
MYCO000230	3	0	33	
MYCO000231	13	0	23	
MYCO000232	4	0	15	
MYCO000233	95	0	12	
MYCO000234	55	0	27	
MYCO000235	14	0	40	
MYCO000239	2	0	7	
MYCO000240	2	0	13	
MYCO000245	6	0	12	
MYCO000246	50	0	30	
MYCO000249	5	0	15	
MYCO000250	3	0	6	
MYCO000251	1	0	12	
MYCO000252	16	0	51	
MYCO000253	9	0	9	
MYCO000254	9	0	8	
MYCO000255	93	0	31	
MYCO000256	262	0	26	
MYCO000257	131	0	12	
MYCO000258	10	0	12	
MYCO000259	2	0	18	
MYCO000260	17	0	24	
MYCO000261	17	0	31	
MYCO000262	5	0	10	
MYCO000263	97	0	15	
MYCO000264	24	0	14	
MYCO000265	4	0	26	
MYCO000266	267	0	60	
MYCO000267	103	0	25	
MYCO000268	9	0	9	
MYCO000269	22	0	18	
MYCO000271	39	0	44	
MYCO000272	16	0	22	
MYCO000273	10	0	16	
MYCO000275	103	0	22	
MYCO000276	49	266	17	
MYCO000277	29	398	34	
MYCO000278	1023	0	1	
MYCO000279	955	0	29	
MYCO000280	423	0	36	
MYCO000281	49	0	14	
MYCO000282	11	0	40	
MYCO000283	79	0	30	
MYCO000284	188	0	66	
MYCO000285	27	0	6	
MYCO000286	284	0	30	
MYCO000287	5	4	4	
MYCO000288	0	0	11	
MYCO000289	18	0	20	
MYCO000290	160	0	27	
MYCO000291	134	0	25	
MYCO000292	8	0	18	
MYCO000293	30	0	26	
MYCO000294	21	0	25	
MYCO000295	5	0	13	
MYCO000296	15	0	23	
MYCO000297	543	0	46	
MYCO000298	2	0	8	
MYCO000299	1	0	10	
MYCO000300	2	0	6	
MYCO000301	0	0	10	
MYCO000302	19	0	18	
MYCO000303	9	0	18	
MYCO000304	144	0	148	
MYCO000305	1005	0	5	
MYCO000306	5	0	14	
MYCO000307	5	0	16	
MYCO000308	2	0	19	
MYCO000309	5	0	8	
MYCO000310	1	0	8	
MYCO000311	8	0	32	
MYCO000312	80	0	34	
MYCO000313	1	0	10	
MYCO000314	38	0	19	
MYCO000315	244	0	17	
MYCO000316	82	0	15	
MYCO000317	12	0	18	
MYCO000318	7	0	13	
MYCO000319	13	0	16	
MYCO000320	3	0	11	
MYCO000323	108	0	13	
MYCO000324	1	0	15	
MYCO000325	494	0	3	
MYCO000326	56	0	13	
MYCO000327	65	0	27	
MYCO000328	4	0	6	
MYCO000329	32	0	14	
MYCO000330	7	0	21	
MYCO000331	66	0	31	
MYCO000332	9	0	19	
MYCO000333	1	0	10	
MYCO000335	136	0	8	
MYCO000336	889	115	10	
MYCO000338	192	0	36	
MYCO000339	148	0	51	
MYCO000340	2	0	16	
MYCO000341	296	0	23	
MYCO000342	23	0	32	
MYCO000343	40	0	32	
MYCO000344	5	0	11	
MYCO000345	1	0	12	
MYCO000346	49	0	17	
MYCO000347	3	5	17	
MYCO000348	4	0	8	
MYCO000349	8	0	16	
MYCO000351	27	0	11	
MYCO000353	2	0	9	
MYCO000354	1024	0	0	
MYCO000355	617	0	119	
MYCO000356	75	0	17	
MYCO000358	265	0	10	
MYCO000359	12	0	19	
MYCO000361	2	0	16	
MYCO000362	7	0	31	
MYCO000363	10	0	22	
MYCO000364	3	0	20	
MYCO000365	26	0	22	
MYCO000366	15	0	14	
MYCO000367	5	0	9	
MYCO000368	41	0	25	
MYCO000369	3	0	11	
MYCO000370	5	0	23	
MYCO000371	7	0	11	
MYCO000372	24	0	21	
MYCO000373	38	0	54	
MYCO000374	3	0	14	
MYCO000375	94	0	15	
MYCO000376	85	0	24	
MYCO000377	82	0	26	
MYCO000378	139	0	5	
MYCO000379	4	0	8	
MYCO000380	15	0	15	
MYCO000381	11	0	15	
MYCO000382	3	0	7	
MYCO000385	2	0	13	
MYCO000386	99	0	56	
MYCO000387	356	0	8	
MYCO000388	1024	0	0	
MYCO000389	137	0	29	
MYCO000390	0	0	7	
MYCO000391	18	0	12	
MYCO000392	49	0	34	
MYCO000393	322	0	39	
MYCO000394	11	0	17	
MYCO000395	179	0	8	
MYCO000396	7	0	12	
MYCO000397	157	325	32	
MYCO000398	56	0	13	
MYCO000399	16	0	36	
MYCO000400	20	0	16	
MYCO000401	47	0	6	
MYCO000402	195	0	45	
MYCO000403	226	0	8	
MYCO000404	31	0	58	
MYCO000405	491	0	71	
MYCO000406	10	0	12	
MYCO000408	6	0	36	
MYCO000409	6	0	29	
MYCO000412	6	0	28	
MYCO000413	27	0	16	
MYCO000416	1	0	7	
MYCO000418	5	0	30	
MYCO000419	16	0	31	
MYCO000420	2	0	15	
MYCO000421	5	0	13	
MYCO000422	1	0	14	
MYCO000424	1	0	8	
MYCO000425	235	0	67	
MYCO000426	20	0	10	
MYCO000427	11	0	19	
MYCO000428	45	0	19	
MYCO000430	13	0	6	
MYCO000431	5	0	10	
MYCO000434	5	0	14	
MYCO000435	62	0	45	
MYCO000436	68	0	15	
MYCO000437	50	0	8	
MYCO000438	17	0	20	
MYCO000441	70	0	14	
MYCO000442	19	0	31	
MYCO000443	32	0	10	
MYCO000444	159	0	19	
MYCO000445	2	0	11	
MYCO000446	237	0	12	
MYCO000447	41	0	27	
MYCO000448	19	0	11	
MYCO000449	10	0	13	
MYCO000450	16	0	42	
MYCO000451	3	0	7	
MYCO000452	1	0	11	
MYCO000453	251	0	20	
MYCO000454	4	0	4	
MYCO000455	1	0	10	
MYCO000456	8	0	26	
MYCO000457	123	0	28	
MYCO000458	74	0	31	
MYCO000459	34	0	16	
MYCO000460	2	0	5	
MYCO000461	13	0	13	
MYCO000463	17	0	6	
MYCO000464	1	0	13	
MYCO000469	23	0	30	
MYCO000470	12	0	11	
MYCO000471	17	0	20	
MYCO000473	6	0	17	
MYCO000474	2	0	11	
MYCO000476	4	0	5	
MYCO000477	14	0	5	
MYCO000478	3	0	14	
MYCO000479	110	0	15	
MYCO000480	34	0	14	
MYCO000481	5	0	9	
MYCO000482	7	0	20	
MYCO000485	16	0	20	
MYCO000487	31	0	16	
MYCO000488	5	0	16	
MYCO000492	129	0	33	
MYCO000493	28	0	21	
MYCO000494	21	0	13	
MYCO000497	127	0	16	
MYCO000499	22	0	12	
MYCO000500	94	0	15	
MYCO000503	3	0	10	
MYCO000504	0	0	8	
MYCO000506	7	0	3	
MYCO000507	92	0	69	
MYCO000508	0	0	3	
MYCO000511	157	0	24	
MYCO000513	8	0	10	
MYCO000514	9	0	10	
MYCO000515	889	62	11	
MYCO000516	0	0	6	
MYCO000517	23	0	20	
MYCO000518	1	0	11	
MYCO000519	107	0	12	
MYCO000520	9	0	6	
MYCO000521	1	0	9	
MYCO000522	3	0	22	
MYCO000523	57	0	10	
MYCO000525	86	0	18	
MYCO000526	7	0	8	
MYCO000530	92	0	26	
MYCO000531	127	0	7	
MYCO000532	958	0	3	
MYCO000533	21	0	13	
MYCO000534	31	0	19	
MYCO000535	10	0	14	
MYCO000536	159	0	16	
MYCO000537	80	0	32	
MYCO000538	236	0	48	
MYCO000539	400	0	7	
MYCO000540	76	0	4	
MYCO000541	35	0	27	
MYCO000542	132	0	16	
MYCO000543	0	0	4	
MYCO000544	87	0	7	
MYCO000545	30	0	22	
MYCO000546	2	0	10	
MYCO000547	64	0	22	
MYCO000549	16	0	11	
MYCO000550	4	0	5	
MYCO000552	225	0	20	
MYCO000554	70	0	15	
MYCO000556	3	0	10	
MYCO000559	18	0	6	
MYCO000560	2	0	14	
MYCO000561	54	0	14	
MYCO000565	48	0	32	
MYCO000567	10	0	18	
MYCO000568	34	0	26	
MYCO000569	3	0	7	
MYCO000570	65	0	38	
MYCO000571	91	0	22	
MYCO000572	6	0	7	
MYCO000573	56	0	33	
MYCO000574	62	0	18	
MYCO000575	64	0	25	
MYCO000576	65	0	23	
MYCO000577	73	0	16	
MYCO000578	763	0	45	
MYCO000579	56	0	18	
MYCO000580	7	0	11	
MYCO000581	31	0	8	
MYCO000582	3	0	8	
MYCO000583	23	0	14	
MYCO000584	13	0	52	
MYCO000585	32	0	41	
MYCO000586	2	298	14	
MYCO000587	31	0	25	
MYCO000588	48	0	18	
MYCO000589	11	0	26	
MYCO000590	501	0	9	
MYCO000591	70	0	27	
MYCO000592	171	0	21	
MYCO000593	12	0	24	
MYCO000594	65	0	33	
MYCO000595	3	0	8	
MYCO000596	8	0	5	
MYCO000597	5	0	17	
MYCO000598	4	0	13	
MYCO000599	2	546	6	
MYCO000600	44	0	9	
MYCO000601	39	0	16	
MYCO000602	131	0	15	
MYCO000603	172	0	4	
MYCO000604	44	0	25	
MYCO000605	4	0	11	
MYCO000606	18	0	18	
MYCO000607	1	0	7	
MYCO000608	1	0	5	
MYCO000609	8	0	9	
MYCO000610	118	0	15	
MYCO000611	1	0	6	
MYCO000612	137	0	11	
MYCO000613	269	0	36	
MYCO000614	35	0	16	
MYCO000615	8	0	6	
MYCO000616	7	0	6	
MYCO000617	2	0	14	
MYCO000618	126	0	9	
MYCO000619	1024	0	0	
MYCO000620	268	0	17	
MYCO000621	136	0	15	
MYCO000622	4	0	22	
MYCO000623	1	0	4	
MYCO000624	1	0	12	
MYCO000625	71	0	15	
MYCO000626	7	0	7	
MYCO000627	7	0	3	
MYCO000628	82	478	27	
MYCO000629	180	0	23	
MYCO000630	258	0	38	
MYCO000631	259	0	45	
MYCO000632	0	0	9	
MYCO000633	10	0	25	
MYCO000634	2	0	9	
MYCO000635	5	0	13	
MYCO000637	4	0	16	
MYCO000638	15	0	11	
MYCO000642	7	0	17	
MYCO000643	30	0	11	
MYCO000644	2	4	19	
MYCO000645	2	0	18	
MYCO000646	13	0	11	
MYCO000648	337	0	60	
MYCO000649	385	0	6	
MYCO000650	268	0	16	
MYCO000653	9	0	10	
MYCO000654	110	0	29	
MYCO000656	10	0	13	
MYCO000657	2	0	4	
MYCO000658	6	0	17	
MYCO000659	3	0	10	
MYCO000660	9	0	8	
MYCO000661	14	0	5	
MYCO000662	7	0	6	
MYCO000663	90	0	36	
MYCO000664	2	0	5	
MYCO000665	11	0	10	
MYCO000666	1	0	6	
MYCO000669	89	0	33	
MYCO000670	203	0	9	
MYCO000671	22	0	17	
MYCO000673	139	0	19	
MYCO000674	11	0	7	
MYCO000675	45	0	11	
MYCO000676	4	423	50	
MYCO000677	1	0	14	
MYCO000678	4	0	7	
MYCO000679	17	0	10	
MYCO000680	1	0	7	
MYCO000681	2	0	12	
MYCO000686	156	0	7	
MYCO000687	13	0	12	
MYCO000688	11	0	19	
MYCO000689	46	0	5	
MYCO000690	7	0	12	
MYCO000691	0	0	18	
MYCO000692	0	0	3	
MYCO000694	40	0	21	
MYCO000695	4	0	18	
MYCO000697	8	0	24	
MYCO000698	184	0	19	
MYCO000699	0	0	6	
MYCO000711	78	0	31	
MYCO000712	3	0	11	
MYCO000713	5	0	21	
MYCO000724	98	0	35	
MYCO000725	12	0	15	
MYCO000726	29	0	23	
MYCO000727	54	0	19	
MYCO000728	28	0	24	
MYCO000729	159	0	27	
MYCO000730	28	0	15	
MYCO000731	94	0	13	
MYCO000735	4	0	15	
MYCO000736	19	0	18	
MYCO000737	3	0	9	
MYCO000738	122	0	10	
MYCO000739	517	0	6	
MYCO000740	252	0	18	
MYCO000741	6	107	11	
MYCO000742	1024	0	0	
MYCO000743	3	0	9	
MYCO000744	47	0	13	
MYCO000745	133	0	14	
MYCO000746	927	0	11	
MYCO000747	927	0	15	
MYCO000748	95	0	11	
MYCO000749	29	466	31	
MYCO000750	234	364	15	
MYCO000751	36	0	16	
MYCO000752	21	0	23	
MYCO000753	55	0	25	
MYCO000754	263	0	31	
MYCO000755	117	0	54	
MYCO000756	29	0	18	
MYCO000759	0	0	4	
MYCO000760	37	0	8	
MYCO000761	8	0	14	
MYCO000762	4	0	9	
MYCO000763	2	0	7	
MYCO000764	5	0	29	
MYCO000765	24	0	12	
MYCO000766	262	0	17	
MYCO000767	73	0	13	
MYCO000768	18	0	24	
MYCO000769	4	0	13	
MYCO000770	62	0	17	
MYCO000771	15	0	9	
MYCO000773	16	0	36	
MYCO000774	36	0	23	
MYCO000775	13	0	14	
MYCO000776	46	0	11	
MYCO000778	50	0	19	
MYCO000779	325	0	9	
MYCO000781	997	0	1	
MYCO000783	7	0	36	
MYCO000784	30	0	12	
MYCO000785	37	0	23	
MYCO000786	41	0	9	
MYCO000787	147	0	20	
MYCO000789	2	0	8	
MYCO000790	7	0	20	
MYCO000791	24	0	28	
MYCO000792	3	0	20	
MYCO000793	3	0	7	
MYCO000794	12	0	21	
MYCO000795	116	0	7	
MYCO000796	1024	0	0	
MYCO000797	1009	0	3	
MYCO000798	9	0	10	
MYCO000799	1	0	15	
MYCO000800	11	0	26	
MYCO000801	3	0	6	
MYCO000802	19	0	19	
MYCO000804	179	0	10	
MYCO000805	2	0	24	
MYCO000806	9	0	25	
MYCO000807	3	0	4	
MYCO000811	57	0	17	
MYCO000812	6	0	14	
MYCO000813	64	0	17	
MYCO000816	0	0	12	
MYCO000817	2	0	16	
MYCO000818	24	0	15	
MYCO000819	14	0	18	
MYCO000822	169	0	25	
MYCO000825	11	0	21	
MYCO000826	58	0	15	
MYCO000827	77	0	10	
MYCO000828	20	0	10	
MYCO000829	29	302	19	
MYCO000830	8	0	23	
MYCO000831	5	0	14	
MYCO000832	228	0	7	
MYCO000833	804	0	24	
MYCO000834	603	0	34	
MYCO000835	87	0	17	
MYCO000836	506	0	9	
MYCO000837	30	0	20	
MYCO000838	9	0	13	
MYCO000839	11	0	9	
MYCO000840	14	0	16	
MYCO000841	10	0	10	
MYCO000842	50	0	27	
MYCO000843	4	0	25	
MYCO000844	20	0	17	
MYCO000845	14	0	28	
MYCO000846	43	0	24	
MYCO000847	126	0	10	
MYCO000848	17	0	27	
MYCO000849	144	0	26	
MYCO000850	6	0	2	
MYCO000851	65	0	13	
MYCO000852	8	0	20	
MYCO000853	39	0	31	
MYCO000854	3	0	12	
MYCO000855	33	0	19	
MYCO000856	2	0	9	
MYCO000857	5	0	10	
MYCO000858	55	0	28	
MYCO000862	88	0	46	
MYCO000863	3	0	4	
MYCO000864	4	0	8	
MYCO000865	7	0	7	
MYCO000866	87	0	11	
MYCO000867	495	0	38	
MYCO000868	10	0	7	
MYCO000869	68	0	22	
MYCO000870	3	0	10	
MYCO000872	444	0	28	
MYCO000873	21	0	22	
MYCO000874	83	481	23	
MYCO000875	6	0	10	
MYCO000877	5	0	15	
MYCO000878	744	0	22	
MYCO000879	28	0	8	
MYCO000880	14	0	7	
MYCO000881	6	0	14	
MYCO000882	8	0	8	
MYCO000883	27	0	13	
MYCO000887	5	0	6	
MYCO000888	221	0	30	
MYCO000890	42	0	48	
MYCO000891	36	0	15	
MYCO000892	10	0	40	
MYCO000893	10	0	28	
MYCO000894	15	0	29	
MYCO000895	27	0	24	
MYCO000897	221	0	30	
MYCO000898	0	0	3	
MYCO000899	1	0	14	
MYCO000900	2	0	4	
MYCO000901	49	0	15	
MYCO000904	157	0	21	
MYCO000905	7	0	11	
MYCO000907	1024	0	0	
MYCO000908	8	0	39	
MYCO000909	10	0	4	
MYCO000910	3	0	10	
MYCO000911	65	0	20	
MYCO000912	2	0	9	
MYCO000913	33	0	22	
MYCO000914	31	0	34	
MYCO000915	159	0	28	
MYCO000916	4	0	11	
MYCO000917	26	0	28	
MYCO000918	12	0	14	
MYCO000919	0	0	12	
MYCO000920	15	0	22	
MYCO000921	9	0	12	
MYCO000922	34	0	32	
MYCO000923	2	0	30	
MYCO000924	81	0	17	
MYCO000925	14	0	13	
MYCO000928	15	0	12	
MYCO000930	12	0	9	
MYCO000931	38	0	47	
MYCO000932	14	0	29	
MYCO000933	5	0	18	
MYCO000934	133	0	18	
MYCO000935	14	0	23	
MYCO000936	12	0	11	
MYCO000937	1	0	13	
MYCO000938	8	0	45	
MYCO000939	19	0	37	
MYCO000940	2	0	17	
MYCO000941	7	0	19	
MYCO000942	3	0	6	
MYCO000943	11	0	17	
MYCO000944	9	0	15	
MYCO000945	23	0	19	
MYCO000947	4	0	9	
MYCO000948	0	0	6	
MYCO000950	36	0	26	
MYCO000954	30	0	26	
MYCO000955	198	0	20	
MYCO000956	97	0	13	
MYCO000958	126	0	24	
MYCO000959	164	0	37	
MYCO000960	10	0	7	
MYCO000961	10	622	6	
MYCO000962	55	0	16	
MYCO000963	61	0	13	
MYCO000964	7	0	8	
MYCO000965	4	0	12	
MYCO000966	110	0	14	
MYCO000967	7	0	5	
MYCO000968	9	0	8	
MYCO000969	232	0	47	
MYCO000970	1	0	11	
MYCO000971	93	0	14	
MYCO000972	12	0	31	
MYCO000973	64	0	43	
MYCO000974	38	0	33	
MYCO000975	89	0	18	
MYCO000976	127	0	26	
MYCO000977	590	0	38	
MYCO000978	940	0	30	
MYCO000979	5	0	6	
MYCO000980	983	0	23	
MYCO000982	37	0	23	
MYCO000984	9	0	6	
MYCO000985	1	0	12	
MYCO000986	36	0	21	
MYCO000987	65	0	74	
MYCO000988	29	0	37	
MYCO000989	14	0	35	
MYCO000990	31	0	18	
MYCO000991	1	0	7	
MYCO000992	44	0	14	
MYCO000996	5	0	22	
MYCO000997	0	0	12	
MYCO000998	27	0	15	
MYCO000999	15	0	10	
MYCO001000	10	0	9	
MYCO001003	55	0	15	
MYCO001004	373	0	27	
MYCO001005	249	0	10	
MYCO001006	20	0	29	
MYCO001012	118	0	6	
MYCO001016	5	0	7	
MYCO001019	1	0	7	
MYCO001021	7	0	12	
MYCO001024	73	0	12	
MYCO001025	11	0	5	
MYCO001027	5	0	10	
MYCO001028	287	0	39	
MYCO001029	11	0	45	
MYCO001030	11	0	43	
MYCO001031	16	0	10	
MYCO001032	19	0	24	
MYCO001033	9	0	14	
MYCO001034	142	0	11	
MYCO001035	153	0	18	
MYCO001036	23	0	9	
MYCO001037	86	467	85	
MYCO001038	582	98	63	
MYCO001039	213	0	17	
MYCO001040	102	0	14	
MYCO001041	40	8	25	
MYCO001042	19	0	15	
MYCO001043	5	0	18	
MYCO001044	0	0	9	
MYCO001045	202	0	13	
MYCO001046	1024	0	0	
MYCO001047	999	9	7	
MYCO001048	4	0	30	
MYCO001049	8	0	14	
MYCO001050	39	0	14	
MYCO001051	7	0	22	
MYCO001052	7	0	10	
MYCO001053	2	0	8	
MYCO001054	0	0	7	
MYCO001055	0	0	3	
MYCO001056	8	29	16	
MYCO001057	6	0	26	
MYCO001058	25	0	22	
MYCO001059	13	0	24	
MYCO001060	3	0	12	
MYCO001061	3	0	11	
MYCO001062	54	0	14	
MYCO001063	20	0	31	
MYCO001064	60	0	9	
MYCO001065	25	0	13	
MYCO001066	111	0	4	
MYCO001067	1019	0	5	
MYCO001068	991	0	7	
MYCO001069	24	0	36	
MYCO001073	25	0	23	
MYCO001074	20	0	21	
MYCO001075	37	0	28	
MYCO001076	11	0	19	
MYCO001078	245	0	7	
MYCO001081	13	0	11	
MYCO001083	1	0	3	
MYCO001084	345	0	17	
MYCO001085	9	0	14	
MYCO001087	851	0	32	
MYCO001088	89	0	15	
MYCO001089	1024	0	0	
MYCO001090	10	0	9	
MYCO001091	930	0	29	
MYCO001093	18	0	23	
MYCO001096	21	0	12	
MYCO001097	5	0	23	
MYCO001100	7	0	14	
MYCO001101	30	0	16	
MYCO001102	4	0	6	
MYCO001103	1	0	4	
MYCO001104	1	0	17	
MYCO001105	9	0	9	
MYCO001106	24	0	14	
MYCO001107	0	0	6	
MYCO001109	2	0	9	
MYCO001111	9	0	20	
MYCO001113	0	0	2	
MYCO001114	1	0	9	
MYCO001115	16	0	26	
MYCO001116	5	0	3	
MYCO001117	2	0	7	
MYCO001118	56	0	20	
MYCO001119	3	0	3	
MYCO001120	4	0	11	
MYCO001121	24	0	28	
MYCO001122	91	0	17	
MYCO001123	10	0	20	
MYCO001124	20	0	17	
MYCO001125	114	0	26	
MYCO001126	5	0	12	
MYCO001127	5	0	26	
MYCO001128	327	0	26	
MYCO001129	6	0	41	
MYCO001130	13	0	27	
MYCO001131	3	0	20	
MYCO001132	168	0	24	
MYCO001133	136	0	24	
MYCO001134	65	0	7	
MYCO001135	299	0	36	
MYCO001136	1	0	5	
MYCO001137	10	0	8	
MYCO001138	16	0	17	
MYCO001139	91	0	15	
MYCO001140	1	0	13	
MYCO001141	7	510	16	
MYCO001142	7	582	13	
MYCO001143	16	0	19	
MYCO001144	14	0	13	
MYCO001145	503	0	6	
MYCO001146	13	0	22	
MYCO001147	5	0	12	
MYCO001148	992	4	13	
MYCO001149	19	0	15	
MYCO001150	1024	0	0	
MYCO001151	8	0	7	
MYCO001152	6	0	8	
MYCO001153	18	0	19	
MYCO001154	1	0	9	
MYCO001155	8	0	9	
MYCO001156	10	0	9	
MYCO001157	427	0	14	
MYCO001158	221	0	11	
MYCO001159	3	0	23	
MYCO001160	19	0	11	
MYCO001161	40	0	58	
MYCO001162	13	0	23	
MYCO001163	8	0	7	
MYCO001164	4	0	12	
MYCO001166	36	0	21	
MYCO001167	7	0	8	
MYCO001168	158	0	18	
MYCO001169	6	0	6	
MYCO001170	9	0	16	
MYCO001171	2	0	9	
MYCO001172	131	0	20	
MYCO001174	2	0	10	
MYCO001175	384	0	34	
MYCO001176	47	0	10	
MYCO001179	185	0	55	
MYCO001180	1022	0	1	
MYCO001181	57	0	80	
MYCO001182	8	0	20	
MYCO001183	9	0	56	
MYCO001184	6	0	22	
MYCO001185	14	0	26	
MYCO001186	71	0	32	
MYCO001187	112	0	25	
MYCO001188	53	0	25	
MYCO001189	21	0	16	
MYCO001190	126	0	16	
MYCO001191	170	0	16	
MYCO001192	110	0	11	
MYCO001194	9	0	21	
MYCO001195	3	0	5	
MYCO001196	498	70	157	
MYCO001197	582	108	64	
MYCO001198	86	475	83	
MYCO001199	999	9	7	
MYCO001200	72	0	29	
MYCO001203	65	0	13	
MYCO001204	71	0	34	
MYCO001205	16	0	9	
MYCO001206	15	0	24	
MYCO001209	9	0	7	
MYCO001210	4	0	3	
MYCO001211	1	0	5	
MYCO001212	12	0	19	
MYCO001214	37	0	9	
MYCO001215	147	0	40	
MYCO001216	22	0	12	
MYCO001217	171	0	35	
MYCO001218	4	0	21	
MYCO001219	9	0	14	
MYCO001222	2	0	9	
MYCO001224	2	0	19	
MYCO001225	240	0	19	
MYCO001226	137	0	28	
MYCO001227	8	0	10	
MYCO001228	3	0	18	
MYCO001230	78	0	34	
MYCO001231	33	0	10	
MYCO001232	20	0	29	
MYCO001233	42	0	19	
MYCO001234	9	0	13	
MYCO001235	3	0	20	
MYCO001236	11	0	15	
MYCO001237	3	0	7	
MYCO001240	19	0	21	
MYCO001241	10	0	6	
MYCO001242	6	0	9	
MYCO001243	652	0	21	
MYCO001244	153	0	19	
MYCO001246	2	0	10	
MYCO001247	4	0	2	
MYCO001249	14	0	22	
MYCO001250	123	0	28	
MYCO001251	292	0	48	
MYCO001252	2	0	11	
MYCO001254	98	0	20	
MYCO001255	11	0	19	
MYCO001256	26	0	24	
MYCO001257	6	0	33	
MYCO001258	228	0	25	
MYCO001259	35	0	10	
MYCO001260	104	0	17	
MYCO001261	9	0	11	
MYCO001262	10	0	8	
MYCO001263	107	0	20	
MYCO001264	30	0	25	
MYCO001265	22	0	6	
MYCO001266	216	0	26	
MYCO001267	7	0	18	
MYCO001268	66	0	17	
MYCO001269	195	0	5	
MYCO001270	57	0	15	
MYCO001271	4	0	7	
MYCO001274	104	0	6	
MYCO001275	2	0	11	
MYCO001276	52	0	12	
MYCO001278	197	0	34	
MYCO001279	13	0	24	
MYCO001280	6	0	24	
MYCO001281	20	0	28	
MYCO001282	2	0	9	
MYCO001283	30	0	14	
MYCO001284	2	0	9	
MYCO001285	2	0	23	
MYCO001286	5	0	41	
MYCO001287	0	0	6	
MYCO001288	420	0	30	
MYCO001289	3	0	12	
MYCO001290	162	207	26	
MYCO001291	5	0	10	
MYCO001296	35	0	18	
MYCO001300	111	0	10	
MYCO001301	3	0	14	
MYCO001303	2	0	7	
MYCO001304	3	0	16	
MYCO001306	2	0	10	
MYCO001307	8	0	22	
MYCO001312	10	0	14	
MYCO001313	555	14	15	
MYCO001314	10	0	14	
MYCO001316	10	0	13	
MYCO001317	47	0	32	
MYCO001318	45	0	32	
MYCO001319	766	0	24	
MYCO001320	39	0	41	
MYCO001322	50	0	5	
MYCO001324	102	0	19	
MYCO001325	647	0	32	
MYCO001329	126	0	26	
MYCO001330	64	0	33	
MYCO001331	5	0	5	
MYCO001332	2	0	12	
MYCO001333	47	0	18	
MYCO001334	33	0	9	
MYCO001335	27	0	9	
MYCO001336	81	0	16	
MYCO001337	2	0	12	
MYCO001339	6	0	15	
MYCO001341	9	0	9	
MYCO001342	5	0	4	
MYCO001343	6	0	12	
MYCO001344	0	0	6	
MYCO001345	11	0	31	
MYCO001346	2	0	11	
MYCO001347	1	0	17	
MYCO001348	60	0	36	
MYCO001349	28	0	29	
MYCO001350	4	0	10	
MYCO001351	3	0	11	
MYCO001352	1	0	14	
MYCO001353	36	0	16	
MYCO001354	53	0	37	
MYCO001355	159	0	49	
MYCO001356	47	0	19	
MYCO001357	11	0	19	
MYCO001358	321	0	46	
MYCO001359	19	0	11	
MYCO001360	30	0	14	
MYCO001361	482	71	164	
MYCO001362	6	0	15	
MYCO001363	81	0	16	
MYCO001364	81	0	26	
MYCO001365	5	0	7	
MYCO001366	65	0	12	
MYCO001367	71	0	28	
MYCO001368	24	0	22	
MYCO001369	1024	0	0	
MYCO001370	116	0	7	
MYCO001371	230	0	20	
MYCO001372	6	0	22	
MYCO001373	15	0	18	
MYCO001374	1	0	14	
MYCO001375	59	0	24	
MYCO001376	81	0	23	
MYCO001377	3	0	14	
MYCO001378	130	0	30	
MYCO001379	11	0	12	
MYCO001382	29	0	14	
MYCO001386	27	0	6	
MYCO001387	375	0	24	
MYCO001389	20	0	26	
MYCO001393	30	0	17	
MYCO001394	7	0	25	
MYCO001395	4	0	27	
MYCO001396	691	0	24	
MYCO001397	5	0	10	
MYCO001398	1	0	5	
MYCO001399	17	0	22	
MYCO001400	41	0	17	
MYCO001401	34	0	17	
MYCO001403	72	0	18	
MYCO001404	1	0	6	
MYCO001405	3	0	18	
MYCO001406	84	0	17	
MYCO001409	127	0	15	
MYCO001411	1	0	12	
MYCO001413	3	0	15	
MYCO001414	2	0	13	
MYCO001417	3	0	13	
MYCO001418	4	0	10	
MYCO001419	3	0	13	
MYCO001422	53	0	14	
MYCO001423	54	0	21	
MYCO001424	13	0	16	
MYCO001425	7	0	30	
MYCO001426	19	0	26	
MYCO001427	45	0	28	
MYCO001428	1	0	16	
MYCO001429	47	0	31	
MYCO001430	121	0	24	
MYCO001431	10	0	42	
MYCO001432	99	0	15	
MYCO001433	4	0	12	
MYCO001434	3	0	2	
MYCO001435	209	0	16	
MYCO001439	1	263	10	
MYCO001441	540	0	44	
MYCO001442	58	0	54	
MYCO001443	6	0	12	
MYCO001444	8	0	8	
MYCO001446	154	0	25	
MYCO001450	1024	0	0	
MYCO001452	941	0	31	
MYCO001453	20	0	25	
MYCO001454	9	0	20	
MYCO001455	30	0	12	
MYCO001456	37	0	19	
MYCO001459	91	0	26	
MYCO001460	145	0	13	
MYCO001461	19	0	47	
MYCO001468	510	0	19	
MYCO001469	83	0	37	
MYCO001470	1	0	6	
MYCO001471	9	0	3	
MYCO001472	13	0	26	
MYCO001476	0	0	11	
MYCO001477	30	0	28	
MYCO001478	14	0	13	
MYCO001482	6	0	19	
MYCO001486	6	0	21	
MYCO001487	2	0	7	
MYCO001488	12	0	13	
MYCO001489	3	0	11	
MYCO001490	11	0	32	
MYCO001491	1	0	14	
MYCO001492	101	0	29	
MYCO001494	2	0	7	
MYCO001495	1	0	6	
MYCO001496	7	0	16	
MYCO001497	29	0	25	
MYCO001498	13	0	18	
MYCO001499	8	0	8	
MYCO001500	17	0	23	
MYCO001501	12	0	17	
MYCO001502	23	0	23	
MYCO001503	1024	0	0	
MYCO001504	284	0	7	
MYCO001505	11	0	22	
MYCO001506	26	0	9	
MYCO001507	24	0	20	
MYCO001508	51	24	34	
MYCO001509	91	0	13	
MYCO001510	2	542	23	
MYCO001511	20	0	17	
MYCO001512	14	0	18	
MYCO001513	15	0	9	
MYCO001514	13	0	15	
MYCO001515	14	0	13	
MYCO001516	55	0	18	
MYCO001517	14	0	15	
MYCO001518	42	0	16	
MYCO001519	169	0	5	
MYCO001520	176	0	26	
MYCO001521	39	0	23	
MYCO001522	88	0	62	
MYCO001523	23	0	20	
MYCO001524	119	0	23	
MYCO001525	127	0	15	
MYCO001526	105	0	23	
MYCO001527	248	0	102	
MYCO001528	10	0	6	
MYCO001529	22	0	39	
MYCO001530	12	0	28	
MYCO001531	3	0	9	
MYCO001532	20	0	11	
MYCO001533	28	0	15	
MYCO001534	5	0	15	
MYCO001535	3	0	3	
MYCO001537	41	0	32	
MYCO001538	68	0	19	
MYCO001539	7	0	9	
MYCO001541	7	0	11	
MYCO001542	4	5	7	
MYCO001543	5	0	17	
MYCO001544	20	0	16	
MYCO001545	5	0	7	
MYCO001546	14	0	15	
MYCO001548	39	0	40	
MYCO001549	1016	0	2	
MYCO001550	121	0	25	
MYCO001551	232	0	30	
MYCO001552	34	0	43	
MYCO001553	46	0	13	
MYCO001554	3	0	12	
MYCO001555	3	0	7	
MYCO001556	7	0	15	
MYCO001558	7	0	7	
MYCO001560	1	0	4	
MYCO001561	3	0	9	
MYCO001562	105	0	30	
MYCO001563	76	0	27	
MYCO001565	148	0	29	
MYCO001566	35	0	24	
MYCO001567	0	0	10	
MYCO001570	108	0	10	
MYCO001571	91	0	6	
MYCO001572	722	0	4	
MYCO001573	666	0	5	
MYCO001574	707	0	7	
MYCO001575	1024	0	0	
MYCO001576	205	118	52	
MYCO001577	638	0	6	
MYCO001578	641	0	7	
MYCO001579	632	0	4	
MYCO001580	640	0	3	
MYCO001581	781	0	3	
MYCO001582	638	0	10	
MYCO001583	70	161	14	
MYCO001584	671	0	2	
MYCO001585	726	0	10	
MYCO001586	653	0	15	
MYCO001587	1015	0	5	
MYCO001588	986	1	21	
MYCO001590	2	0	6	
MYCO001591	5	0	24	
MYCO001592	5	0	27	
MYCO001596	5	0	11	
MYCO001597	8	0	15	
MYCO001598	8	0	5	
MYCO001602	2	0	12	
MYCO001604	4	0	18	
MYCO001606	5	0	8	
MYCO001607	15	0	13	
MYCO001608	1	0	4	
MYCO001610	120	0	11	
MYCO001613	2	0	18	
MYCO001614	9	0	26	
MYCO001615	2	0	8	
MYCO001616	2	0	7	
MYCO001618	3	0	17	
MYCO001619	48	0	22	
MYCO001620	150	0	16	
MYCO001621	138	0	25	
MYCO001622	7	0	26	
MYCO001623	6	0	29	
MYCO001624	4	0	19	
MYCO001625	48	0	22	
MYCO001628	15	0	8	
MYCO001631	20	0	24	
MYCO001632	10	0	9	
MYCO001634	12	0	29	
MYCO001635	19	0	28	
MYCO001636	2	0	8	
MYCO001637	48	0	15	
MYCO001639	204	313	27	
MYCO001640	21	0	69	
MYCO001644	80	0	17	
MYCO001645	104	0	17	
MYCO001646	98	0	16	
MYCO001647	277	0	13	
MYCO001648	5	0	16	
MYCO001650	163	0	48	
MYCO001651	556	0	54	
MYCO001660	159	0	17	
MYCO001661	297	0	89	
MYCO001662	265	0	87	
MYCO001663	28	0	33	
MYCO001664	69	0	46	
MYCO001665	45	0	20	
MYCO001666	38	0	15	
MYCO001667	16	0	12	
MYCO001668	997	0	2	
MYCO001669	35	0	8	
MYCO001670	15	0	9	
MYCO001671	2	0	12	
MYCO001672	89	0	20	
MYCO001673	75	0	21	
MYCO001674	85	0	9	
MYCO001675	76	0	21	
MYCO001676	3	0	23	
MYCO001677	6	0	12	
MYCO001678	114	0	18	
MYCO001679	10	0	21	
MYCO001680	14	0	20	
MYCO001681	5	0	15	
MYCO001682	90	0	21	
MYCO001683	158	0	34	
MYCO001684	10	0	5	
MYCO001685	3	0	8	
MYCO001686	6	0	15	
MYCO001687	5	0	18	
MYCO001688	28	0	14	
MYCO001690	2	0	6	
MYCO001691	59	0	17	
MYCO001692	118	0	14	
MYCO001693	2	0	5	
MYCO001696	6	0	24	
MYCO001698	92	0	14	
MYCO001700	2	0	15	
MYCO001702	105	0	29	
MYCO001703	1	0	10	
MYCO001704	8	0	30	
MYCO001705	222	0	16	
MYCO001706	81	0	17	
MYCO001707	20	0	28	
MYCO001710	3	0	14	
MYCO001714	129	0	14	
MYCO001715	123	0	19	
MYCO001716	4	0	29	
MYCO001717	229	0	10	
MYCO001718	19	0	26	
MYCO001719	25	0	28	
MYCO001720	17	0	6	
MYCO001721	1	0	4	
MYCO001722	106	0	30	
MYCO001723	51	0	15	
MYCO001724	24	0	5	
MYCO001725	50	0	19	
MYCO001726	58	0	37	
MYCO001727	6	0	10	
MYCO001728	6	0	18	
MYCO001729	7	0	18	
MYCO001730	181	0	39	
MYCO001731	76	0	23	
MYCO001732	56	0	9	
MYCO001733	1	0	18	
MYCO001734	2	0	7	
MYCO001735	8	0	14	
MYCO001736	171	423	46	
MYCO001737	162	0	20	
MYCO001738	13	0	10	
MYCO001739	55	0	29	
MYCO001740	0	0	7	
MYCO001741	1	295	7	
MYCO001742	29	0	17	
MYCO001743	110	0	22	
MYCO001744	154	0	9	
MYCO001745	5	0	19	
MYCO001746	44	0	25	
MYCO001747	73	0	36	
MYCO001748	3	0	12	
MYCO001749	9	0	16	
MYCO001750	50	0	23	
MYCO001751	18	0	24	
MYCO001752	6	0	15	
MYCO001753	1015	0	8	
MYCO001754	447	0	19	
MYCO001755	1024	0	0	
MYCO001756	1024	0	0	
MYCO001757	116	0	7	
MYCO001758	704	0	14	
MYCO001759	949	0	18	
MYCO001760	535	0	23	
MYCO001761	529	0	12	
MYCO001762	539	0	13	
MYCO001763	116	0	7	
MYCO001764	1024	0	0	
MYCO001765	1023	0	1	
MYCO001766	3	0	4	
MYCO001767	5	0	6	
MYCO001768	471	0	30	
MYCO001769	82	0	26	
MYCO001770	58	0	26	
MYCO001771	2	0	24	
MYCO001772	5	0	5	
MYCO001773	4	0	21	
MYCO001774	21	0	31	
MYCO001775	270	0	11	
MYCO001776	6	0	14	
MYCO001777	71	0	31	
MYCO001778	111	0	7	
MYCO001779	92	0	43	
MYCO001780	4	0	10	
MYCO001781	108	0	43	
MYCO001782	28	0	21	
MYCO001783	47	0	47	
MYCO001785	5	0	17	
MYCO001786	1	0	3	
MYCO001787	898	0	16	
MYCO001788	3	4	4	
MYCO001789	95	0	23	
MYCO001790	439	0	31	
MYCO001791	6	0	3	
MYCO001792	1024	0	0	
MYCO001793	86	367	61	
MYCO001794	1	0	13	
MYCO001795	105	0	26	
MYCO001796	40	0	38	
MYCO001797	4	0	28	
MYCO001798	9	0	20	
MYCO001799	91	0	5	
MYCO001800	44	0	46	
MYCO001801	274	0	24	
MYCO001802	190	0	22	
MYCO001803	280	0	29	
MYCO001804	4	0	8	
MYCO001805	1	0	12	
MYCO001806	4	0	7	
MYCO001807	1024	0	0	
MYCO001808	67	0	26	
MYCO001809	51	0	27	
MYCO001810	0	0	9	
MYCO001811	5	0	22	
MYCO001812	53	0	21	
MYCO001813	5	0	10	
MYCO001814	52	0	22	
MYCO001815	157	0	23	
MYCO001816	150	265	13	
MYCO001817	114	0	31	
MYCO001818	682	0	22	
MYCO001819	39	0	22	
MYCO001820	26	0	29	
MYCO001822	4	0	11	
MYCO001823	24	0	17	
MYCO001824	0	0	11	
MYCO001825	2	0	19	
MYCO001826	1	0	8	
MYCO001828	2	0	7	
MYCO001831	11	0	6	
MYCO001833	6	0	20	
MYCO001834	8	0	13	
MYCO001835	43	0	41	
MYCO001836	67	0	34	
MYCO001838	3	0	10	
MYCO001839	1	0	6	
MYCO001840	473	0	26	
MYCO001841	14	0	19	
MYCO001845	186	0	15	
MYCO001846	8	0	13	
MYCO001847	9	0	18	
MYCO001848	14	0	6	
MYCO001849	0	0	4	
MYCO001850	58	0	38	
MYCO001851	90	0	13	
MYCO001852	21	0	10	
MYCO001853	6	0	15	
MYCO001855	11	0	18	
MYCO001856	153	0	16	
MYCO001857	5	0	16	
MYCO001858	7	0	11	
MYCO001859	18	0	25	
MYCO001860	152	0	24	
MYCO001861	1	0	10	
MYCO001862	8	0	18	
MYCO001863	10	0	19	
MYCO001864	5	0	10	
MYCO001865	4	0	13	
MYCO001866	24	0	39	
MYCO001867	51	0	28	
MYCO001868	74	0	41	
MYCO001869	46	0	14	
MYCO001870	119	0	11	
MYCO001871	40	0	11	
MYCO001872	9	0	28	
MYCO001873	17	0	16	
MYCO001874	8	0	19	
MYCO001875	9	0	9	
MYCO001876	12	0	11	
MYCO001877	47	0	43	
MYCO001878	60	0	23	
MYCO001879	46	0	23	
MYCO001880	13	0	35	
MYCO001881	10	0	14	
MYCO001882	5	0	20	
MYCO001883	5	0	16	
MYCO001884	2	0	9	
MYCO001885	6	0	19	
MYCO001887	50	0	22	
MYCO001888	857	0	2	
MYCO001889	4	0	8	
MYCO001890	6	0	6	
MYCO001891	4	0	19	
MYCO001892	6	0	4	
MYCO001893	3	0	6	
MYCO001895	302	0	10	
MYCO001896	72	0	31	
MYCO001897	6	0	10	
MYCO001898	3	0	5	
MYCO001899	363	0	19	
MYCO001900	23	0	35	
MYCO001901	43	0	28	
MYCO001902	29	0	29	
MYCO001903	4	0	15	
MYCO001904	3	0	8	
MYCO001905	12	0	20	
MYCO001906	1	0	10	
MYCO001907	725	0	17	
MYCO001908	32	0	59	
MYCO001909	1	0	9	
MYCO001910	32	0	11	
MYCO001911	30	0	13	
MYCO001912	317	0	11	
MYCO001913	3	0	15	
MYCO001914	1	0	11	
MYCO001915	620	0	10	
MYCO001916	18	0	14	
MYCO001917	1020	0	3	
MYCO001918	191	0	59	
MYCO001919	2	0	8	
MYCO001920	3	0	28	
MYCO001921	173	0	28	
MYCO001922	19	0	24	
MYCO001923	23	0	31	
MYCO001924	1	0	8	
MYCO001925	10	0	26	
MYCO001926	3	0	10	
MYCO001927	31	0	12	
MYCO001928	164	0	17	
MYCO001929	201	0	24	
MYCO001930	34	0	11	
MYCO001931	14	0	11	
MYCO001932	13	0	15	
MYCO001933	147	0	22	
MYCO001934	88	0	23	
MYCO001935	13	0	26	
MYCO001936	7	0	25	
MYCO001937	92	0	45	
MYCO001938	16	0	29	
MYCO001939	98	0	12	
MYCO001940	846	0	7	
MYCO001941	15	0	12	
MYCO001942	3	0	4	
MYCO001943	5	0	11	
MYCO001944	4	0	22	
MYCO001945	968	9	14	
MYCO001946	9	0	12	
MYCO001947	14	0	11	
MYCO001948	36	0	17	
MYCO001949	1024	0	0	
MYCO001950	3	0	5	
MYCO001951	45	0	5	
MYCO001952	4	0	5	
MYCO001953	3	0	9	
MYCO001954	15	0	15	
MYCO001955	7	0	7	
MYCO001956	9	0	16	
MYCO001957	5	0	13	
MYCO001958	16	0	15	
MYCO001959	0	0	8	
MYCO001960	1	0	6	
MYCO001961	14	0	14	
MYCO001962	2	0	10	
MYCO001963	24	0	12	
MYCO001964	46	0	9	
MYCO001965	43	0	23	
MYCO001966	34	0	26	
MYCO001967	29	0	27	
MYCO001968	313	0	20	
MYCO001969	36	0	23	
MYCO001970	22	0	16	
MYCO001971	93	0	30	
MYCO001972	21	0	15	
MYCO001973	41	0	9	
MYCO001974	19	0	11	
MYCO001975	132	0	16	
MYCO001976	32	0	11	
MYCO001977	129	0	15	
MYCO001978	208	0	15	
MYCO001979	32	0	30	
MYCO001980	9	0	18	
MYCO001982	3	0	11	
MYCO001983	262	0	32	
MYCO001984	42	0	14	
MYCO001985	32	0	14	
MYCO001986	11	0	18	
MYCO001987	10	0	10	
MYCO001988	19	0	14	
MYCO001989	9	0	13	
MYCO001990	0	0	6	
MYCO001991	1	0	6	
MYCO001992	346	0	35	
MYCO001993	204	0	10	
MYCO001994	153	0	6	
MYCO001995	209	0	15	
MYCO001996	198	0	18	
MYCO001997	454	0	26	
MYCO001998	13	0	16	
MYCO001999	85	0	25	
MYCO002000	25	0	29	
MYCO002001	3	0	15	
MYCO002002	10	0	13	
MYCO002003	21	0	23	
MYCO002004	40	0	26	
MYCO002005	8	0	17	
MYCO002006	53	0	70	
MYCO002007	1	0	2	
MYCO002008	7	0	27	
MYCO002009	3	0	3	
MYCO002010	5	0	9	
MYCO002011	0	0	8	
MYCO002012	3	0	19	
MYCO002013	105	0	10	
MYCO002014	23	0	13	
MYCO002015	290	0	34	
MYCO002016	233	0	12	
MYCO002017	19	0	21	
MYCO002018	26	0	9	
MYCO002019	89	0	8	
MYCO002020	46	0	6	
MYCO002021	29	0	4	
MYCO002022	36	0	18	
MYCO002023	63	0	6	
MYCO002024	938	0	8	
MYCO002025	17	0	25	
MYCO002026	3	0	21	
MYCO002027	218	0	23	
MYCO002028	46	0	15	
MYCO002029	41	0	30	
MYCO002030	58	0	34	
MYCO002031	3	0	5	
MYCO002032	42	0	22	
MYCO002033	138	0	18	
MYCO002034	44	0	5	
MYCO002035	0	0	16	
MYCO002036	2	0	13	
MYCO002037	10	0	29	
MYCO002038	3	0	21	
MYCO002039	3	0	14	
MYCO002040	6	0	12	
MYCO002041	8	0	25	
MYCO002042	21	0	19	
MYCO002043	41	0	69	
MYCO002044	170	0	8	
MYCO002045	12	0	37	
MYCO002046	31	0	18	
MYCO002047	43	0	36	
MYCO002048	1012	0	7	
MYCO002049	4	0	4	
MYCO002051	77	0	40	
MYCO002052	152	0	29	
MYCO002053	3	0	17	
MYCO002054	14	0	16	
MYCO002059	66	0	41	
MYCO002060	50	0	10	
MYCO002061	6	0	12	
MYCO002062	204	0	55	
MYCO002063	1	0	4	
MYCO002064	153	0	18	
MYCO002065	159	0	14	
MYCO002066	120	0	31	
MYCO002067	18	0	28	
MYCO002068	3	0	18	
MYCO002069	29	0	14	
MYCO002070	386	0	12	
MYCO002071	11	0	30	
MYCO002072	57	0	21	
MYCO002073	46	0	15	
MYCO002074	23	0	8	
MYCO002075	51	0	27	
MYCO002076	1	0	5	
MYCO002077	25	0	21	
MYCO002078	2	0	15	
MYCO002079	228	0	29	
MYCO002080	4	0	14	
MYCO002081	610	0	9	
MYCO002082	481	0	51	
MYCO002083	77	0	21	
MYCO002084	517	0	11	
MYCO002085	6	0	5	
MYCO002086	1	0	11	
MYCO002087	5	0	4	
MYCO002088	319	0	24	
MYCO002091	11	0	14	
MYCO002094	1	0	8	
MYCO002095	121	0	23	
MYCO002098	1024	0	0	
MYCO002099	1024	0	0	
MYCO002100	202	0	29	
MYCO002101	204	0	46	
MYCO002102	45	0	10	
MYCO002103	11	0	11	
MYCO002104	2	0	7	
MYCO002105	116	0	7	
MYCO002106	1024	0	0	
MYCO002107	17	0	10	
MYCO002108	34	0	11	
MYCO002113	22	0	23	
MYCO002114	15	0	12	
MYCO002116	14	0	12	
MYCO002117	17	0	3	
MYCO002120	90	0	7	
MYCO002123	630	0	19	
MYCO002124	72	0	51	
MYCO002126	476	0	10	
MYCO002127	40	0	33	
MYCO002128	3	0	4	
MYCO002129	17	0	21	
MYCO002131	12	0	16	
MYCO002132	9	0	2	
MYCO002133	9	0	13	
MYCO002135	147	0	9	
MYCO002136	15	0	16	
MYCO002137	7	0	10	
MYCO002138	17	0	20	
MYCO002142	3	0	4	
MYCO002143	22	0	21	
MYCO002144	17	0	7	
MYCO002146	1	0	8	
MYCO002147	170	0	14	
MYCO002148	167	0	16	
MYCO002149	13	0	7	
MYCO002152	90	0	24	
MYCO002158	293	0	33	
MYCO002159	186	0	21	
MYCO002160	548	0	7	
MYCO002161	131	286	22	
MYCO002162	725	0	25	
MYCO002164	98	0	25	
MYCO002165	5	0	26	
MYCO002167	1024	0	0	
MYCO002168	116	0	7	
MYCO002169	5	0	9	
MYCO002171	1	0	15	
MYCO002172	2	0	12	
MYCO002173	45	0	14	
MYCO002174	14	0	24	
MYCO002175	1	0	13	
MYCO002177	528	29	13	
MYCO002180	179	0	13	
MYCO002181	12	0	21	
MYCO002183	1	0	4	
MYCO002184	6	0	20	
MYCO002185	2	0	9	
MYCO002189	123	0	12	
MYCO002190	145	0	24	
MYCO002191	89	0	28	
MYCO002197	24	0	15	
MYCO002198	120	0	18	
MYCO002203	46	0	19	
MYCO002204	1	0	5	
MYCO002205	122	0	29	
MYCO002206	9	0	13	
MYCO002207	179	0	11	
MYCO002208	69	0	14	
MYCO002209	64	0	34	
MYCO002212	16	0	30	
MYCO002214	20	0	32	
MYCO002215	148	0	29	
MYCO002223	53	0	29	
MYCO002224	10	0	26	
MYCO002226	148	0	27	
MYCO002227	124	0	9	
MYCO002229	7	0	8	
MYCO002231	23	0	18	
MYCO002232	35	0	12	
MYCO002234	6	0	12	
MYCO002236	168	0	17	
MYCO002237	0	0	17	
MYCO002238	1	0	4	
MYCO002240	9	0	15	
MYCO002248	30	0	11	
MYCO002249	126	0	33	
MYCO002250	2	0	7	
MYCO002251	1024	0	0	
MYCO002252	3	0	24	
MYCO002253	8	0	14	
MYCO002254	8	0	13	
MYCO002255	4	0	8	
MYCO002256	2	0	7	
MYCO002258	94	0	23	
MYCO002260	3	0	13	
MYCO002261	7	0	10	
MYCO002262	1015	0	2	
MYCO002263	217	0	21	
MYCO002264	480	0	25	
MYCO002265	100	0	18	
MYCO002266	5	0	27	
MYCO002267	13	0	24	
MYCO002268	49	0	23	
MYCO002269	2	0	11	
MYCO002270	37	0	21	
MYCO002271	32	0	8	
MYCO002272	34	0	6	
MYCO002273	37	0	9	
MYCO002274	37	0	13	
MYCO002275	127	0	15	
MYCO002276	44	0	22	
MYCO002277	39	964	14	
MYCO002278	116	0	7	
MYCO002279	1024	0	0	
MYCO002280	65	0	26	
MYCO002281	10	0	32	
MYCO002282	151	311	13	
MYCO002283	7	0	4	
MYCO002284	47	0	18	
MYCO002285	100	0	24	
MYCO002286	110	246	17	
MYCO002287	23	0	22	
MYCO002288	3	0	11	
MYCO002289	29	0	12	
MYCO002290	6	0	11	
MYCO002291	8	0	14	
MYCO002292	4	0	4	
MYCO002293	500	0	6	
MYCO002294	10	0	26	
MYCO002295	4	0	11	
MYCO002296	32	0	15	
MYCO002297	3	0	8	
MYCO002298	6	0	21	
MYCO002299	19	0	19	
MYCO002300	19	0	21	
MYCO002301	21	0	17	
MYCO002302	1	0	8	
MYCO002303	7	0	20	
MYCO002304	3	0	3	
MYCO002305	66	0	31	
MYCO002307	64	0	18	
MYCO002308	33	0	20	
MYCO002309	3	0	12	
MYCO002310	22	0	12	
MYCO002311	12	0	9	
MYCO002312	0	0	2	
MYCO002313	18	0	19	
MYCO002314	33	0	29	
MYCO002316	5	0	17	
MYCO002317	1	0	10	
MYCO002318	204	0	26	
MYCO002319	401	0	14	
MYCO002320	14	0	25	
MYCO002321	1	0	11	
MYCO002322	2	0	14	
MYCO002323	6	0	21	
MYCO002324	3	0	12	
MYCO002325	55	0	12	
MYCO002326	99	0	28	
MYCO002327	17	0	5	
MYCO002328	8	0	23	
MYCO002329	68	0	38	
MYCO002330	10	0	13	
MYCO002331	0	0	7	
MYCO002332	11	0	26	
MYCO002333	159	0	17	
MYCO002334	15	0	22	
MYCO002335	31	0	16	
MYCO002336	57	0	22	
MYCO002337	35	0	19	
MYCO002338	116	0	22	
MYCO002339	248	0	50	
MYCO002340	121	0	21	
MYCO002341	23	0	8	
MYCO002342	3	0	9	
MYCO002345	97	0	36	
MYCO002346	86	437	76	
MYCO002347	582	103	63	
MYCO002348	8	0	7	
MYCO002349	105	0	31	
MYCO002350	131	364	22	
MYCO002351	131	379	25	
MYCO002352	223	6	21	
MYCO002353	999	0	3	
MYCO002354	116	0	7	
MYCO002355	1024	0	0	
MYCO002356	755	0	21	
MYCO002358	0	0	6	
MYCO002359	1	0	20	
MYCO002360	1	0	13	
MYCO002363	267	0	10	
MYCO002365	98	0	3	
MYCO002369	8	0	7	
MYCO002370	8	0	33	
MYCO002371	32	0	4	
MYCO002372	31	0	16	
MYCO002375	1	0	4	
MYCO002376	17	0	18	
MYCO002377	4	0	5	
MYCO002378	21	0	14	
MYCO002379	85	0	47	
MYCO002380	181	0	80	
MYCO002381	72	0	42	
MYCO002382	37	0	24	
MYCO002383	152	119	59	
MYCO002384	74	0	24	
MYCO002385	20	0	20	
MYCO002386	30	0	28	
MYCO002387	2	0	21	
MYCO002388	29	0	19	
MYCO002389	5	0	10	
MYCO002390	12	0	10	
MYCO002391	2	0	23	
MYCO002392	18	0	11	
MYCO002393	33	630	16	
MYCO002394	28	0	47	
MYCO002395	93	0	35	
MYCO002396	563	0	18	
MYCO002397	20	0	19	
MYCO002398	1	0	14	
MYCO002401	2	0	8	
MYCO002403	14	0	6	
MYCO002405	5	0	13	
MYCO002406	25	0	12	
MYCO002407	50	0	16	
MYCO002408	63	0	12	
MYCO002414	77	0	27	
MYCO002415	23	0	18	
MYCO002416	29	0	17	
MYCO002417	179	0	13	
MYCO002418	48	0	10	
MYCO002419	27	0	16	
MYCO002422	5	0	6	
MYCO002423	6	0	20	
MYCO002424	984	0	10	
MYCO002428	21	0	17	
MYCO002429	7	0	11	
MYCO002430	8	0	11	
MYCO002431	4	349	3	
MYCO002432	10	0	8	
MYCO002433	3	0	7	
MYCO002434	185	0	26	
MYCO002435	32	0	42	
MYCO002436	61	0	18	
MYCO002437	218	0	4	
MYCO002438	20	0	23	
MYCO002443	10	0	38	
MYCO002444	78	0	41	
MYCO002446	1	0	5	
MYCO002449	105	0	22	
MYCO002450	74	0	21	
MYCO002451	9	0	10	
MYCO002452	0	0	6	
MYCO002453	5	0	18	
MYCO002456	9	0	17	
MYCO002458	5	0	17	
MYCO002459	12	0	19	
MYCO002463	3	0	17	
MYCO002464	23	0	15	
MYCO002468	7	0	10	
MYCO002469	10	0	18	
MYCO002471	11	0	41	
MYCO002472	1	0	7	
MYCO002473	20	0	15	
MYCO002474	35	0	11	
MYCO002475	0	0	10	
MYCO002476	229	0	60	
MYCO002478	78	0	8	
MYCO002479	1024	0	0	
MYCO002480	116	0	7	
MYCO002481	40	0	11	
MYCO002482	52	0	45	
MYCO002483	11	0	27	
MYCO002484	9	0	28	
MYCO002485	21	0	27	
MYCO002486	37	0	11	
MYCO002487	590	0	36	
MYCO002488	209	0	55	
MYCO002489	22	0	5	
MYCO002490	986	0	12	
MYCO002491	27	0	14	
MYCO002492	24	0	24	
MYCO002493	2	0	6	
MYCO002494	2	0	12	
MYCO002495	29	0	23	
MYCO002496	4	0	16	
MYCO002497	9	0	14	
MYCO002498	10	0	17	
MYCO002499	1	0	14	
MYCO002501	91	0	44	
MYCO002503	11	0	19	
MYCO002504	12	0	16	
MYCO002505	29	0	37	
MYCO002506	12	0	9	
MYCO002507	57	0	17	
MYCO002508	17	0	27	
MYCO002510	35	0	37	
MYCO002512	999	9	7	
MYCO002513	6	0	5	
MYCO002514	9	0	13	
MYCO002515	7	0	18	
MYCO002516	3	0	15	
MYCO002517	9	0	3	
MYCO002519	135	0	33	
MYCO002520	1	0	6	
MYCO002522	88	0	35	
MYCO002525	58	0	10	
MYCO002526	283	0	3	
MYCO002527	4	0	10	
MYCO002528	6	0	17	
MYCO002529	88	0	18	
MYCO002530	1	0	8	
MYCO002531	29	0	58	
MYCO002532	5	0	13	
MYCO002535	46	0	14	
MYCO002536	3	0	13	
MYCO002537	2	0	6	
MYCO002539	102	0	4	
MYCO002541	417	0	5	
MYCO002542	120	0	33	
MYCO002543	357	277	27	
MYCO002544	357	278	35	
MYCO002545	216	0	6	
MYCO002546	2	0	10	
MYCO002547	3	0	12	
MYCO002548	5	0	11	
MYCO002549	16	0	7	
MYCO002550	0	0	6	
MYCO002551	63	0	6	
MYCO002552	55	0	28	
MYCO002553	34	0	21	
MYCO002554	21	0	5	
MYCO002556	1	0	7	
MYCO002557	3	0	20	
MYCO002558	9	0	11	
MYCO002560	30	0	22	
MYCO002561	1011	0	3	
MYCO002562	1	0	13	
MYCO002563	22	0	23	
MYCO002564	7	355	20	
MYCO002565	19	0	32	
MYCO002566	272	0	46	
MYCO002567	32	0	36	
MYCO002569	7	0	18	
MYCO002570	140	0	15	
MYCO002571	29	0	23	
MYCO002573	19	0	20	
MYCO002574	3	0	12	
MYCO002576	13	0	16	
MYCO002577	8	0	26	
MYCO002578	29	0	16	
MYCO002579	16	0	17	
MYCO002581	0	0	9	
MYCO002584	9	0	17	
MYCO002585	51	0	34	
MYCO002586	133	0	27	
MYCO002588	2	0	10	
MYCO002590	49	0	54	
MYCO002591	454	0	41	
MYCO002595	8	0	6	
MYCO002596	2	0	10	
MYCO002597	9	0	16	
MYCO002598	8	0	9	
MYCO002599	60	0	15	
MYCO002600	6	0	4	
MYCO002601	81	0	24	
MYCO002602	2	0	5	
MYCO002604	11	0	12	
MYCO002605	19	0	11	
MYCO002607	7	0	13	
MYCO002608	168	0	24	
MYCO002609	48	0	14	
MYCO002615	951	0	31	
MYCO002616	9	0	16	
MYCO002617	0	0	9	
MYCO002618	57	0	12	
MYCO002619	1	0	5	
MYCO002620	1	0	5	
MYCO002621	63	0	18	
MYCO002622	8	0	18	
MYCO002623	17	0	16	
MYCO002624	52	0	21	
MYCO002625	8	0	16	
MYCO002626	1	0	5	
MYCO002627	12	0	25	
MYCO002628	17	0	20	
MYCO002629	99	0	10	
MYCO002630	4	0	15	
MYCO002631	21	0	26	
MYCO002632	1	0	6	
MYCO002633	3	0	15	
MYCO002634	555	0	31	
MYCO002635	3	0	4	
MYCO002636	8	0	17	
MYCO002637	58	307	16	
MYCO002638	18	0	12	
MYCO002639	11	0	6	
MYCO002640	12	0	9	
MYCO002641	4	0	7	
MYCO002642	5	0	7	
MYCO002643	55	0	36	
MYCO002644	11	0	7	
MYCO002645	246	0	8	
MYCO002646	167	0	20	
MYCO002647	115	0	7	
MYCO002648	116	0	7	
MYCO002649	1024	0	0	
MYCO002650	205	107	51	
MYCO002651	43	192	14	
MYCO002652	120	0	29	
MYCO002653	97	0	17	
MYCO002654	525	0	6	
MYCO002655	302	0	25	
MYCO002656	70	154	15	
MYCO002657	114	0	9	
MYCO002658	93	0	5	
MYCO002659	91	0	13	
MYCO002660	1	0	7	
MYCO002661	4	0	7	
MYCO002662	1	0	9	
MYCO002663	0	0	6	
MYCO002664	4	0	8	
MYCO002665	58	0	10	
MYCO002666	1002	0	6	
MYCO002667	10	0	6	
MYCO002668	87	0	9	
MYCO002669	5	0	7	
MYCO002671	16	0	10	
MYCO002672	58	0	29	
MYCO002674	0	0	8	
MYCO002675	3	0	22	
MYCO002677	285	0	14	
MYCO002679	21	0	13	
MYCO002680	110	0	14	
MYCO002681	136	0	15	
MYCO002683	3	0	10	
MYCO002684	6	67	25	
MYCO002685	71	0	21	
MYCO002686	5	0	12	
MYCO002687	9	0	13	
MYCO002688	19	0	19	
MYCO002689	24	0	20	
MYCO002690	26	0	25	
MYCO002691	2	0	15	
MYCO002692	6	0	11	
MYCO002693	4	0	11	
MYCO002694	1	0	12	
MYCO002695	86	0	7	
MYCO002698	2	0	8	
MYCO002700	629	0	11	
MYCO002701	5	0	15	
MYCO002704	2	0	8	
MYCO002705	2	0	4	
MYCO002706	19	0	4	
MYCO002707	5	0	14	
MYCO002709	91	0	17	
MYCO002712	66	0	22	
MYCO002713	25	0	32	
MYCO002716	1	0	13	
MYCO002717	41	0	10	
MYCO002718	1	0	7	
MYCO002719	87	0	18	
MYCO002721	221	0	32	
MYCO002722	2	0	8	
MYCO002723	10	0	19	
MYCO002728	15	0	16	
MYCO002729	13	0	19	
MYCO002730	2	0	14	
MYCO002732	16	0	19	
MYCO002734	6	0	19	
MYCO002735	159	0	21	
MYCO002736	38	0	13	
MYCO002737	2	0	31	
MYCO002738	59	0	5	
MYCO002739	276	0	16	
MYCO002740	5	0	16	
MYCO002741	665	0	30	
MYCO002742	48	0	14	
MYCO002743	74	0	17	
MYCO002745	2	0	7	
MYCO002746	24	0	15	
MYCO002747	6	0	7	
MYCO002749	5	0	7	
MYCO002751	6	0	18	
MYCO002752	24	0	52	
MYCO002755	4	0	5	
MYCO002756	10	0	39	
MYCO002757	15	0	9	
MYCO002758	1	0	7	
MYCO002759	8	0	5	
MYCO002760	20	0	7	
MYCO002761	6	0	26	
MYCO002762	58	0	10	
MYCO002763	7	0	6	
MYCO002765	60	0	20	
MYCO002766	10	0	15	
MYCO002767	2	0	8	
MYCO002768	97	0	30	
MYCO002769	164	0	25	
MYCO002770	35	0	25	
MYCO002771	6	0	9	
MYCO002772	6	0	10	
MYCO002774	192	0	4	
MYCO002775	20	0	10	
MYCO002776	9	0	18	
MYCO002777	101	0	13	
MYCO002778	9	0	12	
MYCO002779	5	0	16	
MYCO002780	34	0	15	
MYCO002781	151	0	20	
MYCO002784	1	0	7	
MYCO002786	3	0	13	
MYCO002787	64	0	38	
MYCO002789	8	0	20	
MYCO002790	76	0	20	
MYCO002791	22	495	25	
MYCO002792	24	0	14	
MYCO002793	106	0	14	
MYCO002796	12	0	14	
MYCO002797	50	0	16	
MYCO002798	1	0	6	
MYCO002799	15	0	21	
MYCO002800	192	0	25	
MYCO002801	5	0	7	
MYCO002802	201	0	18	
MYCO002803	8	0	13	
MYCO002804	14	0	15	
MYCO002805	11	0	9	
MYCO002806	10	0	5	
MYCO002807	279	0	13	
MYCO002808	58	0	5	
MYCO002809	14	0	6	
MYCO002810	1024	0	0	
MYCO002811	168	0	10	
MYCO002812	125	0	25	
MYCO002813	95	0	17	
MYCO002814	1024	0	0	
MYCO002815	116	0	7	
MYCO002816	235	0	5	
MYCO002817	255	0	15	
MYCO002818	267	0	13	
MYCO002819	251	0	16	
MYCO002820	229	0	21	
MYCO002821	16	0	14	
MYCO002822	5	0	7	
MYCO002823	18	0	44	
MYCO002824	8	0	21	
MYCO002825	793	0	14	
MYCO002826	15	0	14	
MYCO002827	3	0	8	
MYCO002829	26	0	9	
MYCO002830	0	0	6	
MYCO002831	37	0	16	
MYCO002832	27	0	25	
MYCO002833	50	0	25	
MYCO002834	4	0	15	
MYCO002835	4	0	22	
MYCO002836	57	0	23	
MYCO002837	17	0	10	
MYCO002840	1	0	8	
MYCO002842	0	0	6	
MYCO002843	40	0	8	
MYCO002844	4	0	7	
MYCO002845	50	0	27	
MYCO002848	242	0	19	
MYCO002849	9	0	17	
MYCO002850	295	0	31	
MYCO002851	4	0	10	
MYCO002852	23	0	42	
MYCO002853	422	0	43	
MYCO002854	10	0	18	
MYCO002855	39	0	21	
MYCO002856	5	0	14	
MYCO002857	5	0	10	
MYCO002858	95	0	29	
MYCO002859	327	0	24	
MYCO002860	7	0	28	
MYCO002862	3	0	8	
MYCO002863	1	0	9	
MYCO002865	0	0	6	
MYCO002866	1	0	5	
MYCO002867	132	0	17	
MYCO002869	5	0	24	
MYCO002871	201	0	7	
MYCO002872	18	0	8	
MYCO002873	4	0	6	
MYCO002874	54	0	38	
MYCO002875	30	0	12	
MYCO002876	0	0	13	
MYCO002877	34	0	12	
MYCO002878	3	0	13	
MYCO002879	1024	0	0	
MYCO002880	945	0	2	
MYCO002881	2	0	10	
MYCO002884	21	0	15	
MYCO002885	43	169	29	
MYCO002886	25	0	18	
MYCO002887	3	0	10	
MYCO002888	99	0	21	
MYCO002891	186	0	16	
MYCO002892	53	0	22	
MYCO002893	8	0	29	
MYCO002895	43	0	19	
MYCO002896	78	0	25	
MYCO002897	55	0	31	
MYCO002898	1	0	12	
MYCO002899	3	0	13	
MYCO002900	11	0	34	
MYCO002903	14	0	18	
MYCO002905	5	0	26	
MYCO002906	0	0	4	
MYCO002907	23	0	10	
MYCO002908	8	0	2	
MYCO002910	2	0	13	
MYCO002911	17	0	15	
MYCO002912	3	0	8	
MYCO002913	20	0	42	
MYCO002914	60	0	23	
MYCO002920	22	0	34	
MYCO002922	173	0	39	
MYCO002923	10	0	7	
MYCO002924	13	0	20	
MYCO002925	4	0	13	
MYCO002926	2	0	14	
MYCO002928	7	0	13	
MYCO002929	10	0	8	
MYCO002930	9	0	31	
MYCO002931	913	0	42	
MYCO002932	289	0	59	
MYCO002933	240	0	55	
MYCO002934	270	0	58	
MYCO002935	144	0	50	
MYCO002936	10	0	12	
MYCO002937	3	0	13	
MYCO002938	3	0	14	
MYCO002939	6	459	15	
MYCO002940	54	0	81	
MYCO002941	10	0	27	
MYCO002942	23	0	41	
MYCO002943	37	0	20	
MYCO002944	9	0	18	
MYCO002945	1	0	10	
MYCO002946	191	0	70	
MYCO002947	513	0	14	
MYCO002948	25	0	39	
MYCO002949	24	0	21	
MYCO002950	36	0	37	
MYCO002951	32	0	16	
MYCO002952	7	0	15	
MYCO002953	9	0	20	
MYCO002954	4	0	20	
MYCO002955	32	0	25	
MYCO002956	8	0	20	
MYCO002957	15	0	19	
MYCO002958	38	0	23	
MYCO002959	146	0	18	
MYCO002960	4	0	11	
MYCO002961	6	0	6	
MYCO002962	120	0	21	
MYCO002963	131	0	21	
MYCO002964	18	0	20	
MYCO002966	33	0	4	
MYCO002968	3	0	7	
MYCO002969	6	0	10	
MYCO002970	19	0	17	
MYCO002971	21	0	15	
MYCO002972	8	0	16	
MYCO002973	43	0	14	
MYCO002974	121	0	24	
MYCO002975	498	0	3	
MYCO002977	55	0	13	
MYCO002978	22	420	27	
MYCO002979	3	0	13	
MYCO002980	87	0	14	
MYCO002983	112	0	17	
MYCO002985	11	0	21	
MYCO002986	10	0	13	
MYCO002987	3	0	8	
MYCO002989	90	0	11	
MYCO002990	5	0	16	
MYCO002991	6	0	10	
MYCO002994	112	0	22	
MYCO002997	84	0	21	
MYCO002998	1	0	8	
MYCO002999	5	0	19	
MYCO003000	7	0	12	
MYCO003002	1	0	3	
MYCO003004	5	0	7	
MYCO003005	7	0	8	
MYCO003007	93	0	7	
MYCO003008	10	0	16	
MYCO003012	2	0	6	
MYCO003013	77	0	9	
MYCO003015	54	0	23	
MYCO003016	6	0	12	
MYCO003017	110	0	6	
MYCO003018	780	0	12	
MYCO003019	0	9	13	
MYCO003020	5	4	8	
MYCO003021	1022	0	1	
MYCO003022	1024	0	0	
MYCO003023	999	9	7	
MYCO003026	12	0	19	
MYCO003030	25	0	14	
MYCO003033	6	0	11	
MYCO003035	49	0	10	
MYCO003036	2	0	12	
MYCO003037	51	0	21	
MYCO003039	20	0	12	
MYCO003040	47	0	13	
MYCO003041	4	0	12	
MYCO003044	70	0	28	
MYCO003046	4	0	5	
MYCO003047	29	0	8	
MYCO003050	5	0	14	
MYCO003055	3	299	7	
MYCO003056	9	0	23	
MYCO003058	1	0	9	
MYCO003059	15	0	27	
MYCO003060	176	0	33	
MYCO003061	113	0	31	
MYCO003062	278	0	27	
MYCO003063	38	0	54	
MYCO003064	21	0	9	
MYCO003065	33	0	6	
MYCO003066	47	0	13	
MYCO003067	6	0	15	
MYCO003068	17	0	25	
MYCO003069	1	0	7	
MYCO003070	3	0	3	
MYCO003071	31	0	19	
MYCO003072	3	0	12	
MYCO003073	2	0	13	
MYCO003074	307	350	21	
MYCO003075	5	0	13	
MYCO003076	2	0	7	
MYCO003077	64	0	40	
MYCO003078	4	0	10	
MYCO003079	92	0	10	
MYCO003080	106	0	49	
MYCO003081	34	0	16	
MYCO003082	6	0	18	
MYCO003083	53	0	27	
MYCO003084	130	0	18	
MYCO003086	30	0	12	
MYCO003087	51	0	27	
MYCO003088	30	0	31	
MYCO003089	43	0	25	
MYCO003090	36	215	27	
MYCO003091	42	0	26	
MYCO003092	114	0	31	
MYCO003093	234	0	11	
MYCO003094	99	0	20	
MYCO003095	1	0	8	
MYCO003096	10	0	20	
MYCO003097	18	0	29	
MYCO003098	3	0	13	
MYCO003099	20	0	17	
MYCO003103	4	0	9	
MYCO003104	6	0	19	
MYCO003106	17	0	23	
MYCO003107	12	0	32	
MYCO003108	7	0	14	
MYCO003109	21	0	27	
MYCO003110	5	0	6	
MYCO003111	9	0	23	
MYCO003112	10	0	6	
MYCO003113	252	0	20	
MYCO003114	23	0	12	
MYCO003115	999	9	7	
MYCO003116	34	0	14	
MYCO003119	7	0	13	
MYCO003120	7	0	17	
MYCO003121	34	0	24	
MYCO003122	12	0	8	
MYCO003123	8	0	9	
MYCO003124	25	0	17	
MYCO003125	151	0	21	
MYCO003126	8	0	7	
MYCO003127	8	0	25	
MYCO003128	1024	0	0	
MYCO003129	91	0	5	
MYCO003130	16	0	31	
MYCO003131	14	0	14	
MYCO003132	29	0	31	
MYCO003133	2	0	7	
MYCO003134	9	0	19	
MYCO003135	616	0	3	
MYCO003136	20	0	16	
MYCO003137	4	0	18	
MYCO003138	19	0	31	
MYCO003141	41	0	19	
MYCO003142	147	0	7	
MYCO003143	1	0	6	
MYCO003144	169	0	28	
MYCO003145	4	0	5	
MYCO003146	1	0	12	
MYCO003147	6	0	6	
MYCO003148	6	0	15	
MYCO003149	13	0	14	
MYCO003150	107	0	17	
MYCO003151	204	0	31	
MYCO003152	3	0	18	
MYCO003153	19	0	20	
MYCO003154	3	0	11	
MYCO003155	1	0	7	
MYCO003156	10	0	25	
MYCO003157	18	0	31	
MYCO003158	4	0	33	
MYCO003159	515	0	26	
MYCO003160	1	0	11	
MYCO003161	79	0	33	
MYCO003162	13	0	5	
MYCO003163	6	0	18	
MYCO003164	12	0	13	
MYCO003165	28	0	7	
MYCO003166	99	0	16	
MYCO003167	7	0	16	
MYCO003168	44	0	31	
MYCO003169	130	0	19	
MYCO003170	99	0	19	
MYCO003171	6	0	27	
MYCO003172	1	0	18	
MYCO003173	2	0	16	
MYCO003174	6	0	27	
MYCO003175	269	0	24	
MYCO003176	16	0	23	
MYCO003177	16	0	9	
MYCO003178	9	0	9	
MYCO003179	84	0	27	
MYCO003180	8	0	10	
MYCO003181	28	0	9	
MYCO003182	9	0	3	
MYCO003183	34	0	8	
MYCO003184	116	0	7	
MYCO003185	1024	0	0	
MYCO003186	116	0	7	
MYCO003187	1024	0	0	
MYCO003188	6	0	7	
MYCO003189	11	0	13	
MYCO003190	31	0	24	
MYCO003191	12	0	20	
MYCO003192	15	0	10	
MYCO003196	15	0	23	
MYCO003199	82	0	19	
MYCO003200	4	0	22	
MYCO003201	177	0	52	
MYCO003202	133	0	51	
MYCO003203	5	0	18	
MYCO003204	0	0	11	
MYCO003209	2	0	11	
MYCO003210	4	0	14	
MYCO003212	118	0	23	
MYCO003215	1	0	23	
MYCO003216	1024	0	0	
MYCO003217	66	0	9	
MYCO003218	4	0	18	
MYCO003222	11	0	10	
MYCO003224	52	0	18	
MYCO003225	12	0	25	
MYCO003226	6	0	14	
MYCO003227	46	0	23	
MYCO003230	31	0	24	
MYCO003231	11	0	12	
MYCO003232	4	0	10	
MYCO003233	2	0	14	
MYCO003234	510	0	8	
MYCO003235	72	0	14	
MYCO003236	68	0	28	
MYCO003237	5	0	10	
MYCO003238	2	0	11	
MYCO003239	501	0	28	
MYCO003242	13	0	13	
MYCO003243	17	0	16	
MYCO003244	78	0	25	
MYCO003247	10	0	9	
MYCO003249	40	0	14	
MYCO003250	2	0	7	
MYCO003251	1	0	5	
MYCO003253	11	0	20	
MYCO003254	23	0	23	
MYCO003256	132	0	22	
MYCO003259	3	0	3	
MYCO003260	0	0	6	
MYCO003263	45	0	26	
MYCO003266	24	0	20	
MYCO003268	27	0	15	
MYCO003269	5	0	4	
MYCO003270	62	0	26	
MYCO003271	4	0	12	
MYCO003272	19	0	21	
MYCO003273	0	0	46	
MYCO003278	3	0	12	
MYCO003279	3	0	20	
MYCO003281	974	0	4	
MYCO003282	3	0	20	
MYCO003283	4	0	18	
MYCO003284	6	0	16	
MYCO003286	115	0	11	
MYCO003287	3	0	5	
MYCO003288	2	0	6	
MYCO003289	9	0	9	
MYCO003291	4	0	8	
MYCO003292	52	0	21	
MYCO003293	129	0	20	
MYCO003294	3	0	14	
MYCO003295	4	0	13	
MYCO003297	20	0	17	
MYCO003298	61	0	7	
MYCO003299	164	0	55	
MYCO003300	7	0	18	
MYCO003301	3	0	14	
MYCO003307	38	0	14	
MYCO003308	113	0	24	
MYCO003309	3	0	8	
MYCO003310	8	0	15	
MYCO003311	13	0	27	
MYCO003312	7	0	21	
MYCO003314	24	0	18	
MYCO003315	2	0	8	
MYCO003316	1	0	3	
MYCO003320	9	0	9	
MYCO003321	2	0	3	
MYCO003322	3	0	13	
MYCO003323	61	0	12	
MYCO003324	61	0	9	
MYCO003325	116	0	7	
MYCO003326	1024	0	0	
MYCO003327	1015	0	3	
MYCO003331	98	0	25	
MYCO003332	68	0	30	
MYCO003333	242	0	12	
MYCO003334	2	0	9	
MYCO003335	17	0	18	
MYCO003337	116	0	9	
MYCO003338	11	0	16	
MYCO003339	24	0	21	
MYCO003342	75	0	8	
MYCO003343	1024	0	0	
MYCO003344	1024	0	0	
MYCO003345	1021	0	2	
MYCO003346	334	0	6	
MYCO003347	788	0	80	
MYCO003348	28	0	14	
MYCO003349	545	0	16	
MYCO003350	849	0	66	
MYCO003351	148	0	10	
MYCO003352	145	0	5	
MYCO003353	139	0	3	
MYCO003354	138	0	5	
MYCO003355	123	0	8	
MYCO003357	1	0	5	
MYCO003358	0	0	6	
MYCO003359	54	0	16	
MYCO003360	162	0	4	
MYCO003361	13	0	8	
MYCO003362	12	0	14	
MYCO003363	58	0	6	
MYCO003364	14	0	5	
MYCO003365	931	0	10	
MYCO003366	10	0	14	
MYCO003367	445	0	27	
MYCO003368	24	0	13	
MYCO003369	34	0	9	
MYCO003370	215	0	38	
MYCO003371	92	0	30	
MYCO003372	53	0	20	
MYCO003373	119	0	9	
MYCO003374	1	0	7	
MYCO003375	43	0	37	
MYCO003376	5	0	19	
MYCO003377	75	0	34	
MYCO003378	34	0	20	
MYCO003379	14	0	27	
MYCO003380	1024	0	0	
MYCO003381	116	0	7	
MYCO003382	39	0	9	
MYCO003383	210	0	33	
MYCO003384	12	0	8	
MYCO003385	14	0	9	
MYCO003386	45	0	15	
MYCO003387	5	0	14	
MYCO003388	750	0	21	
MYCO003389	68	0	20	
MYCO003390	6	0	22	
MYCO003391	59	0	38	
MYCO003393	17	0	21	
MYCO003394	289	0	21	
MYCO003395	18	0	14	
MYCO003397	8	0	15	
MYCO003398	26	0	27	
MYCO003399	9	0	14	
MYCO003400	25	0	10	
MYCO003401	110	0	42	
MYCO003402	33	0	22	
MYCO003403	17	0	36	
MYCO003404	11	0	19	
MYCO003405	0	0	14	
MYCO003406	31	0	20	
MYCO003407	5	0	3	
MYCO003408	0	0	5	
MYCO003413	78	0	15	
MYCO003414	2	0	11	
MYCO003415	73	0	17	
MYCO003416	9	0	8	
MYCO003420	16	0	10	
MYCO003421	248	0	18	
MYCO003423	7	0	25	
MYCO003424	81	0	13	
MYCO003425	56	257	30	
MYCO003426	996	0	1	
MYCO003427	296	0	10	
MYCO003428	966	0	3	
MYCO003429	56	211	27	
MYCO003430	68	0	37	
MYCO003431	18	0	17	
MYCO003434	56	0	22	
MYCO003435	3	0	19	
MYCO003437	43	0	11	
MYCO003438	11	0	17	
MYCO003439	174	0	27	
MYCO003440	11	0	11	
MYCO003444	5	0	11	
MYCO003445	10	0	8	
MYCO003446	179	0	23	
MYCO003447	93	0	57	
MYCO003448	44	0	32	
MYCO003449	36	0	22	
MYCO003450	146	0	30	
MYCO003451	14	0	22	
MYCO003452	128	0	11	
MYCO003453	613	0	2	
MYCO003454	11	0	32	
MYCO003463	27	0	15	
MYCO003465	2	0	14	
MYCO003466	986	11	21	
MYCO003467	992	19	13	
MYCO003468	13	0	23	
MYCO003469	10	0	18	
MYCO003470	49	0	38	
MYCO003471	4	0	12	
MYCO003472	9	0	11	
MYCO003473	10	0	14	
MYCO003474	116	0	7	
MYCO003475	1024	0	0	
MYCO003476	14	0	22	
MYCO003477	27	0	6	
MYCO003478	498	49	140	
MYCO003479	52	0	73	
MYCO003480	63	0	30	
MYCO003481	14	0	10	
MYCO003482	9	0	13	
MYCO003483	211	0	13	
MYCO003484	24	0	23	
MYCO003485	148	0	18	
MYCO003486	66	0	8	
MYCO003487	239	0	19	
MYCO003488	33	0	8	
MYCO003489	1	0	5	
MYCO003491	4	0	12	
MYCO003492	1	0	11	
MYCO003493	78	0	9	
MYCO003494	210	0	22	
MYCO003495	6	0	16	
MYCO003496	57	0	19	
MYCO003497	2	0	19	
MYCO003498	27	0	17	
MYCO003499	3	0	15	
MYCO003502	7	0	16	
MYCO003503	0	0	5	
MYCO003505	30	0	19	
MYCO003506	16	0	31	
MYCO003507	943	0	38	
MYCO003508	1024	0	0	
MYCO003509	102	0	29	
MYCO003510	40	0	15	
MYCO003511	1022	0	2	
MYCO003512	1024	0	0	
MYCO003513	967	0	8	
MYCO003514	1024	0	0	
MYCO003515	916	0	11	
MYCO003516	165	0	13	
MYCO003517	226	0	14	
MYCO003518	28	0	17	
MYCO003519	5	0	18	
MYCO003521	8	0	18	
MYCO003522	2	0	19	
MYCO003523	81	0	13	
MYCO003524	9	0	25	
MYCO003525	58	0	9	
MYCO003526	1	0	15	
MYCO003527	0	0	15	
MYCO003528	14	0	22	
MYCO003529	122	0	20	
MYCO003530	10	366	12	
MYCO003531	21	0	29	
MYCO003532	85	0	25	
MYCO003533	297	0	29	
MYCO003534	14	0	15	
MYCO003535	259	0	13	
MYCO003536	2	0	19	
MYCO003537	8	0	23	
MYCO003538	0	0	16	
MYCO003539	128	0	25	
MYCO003540	90	0	17	
MYCO003541	0	0	8	
MYCO003542	28	0	15	
MYCO003543	24	0	19	
MYCO003544	7	0	17	
MYCO003545	7	0	38	
MYCO003546	18	0	17	
MYCO003547	11	0	17	
MYCO003548	3	0	13	
MYCO003549	36	0	11	
MYCO003550	12	0	9	
MYCO003551	12	0	13	
MYCO003552	1	0	6	
MYCO003553	100	0	12	
MYCO003554	16	0	42	
MYCO003555	142	0	12	
MYCO003556	24	0	14	
MYCO003557	0	0	7	
MYCO003558	243	0	29	
MYCO003559	56	0	18	
MYCO003560	35	0	18	
MYCO003561	146	0	25	
MYCO003562	12	0	23	
MYCO003563	27	0	24	
MYCO003564	136	0	14	
MYCO003565	21	0	29	
MYCO003566	34	0	16	
MYCO003567	11	0	10	
MYCO003568	117	0	8	
MYCO003569	80	0	15	
MYCO003572	9	0	12	
MYCO003573	96	0	27	
MYCO003574	18	0	11	
MYCO003575	30	0	18	
MYCO003576	15	0	16	
MYCO003577	14	0	12	
MYCO003578	69	0	28	
MYCO003581	4	0	8	
MYCO003582	5	0	14	
MYCO003584	5	0	8	
MYCO003585	9	0	26	
MYCO003586	2	0	21	
MYCO003587	40	0	19	
MYCO003588	12	0	8	
MYCO003590	721	0	20	
MYCO003591	6	0	13	
MYCO003593	3	0	32	
MYCO003594	18	0	18	
MYCO003595	442	0	25	
MYCO003597	68	0	4	
MYCO003599	47	0	3	
MYCO003602	146	0	19	
MYCO003603	44	0	15	
MYCO003604	208	0	28	
MYCO003605	77	0	10	
MYCO003606	2	0	7	
MYCO003607	39	0	6	
MYCO003608	9	0	19	
MYCO003611	1015	0	3	
MYCO003612	13	0	7	
MYCO003613	2	0	2	
MYCO003614	4	0	19	
MYCO003615	4	0	6	
MYCO003616	14	0	27	
MYCO003617	20	0	16	
MYCO003618	23	0	19	
MYCO003619	86	467	85	
MYCO003620	582	109	63	
MYCO003621	149	0	22	
MYCO003622	28	0	4	
MYCO003623	48	0	15	
MYCO003625	57	0	12	
MYCO003626	85	0	23	
MYCO003627	8	0	33	
MYCO003629	9	0	18	
MYCO003630	2	226	25	
MYCO003631	1	0	12	
MYCO003632	1	0	3	
MYCO003633	18	0	17	
MYCO003634	33	0	14	
MYCO003635	35	0	31	
MYCO003636	2	0	7	
MYCO003637	16	0	18	
MYCO003638	4	0	12	
MYCO003639	104	0	15	
MYCO003640	42	0	23	
MYCO003641	3	0	13	
MYCO003642	2	0	5	
MYCO003643	1	0	5	
MYCO003645	201	0	27	
MYCO003649	156	0	44	
MYCO003650	18	0	6	
MYCO003651	93	0	19	
MYCO003652	256	0	7	
MYCO003653	591	0	15	
MYCO003654	121	0	8	
MYCO003655	1024	0	0	
MYCO003656	3	0	6	
MYCO003657	313	241	11	
MYCO003658	107	0	15	
MYCO003659	201	0	20	
MYCO003660	36	0	24	
MYCO003661	17	0	11	
MYCO003662	262	0	14	
MYCO003663	90	0	27	
MYCO003664	1	0	19	
MYCO003665	1	0	23	
MYCO003666	28	250	24	
MYCO003667	88	0	29	
MYCO003669	3	0	15	
MYCO003671	10	0	25	
MYCO003672	22	0	14	
MYCO003673	33	0	14	
MYCO003675	0	0	10	
MYCO003678	2	0	7	
MYCO003681	4	0	13	
MYCO003685	26	0	30	
MYCO003686	19	0	6	
MYCO003687	3	0	8	
MYCO003688	9	0	9	
MYCO003689	41	0	37	
MYCO003690	104	0	14	
MYCO003691	20	0	22	
MYCO003692	13	0	20	
MYCO003693	334	0	18	
MYCO003694	3	0	16	
MYCO003697	6	0	11	
MYCO003698	40	0	26	
MYCO003699	13	0	11	
MYCO003700	150	0	21	
MYCO003701	39	0	18	
MYCO003702	7	0	18	
MYCO003703	14	0	34	
MYCO003704	14	0	29	
MYCO003706	38	0	6	
MYCO003714	10	0	21	
MYCO003716	65	0	7	
MYCO003723	9	0	21	
MYCO003725	498	0	9	
MYCO003726	88	0	18	
MYCO003727	77	0	42	
MYCO003728	640	0	33	
MYCO003729	95	0	47	
MYCO003730	3	0	27	
MYCO003731	2	0	26	
MYCO003732	23	0	24	
MYCO003733	4	0	14	
MYCO003734	16	0	29	
MYCO003735	7	0	13	
MYCO003736	20	0	29	
MYCO003737	193	0	30	
MYCO003738	336	0	21	
MYCO003739	253	0	9	
MYCO003740	30	0	29	
MYCO003741	6	0	20	
MYCO003742	3	0	7	
MYCO003743	43	0	44	
MYCO003744	0	0	10	
MYCO003745	4	296	6	
MYCO003746	2	0	9	
MYCO003747	4	0	4	
MYCO003748	3	0	7	
MYCO003749	12	0	6	
MYCO003750	3	0	7	
MYCO003751	3	0	9	
MYCO003752	74	0	6	
MYCO003753	120	0	8	
MYCO003754	48	0	20	
MYCO003755	4	0	11	
MYCO003756	4	0	17	
MYCO003757	34	0	20	
MYCO003758	10	0	23	
MYCO003759	8	0	27	
MYCO003760	3	0	7	
MYCO003761	40	0	17	
MYCO003762	2	0	40	
MYCO003763	6	0	15	
MYCO003764	10	0	24	
MYCO003766	29	0	20	
MYCO003767	26	0	21	
MYCO003768	28	0	7	
MYCO003769	25	0	7	
MYCO003770	34	0	14	
MYCO003771	8	0	10	
MYCO003772	14	0	13	
MYCO003773	20	0	15	
MYCO003776	186	0	38	
MYCO003779	114	0	38	
MYCO003784	55	0	29	
MYCO003785	454	0	18	
MYCO003786	78	0	26	
MYCO003787	24	0	21	
MYCO003788	2	0	12	
MYCO003789	3	0	6	
MYCO003792	52	0	40	
MYCO003796	6	0	27	
MYCO003797	53	0	34	
MYCO003798	555	14	15	
MYCO003800	223	0	71	
MYCO003803	19	0	19	
MYCO003805	11	0	30	
MYCO003807	40	0	11	
MYCO003810	266	0	18	
MYCO003811	39	0	26	
MYCO003812	411	0	24	
MYCO003813	19	0	11	
MYCO003814	15	0	13	
MYCO003815	23	0	9	
MYCO003817	74	0	20	
MYCO003818	11	0	25	
MYCO003819	8	0	9	
MYCO003820	47	0	35	
MYCO003821	5	0	19	
MYCO003822	11	0	39	
MYCO003823	12	0	66	
MYCO003824	20	0	43	
MYCO003825	62	0	116	
MYCO003826	21	0	41	
MYCO003827	45	0	36	
MYCO003828	0	371	10	
MYCO003829	197	0	46	
MYCO003830	227	0	15	
MYCO003831	4	0	18	
MYCO003832	31	0	20	
MYCO003833	133	0	27	
MYCO003836	112	0	14	
MYCO003837	13	0	24	
MYCO003838	31	0	20	
MYCO003839	1	0	20	
MYCO003840	9	0	12	
MYCO003841	2	0	15	
MYCO003843	84	0	24	
MYCO003844	28	0	14	
MYCO003845	755	0	4	
MYCO003846	3	0	13	
MYCO003848	24	0	25	
MYCO003850	16	0	18	
MYCO003851	16	0	8	
MYCO003852	8	0	9	
MYCO003853	0	0	9	
MYCO003854	47	0	62	
MYCO003855	4	0	21	
MYCO003856	19	0	19	
MYCO003857	2	0	2	
MYCO003860	113	0	36	
MYCO003861	36	0	16	
MYCO003862	11	0	32	
MYCO003863	44	0	33	
MYCO003864	23	0	29	
MYCO003865	14	0	8	
MYCO003866	36	0	18	
MYCO003867	26	0	8	
MYCO003868	59	0	25	
MYCO003869	137	0	38	
MYCO003870	12	0	62	
MYCO003871	78	0	40	
MYCO003872	41	0	5	
MYCO003873	41	0	20	
MYCO003874	8	0	8	
MYCO003875	2	0	6	
MYCO003876	442	0	41	
MYCO003877	14	0	46	
MYCO003878	105	0	18	
MYCO003879	412	0	48	
MYCO003880	0	0	8	
MYCO003881	106	0	47	
MYCO003882	134	0	53	
MYCO003883	14	0	35	
MYCO003884	47	0	39	
MYCO003885	37	0	50	
MYCO003886	332	0	25	
MYCO003887	105	0	39	
MYCO003888	35	0	38	
MYCO003889	69	0	39	
MYCO003890	23	0	7	
MYCO003891	7	0	15	
MYCO003892	228	0	29	
MYCO003893	25	0	11	
MYCO003894	279	0	91	
MYCO003895	271	0	40	
MYCO003896	63	0	31	
MYCO003897	1017	0	2	
MYCO003898	496	0	4	
MYCO003899	270	0	36	
MYCO003900	164	0	40	
MYCO003901	21	0	13	
MYCO003902	5	0	14	
MYCO003903	312	0	52	
MYCO003904	4	0	13	
MYCO003905	8	0	10	
MYCO003906	12	0	18	
MYCO003909	52	0	56	
MYCO003910	60	0	114	
MYCO003911	1022	0	2	
MYCO003912	32	0	28	
MYCO003914	0	0	7	
MYCO003916	1	0	29	
MYCO003919	47	0	86	
MYCO003922	1	0	14	
MYCO003923	2	0	16	
MYCO010064	1	0	6	
MYCO010078	4	0	19	
MYCO010157	2	0	3	
MYCO010186	12	0	4	
MYCO010192	234	0	3	
MYCO010236	8	0	2	
MYCO010277	1024	0	0	
MYCO010397	1	468	9	
MYCO010456	4	0	6	
MYCO010470	152	0	5	
MYCO010492	5	0	6	
MYCO010500	53	0	3	
MYCO010530	0	0	5	
MYCO010590	9	0	4	
MYCO010609	6	0	7	
MYCO010616	0	0	8	
MYCO010634	3	0	4	
MYCO010691	1	0	5	
MYCO010724	1024	0	0	
MYCO010749	4	0	5	
MYCO010755	17	0	4	
MYCO010787	13	0	2	
MYCO010959	1	0	3	
MYCO011028	0	0	4	
MYCO011087	9	0	6	
MYCO011089	1	0	5	
MYCO011116	7	0	4	
MYCO011135	1	0	14	
MYCO011159	0	0	4	
MYCO011290	7	0	5	
MYCO011322	1	0	10	
MYCO011366	3	0	4	
MYCO011473	3	0	5	
MYCO011489	27	0	4	
MYCO011498	19	0	7	
MYCO011507	23	0	16	
MYCO011508	11	0	6	
MYCO011638	72	0	7	
MYCO011706	1	0	4	
MYCO011765	8	0	5	
MYCO011888	1	0	5	
MYCO011954	4	0	5	
MYCO011962	0	595	11	
MYCO011982	3	0	3	
MYCO011990	14	0	12	
MYCO011991	1	0	3	
MYCO012023	15	0	17	
MYCO012063	25	0	7	
MYCO012077	39	0	7	
MYCO012142	0	0	6	
MYCO012160	556	0	5	
MYCO012219	2	0	7	
MYCO012231	11	0	9	
MYCO012237	8	0	5	
MYCO012250	1024	0	0	
MYCO012274	34	0	6	
MYCO012306	4	0	12	
MYCO012307	5	0	4	
MYCO012309	2	0	9	
MYCO012331	1	0	6	
MYCO012395	4	0	4	
MYCO012401	3	0	2	
MYCO012427	1024	0	0	
MYCO012438	1	0	5	
MYCO012468	0	0	4	
MYCO012530	1	0	6	
MYCO012548	0	0	7	
MYCO012601	0	0	5	
MYCO012614	127	0	7	
MYCO012737	2	0	5	
MYCO012801	0	0	2	
MYCO012828	184	0	7	
MYCO012862	1024	0	0	
MYCO012922	2	0	5	
MYCO012943	7	0	9	
MYCO012970	6	0	2	
MYCO012998	0	0	9	
MYCO013018	388	0	4	
MYCO013022	167	0	6	
MYCO013032	6	0	7	
MYCO013098	5	0	11	
MYCO013136	1	0	12	
MYCO013190	41	0	3	
MYCO013196	0	0	3	
MYCO013197	9	0	5	
MYCO013198	3	0	6	
MYCO013208	2	0	4	
MYCO013221	1	0	8	
MYCO013224	3	0	11	
MYCO013312	10	0	11	
MYCO013324	1024	0	0	
MYCO013395	36	0	11	
MYCO013566	1	0	8	
MYCO013697	12	0	8	
MYCO013705	9	0	15	
MYCO013724	116	0	4	
MYCO013770	1	0	2	
MYCO020078	1	0	9	
MYCO020456	1024	0	0	
MYCO020500	0	0	3	
MYCO022231	748	0	7	
MYCO022306	15	0	7	
MYCO022307	19	0	8	
MYCO022395	10	0	6	
MYCO023224	6	0	4	
MYCO023724	122	0	13	
MYCO023770	1	0	6	
MYCO032307	0	0	5	
