GbGDiv simplified results table from 'accumulate-18.txt' records table.
Isolate records read from table: 4608

Locus	Missing	Paralogous	CountNuc
id	0	0	4608	
isolate	0	0	4608	
rMLST_database_accession	0	0	4608	
BACT000001	11	0	76	
BACT000002	131	0	32	
BACT000003	447	0	37	
BACT000004	29	0	27	
BACT000005	76	0	29	
BACT000006	4	0	16	
BACT000007	11	0	18	
BACT000008	22	0	20	
BACT000009	20	0	27	
BACT000010	1	0	9	
BACT000011	35	0	20	
BACT000012	2	0	18	
BACT000013	10	0	22	
BACT000014	2	4215	2	
BACT000015	1	0	9	
BACT000016	43	0	26	
BACT000017	16	0	19	
BACT000018	1	3592	3	
BACT000019	1	0	11	
BACT000020	5	0	15	
BACT000021	4607	0	1	
BACT000030	41	1277	27	
BACT000031	2	0	25	
BACT000032	10	0	21	
BACT000033	130	0	31	
BACT000034	11	0	22	
BACT000035	4	0	24	
BACT000036	292	0	21	
BACT000038	20	0	19	
BACT000039	17	0	22	
BACT000040	545	0	16	
BACT000042	6	0	24	
BACT000043	3	0	24	
BACT000044	27	0	17	
BACT000045	21	0	19	
BACT000046	4	0	29	
BACT000047	63	0	12	
BACT000048	1	0	16	
BACT000049	3	0	16	
BACT000050	24	0	15	
BACT000051	142	0	22	
BACT000052	1	0	13	
BACT000053	4	0	14	
BACT000056	7	0	13	
BACT000057	2	4469	3	
BACT000058	1	1	12	
BACT000059	0	0	11	
BACT000060	2	0	8	
BACT000061	10	0	14	
BACT000062	1	3852	7	
BACT000063	2	1	12	
BACT000064	3	0	13	
BACT000065	3	0	3	
MYCO000001	29	0	119	
MYCO000005	29	0	136	
MYCO000006	49	0	222	
MYCO000009	11	0	33	
MYCO000011	9	0	26	
MYCO000013	4	0	59	
MYCO000015	1020	0	73	
MYCO000016	73	0	87	
MYCO000017	60	0	79	
MYCO000019	8	0	32	
MYCO000038	305	0	36	
MYCO000046	15	0	63	
MYCO000047	17	0	32	
MYCO000049	24	0	28	
MYCO000050	513	0	147	
MYCO000051	390	0	109	
MYCO000054	185	0	31	
MYCO000066	23	0	117	
MYCO000068	125	0	82	
MYCO000129	39	0	35	
MYCO000183	234	0	51	
MYCO000184	262	0	26	
MYCO000189	583	0	60	
MYCO000198	51	0	105	
MYCO000204	140	0	48	
MYCO000207	13	0	36	
MYCO000211	57	0	103	
MYCO000223	476	0	75	
MYCO000225	31	0	33	
MYCO000227	512	0	54	
MYCO000228	103	0	53	
MYCO000236	1038	0	164	
MYCO000237	114	0	66	
MYCO000238	17	0	34	
MYCO000241	31	0	57	
MYCO000242	758	0	64	
MYCO000243	423	0	63	
MYCO000244	89	2311	72	
MYCO000247	12	0	27	
MYCO000248	25	0	62	
MYCO000270	42	0	92	
MYCO000274	296	0	38	
MYCO000321	11	0	23	
MYCO000322	55	0	51	
MYCO000334	4	0	30	
MYCO000337	42	0	46	
MYCO000350	74	0	56	
MYCO000352	481	0	46	
MYCO000357	16	0	49	
MYCO000360	162	0	26	
MYCO000383	855	0	26	
MYCO000384	587	0	92	
MYCO000407	210	0	53	
MYCO000410	138	0	94	
MYCO000411	114	0	40	
MYCO000414	958	0	30	
MYCO000415	1007	0	43	
MYCO000417	321	1141	31	
MYCO000423	28	0	49	
MYCO000429	10	0	31	
MYCO000432	13	0	27	
MYCO000433	27	0	42	
MYCO000439	176	0	46	
MYCO000440	52	0	52	
MYCO000462	11	0	39	
MYCO000465	40	0	71	
MYCO000466	19	0	29	
MYCO000467	19	0	43	
MYCO000468	38	0	35	
MYCO000472	10	0	29	
MYCO000475	109	0	33	
MYCO000483	51	0	49	
MYCO000484	44	0	33	
MYCO000486	277	0	61	
MYCO000489	679	0	26	
MYCO000490	59	0	40	
MYCO000491	7	0	18	
MYCO000495	12	0	39	
MYCO000496	56	0	40	
MYCO000498	80	0	44	
MYCO000501	24	0	42	
MYCO000502	38	0	38	
MYCO000505	1108	0	34	
MYCO000509	103	0	62	
MYCO000510	80	0	34	
MYCO000512	101	0	33	
MYCO000524	373	0	52	
MYCO000527	139	0	35	
MYCO000528	704	0	53	
MYCO000529	164	0	51	
MYCO000548	29	0	31	
MYCO000551	159	0	84	
MYCO000553	443	0	39	
MYCO000555	419	0	48	
MYCO000557	52	0	62	
MYCO000558	225	0	26	
MYCO000562	22	0	46	
MYCO000563	97	0	41	
MYCO000564	51	0	55	
MYCO000566	13	0	21	
MYCO000636	8	0	20	
MYCO000639	183	0	23	
MYCO000647	174	0	59	
MYCO000655	25	0	48	
MYCO000667	227	0	246	
MYCO000668	186	0	237	
MYCO000672	194	0	82	
MYCO000684	69	0	85	
MYCO000685	17	0	30	
MYCO000693	428	0	47	
MYCO000696	75	0	63	
MYCO000732	11	0	51	
MYCO000733	9	0	20	
MYCO000734	480	0	28	
MYCO000757	10	0	27	
MYCO000758	121	0	143	
MYCO000772	147	0	53	
MYCO000777	52	0	40	
MYCO000780	15	0	36	
MYCO000782	4498	0	5	
MYCO000788	135	0	24	
MYCO000803	104	0	80	
MYCO000808	79	0	66	
MYCO000809	7	0	36	
MYCO000810	4	0	8	
MYCO000814	912	17	13	
MYCO000815	62	5	40	
MYCO000820	14	0	27	
MYCO000821	25	0	18	
MYCO000823	97	0	52	
MYCO000824	9	0	22	
MYCO000859	67	0	70	
MYCO000860	284	0	96	
MYCO000861	40	0	62	
MYCO000871	13	0	12	
MYCO000876	5	0	65	
MYCO000884	14	0	48	
MYCO000885	61	0	34	
MYCO000886	1075	0	69	
MYCO000889	914	0	52	
MYCO000896	61	0	54	
MYCO000902	37	0	30	
MYCO000903	8	0	12	
MYCO000906	1185	0	48	
MYCO000926	21	0	65	
MYCO000927	206	0	35	
MYCO000929	412	0	29	
MYCO000946	47	0	70	
MYCO000949	194	0	95	
MYCO000951	41	0	49	
MYCO000952	82	0	41	
MYCO000953	334	0	50	
MYCO000957	490	0	53	
MYCO000981	48	0	28	
MYCO000983	573	0	60	
MYCO000993	142	0	31	
MYCO000994	299	0	54	
MYCO000995	19	0	29	
MYCO001001	42	0	60	
MYCO001002	66	0	67	
MYCO001007	13	0	61	
MYCO001008	262	0	37	
MYCO001009	233	0	39	
MYCO001010	95	0	47	
MYCO001011	37	0	31	
MYCO001013	54	0	57	
MYCO001014	35	0	35	
MYCO001015	31	0	29	
MYCO001017	6	0	29	
MYCO001018	53	0	66	
MYCO001020	527	0	156	
MYCO001022	218	0	32	
MYCO001023	161	0	51	
MYCO001026	299	0	39	
MYCO001070	25	0	23	
MYCO001071	19	0	56	
MYCO001072	4	0	30	
MYCO001077	71	0	62	
MYCO001079	84	0	39	
MYCO001080	254	0	18	
MYCO001082	42	0	32	
MYCO001086	66	0	39	
MYCO001092	119	0	33	
MYCO001094	80	0	22	
MYCO001095	112	0	48	
MYCO001098	82	0	42	
MYCO001099	280	0	42	
MYCO001108	83	0	50	
MYCO001110	14	0	33	
MYCO001112	594	0	42	
MYCO001165	211	0	83	
MYCO001173	263	0	93	
MYCO001177	16	0	8	
MYCO001178	170	0	52	
MYCO001193	434	0	48	
MYCO001201	266	0	40	
MYCO001202	211	0	34	
MYCO001207	317	0	44	
MYCO001208	30	0	32	
MYCO001213	218	0	57	
MYCO001220	263	0	20	
MYCO001221	6	0	31	
MYCO001223	745	0	67	
MYCO001229	131	0	48	
MYCO001238	52	0	36	
MYCO001239	17	0	46	
MYCO001245	95	0	46	
MYCO001248	517	0	140	
MYCO001253	206	0	76	
MYCO001272	349	0	65	
MYCO001273	23	0	74	
MYCO001277	502	0	42	
MYCO001292	39	0	67	
MYCO001293	60	0	48	
MYCO001294	79	0	48	
MYCO001295	64	0	43	
MYCO001297	384	0	58	
MYCO001299	43	0	29	
MYCO001302	15	0	33	
MYCO001305	8	0	9	
MYCO001308	76	0	50	
MYCO001309	15	0	40	
MYCO001310	22	0	41	
MYCO001311	17	0	23	
MYCO001315	24	0	38	
MYCO001321	69	0	30	
MYCO001323	96	0	51	
MYCO001326	56	0	85	
MYCO001327	81	0	71	
MYCO001328	159	0	110	
MYCO001338	126	0	31	
MYCO001340	61	0	27	
MYCO001380	54	0	33	
MYCO001381	486	0	48	
MYCO001383	41	0	42	
MYCO001384	431	0	149	
MYCO001385	716	0	37	
MYCO001388	5	0	24	
MYCO001390	2	0	14	
MYCO001391	816	0	56	
MYCO001392	454	0	65	
MYCO001402	1880	0	63	
MYCO001407	627	0	72	
MYCO001408	152	0	29	
MYCO001410	13	0	56	
MYCO001412	19	0	28	
MYCO001415	24	0	45	
MYCO001416	8	0	20	
MYCO001420	29	0	69	
MYCO001421	26	0	37	
MYCO001436	10	0	43	
MYCO001437	51	0	46	
MYCO001438	24	0	30	
MYCO001440	23	0	13	
MYCO001445	296	0	34	
MYCO001447	550	0	86	
MYCO001448	56	0	48	
MYCO001449	237	0	77	
MYCO001451	92	0	39	
MYCO001457	9	0	29	
MYCO001458	23	0	40	
MYCO001462	60	0	55	
MYCO001463	17	0	27	
MYCO001464	240	0	49	
MYCO001465	16	0	15	
MYCO001466	9	0	9	
MYCO001467	89	2348	58	
MYCO001473	44	0	51	
MYCO001474	151	0	18	
MYCO001475	26	0	81	
MYCO001479	101	0	45	
MYCO001480	140	0	42	
MYCO001481	24	0	39	
MYCO001483	123	0	22	
MYCO001484	33	0	36	
MYCO001485	138	0	33	
MYCO001493	730	0	68	
MYCO001536	158	0	124	
MYCO001540	30	0	51	
MYCO001547	172	0	106	
MYCO001557	775	0	56	
MYCO001559	1006	0	60	
MYCO001564	55	0	85	
MYCO001568	276	0	48	
MYCO001569	873	0	32	
MYCO001589	17	0	32	
MYCO001593	4	0	28	
MYCO001594	58	0	47	
MYCO001595	501	0	63	
MYCO001599	422	0	50	
MYCO001600	10	0	46	
MYCO001601	2	0	25	
MYCO001603	12	0	34	
MYCO001605	19	0	31	
MYCO001609	103	0	68	
MYCO001611	78	0	26	
MYCO001612	11	0	52	
MYCO001617	59	0	61	
MYCO001626	24	0	26	
MYCO001627	139	0	37	
MYCO001629	159	0	121	
MYCO001633	594	0	89	
MYCO001638	218	0	115	
MYCO001641	4608	0	0	
MYCO001649	355	0	40	
MYCO001652	254	0	41	
MYCO001653	803	0	36	
MYCO001654	125	0	26	
MYCO001655	501	0	50	
MYCO001656	375	0	34	
MYCO001657	419	0	18	
MYCO001658	142	0	52	
MYCO001659	425	0	49	
MYCO001689	15	0	43	
MYCO001694	164	0	40	
MYCO001695	5	0	39	
MYCO001697	7	0	31	
MYCO001699	24	0	96	
MYCO001701	70	0	28	
MYCO001708	23	0	30	
MYCO001709	7	0	42	
MYCO001711	4	0	36	
MYCO001712	30	0	30	
MYCO001713	212	0	56	
MYCO001821	49	0	96	
MYCO001827	7	0	21	
MYCO001829	50	0	21	
MYCO001830	26	0	60	
MYCO001832	130	0	119	
MYCO001837	120	0	93	
MYCO001842	92	0	73	
MYCO001843	115	0	66	
MYCO001844	66	0	78	
MYCO001854	51	0	62	
MYCO001886	94	0	48	
MYCO001894	202	0	61	
MYCO001981	21	0	27	
MYCO002050	5	0	13	
MYCO002089	346	0	55	
MYCO002090	4505	0	10	
MYCO002092	550	0	113	
MYCO002093	48	0	32	
MYCO002096	32	0	48	
MYCO002097	102	0	42	
MYCO002109	17	0	32	
MYCO002110	55	0	38	
MYCO002111	132	0	10	
MYCO002112	2018	0	54	
MYCO002115	45	0	75	
MYCO002118	18	0	25	
MYCO002119	32	0	43	
MYCO002121	65	0	28	
MYCO002122	4	0	14	
MYCO002125	42	0	30	
MYCO002130	578	0	37	
MYCO002134	26	0	22	
MYCO002139	92	0	44	
MYCO002140	2	0	23	
MYCO002141	78	0	62	
MYCO002145	66	0	28	
MYCO002150	287	0	33	
MYCO002151	305	0	25	
MYCO002153	883	0	61	
MYCO002154	977	0	36	
MYCO002155	747	0	89	
MYCO002156	19	0	47	
MYCO002157	2011	0	49	
MYCO002163	194	0	70	
MYCO002166	18	0	13	
MYCO002170	552	0	28	
MYCO002176	125	0	50	
MYCO002178	24	0	34	
MYCO002179	97	0	15	
MYCO002182	33	0	28	
MYCO002186	4	0	14	
MYCO002187	1306	0	65	
MYCO002188	49	0	57	
MYCO002192	139	0	39	
MYCO002193	8	0	20	
MYCO002194	42	0	38	
MYCO002195	25	0	49	
MYCO002196	22	0	69	
MYCO002199	2	0	19	
MYCO002200	29	0	41	
MYCO002201	194	0	65	
MYCO002202	207	0	44	
MYCO002210	95	0	44	
MYCO002211	134	0	56	
MYCO002213	240	0	79	
MYCO002216	43	0	51	
MYCO002217	241	0	38	
MYCO002218	199	0	47	
MYCO002219	150	0	29	
MYCO002220	31	0	55	
MYCO002221	1024	0	95	
MYCO002222	49	0	52	
MYCO002225	146	0	43	
MYCO002228	65	0	47	
MYCO002230	301	0	45	
MYCO002235	85	0	42	
MYCO002239	2	0	20	
MYCO002241	580	0	71	
MYCO002242	203	0	38	
MYCO002243	486	0	35	
MYCO002244	5	0	7	
MYCO002245	80	0	46	
MYCO002246	52	0	43	
MYCO002247	202	0	49	
MYCO002257	47	0	39	
MYCO002259	237	0	38	
MYCO002315	807	0	66	
MYCO002343	226	0	66	
MYCO002344	720	0	41	
MYCO002357	15	0	33	
MYCO002361	12	0	27	
MYCO002362	133	0	27	
MYCO002364	10	0	36	
MYCO002366	16	0	61	
MYCO002367	7	0	20	
MYCO002368	48	0	42	
MYCO002373	71	0	43	
MYCO002374	148	0	52	
MYCO002399	66	0	36	
MYCO002400	52	0	52	
MYCO002402	75	0	102	
MYCO002404	36	0	80	
MYCO002409	18	0	31	
MYCO002410	10	0	29	
MYCO002411	111	0	64	
MYCO002413	168	0	39	
MYCO002420	198	0	23	
MYCO002421	1	0	16	
MYCO002425	369	0	40	
MYCO002426	1305	0	49	
MYCO002427	397	0	49	
MYCO002439	705	0	34	
MYCO002440	115	0	67	
MYCO002445	27	0	14	
MYCO002447	85	0	64	
MYCO002448	197	0	102	
MYCO002454	31	0	48	
MYCO002455	82	0	61	
MYCO002457	32	0	37	
MYCO002460	5	0	18	
MYCO002461	10	0	25	
MYCO002462	295	0	47	
MYCO002465	70	0	19	
MYCO002466	43	0	26	
MYCO002467	111	0	109	
MYCO002470	10	0	25	
MYCO002477	26	0	56	
MYCO002500	15	0	47	
MYCO002502	58	0	66	
MYCO002509	14	0	41	
MYCO002511	17	0	20	
MYCO002518	549	0	45	
MYCO002521	2	0	22	
MYCO002523	44	0	11	
MYCO002524	1336	0	263	
MYCO002533	19	0	22	
MYCO002534	3	0	21	
MYCO002538	243	0	46	
MYCO002540	1019	0	48	
MYCO002555	82	0	78	
MYCO002559	401	0	43	
MYCO002568	59	0	44	
MYCO002572	161	0	66	
MYCO002575	73	0	43	
MYCO002580	207	0	41	
MYCO002582	36	0	37	
MYCO002583	126	0	81	
MYCO002587	703	0	69	
MYCO002589	141	0	56	
MYCO002592	194	0	36	
MYCO002593	97	0	25	
MYCO002594	2	0	17	
MYCO002603	9	0	28	
MYCO002606	42	0	32	
MYCO002610	114	0	42	
MYCO002611	84	0	48	
MYCO002612	7	0	29	
MYCO002613	9	0	17	
MYCO002614	79	0	61	
MYCO002670	28	0	39	
MYCO002673	542	1160	43	
MYCO002676	28	0	18	
MYCO002678	403	0	42	
MYCO002682	100	0	63	
MYCO002696	125	0	40	
MYCO002697	8	0	17	
MYCO002699	0	0	12	
MYCO002702	11	0	43	
MYCO002703	171	0	49	
MYCO002708	4	0	13	
MYCO002710	84	0	37	
MYCO002711	32	0	31	
MYCO002714	35	0	42	
MYCO002715	603	0	53	
MYCO002720	17	0	41	
MYCO002724	52	0	68	
MYCO002725	117	0	56	
MYCO002726	60	0	31	
MYCO002727	248	0	45	
MYCO002731	515	0	47	
MYCO002733	1063	0	56	
MYCO002744	133	0	34	
MYCO002748	430	0	107	
MYCO002750	87	0	38	
MYCO002753	13	0	46	
MYCO002754	33	0	29	
MYCO002764	83	0	45	
MYCO002773	25	0	28	
MYCO002782	339	0	57	
MYCO002783	157	0	72	
MYCO002788	493	0	18	
MYCO002794	24	0	32	
MYCO002795	90	0	41	
MYCO002828	2088	547	44	
MYCO002838	83	0	22	
MYCO002839	1772	0	84	
MYCO002841	28	0	50	
MYCO002846	10	0	53	
MYCO002847	110	0	47	
MYCO002861	20	0	31	
MYCO002864	52	0	53	
MYCO002868	14	0	37	
MYCO002870	103	0	38	
MYCO002882	11	0	29	
MYCO002883	5	0	32	
MYCO002889	97	0	28	
MYCO002894	592	0	29	
MYCO002901	3	0	9	
MYCO002902	257	0	32	
MYCO002915	89	0	51	
MYCO002916	357	0	49	
MYCO002917	731	0	64	
MYCO002918	285	0	101	
MYCO002919	5	0	12	
MYCO002921	150	0	54	
MYCO002927	28	0	33	
MYCO002965	4	0	12	
MYCO002967	302	0	85	
MYCO002976	77	0	31	
MYCO002981	201	0	50	
MYCO002982	29	0	45	
MYCO002984	61	0	56	
MYCO002988	119	0	38	
MYCO002992	143	0	64	
MYCO002993	11	0	32	
MYCO002995	162	0	44	
MYCO002996	293	0	66	
MYCO003001	22	0	35	
MYCO003003	208	0	64	
MYCO003006	165	0	39	
MYCO003009	21	0	57	
MYCO003010	421	0	36	
MYCO003011	826	0	49	
MYCO003014	424	0	81	
MYCO003024	200	0	54	
MYCO003025	134	0	44	
MYCO003027	42	0	46	
MYCO003028	582	0	37	
MYCO003029	21	0	28	
MYCO003031	251	0	61	
MYCO003032	454	0	36	
MYCO003034	17	0	31	
MYCO003038	11	0	37	
MYCO003042	79	0	41	
MYCO003043	11	0	53	
MYCO003045	5	0	39	
MYCO003048	20	0	39	
MYCO003049	112	0	71	
MYCO003051	35	0	54	
MYCO003052	21	0	14	
MYCO003053	5	0	7	
MYCO003054	158	0	34	
MYCO003057	18	0	36	
MYCO003085	249	0	40	
MYCO003100	10	0	20	
MYCO003101	27	0	29	
MYCO003102	3	0	27	
MYCO003105	206	0	48	
MYCO003117	62	5	40	
MYCO003118	912	17	13	
MYCO003139	22	0	66	
MYCO003140	21	0	60	
MYCO003193	77	0	122	
MYCO003194	4	0	33	
MYCO003195	364	0	67	
MYCO003197	31	0	52	
MYCO003198	317	0	70	
MYCO003205	42	0	31	
MYCO003206	26	0	56	
MYCO003207	19	0	37	
MYCO003208	61	0	25	
MYCO003211	353	0	75	
MYCO003213	16	0	41	
MYCO003214	32	0	38	
MYCO003219	7	0	7	
MYCO003220	27	0	52	
MYCO003221	0	0	12	
MYCO003223	4	0	27	
MYCO003228	431	0	44	
MYCO003229	29	0	72	
MYCO003240	490	0	89	
MYCO003241	215	0	27	
MYCO003245	19	0	58	
MYCO003246	13	0	17	
MYCO003248	52	0	63	
MYCO003252	214	0	47	
MYCO003255	126	0	40	
MYCO003257	235	0	49	
MYCO003258	303	0	18	
MYCO003261	17	0	43	
MYCO003262	266	0	47	
MYCO003264	21	0	32	
MYCO003265	112	0	37	
MYCO003267	317	0	41	
MYCO003274	9	0	46	
MYCO003275	132	0	26	
MYCO003276	119	0	50	
MYCO003277	7	0	29	
MYCO003280	35	0	54	
MYCO003285	144	0	62	
MYCO003290	25	0	43	
MYCO003296	1380	0	180	
MYCO003302	87	0	51	
MYCO003303	4563	0	2	
MYCO003304	48	0	12	
MYCO003305	88	0	40	
MYCO003306	293	0	53	
MYCO003313	29	0	24	
MYCO003317	18	0	27	
MYCO003318	231	0	58	
MYCO003319	55	0	41	
MYCO003328	351	0	50	
MYCO003329	54	0	65	
MYCO003330	457	0	49	
MYCO003336	16	0	32	
MYCO003340	26	0	47	
MYCO003341	602	0	52	
MYCO003356	23	0	34	
MYCO003392	50	3510	20	
MYCO003396	81	0	57	
MYCO003409	116	0	57	
MYCO003410	797	0	42	
MYCO003411	203	0	66	
MYCO003412	10	0	18	
MYCO003417	14	2631	45	
MYCO003418	0	0	10	
MYCO003419	179	0	39	
MYCO003422	4	0	21	
MYCO003432	41	0	42	
MYCO003433	1644	0	36	
MYCO003436	1150	0	59	
MYCO003441	508	0	61	
MYCO003455	214	0	33	
MYCO003457	19	0	47	
MYCO003462	8	0	12	
MYCO003464	14	0	41	
MYCO003490	54	0	65	
MYCO003500	21	0	38	
MYCO003501	30	0	28	
MYCO003504	35	0	48	
MYCO003520	48	0	55	
MYCO003570	17	0	32	
MYCO003571	56	0	39	
MYCO003579	662	0	50	
MYCO003580	95	0	41	
MYCO003583	4	0	17	
MYCO003589	1074	0	31	
MYCO003592	7	0	15	
MYCO003596	365	0	93	
MYCO003598	37	0	49	
MYCO003600	35	0	29	
MYCO003601	34	0	20	
MYCO003609	5	0	17	
MYCO003610	446	0	79	
MYCO003624	12	0	36	
MYCO003628	19	0	22	
MYCO003644	242	0	62	
MYCO003646	699	0	108	
MYCO003647	65	0	23	
MYCO003648	7	0	29	
MYCO003668	10	0	27	
MYCO003670	239	0	39	
MYCO003674	10	0	33	
MYCO003676	9	0	24	
MYCO003677	62	0	40	
MYCO003679	23	0	51	
MYCO003680	114	0	46	
MYCO003682	153	0	86	
MYCO003683	87	0	45	
MYCO003684	68	0	28	
MYCO003695	36	0	51	
MYCO003696	192	0	88	
MYCO003705	8	0	31	
MYCO003707	133	0	47	
MYCO003708	140	0	48	
MYCO003709	91	0	43	
MYCO003710	1841	0	45	
MYCO003711	36	0	52	
MYCO003712	591	0	45	
MYCO003713	45	0	23	
MYCO003715	6	0	19	
MYCO003717	5	0	33	
MYCO003718	4	0	14	
MYCO003719	29	0	60	
MYCO003720	151	0	58	
MYCO003721	400	0	70	
MYCO003722	21	0	62	
MYCO003765	518	0	42	
MYCO003774	22	0	49	
MYCO003775	69	0	69	
MYCO003777	263	0	47	
MYCO003778	49	0	59	
MYCO003780	440	0	28	
MYCO003781	9	0	26	
MYCO003782	47	0	45	
MYCO003783	46	0	32	
MYCO003790	25	0	58	
MYCO003791	51	0	41	
MYCO003793	773	0	153	
MYCO003794	248	0	173	
MYCO003795	216	0	251	
MYCO003799	23	0	64	
MYCO003801	43	0	65	
MYCO003802	90	0	43	
MYCO003804	51	0	50	
MYCO003806	17	0	72	
MYCO003808	293	0	64	
MYCO003809	8	0	43	
MYCO003816	332	0	37	
MYCO003834	129	0	50	
MYCO003835	598	0	67	
MYCO003842	126	0	65	
MYCO003847	1733	0	23	
MYCO003849	6	0	17	
MYCO003858	49	0	49	
MYCO003859	470	0	185	
MYCO003907	42	0	89	
MYCO003908	167	0	46	
MYCO003913	82	0	79	
MYCO003915	13	0	85	
MYCO003917	17	0	89	
MYCO003918	14	0	87	
MYCO003920	11	0	45	
MYCO003921	20	0	85	
MYCO013678	2	0	15	
MYCO000002	50	0	89	
MYCO000003	49	0	76	
MYCO000004	14	0	63	
MYCO000007	490	0	100	
MYCO000008	21	0	40	
MYCO000010	16	0	64	
MYCO000012	36	0	73	
MYCO000014	14	0	116	
MYCO000018	266	0	88	
MYCO000020	234	0	129	
MYCO000021	639	0	63	
MYCO000022	51	0	41	
MYCO000023	43	0	60	
MYCO000024	1392	0	53	
MYCO000025	496	0	37	
MYCO000026	147	0	86	
MYCO000027	24	0	17	
MYCO000028	14	0	21	
MYCO000029	353	0	89	
MYCO000030	915	0	29	
MYCO000031	43	0	20	
MYCO000032	1410	0	115	
MYCO000033	18	0	12	
MYCO000034	11	0	25	
MYCO000035	62	0	134	
MYCO000036	98	0	57	
MYCO000037	59	0	81	
MYCO000039	196	0	25	
MYCO000040	73	0	57	
MYCO000041	421	0	168	
MYCO000042	315	0	77	
MYCO000043	40	0	48	
MYCO000044	573	0	50	
MYCO000045	2051	0	56	
MYCO000048	31	0	66	
MYCO000052	132	18	46	
MYCO000057	19	2744	55	
MYCO000058	75	0	135	
MYCO000059	20	0	52	
MYCO000060	12	0	50	
MYCO000061	1054	0	17	
MYCO000062	238	0	83	
MYCO000063	331	0	111	
MYCO000064	1886	0	137	
MYCO000065	11	0	14	
MYCO000067	19	0	35	
MYCO000069	108	0	67	
MYCO000070	23	2656	50	
MYCO000071	1267	0	56	
MYCO000072	1078	0	49	
MYCO000073	37	1950	49	
MYCO000074	1778	0	69	
MYCO000075	234	0	69	
MYCO000076	14	0	23	
MYCO000077	48	0	48	
MYCO000078	60	0	26	
MYCO000079	75	0	38	
MYCO000080	87	0	41	
MYCO000081	6	0	30	
MYCO000082	1176	0	27	
MYCO000083	1670	0	58	
MYCO000084	35	0	49	
MYCO000085	284	0	38	
MYCO000086	371	0	75	
MYCO000087	328	0	77	
MYCO000088	29	0	48	
MYCO000089	47	0	37	
MYCO000090	62	0	54	
MYCO000091	76	0	35	
MYCO000092	257	0	107	
MYCO000093	138	0	53	
MYCO000094	4451	64	37	
MYCO000095	1986	0	167	
MYCO000096	506	0	78	
MYCO000097	9	0	30	
MYCO000098	10	0	26	
MYCO000099	1321	0	70	
MYCO000100	7	0	8	
MYCO000101	193	0	333	
MYCO000102	115	0	102	
MYCO000103	191	0	113	
MYCO000104	1463	0	76	
MYCO000106	103	0	46	
MYCO000107	4562	0	6	
MYCO000108	16	0	14	
MYCO000109	1451	0	63	
MYCO000110	18	0	39	
MYCO000111	160	0	97	
MYCO000112	37	0	69	
MYCO000113	257	0	53	
MYCO000114	193	0	37	
MYCO000115	610	0	69	
MYCO000116	24	0	42	
MYCO000117	18	0	50	
MYCO000118	165	0	105	
MYCO000119	119	0	82	
MYCO000120	109	0	125	
MYCO000121	144	0	29	
MYCO000122	20	0	13	
MYCO000123	7	0	18	
MYCO000124	4489	0	5	
MYCO000125	253	0	55	
MYCO000126	46	0	91	
MYCO000127	37	0	58	
MYCO000128	50	0	31	
MYCO000130	6	0	38	
MYCO000131	38	0	63	
MYCO000132	196	0	52	
MYCO000133	542	0	44	
MYCO000134	1568	0	29	
MYCO000135	13	0	24	
MYCO000136	466	0	88	
MYCO000137	523	0	33	
MYCO000138	480	0	28	
MYCO000139	49	0	48	
MYCO000140	14	0	22	
MYCO000141	14	0	24	
MYCO000142	710	0	54	
MYCO000143	278	0	87	
MYCO000144	308	0	40	
MYCO000145	232	0	57	
MYCO000146	791	0	54	
MYCO000147	170	0	94	
MYCO000148	46	0	35	
MYCO000149	833	0	47	
MYCO000150	33	0	19	
MYCO000151	324	0	98	
MYCO000152	111	0	100	
MYCO000153	85	0	40	
MYCO000154	55	0	51	
MYCO000155	126	0	48	
MYCO000156	4	0	16	
MYCO000157	345	0	64	
MYCO000158	14	0	34	
MYCO000159	378	0	88	
MYCO000160	46	0	92	
MYCO000161	142	0	69	
MYCO000162	254	0	65	
MYCO000163	1	0	33	
MYCO000164	12	0	21	
MYCO000165	2286	0	13	
MYCO000166	72	0	87	
MYCO000167	8	2293	28	
MYCO000168	71	0	49	
MYCO000169	137	0	81	
MYCO000170	10	0	44	
MYCO000171	1202	0	76	
MYCO000172	203	0	83	
MYCO000173	16	0	55	
MYCO000174	85	0	78	
MYCO000175	69	0	48	
MYCO000176	180	0	55	
MYCO000177	2	0	23	
MYCO000178	22	0	43	
MYCO000179	264	0	61	
MYCO000180	535	0	80	
MYCO000181	12	0	35	
MYCO000182	345	0	70	
MYCO000185	98	0	21	
MYCO000186	253	0	102	
MYCO000187	77	0	38	
MYCO000188	18	0	27	
MYCO000190	1	0	14	
MYCO000191	460	0	59	
MYCO000192	1073	0	46	
MYCO000193	43	0	108	
MYCO000194	362	0	189	
MYCO000195	745	0	33	
MYCO000196	71	0	26	
MYCO000197	4606	0	2	
MYCO000199	7	0	29	
MYCO000200	73	0	31	
MYCO000201	350	0	23	
MYCO000202	159	0	133	
MYCO000203	206	0	20	
MYCO000205	598	0	47	
MYCO000206	295	0	110	
MYCO000208	28	0	26	
MYCO000209	348	0	54	
MYCO000210	413	0	57	
MYCO000212	65	0	53	
MYCO000213	29	0	59	
MYCO000214	78	0	92	
MYCO000215	543	0	48	
MYCO000216	64	0	43	
MYCO000217	409	0	45	
MYCO000218	1380	0	56	
MYCO000219	5	0	37	
MYCO000220	185	0	59	
MYCO000221	510	0	56	
MYCO000222	109	0	40	
MYCO000224	65	0	27	
MYCO000226	276	0	80	
MYCO000229	23	0	41	
MYCO000230	17	0	59	
MYCO000231	58	0	82	
MYCO000232	33	0	38	
MYCO000233	478	0	40	
MYCO000234	248	0	62	
MYCO000235	73	0	102	
MYCO000239	8	0	19	
MYCO000240	10	0	24	
MYCO000245	27	0	32	
MYCO000246	217	0	64	
MYCO000249	25	0	33	
MYCO000250	7	0	15	
MYCO000251	6	0	36	
MYCO000252	84	0	141	
MYCO000253	28	0	19	
MYCO000254	60	0	21	
MYCO000255	424	0	74	
MYCO000256	1262	0	71	
MYCO000257	596	0	28	
MYCO000258	49	0	24	
MYCO000259	10	0	40	
MYCO000260	71	0	65	
MYCO000261	64	0	82	
MYCO000262	21	0	25	
MYCO000263	433	0	41	
MYCO000264	96	0	35	
MYCO000265	24	0	59	
MYCO000266	1161	0	145	
MYCO000267	509	0	59	
MYCO000268	44	0	33	
MYCO000269	95	0	57	
MYCO000271	159	0	102	
MYCO000272	82	0	71	
MYCO000273	70	0	33	
MYCO000275	451	0	57	
MYCO000276	221	1285	41	
MYCO000277	148	1928	75	
MYCO000278	4599	0	4	
MYCO000279	4364	0	73	
MYCO000280	1996	0	74	
MYCO000281	231	0	46	
MYCO000282	67	0	82	
MYCO000283	388	0	69	
MYCO000284	847	0	171	
MYCO000285	150	0	11	
MYCO000286	1334	0	67	
MYCO000287	19	15	14	
MYCO000288	3	0	24	
MYCO000289	96	0	59	
MYCO000290	753	0	81	
MYCO000291	621	0	64	
MYCO000292	44	0	44	
MYCO000293	123	0	64	
MYCO000294	111	0	49	
MYCO000295	20	0	31	
MYCO000296	76	0	58	
MYCO000297	2437	0	107	
MYCO000298	6	0	13	
MYCO000299	8	0	24	
MYCO000300	4	0	11	
MYCO000301	3	0	24	
MYCO000302	78	0	41	
MYCO000303	52	0	57	
MYCO000304	636	0	388	
MYCO000305	4539	0	11	
MYCO000306	18	0	31	
MYCO000307	18	0	29	
MYCO000308	7	0	40	
MYCO000309	31	0	28	
MYCO000310	5	0	16	
MYCO000311	27	0	60	
MYCO000312	379	0	81	
MYCO000313	5	0	23	
MYCO000314	169	0	40	
MYCO000315	1094	0	40	
MYCO000316	430	0	30	
MYCO000317	62	0	48	
MYCO000318	30	0	32	
MYCO000319	58	0	38	
MYCO000320	17	0	34	
MYCO000323	492	0	38	
MYCO000324	24	0	33	
MYCO000325	2232	0	6	
MYCO000326	224	0	24	
MYCO000327	276	0	62	
MYCO000328	12	0	24	
MYCO000329	137	0	37	
MYCO000330	32	0	40	
MYCO000331	251	0	83	
MYCO000332	45	0	45	
MYCO000333	4	0	22	
MYCO000335	642	0	26	
MYCO000336	3994	516	23	
MYCO000338	867	0	97	
MYCO000339	668	0	118	
MYCO000340	13	0	30	
MYCO000341	1415	0	59	
MYCO000342	148	0	73	
MYCO000343	189	0	78	
MYCO000344	20	0	25	
MYCO000345	8	0	30	
MYCO000346	205	0	60	
MYCO000347	9	18	31	
MYCO000348	8	0	19	
MYCO000349	18	0	32	
MYCO000351	120	0	26	
MYCO000353	4	0	22	
MYCO000354	4605	0	1	
MYCO000355	2790	0	355	
MYCO000356	385	0	41	
MYCO000358	1256	0	30	
MYCO000359	66	0	41	
MYCO000361	13	0	37	
MYCO000362	30	0	78	
MYCO000363	38	0	51	
MYCO000364	15	0	33	
MYCO000365	130	0	53	
MYCO000366	70	0	32	
MYCO000367	31	0	16	
MYCO000368	201	0	69	
MYCO000369	11	0	24	
MYCO000370	34	0	60	
MYCO000371	30	0	21	
MYCO000372	132	0	46	
MYCO000373	178	0	137	
MYCO000374	19	0	30	
MYCO000375	485	0	30	
MYCO000376	382	0	60	
MYCO000377	356	0	58	
MYCO000378	634	0	12	
MYCO000379	16	0	16	
MYCO000380	69	0	28	
MYCO000381	61	0	40	
MYCO000382	29	0	17	
MYCO000385	14	0	40	
MYCO000386	392	0	142	
MYCO000387	1673	0	25	
MYCO000388	4604	0	2	
MYCO000389	589	0	65	
MYCO000390	8	0	20	
MYCO000391	91	0	42	
MYCO000392	271	0	73	
MYCO000393	1444	0	96	
MYCO000394	50	0	34	
MYCO000395	744	0	15	
MYCO000396	34	0	20	
MYCO000397	710	1542	74	
MYCO000398	283	0	26	
MYCO000399	72	0	69	
MYCO000400	122	0	51	
MYCO000401	226	0	20	
MYCO000402	792	0	110	
MYCO000403	1044	0	21	
MYCO000404	149	0	131	
MYCO000405	2231	0	161	
MYCO000406	58	0	40	
MYCO000408	28	0	97	
MYCO000409	36	0	48	
MYCO000412	29	0	59	
MYCO000413	139	0	23	
MYCO000416	1	0	8	
MYCO000418	39	0	70	
MYCO000419	89	0	74	
MYCO000420	6	0	32	
MYCO000421	30	0	32	
MYCO000422	23	0	34	
MYCO000424	2	0	16	
MYCO000425	1092	0	168	
MYCO000426	79	0	29	
MYCO000427	56	0	41	
MYCO000428	238	0	39	
MYCO000430	68	0	8	
MYCO000431	23	0	18	
MYCO000434	44	0	32	
MYCO000435	313	0	102	
MYCO000436	309	0	38	
MYCO000437	246	0	24	
MYCO000438	79	0	54	
MYCO000441	280	0	22	
MYCO000442	133	0	69	
MYCO000443	167	0	23	
MYCO000444	717	0	37	
MYCO000445	18	0	21	
MYCO000446	975	0	30	
MYCO000447	188	0	63	
MYCO000448	80	0	24	
MYCO000449	73	0	45	
MYCO000450	64	0	114	
MYCO000451	10	0	25	
MYCO000452	9	0	27	
MYCO000453	1179	0	47	
MYCO000454	15	0	20	
MYCO000455	3	0	24	
MYCO000456	51	0	46	
MYCO000457	530	0	78	
MYCO000458	342	0	74	
MYCO000459	137	0	40	
MYCO000460	3	0	13	
MYCO000461	49	0	32	
MYCO000463	81	0	11	
MYCO000464	5	0	23	
MYCO000469	81	0	54	
MYCO000470	32	0	31	
MYCO000471	93	0	34	
MYCO000473	32	0	59	
MYCO000474	7	0	21	
MYCO000476	12	0	11	
MYCO000477	61	0	18	
MYCO000478	22	0	36	
MYCO000479	472	0	31	
MYCO000480	148	0	35	
MYCO000481	28	0	22	
MYCO000482	41	0	44	
MYCO000485	80	0	51	
MYCO000487	151	0	36	
MYCO000488	26	0	34	
MYCO000492	612	0	86	
MYCO000493	172	0	54	
MYCO000494	131	0	33	
MYCO000497	573	0	41	
MYCO000499	117	0	39	
MYCO000500	396	0	38	
MYCO000503	8	0	25	
MYCO000504	3	0	16	
MYCO000506	27	0	12	
MYCO000507	372	0	170	
MYCO000508	0	0	12	
MYCO000511	714	0	61	
MYCO000513	63	0	21	
MYCO000514	37	0	27	
MYCO000515	3994	302	22	
MYCO000516	14	0	21	
MYCO000517	106	0	65	
MYCO000518	18	0	32	
MYCO000519	529	0	40	
MYCO000520	47	0	16	
MYCO000521	7	0	14	
MYCO000522	26	0	44	
MYCO000523	225	0	22	
MYCO000525	442	0	38	
MYCO000526	64	0	31	
MYCO000530	378	0	69	
MYCO000531	590	0	17	
MYCO000532	4320	0	14	
MYCO000533	94	0	33	
MYCO000534	174	0	48	
MYCO000535	67	0	37	
MYCO000536	706	0	42	
MYCO000537	353	0	71	
MYCO000538	1118	0	111	
MYCO000539	1824	0	22	
MYCO000540	396	0	24	
MYCO000541	164	0	58	
MYCO000542	591	0	46	
MYCO000543	0	0	10	
MYCO000544	419	0	15	
MYCO000545	153	0	60	
MYCO000546	15	0	16	
MYCO000547	278	0	48	
MYCO000549	59	0	22	
MYCO000550	24	0	11	
MYCO000552	949	0	65	
MYCO000554	315	0	30	
MYCO000556	9	0	21	
MYCO000559	78	0	15	
MYCO000560	27	0	37	
MYCO000561	296	0	42	
MYCO000565	167	0	97	
MYCO000567	78	0	49	
MYCO000568	153	0	63	
MYCO000569	10	0	14	
MYCO000570	260	0	109	
MYCO000571	427	0	56	
MYCO000572	16	0	20	
MYCO000573	273	0	69	
MYCO000574	234	0	49	
MYCO000575	306	0	57	
MYCO000576	353	0	59	
MYCO000577	380	0	40	
MYCO000578	3483	0	120	
MYCO000579	230	0	42	
MYCO000580	28	0	26	
MYCO000581	153	0	13	
MYCO000582	18	0	17	
MYCO000583	116	0	34	
MYCO000584	61	0	139	
MYCO000585	153	0	108	
MYCO000586	24	1428	34	
MYCO000587	151	0	57	
MYCO000588	201	0	48	
MYCO000589	61	0	65	
MYCO000590	2244	0	26	
MYCO000591	342	0	78	
MYCO000592	817	0	53	
MYCO000593	52	0	59	
MYCO000594	244	0	88	
MYCO000595	29	0	23	
MYCO000596	39	0	10	
MYCO000597	15	0	52	
MYCO000598	16	0	21	
MYCO000599	7	2569	14	
MYCO000600	228	0	20	
MYCO000601	203	0	37	
MYCO000602	585	0	41	
MYCO000603	854	0	16	
MYCO000604	226	0	53	
MYCO000605	31	0	19	
MYCO000606	97	0	36	
MYCO000607	8	0	18	
MYCO000608	1	0	9	
MYCO000609	22	0	22	
MYCO000610	543	0	44	
MYCO000611	10	0	23	
MYCO000612	586	0	26	
MYCO000613	1227	0	96	
MYCO000614	167	0	49	
MYCO000615	62	0	11	
MYCO000616	30	0	21	
MYCO000617	13	0	23	
MYCO000618	597	0	24	
MYCO000619	4608	0	0	
MYCO000620	1209	0	55	
MYCO000621	612	0	44	
MYCO000622	16	0	44	
MYCO000623	8	0	12	
MYCO000624	12	0	24	
MYCO000625	323	0	35	
MYCO000626	28	0	11	
MYCO000627	32	0	17	
MYCO000628	389	2135	54	
MYCO000629	801	0	74	
MYCO000630	1234	0	109	
MYCO000631	1246	0	113	
MYCO000632	5	0	28	
MYCO000633	32	0	45	
MYCO000634	9	0	28	
MYCO000635	9	0	25	
MYCO000637	6	0	31	
MYCO000638	65	0	27	
MYCO000642	27	0	38	
MYCO000643	130	0	35	
MYCO000644	7	15	34	
MYCO000645	4	0	33	
MYCO000646	71	0	40	
MYCO000648	1549	0	134	
MYCO000649	1773	0	34	
MYCO000650	1281	0	33	
MYCO000653	25	0	27	
MYCO000654	482	0	69	
MYCO000656	32	0	22	
MYCO000657	5	0	5	
MYCO000658	27	0	39	
MYCO000659	13	0	21	
MYCO000660	47	0	15	
MYCO000661	62	0	19	
MYCO000662	70	0	12	
MYCO000663	386	0	115	
MYCO000664	4	0	11	
MYCO000665	53	0	16	
MYCO000666	7	0	15	
MYCO000669	434	0	81	
MYCO000670	805	0	22	
MYCO000671	90	0	43	
MYCO000673	609	0	46	
MYCO000674	55	0	23	
MYCO000675	216	0	26	
MYCO000676	20	2046	96	
MYCO000677	8	0	20	
MYCO000678	22	0	26	
MYCO000679	71	0	24	
MYCO000680	9	0	22	
MYCO000681	8	0	35	
MYCO000686	691	0	27	
MYCO000687	59	0	31	
MYCO000688	48	0	50	
MYCO000689	220	0	16	
MYCO000690	56	0	32	
MYCO000691	1	0	35	
MYCO000692	5	0	14	
MYCO000694	251	0	42	
MYCO000695	54	0	27	
MYCO000697	22	0	62	
MYCO000698	840	0	30	
MYCO000699	2	0	10	
MYCO000711	330	0	83	
MYCO000712	14	0	30	
MYCO000713	17	0	56	
MYCO000724	440	0	87	
MYCO000725	57	0	33	
MYCO000726	118	0	55	
MYCO000727	274	0	36	
MYCO000728	139	0	48	
MYCO000729	680	0	66	
MYCO000730	130	0	32	
MYCO000731	383	0	43	
MYCO000735	13	0	30	
MYCO000736	101	0	37	
MYCO000737	20	0	18	
MYCO000738	566	0	28	
MYCO000739	2293	0	19	
MYCO000740	1136	0	34	
MYCO000741	27	536	22	
MYCO000742	4608	0	0	
MYCO000743	14	0	23	
MYCO000744	222	0	28	
MYCO000745	627	0	31	
MYCO000746	4177	0	27	
MYCO000747	4160	0	39	
MYCO000748	441	0	24	
MYCO000749	148	2196	54	
MYCO000750	1058	1711	23	
MYCO000751	167	0	38	
MYCO000752	122	0	54	
MYCO000753	234	0	63	
MYCO000754	1259	0	73	
MYCO000755	567	0	112	
MYCO000756	128	0	33	
MYCO000759	0	0	11	
MYCO000760	151	0	21	
MYCO000761	36	0	33	
MYCO000762	16	0	26	
MYCO000763	8	0	10	
MYCO000764	32	0	50	
MYCO000765	96	0	40	
MYCO000766	1109	0	47	
MYCO000767	345	0	32	
MYCO000768	52	0	72	
MYCO000769	10	0	35	
MYCO000770	276	0	35	
MYCO000771	58	0	25	
MYCO000773	94	0	76	
MYCO000774	186	0	51	
MYCO000775	76	0	34	
MYCO000776	194	0	35	
MYCO000778	244	0	52	
MYCO000779	1439	0	23	
MYCO000781	4498	0	1	
MYCO000783	37	0	81	
MYCO000784	140	0	37	
MYCO000785	132	0	61	
MYCO000786	174	0	22	
MYCO000787	672	0	48	
MYCO000789	7	0	19	
MYCO000790	32	0	42	
MYCO000791	115	0	56	
MYCO000792	25	0	38	
MYCO000793	13	0	15	
MYCO000794	75	0	60	
MYCO000795	545	2	20	
MYCO000796	4608	0	0	
MYCO000797	4541	0	11	
MYCO000798	24	0	28	
MYCO000799	8	0	31	
MYCO000800	56	0	58	
MYCO000801	6	0	20	
MYCO000802	109	0	45	
MYCO000804	803	0	26	
MYCO000805	14	0	49	
MYCO000806	22	0	57	
MYCO000807	17	0	13	
MYCO000811	297	0	43	
MYCO000812	22	0	35	
MYCO000813	335	0	36	
MYCO000816	8	0	28	
MYCO000817	4	0	35	
MYCO000818	101	0	30	
MYCO000819	72	0	43	
MYCO000822	808	0	84	
MYCO000825	45	0	50	
MYCO000826	267	0	34	
MYCO000827	359	0	22	
MYCO000828	100	0	28	
MYCO000829	134	1452	36	
MYCO000830	27	0	47	
MYCO000831	29	0	34	
MYCO000832	1095	0	14	
MYCO000833	3682	0	60	
MYCO000834	2774	0	82	
MYCO000835	345	0	50	
MYCO000836	2296	0	15	
MYCO000837	161	0	52	
MYCO000838	57	0	34	
MYCO000839	71	0	22	
MYCO000840	74	0	35	
MYCO000841	50	0	16	
MYCO000842	233	0	68	
MYCO000843	20	0	58	
MYCO000844	114	0	41	
MYCO000845	55	0	62	
MYCO000846	199	0	57	
MYCO000847	576	0	17	
MYCO000848	71	0	58	
MYCO000849	615	0	66	
MYCO000850	22	0	13	
MYCO000851	358	0	28	
MYCO000852	30	0	47	
MYCO000853	172	0	74	
MYCO000854	12	0	23	
MYCO000855	121	0	52	
MYCO000856	10	0	19	
MYCO000857	21	0	19	
MYCO000858	247	0	66	
MYCO000862	404	0	110	
MYCO000863	12	0	9	
MYCO000864	22	0	24	
MYCO000865	34	0	15	
MYCO000866	361	0	25	
MYCO000867	2307	0	83	
MYCO000868	27	0	11	
MYCO000869	327	0	51	
MYCO000870	16	0	20	
MYCO000872	2099	0	73	
MYCO000873	63	0	82	
MYCO000874	390	2186	49	
MYCO000875	26	0	22	
MYCO000877	30	0	32	
MYCO000878	3355	0	42	
MYCO000879	114	0	22	
MYCO000880	61	0	19	
MYCO000881	29	0	38	
MYCO000882	45	0	19	
MYCO000883	156	0	29	
MYCO000887	15	0	16	
MYCO000888	1048	0	70	
MYCO000890	182	0	131	
MYCO000891	135	0	37	
MYCO000892	37	0	81	
MYCO000893	45	0	68	
MYCO000894	58	0	63	
MYCO000895	139	0	65	
MYCO000897	953	0	72	
MYCO000898	4	0	10	
MYCO000899	16	0	36	
MYCO000900	13	0	8	
MYCO000901	240	0	30	
MYCO000904	723	0	55	
MYCO000905	33	0	33	
MYCO000907	4605	0	1	
MYCO000908	30	0	99	
MYCO000909	42	0	10	
MYCO000910	19	0	26	
MYCO000911	269	0	39	
MYCO000912	7	0	20	
MYCO000913	130	0	68	
MYCO000914	160	0	76	
MYCO000915	732	0	53	
MYCO000916	16	0	21	
MYCO000917	117	0	69	
MYCO000918	51	0	26	
MYCO000919	5	0	26	
MYCO000920	49	0	63	
MYCO000921	34	0	33	
MYCO000922	154	0	85	
MYCO000923	26	0	65	
MYCO000924	386	0	51	
MYCO000925	66	0	29	
MYCO000928	62	0	34	
MYCO000930	74	0	12	
MYCO000931	196	0	103	
MYCO000932	66	0	66	
MYCO000933	43	0	49	
MYCO000934	589	0	54	
MYCO000935	77	0	50	
MYCO000936	87	0	38	
MYCO000937	6	0	32	
MYCO000938	35	0	99	
MYCO000939	107	0	89	
MYCO000940	9	0	37	
MYCO000941	22	0	37	
MYCO000942	20	0	15	
MYCO000943	58	0	53	
MYCO000944	67	0	31	
MYCO000945	121	0	45	
MYCO000947	12	0	14	
MYCO000948	3	0	16	
MYCO000950	171	0	48	
MYCO000954	107	0	58	
MYCO000955	977	0	45	
MYCO000956	436	0	28	
MYCO000958	594	0	63	
MYCO000959	809	0	89	
MYCO000960	39	0	17	
MYCO000961	45	2846	16	
MYCO000962	241	0	25	
MYCO000963	284	0	48	
MYCO000964	29	0	22	
MYCO000965	11	0	30	
MYCO000966	493	0	22	
MYCO000967	29	0	14	
MYCO000968	42	0	20	
MYCO000969	1094	0	100	
MYCO000970	10	0	29	
MYCO000971	480	0	32	
MYCO000972	63	0	64	
MYCO000973	302	0	113	
MYCO000974	178	0	99	
MYCO000975	438	0	49	
MYCO000976	555	0	74	
MYCO000977	2775	0	92	
MYCO000978	4289	0	58	
MYCO000979	19	0	14	
MYCO000980	4444	0	55	
MYCO000982	192	0	55	
MYCO000984	42	0	18	
MYCO000985	17	0	29	
MYCO000986	148	0	49	
MYCO000987	225	0	197	
MYCO000988	105	0	97	
MYCO000989	62	0	75	
MYCO000990	144	0	37	
MYCO000991	7	0	16	
MYCO000992	230	0	34	
MYCO000996	21	0	52	
MYCO000997	3	0	24	
MYCO000998	143	0	42	
MYCO000999	49	0	31	
MYCO001000	40	0	22	
MYCO001003	251	0	46	
MYCO001004	1789	0	64	
MYCO001005	1181	0	28	
MYCO001006	95	0	73	
MYCO001012	536	0	12	
MYCO001016	28	0	22	
MYCO001019	5	0	20	
MYCO001021	27	0	33	
MYCO001024	362	0	29	
MYCO001025	64	0	19	
MYCO001027	41	0	38	
MYCO001028	1234	0	92	
MYCO001029	47	0	82	
MYCO001030	45	0	105	
MYCO001031	73	0	24	
MYCO001032	88	0	69	
MYCO001033	41	0	30	
MYCO001034	577	0	18	
MYCO001035	718	0	28	
MYCO001036	112	0	18	
MYCO001037	398	2135	131	
MYCO001038	2610	488	107	
MYCO001039	963	0	52	
MYCO001040	480	0	37	
MYCO001041	178	32	47	
MYCO001042	56	4	28	
MYCO001043	24	0	48	
MYCO001044	8	0	19	
MYCO001045	936	0	32	
MYCO001046	4605	0	1	
MYCO001047	4489	36	8	
MYCO001048	20	0	77	
MYCO001049	19	0	28	
MYCO001050	198	0	33	
MYCO001051	37	0	49	
MYCO001052	45	0	18	
MYCO001053	22	0	14	
MYCO001054	9	0	16	
MYCO001055	1	0	7	
MYCO001056	41	140	34	
MYCO001057	30	0	66	
MYCO001058	120	0	53	
MYCO001059	77	0	61	
MYCO001060	31	0	20	
MYCO001061	26	0	37	
MYCO001062	284	0	34	
MYCO001063	82	0	55	
MYCO001064	293	0	23	
MYCO001065	84	0	33	
MYCO001066	509	0	14	
MYCO001067	4574	0	19	
MYCO001068	4474	0	19	
MYCO001069	120	0	92	
MYCO001073	109	0	50	
MYCO001074	103	0	47	
MYCO001075	151	0	58	
MYCO001076	48	0	58	
MYCO001078	1105	0	25	
MYCO001081	64	0	16	
MYCO001083	9	0	12	
MYCO001084	1628	0	58	
MYCO001085	35	0	28	
MYCO001087	3865	0	92	
MYCO001088	397	0	25	
MYCO001089	4608	0	0	
MYCO001090	45	0	23	
MYCO001091	4202	0	70	
MYCO001093	64	0	46	
MYCO001096	58	0	47	
MYCO001097	24	0	48	
MYCO001100	33	0	39	
MYCO001101	123	0	45	
MYCO001102	22	0	12	
MYCO001103	12	0	12	
MYCO001104	14	0	33	
MYCO001105	39	0	23	
MYCO001106	96	0	33	
MYCO001107	0	0	11	
MYCO001109	13	0	24	
MYCO001111	43	0	35	
MYCO001113	4	0	6	
MYCO001114	8	0	17	
MYCO001115	90	0	47	
MYCO001116	23	0	9	
MYCO001117	4	0	14	
MYCO001118	247	0	36	
MYCO001119	22	0	6	
MYCO001120	20	0	25	
MYCO001121	95	0	66	
MYCO001122	426	0	44	
MYCO001123	59	0	44	
MYCO001124	103	0	39	
MYCO001125	539	0	59	
MYCO001126	18	0	24	
MYCO001127	24	0	65	
MYCO001128	1545	0	57	
MYCO001129	30	0	96	
MYCO001130	63	0	74	
MYCO001131	16	0	45	
MYCO001132	767	0	82	
MYCO001133	600	0	69	
MYCO001134	323	0	15	
MYCO001135	1412	0	86	
MYCO001136	3	0	21	
MYCO001137	24	0	15	
MYCO001138	53	0	40	
MYCO001139	344	0	34	
MYCO001140	13	0	28	
MYCO001141	45	2346	29	
MYCO001142	45	2627	25	
MYCO001143	66	0	38	
MYCO001144	58	0	33	
MYCO001145	2268	0	18	
MYCO001146	38	0	57	
MYCO001147	30	0	27	
MYCO001148	4459	36	32	
MYCO001149	56	2	28	
MYCO001150	4608	0	0	
MYCO001151	40	0	28	
MYCO001152	25	0	16	
MYCO001153	86	0	42	
MYCO001154	11	0	32	
MYCO001155	29	0	25	
MYCO001156	37	0	28	
MYCO001157	1917	0	36	
MYCO001158	1002	0	31	
MYCO001159	15	0	56	
MYCO001160	65	0	20	
MYCO001161	140	0	143	
MYCO001162	67	0	71	
MYCO001163	53	0	20	
MYCO001164	20	0	27	
MYCO001166	190	0	65	
MYCO001167	34	0	20	
MYCO001168	686	0	54	
MYCO001169	10	0	17	
MYCO001170	45	0	39	
MYCO001171	11	0	23	
MYCO001172	604	0	42	
MYCO001174	4	0	21	
MYCO001175	1764	0	88	
MYCO001176	237	0	24	
MYCO001179	857	0	130	
MYCO001180	4598	0	1	
MYCO001181	272	0	193	
MYCO001182	29	0	43	
MYCO001183	46	0	132	
MYCO001184	28	0	38	
MYCO001185	63	0	64	
MYCO001186	365	0	83	
MYCO001187	474	0	66	
MYCO001188	268	0	52	
MYCO001189	81	0	41	
MYCO001190	577	0	35	
MYCO001191	795	0	39	
MYCO001192	472	0	28	
MYCO001194	77	0	67	
MYCO001195	27	0	14	
MYCO001196	2296	334	365	
MYCO001197	2609	524	112	
MYCO001198	398	2163	128	
MYCO001199	4489	37	9	
MYCO001200	340	0	63	
MYCO001203	340	0	30	
MYCO001204	334	0	62	
MYCO001205	81	0	27	
MYCO001206	80	0	60	
MYCO001209	62	0	15	
MYCO001210	36	0	18	
MYCO001211	11	0	6	
MYCO001212	59	0	47	
MYCO001214	149	0	18	
MYCO001215	641	0	83	
MYCO001216	89	0	35	
MYCO001217	734	0	84	
MYCO001218	18	0	58	
MYCO001219	37	0	37	
MYCO001222	9	0	23	
MYCO001224	17	0	28	
MYCO001225	1175	0	39	
MYCO001226	606	0	79	
MYCO001227	28	0	32	
MYCO001228	17	0	36	
MYCO001230	411	0	81	
MYCO001231	135	0	28	
MYCO001232	121	0	72	
MYCO001233	186	0	36	
MYCO001234	40	0	21	
MYCO001235	24	0	41	
MYCO001236	57	0	41	
MYCO001237	18	0	29	
MYCO001240	73	0	48	
MYCO001241	44	0	15	
MYCO001242	33	0	22	
MYCO001243	3009	0	51	
MYCO001244	680	0	45	
MYCO001246	5	0	17	
MYCO001247	7	0	7	
MYCO001249	82	0	48	
MYCO001250	558	0	73	
MYCO001251	1250	0	97	
MYCO001252	21	0	24	
MYCO001254	450	0	42	
MYCO001255	58	0	35	
MYCO001256	128	0	55	
MYCO001257	52	0	76	
MYCO001258	1089	0	55	
MYCO001259	183	0	36	
MYCO001260	474	0	32	
MYCO001261	26	0	18	
MYCO001262	24	0	25	
MYCO001263	443	0	58	
MYCO001264	144	0	61	
MYCO001265	119	0	25	
MYCO001266	1021	0	83	
MYCO001267	36	0	47	
MYCO001268	284	0	43	
MYCO001269	921	0	21	
MYCO001270	214	0	32	
MYCO001271	22	0	17	
MYCO001274	465	0	22	
MYCO001275	12	0	27	
MYCO001276	224	0	26	
MYCO001278	896	0	89	
MYCO001279	77	0	65	
MYCO001280	28	0	74	
MYCO001281	102	0	67	
MYCO001282	3	0	28	
MYCO001283	115	0	30	
MYCO001284	11	0	15	
MYCO001285	16	0	52	
MYCO001286	27	0	86	
MYCO001287	13	0	12	
MYCO001288	1832	0	63	
MYCO001289	16	0	35	
MYCO001290	706	985	61	
MYCO001291	12	0	19	
MYCO001296	201	0	39	
MYCO001300	442	0	38	
MYCO001301	13	0	24	
MYCO001303	8	0	14	
MYCO001304	15	0	36	
MYCO001306	14	0	19	
MYCO001307	46	0	57	
MYCO001312	36	0	21	
MYCO001313	2472	43	33	
MYCO001314	53	0	43	
MYCO001316	46	0	30	
MYCO001317	190	0	77	
MYCO001318	212	0	70	
MYCO001319	3452	0	61	
MYCO001320	226	0	100	
MYCO001322	231	0	18	
MYCO001324	478	0	39	
MYCO001325	2964	0	65	
MYCO001329	547	0	90	
MYCO001330	312	0	71	
MYCO001331	16	0	10	
MYCO001332	15	0	30	
MYCO001333	250	0	45	
MYCO001334	121	0	18	
MYCO001335	110	0	17	
MYCO001336	336	0	36	
MYCO001337	4	0	33	
MYCO001339	19	0	37	
MYCO001341	38	0	24	
MYCO001342	11	0	17	
MYCO001343	21	0	26	
MYCO001344	1	0	15	
MYCO001345	56	0	63	
MYCO001346	14	0	35	
MYCO001347	10	0	37	
MYCO001348	304	0	88	
MYCO001349	130	0	55	
MYCO001350	15	0	32	
MYCO001351	23	0	21	
MYCO001352	18	0	29	
MYCO001353	208	0	39	
MYCO001354	260	0	99	
MYCO001355	716	0	124	
MYCO001356	247	0	40	
MYCO001357	39	0	46	
MYCO001358	1257	0	130	
MYCO001359	63	0	29	
MYCO001360	133	0	35	
MYCO001361	2234	334	385	
MYCO001362	36	0	26	
MYCO001363	383	0	39	
MYCO001364	366	0	83	
MYCO001365	27	0	18	
MYCO001366	280	0	33	
MYCO001367	336	0	58	
MYCO001368	89	0	39	
MYCO001369	4608	0	0	
MYCO001370	545	2	20	
MYCO001371	1104	0	50	
MYCO001372	29	0	64	
MYCO001373	103	0	46	
MYCO001374	7	0	28	
MYCO001375	245	0	65	
MYCO001376	380	0	62	
MYCO001377	11	0	24	
MYCO001378	600	0	64	
MYCO001379	49	0	22	
MYCO001382	134	0	31	
MYCO001386	138	0	19	
MYCO001387	1737	0	55	
MYCO001389	97	0	35	
MYCO001393	129	0	54	
MYCO001394	38	0	64	
MYCO001395	32	0	54	
MYCO001396	3178	0	50	
MYCO001397	16	0	22	
MYCO001398	5	0	14	
MYCO001399	122	0	54	
MYCO001400	149	0	45	
MYCO001401	159	0	39	
MYCO001403	261	0	39	
MYCO001404	9	0	17	
MYCO001405	26	0	46	
MYCO001406	335	0	44	
MYCO001409	578	0	30	
MYCO001411	7	0	35	
MYCO001413	18	0	30	
MYCO001414	14	0	21	
MYCO001417	9	0	27	
MYCO001418	17	0	29	
MYCO001419	13	0	29	
MYCO001422	243	0	37	
MYCO001423	298	0	47	
MYCO001424	54	0	44	
MYCO001425	32	0	55	
MYCO001426	78	0	73	
MYCO001427	220	0	62	
MYCO001428	7	0	42	
MYCO001429	195	0	67	
MYCO001430	546	0	62	
MYCO001431	56	0	104	
MYCO001432	445	0	44	
MYCO001433	11	0	34	
MYCO001434	26	0	6	
MYCO001435	954	0	33	
MYCO001439	10	1220	22	
MYCO001441	2527	0	99	
MYCO001442	250	0	126	
MYCO001443	35	0	23	
MYCO001444	44	0	27	
MYCO001446	664	0	48	
MYCO001450	4603	0	5	
MYCO001452	4307	0	84	
MYCO001453	84	0	61	
MYCO001454	37	0	54	
MYCO001455	116	0	45	
MYCO001456	129	0	51	
MYCO001459	394	0	73	
MYCO001460	711	0	25	
MYCO001461	82	0	106	
MYCO001468	2358	0	41	
MYCO001469	379	0	76	
MYCO001470	12	0	16	
MYCO001471	29	0	12	
MYCO001472	47	0	52	
MYCO001476	4	0	27	
MYCO001477	118	0	55	
MYCO001478	58	0	24	
MYCO001482	43	0	42	
MYCO001486	31	0	41	
MYCO001487	10	0	20	
MYCO001488	60	0	37	
MYCO001489	15	0	19	
MYCO001490	50	0	73	
MYCO001491	10	0	42	
MYCO001492	519	0	73	
MYCO001494	6	0	12	
MYCO001495	8	0	20	
MYCO001496	43	0	47	
MYCO001497	152	0	64	
MYCO001498	56	0	39	
MYCO001499	34	0	18	
MYCO001500	83	0	61	
MYCO001501	46	0	37	
MYCO001502	92	0	61	
MYCO001503	4608	0	0	
MYCO001504	1230	0	19	
MYCO001505	57	0	46	
MYCO001506	115	0	30	
MYCO001507	100	0	40	
MYCO001508	207	116	89	
MYCO001509	394	0	37	
MYCO001510	17	2505	44	
MYCO001511	92	0	52	
MYCO001512	63	0	47	
MYCO001513	61	0	27	
MYCO001514	43	0	33	
MYCO001515	58	0	43	
MYCO001516	259	0	43	
MYCO001517	37	0	31	
MYCO001518	143	0	49	
MYCO001519	694	0	14	
MYCO001520	719	0	48	
MYCO001521	157	0	71	
MYCO001522	425	0	144	
MYCO001523	97	0	47	
MYCO001524	522	0	55	
MYCO001525	579	0	39	
MYCO001526	498	0	54	
MYCO001527	1128	0	275	
MYCO001528	45	0	18	
MYCO001529	84	0	85	
MYCO001530	67	0	60	
MYCO001531	18	0	22	
MYCO001532	86	0	22	
MYCO001533	148	0	37	
MYCO001534	28	0	29	
MYCO001535	5	0	7	
MYCO001537	160	0	66	
MYCO001538	320	0	45	
MYCO001539	27	0	28	
MYCO001541	37	0	23	
MYCO001542	18	16	19	
MYCO001543	17	0	43	
MYCO001544	96	0	38	
MYCO001545	22	0	13	
MYCO001546	78	0	32	
MYCO001548	174	0	107	
MYCO001549	4562	0	2	
MYCO001550	555	0	63	
MYCO001551	1101	0	74	
MYCO001552	146	0	92	
MYCO001553	176	0	23	
MYCO001554	10	0	17	
MYCO001555	8	0	19	
MYCO001556	25	0	36	
MYCO001558	27	0	18	
MYCO001560	4	0	7	
MYCO001561	9	0	25	
MYCO001562	490	0	66	
MYCO001563	335	0	100	
MYCO001565	595	0	72	
MYCO001566	195	0	39	
MYCO001567	6	0	25	
MYCO001570	521	0	28	
MYCO001571	441	0	25	
MYCO001572	3264	0	11	
MYCO001573	2972	0	10	
MYCO001574	3102	0	16	
MYCO001575	4604	0	3	
MYCO001576	902	540	138	
MYCO001577	2833	0	16	
MYCO001578	2840	0	22	
MYCO001579	2815	0	17	
MYCO001580	2842	0	11	
MYCO001581	3448	0	8	
MYCO001582	2835	0	45	
MYCO001583	369	764	26	
MYCO001584	2968	0	9	
MYCO001585	3169	0	19	
MYCO001586	2919	0	43	
MYCO001587	4566	0	9	
MYCO001588	4439	4	51	
MYCO001590	12	0	8	
MYCO001591	33	0	40	
MYCO001592	21	0	69	
MYCO001596	16	0	28	
MYCO001597	44	0	37	
MYCO001598	45	0	13	
MYCO001602	13	0	27	
MYCO001604	33	0	38	
MYCO001606	23	0	25	
MYCO001607	63	0	33	
MYCO001608	2	0	15	
MYCO001610	560	0	32	
MYCO001613	10	0	39	
MYCO001614	53	0	55	
MYCO001615	6	0	28	
MYCO001616	13	0	20	
MYCO001618	22	0	29	
MYCO001619	236	0	54	
MYCO001620	714	0	53	
MYCO001621	630	0	54	
MYCO001622	22	0	45	
MYCO001623	15	0	61	
MYCO001624	23	0	33	
MYCO001625	221	0	69	
MYCO001628	76	0	17	
MYCO001631	68	0	53	
MYCO001632	76	0	16	
MYCO001634	72	0	62	
MYCO001635	70	0	65	
MYCO001636	2	0	21	
MYCO001637	277	0	38	
MYCO001639	953	1441	60	
MYCO001640	103	0	156	
MYCO001644	330	0	40	
MYCO001645	485	0	50	
MYCO001646	426	0	44	
MYCO001647	1191	0	33	
MYCO001648	16	0	40	
MYCO001650	704	0	119	
MYCO001651	2597	0	112	
MYCO001660	746	0	45	
MYCO001661	1324	0	263	
MYCO001662	1142	0	252	
MYCO001663	149	0	93	
MYCO001664	372	0	146	
MYCO001665	220	0	59	
MYCO001666	167	0	53	
MYCO001667	71	0	27	
MYCO001668	4496	0	3	
MYCO001669	132	0	18	
MYCO001670	37	0	19	
MYCO001671	11	0	24	
MYCO001672	406	0	56	
MYCO001673	349	0	50	
MYCO001674	380	0	25	
MYCO001675	301	0	40	
MYCO001676	17	0	52	
MYCO001677	20	0	30	
MYCO001678	550	0	44	
MYCO001679	54	0	45	
MYCO001680	69	0	44	
MYCO001681	53	0	43	
MYCO001682	380	0	41	
MYCO001683	708	0	96	
MYCO001684	36	0	14	
MYCO001685	18	0	30	
MYCO001686	26	0	36	
MYCO001687	25	0	45	
MYCO001688	140	0	38	
MYCO001690	16	0	15	
MYCO001691	263	0	43	
MYCO001692	512	0	35	
MYCO001693	13	0	11	
MYCO001696	36	0	69	
MYCO001698	439	0	33	
MYCO001700	8	0	33	
MYCO001702	499	0	66	
MYCO001703	12	0	26	
MYCO001704	33	0	86	
MYCO001705	978	0	45	
MYCO001706	352	0	49	
MYCO001707	77	0	65	
MYCO001710	8	0	30	
MYCO001714	582	0	41	
MYCO001715	512	0	49	
MYCO001716	13	0	46	
MYCO001717	917	0	23	
MYCO001718	90	0	55	
MYCO001719	139	0	52	
MYCO001720	72	0	19	
MYCO001721	6	0	7	
MYCO001722	473	0	69	
MYCO001723	236	0	56	
MYCO001724	78	0	15	
MYCO001725	254	0	39	
MYCO001726	303	0	95	
MYCO001727	53	0	32	
MYCO001728	13	0	38	
MYCO001729	33	0	43	
MYCO001730	845	0	89	
MYCO001731	344	0	67	
MYCO001732	273	0	18	
MYCO001733	8	0	35	
MYCO001734	8	0	10	
MYCO001735	34	0	28	
MYCO001736	738	1919	105	
MYCO001737	751	0	43	
MYCO001738	54	0	22	
MYCO001739	250	0	73	
MYCO001740	8	0	12	
MYCO001741	6	1422	15	
MYCO001742	147	0	38	
MYCO001743	491	0	60	
MYCO001744	700	0	22	
MYCO001745	35	0	36	
MYCO001746	229	0	63	
MYCO001747	320	0	91	
MYCO001748	23	0	41	
MYCO001749	36	0	34	
MYCO001750	188	0	66	
MYCO001751	116	0	65	
MYCO001752	23	0	27	
MYCO001753	4574	0	20	
MYCO001754	2014	0	45	
MYCO001755	4608	0	0	
MYCO001756	4608	0	0	
MYCO001757	545	2	20	
MYCO001758	3142	0	31	
MYCO001759	4336	0	36	
MYCO001760	2430	0	46	
MYCO001761	2395	0	18	
MYCO001762	2440	0	24	
MYCO001763	545	2	20	
MYCO001764	4608	0	0	
MYCO001765	4601	0	2	
MYCO001766	18	0	9	
MYCO001767	10	0	18	
MYCO001768	2225	0	64	
MYCO001769	286	0	58	
MYCO001770	279	0	64	
MYCO001771	6	0	56	
MYCO001772	17	0	13	
MYCO001773	22	0	38	
MYCO001774	75	0	84	
MYCO001775	1227	0	27	
MYCO001776	32	0	33	
MYCO001777	292	0	80	
MYCO001778	510	0	17	
MYCO001779	407	0	100	
MYCO001780	11	0	22	
MYCO001781	489	0	105	
MYCO001782	116	0	49	
MYCO001783	243	0	120	
MYCO001785	23	0	46	
MYCO001786	3	0	12	
MYCO001787	4026	0	32	
MYCO001788	13	12	22	
MYCO001789	471	0	57	
MYCO001790	1954	0	60	
MYCO001791	21	0	12	
MYCO001792	4608	0	0	
MYCO001793	398	1725	99	
MYCO001794	7	0	36	
MYCO001795	467	0	61	
MYCO001796	208	0	80	
MYCO001797	17	0	58	
MYCO001798	27	0	60	
MYCO001799	379	0	14	
MYCO001800	176	0	103	
MYCO001801	1243	0	72	
MYCO001802	836	0	60	
MYCO001803	1342	0	75	
MYCO001804	29	0	18	
MYCO001805	3	0	25	
MYCO001806	11	0	14	
MYCO001807	4608	0	0	
MYCO001808	318	0	52	
MYCO001809	225	0	46	
MYCO001810	5	0	15	
MYCO001811	35	0	46	
MYCO001812	224	0	59	
MYCO001813	15	0	26	
MYCO001814	214	0	62	
MYCO001815	660	0	52	
MYCO001816	641	1279	23	
MYCO001817	506	0	77	
MYCO001818	3040	0	60	
MYCO001819	156	0	61	
MYCO001820	148	0	66	
MYCO001822	21	0	34	
MYCO001823	122	0	47	
MYCO001824	19	0	21	
MYCO001825	17	0	40	
MYCO001826	2	0	12	
MYCO001828	17	0	28	
MYCO001831	46	0	12	
MYCO001833	23	0	43	
MYCO001834	45	0	32	
MYCO001835	251	0	100	
MYCO001836	299	0	93	
MYCO001838	15	0	18	
MYCO001839	2	0	9	
MYCO001840	2227	0	64	
MYCO001841	61	0	53	
MYCO001845	841	0	33	
MYCO001846	37	0	28	
MYCO001847	52	0	30	
MYCO001848	66	0	19	
MYCO001849	3	0	8	
MYCO001850	265	0	82	
MYCO001851	442	0	31	
MYCO001852	92	0	23	
MYCO001853	26	0	31	
MYCO001855	67	0	50	
MYCO001856	651	0	36	
MYCO001857	10	0	35	
MYCO001858	28	0	20	
MYCO001859	81	0	47	
MYCO001860	710	0	51	
MYCO001861	5	0	20	
MYCO001862	40	0	45	
MYCO001863	37	0	39	
MYCO001864	15	0	35	
MYCO001865	12	0	37	
MYCO001866	104	0	102	
MYCO001867	244	0	69	
MYCO001868	363	0	107	
MYCO001869	173	0	40	
MYCO001870	526	0	33	
MYCO001871	164	0	25	
MYCO001872	43	0	75	
MYCO001873	61	0	31	
MYCO001874	29	0	41	
MYCO001875	25	0	28	
MYCO001876	61	0	24	
MYCO001877	212	0	96	
MYCO001878	313	0	55	
MYCO001879	200	0	46	
MYCO001880	62	0	67	
MYCO001881	47	0	25	
MYCO001882	18	0	42	
MYCO001883	39	0	26	
MYCO001884	17	0	25	
MYCO001885	34	0	40	
MYCO001887	239	0	64	
MYCO001888	3863	0	5	
MYCO001889	29	0	14	
MYCO001890	23	0	30	
MYCO001891	10	0	30	
MYCO001892	21	0	13	
MYCO001893	10	0	15	
MYCO001895	1315	0	33	
MYCO001896	310	0	59	
MYCO001897	40	0	27	
MYCO001898	18	0	14	
MYCO001899	1714	0	52	
MYCO001900	137	0	79	
MYCO001901	164	0	67	
MYCO001902	140	0	63	
MYCO001903	20	0	26	
MYCO001904	16	0	18	
MYCO001905	54	0	53	
MYCO001906	16	0	24	
MYCO001907	3249	0	36	
MYCO001908	155	0	164	
MYCO001909	15	0	28	
MYCO001910	149	0	32	
MYCO001911	177	0	28	
MYCO001912	1378	0	33	
MYCO001913	27	0	36	
MYCO001914	14	0	25	
MYCO001915	2869	0	22	
MYCO001916	67	0	42	
MYCO001917	4588	0	12	
MYCO001918	894	0	148	
MYCO001919	10	0	21	
MYCO001920	16	0	53	
MYCO001921	737	0	56	
MYCO001922	76	0	47	
MYCO001923	94	0	81	
MYCO001924	18	0	19	
MYCO001925	50	0	65	
MYCO001926	15	0	22	
MYCO001927	127	0	48	
MYCO001928	811	0	37	
MYCO001929	907	0	44	
MYCO001930	162	0	34	
MYCO001931	48	0	37	
MYCO001932	49	0	29	
MYCO001933	664	0	52	
MYCO001934	430	0	60	
MYCO001935	45	0	54	
MYCO001936	27	0	57	
MYCO001937	478	0	106	
MYCO001938	71	0	61	
MYCO001939	418	0	30	
MYCO001940	3797	0	15	
MYCO001941	71	0	39	
MYCO001942	4	0	17	
MYCO001943	16	0	19	
MYCO001944	32	0	41	
MYCO001945	4349	52	35	
MYCO001946	48	0	24	
MYCO001947	87	0	21	
MYCO001948	146	0	30	
MYCO001949	4608	0	0	
MYCO001950	16	0	8	
MYCO001951	205	0	17	
MYCO001952	15	0	9	
MYCO001953	17	0	26	
MYCO001954	43	0	28	
MYCO001955	31	0	19	
MYCO001956	52	0	32	
MYCO001957	23	0	29	
MYCO001958	64	0	41	
MYCO001959	2	0	12	
MYCO001960	3	0	11	
MYCO001961	115	0	33	
MYCO001962	10	0	22	
MYCO001963	118	0	42	
MYCO001964	161	0	31	
MYCO001965	165	0	38	
MYCO001966	133	0	60	
MYCO001967	126	0	60	
MYCO001968	1478	0	61	
MYCO001969	199	0	63	
MYCO001970	98	0	49	
MYCO001971	435	0	73	
MYCO001972	90	0	30	
MYCO001973	195	0	23	
MYCO001974	67	0	25	
MYCO001975	572	0	31	
MYCO001976	124	0	21	
MYCO001977	587	0	35	
MYCO001978	855	0	42	
MYCO001979	127	0	59	
MYCO001980	32	0	34	
MYCO001982	29	0	28	
MYCO001983	1267	0	66	
MYCO001984	217	0	34	
MYCO001985	128	0	32	
MYCO001986	49	0	40	
MYCO001987	42	0	26	
MYCO001988	122	0	27	
MYCO001989	37	0	26	
MYCO001990	2	0	13	
MYCO001991	4	0	14	
MYCO001992	1480	0	84	
MYCO001993	876	0	21	
MYCO001994	611	0	19	
MYCO001995	851	0	37	
MYCO001996	827	0	38	
MYCO001997	2022	0	101	
MYCO001998	50	0	38	
MYCO001999	347	0	73	
MYCO002000	110	0	89	
MYCO002001	21	0	50	
MYCO002002	44	0	32	
MYCO002003	105	0	51	
MYCO002004	168	0	59	
MYCO002005	18	0	36	
MYCO002006	233	0	195	
MYCO002007	8	0	11	
MYCO002008	30	0	66	
MYCO002009	7	0	12	
MYCO002010	18	0	15	
MYCO002011	3	0	24	
MYCO002012	13	0	36	
MYCO002013	443	0	21	
MYCO002014	100	0	33	
MYCO002015	1301	0	73	
MYCO002016	1086	0	27	
MYCO002017	87	0	47	
MYCO002018	122	0	20	
MYCO002019	403	0	16	
MYCO002020	173	0	16	
MYCO002021	99	0	15	
MYCO002022	126	0	44	
MYCO002023	298	0	16	
MYCO002024	4253	0	17	
MYCO002025	93	0	48	
MYCO002026	30	0	47	
MYCO002027	1062	0	50	
MYCO002028	211	0	33	
MYCO002029	156	0	49	
MYCO002030	290	0	95	
MYCO002031	12	0	24	
MYCO002032	194	0	47	
MYCO002033	620	0	43	
MYCO002034	225	0	14	
MYCO002035	6	0	27	
MYCO002036	20	0	30	
MYCO002037	54	0	64	
MYCO002038	11	0	42	
MYCO002039	9	0	32	
MYCO002040	14	0	25	
MYCO002041	24	0	58	
MYCO002042	101	0	46	
MYCO002043	200	0	170	
MYCO002044	700	0	16	
MYCO002045	55	0	78	
MYCO002046	187	0	37	
MYCO002047	252	0	99	
MYCO002048	4561	0	29	
MYCO002049	21	0	11	
MYCO002051	297	0	102	
MYCO002052	683	0	84	
MYCO002053	18	0	36	
MYCO002054	37	0	39	
MYCO002059	280	0	95	
MYCO002060	221	0	25	
MYCO002061	30	0	22	
MYCO002062	914	0	159	
MYCO002063	3	0	11	
MYCO002064	704	0	45	
MYCO002065	758	0	28	
MYCO002066	558	0	81	
MYCO002067	50	0	51	
MYCO002068	17	0	41	
MYCO002069	111	0	23	
MYCO002070	1748	0	27	
MYCO002071	59	0	55	
MYCO002072	283	0	50	
MYCO002073	232	0	33	
MYCO002074	101	0	14	
MYCO002075	248	0	71	
MYCO002076	4	0	8	
MYCO002077	98	0	51	
MYCO002078	6	0	22	
MYCO002079	1081	0	66	
MYCO002080	25	0	38	
MYCO002081	2717	0	26	
MYCO002082	2187	0	112	
MYCO002083	329	0	51	
MYCO002084	2304	0	18	
MYCO002085	27	0	18	
MYCO002086	13	0	27	
MYCO002087	15	0	14	
MYCO002088	1431	0	61	
MYCO002091	55	0	34	
MYCO002094	1	0	12	
MYCO002095	554	0	45	
MYCO002098	4608	0	0	
MYCO002099	4608	0	0	
MYCO002100	972	0	68	
MYCO002101	913	0	122	
MYCO002102	238	0	29	
MYCO002103	50	0	26	
MYCO002104	3	0	16	
MYCO002105	545	2	20	
MYCO002106	4608	0	0	
MYCO002107	80	0	22	
MYCO002108	146	0	38	
MYCO002113	98	0	63	
MYCO002114	64	0	29	
MYCO002116	51	0	22	
MYCO002117	47	0	10	
MYCO002120	365	0	24	
MYCO002123	2744	0	38	
MYCO002124	347	0	141	
MYCO002126	2235	0	30	
MYCO002127	182	0	76	
MYCO002128	3	0	12	
MYCO002129	69	0	45	
MYCO002131	53	0	39	
MYCO002132	41	0	14	
MYCO002133	53	0	30	
MYCO002135	662	0	26	
MYCO002136	74	0	35	
MYCO002137	27	0	21	
MYCO002138	90	0	46	
MYCO002142	11	0	17	
MYCO002143	101	0	59	
MYCO002144	47	0	17	
MYCO002146	2	0	13	
MYCO002147	815	0	30	
MYCO002148	813	0	29	
MYCO002149	71	0	19	
MYCO002152	382	0	64	
MYCO002158	1319	0	74	
MYCO002159	868	0	56	
MYCO002160	2450	0	9	
MYCO002161	607	1339	45	
MYCO002162	3364	0	60	
MYCO002164	439	0	53	
MYCO002165	29	0	58	
MYCO002167	4608	0	0	
MYCO002168	545	2	20	
MYCO002169	22	0	20	
MYCO002171	15	0	34	
MYCO002172	16	0	42	
MYCO002173	234	0	49	
MYCO002174	69	0	62	
MYCO002175	4	0	22	
MYCO002177	2377	141	42	
MYCO002180	853	0	40	
MYCO002181	46	0	50	
MYCO002183	2	0	16	
MYCO002184	18	0	43	
MYCO002185	3	0	19	
MYCO002189	529	0	34	
MYCO002190	670	0	42	
MYCO002191	427	0	83	
MYCO002197	117	0	30	
MYCO002198	598	0	52	
MYCO002203	215	0	33	
MYCO002204	5	0	17	
MYCO002205	568	0	54	
MYCO002206	23	0	35	
MYCO002207	823	0	40	
MYCO002208	331	0	45	
MYCO002209	317	0	67	
MYCO002212	59	0	61	
MYCO002214	68	0	76	
MYCO002215	672	0	71	
MYCO002223	241	0	71	
MYCO002224	47	0	62	
MYCO002226	618	0	65	
MYCO002227	575	0	23	
MYCO002229	24	0	26	
MYCO002231	118	0	40	
MYCO002232	182	0	37	
MYCO002234	18	0	23	
MYCO002236	805	0	43	
MYCO002237	5	0	40	
MYCO002238	4	0	8	
MYCO002240	36	0	28	
MYCO002248	126	0	24	
MYCO002249	580	0	57	
MYCO002250	17	0	21	
MYCO002251	4605	0	1	
MYCO002252	20	0	50	
MYCO002253	40	0	27	
MYCO002254	24	0	28	
MYCO002255	26	0	15	
MYCO002256	5	0	18	
MYCO002258	442	0	54	
MYCO002260	11	0	31	
MYCO002261	36	0	22	
MYCO002262	4561	0	3	
MYCO002263	995	0	40	
MYCO002264	2169	0	63	
MYCO002265	464	0	49	
MYCO002266	21	0	61	
MYCO002267	62	0	53	
MYCO002268	259	0	72	
MYCO002269	17	0	23	
MYCO002270	182	0	30	
MYCO002271	165	0	11	
MYCO002272	165	0	15	
MYCO002273	187	0	18	
MYCO002274	196	0	31	
MYCO002275	582	0	39	
MYCO002276	191	0	57	
MYCO002277	191	4283	46	
MYCO002278	545	2	20	
MYCO002279	4608	0	0	
MYCO002280	299	0	60	
MYCO002281	36	0	77	
MYCO002282	584	1528	39	
MYCO002283	26	0	13	
MYCO002284	217	0	37	
MYCO002285	429	0	54	
MYCO002286	466	1226	35	
MYCO002287	130	0	67	
MYCO002288	10	0	26	
MYCO002289	102	0	37	
MYCO002290	35	0	32	
MYCO002291	54	0	41	
MYCO002292	21	0	7	
MYCO002293	2247	0	16	
MYCO002294	38	0	65	
MYCO002295	20	0	30	
MYCO002296	108	0	40	
MYCO002297	12	0	26	
MYCO002298	20	0	46	
MYCO002299	68	0	67	
MYCO002300	82	0	50	
MYCO002301	64	0	41	
MYCO002302	6	0	15	
MYCO002303	21	0	55	
MYCO002304	12	0	9	
MYCO002305	365	0	70	
MYCO002307	323	0	46	
MYCO002308	152	0	46	
MYCO002309	19	0	23	
MYCO002310	85	0	26	
MYCO002311	52	0	24	
MYCO002312	3	0	9	
MYCO002313	71	0	45	
MYCO002314	146	0	57	
MYCO002316	13	0	38	
MYCO002317	15	0	25	
MYCO002318	939	0	45	
MYCO002319	1797	0	38	
MYCO002320	52	0	60	
MYCO002321	10	0	27	
MYCO002322	17	0	29	
MYCO002323	23	0	59	
MYCO002324	10	0	30	
MYCO002325	281	0	38	
MYCO002326	403	0	79	
MYCO002327	77	0	19	
MYCO002328	46	0	47	
MYCO002329	251	0	79	
MYCO002330	19	0	27	
MYCO002331	9	0	22	
MYCO002332	49	0	67	
MYCO002333	698	0	43	
MYCO002334	97	0	40	
MYCO002335	133	0	37	
MYCO002336	275	0	48	
MYCO002337	148	0	48	
MYCO002338	507	0	48	
MYCO002339	1194	0	110	
MYCO002340	540	0	60	
MYCO002341	90	0	22	
MYCO002342	22	0	16	
MYCO002345	412	0	86	
MYCO002346	398	2021	117	
MYCO002347	2610	506	110	
MYCO002348	33	0	17	
MYCO002349	475	0	74	
MYCO002350	559	1733	47	
MYCO002351	566	1746	51	
MYCO002352	1055	36	59	
MYCO002353	4500	0	5	
MYCO002354	545	2	20	
MYCO002355	4608	0	0	
MYCO002356	3428	0	43	
MYCO002358	12	0	17	
MYCO002359	3	0	44	
MYCO002360	12	0	25	
MYCO002363	1260	0	32	
MYCO002365	456	0	10	
MYCO002369	43	0	17	
MYCO002370	50	0	64	
MYCO002371	192	0	7	
MYCO002372	160	0	36	
MYCO002375	8	0	14	
MYCO002376	81	0	28	
MYCO002377	19	0	9	
MYCO002378	85	0	49	
MYCO002379	379	0	126	
MYCO002380	821	0	189	
MYCO002381	332	0	107	
MYCO002382	174	0	49	
MYCO002383	703	557	165	
MYCO002384	369	0	50	
MYCO002385	84	0	57	
MYCO002386	159	0	52	
MYCO002387	21	0	56	
MYCO002388	140	0	49	
MYCO002389	13	0	22	
MYCO002390	58	0	26	
MYCO002391	19	0	67	
MYCO002392	96	0	29	
MYCO002393	168	2824	35	
MYCO002394	134	0	92	
MYCO002395	372	0	76	
MYCO002396	2587	0	47	
MYCO002397	104	0	50	
MYCO002398	4	0	38	
MYCO002401	3	0	16	
MYCO002403	74	0	27	
MYCO002405	32	0	30	
MYCO002406	162	0	17	
MYCO002407	243	0	49	
MYCO002408	310	0	27	
MYCO002414	361	0	75	
MYCO002415	99	0	38	
MYCO002416	119	0	64	
MYCO002417	848	0	36	
MYCO002418	187	0	33	
MYCO002419	114	0	32	
MYCO002422	17	0	14	
MYCO002423	32	0	53	
MYCO002424	4417	0	21	
MYCO002428	84	0	33	
MYCO002429	14	0	18	
MYCO002430	34	0	28	
MYCO002431	13	1646	15	
MYCO002432	34	0	18	
MYCO002433	12	0	14	
MYCO002434	880	0	63	
MYCO002435	142	0	92	
MYCO002436	324	0	43	
MYCO002437	1050	0	16	
MYCO002438	80	0	75	
MYCO002443	41	0	76	
MYCO002444	396	0	119	
MYCO002446	11	0	18	
MYCO002449	491	0	57	
MYCO002450	326	0	40	
MYCO002451	46	0	20	
MYCO002452	0	0	14	
MYCO002453	48	0	30	
MYCO002456	67	0	45	
MYCO002458	38	0	34	
MYCO002459	56	0	64	
MYCO002463	14	0	38	
MYCO002464	119	0	49	
MYCO002468	38	0	27	
MYCO002469	52	0	36	
MYCO002471	67	0	80	
MYCO002472	6	0	13	
MYCO002473	92	0	31	
MYCO002474	172	0	34	
MYCO002475	8	0	17	
MYCO002476	995	0	149	
MYCO002478	356	0	22	
MYCO002479	4608	0	0	
MYCO002480	545	2	20	
MYCO002481	206	0	20	
MYCO002482	219	0	112	
MYCO002483	64	0	67	
MYCO002484	37	0	85	
MYCO002485	112	0	72	
MYCO002486	219	0	30	
MYCO002487	2712	0	86	
MYCO002488	944	0	137	
MYCO002489	86	0	17	
MYCO002490	4455	0	28	
MYCO002491	98	0	38	
MYCO002492	115	0	52	
MYCO002493	11	0	10	
MYCO002494	10	0	21	
MYCO002495	186	0	56	
MYCO002496	28	0	40	
MYCO002497	45	0	39	
MYCO002498	56	0	40	
MYCO002499	11	0	27	
MYCO002501	424	0	96	
MYCO002503	29	0	34	
MYCO002504	38	0	41	
MYCO002505	154	0	82	
MYCO002506	56	0	24	
MYCO002507	287	0	40	
MYCO002508	106	0	61	
MYCO002510	154	0	79	
MYCO002512	4489	37	9	
MYCO002513	20	0	24	
MYCO002514	46	0	28	
MYCO002515	28	0	57	
MYCO002516	17	0	29	
MYCO002517	40	0	8	
MYCO002519	598	0	80	
MYCO002520	1	0	14	
MYCO002522	424	0	74	
MYCO002525	251	0	27	
MYCO002526	1329	0	6	
MYCO002527	24	0	22	
MYCO002528	20	0	40	
MYCO002529	409	0	76	
MYCO002530	11	0	23	
MYCO002531	109	0	128	
MYCO002532	28	0	19	
MYCO002535	261	0	34	
MYCO002536	28	0	27	
MYCO002537	12	0	15	
MYCO002539	471	0	18	
MYCO002541	1921	0	14	
MYCO002542	525	0	71	
MYCO002543	1667	1285	49	
MYCO002544	1671	1316	67	
MYCO002545	1036	0	16	
MYCO002546	5	0	21	
MYCO002547	20	0	20	
MYCO002548	31	0	21	
MYCO002549	77	0	20	
MYCO002550	2	0	14	
MYCO002551	302	0	15	
MYCO002552	321	0	39	
MYCO002553	153	0	60	
MYCO002554	119	0	17	
MYCO002556	8	0	19	
MYCO002557	24	0	37	
MYCO002558	38	0	27	
MYCO002560	137	0	49	
MYCO002561	4541	0	7	
MYCO002562	5	0	34	
MYCO002563	100	0	58	
MYCO002564	39	1696	43	
MYCO002565	107	0	77	
MYCO002566	1282	0	122	
MYCO002567	126	0	103	
MYCO002569	46	0	32	
MYCO002570	581	0	25	
MYCO002571	148	0	66	
MYCO002573	116	0	48	
MYCO002574	38	0	32	
MYCO002576	63	0	26	
MYCO002577	45	0	62	
MYCO002578	143	0	46	
MYCO002579	83	0	38	
MYCO002581	3	0	23	
MYCO002584	47	0	31	
MYCO002585	241	0	78	
MYCO002586	595	0	64	
MYCO002588	3	0	18	
MYCO002590	202	0	144	
MYCO002591	2158	0	82	
MYCO002595	36	0	12	
MYCO002596	9	0	27	
MYCO002597	42	0	33	
MYCO002598	42	0	25	
MYCO002599	251	0	27	
MYCO002600	41	0	18	
MYCO002601	386	0	61	
MYCO002602	10	0	20	
MYCO002604	54	0	25	
MYCO002605	91	0	35	
MYCO002607	11	0	27	
MYCO002608	749	0	57	
MYCO002609	248	0	45	
MYCO002615	4292	0	73	
MYCO002616	58	0	27	
MYCO002617	3	0	19	
MYCO002618	254	0	26	
MYCO002619	4	0	11	
MYCO002620	8	0	17	
MYCO002621	347	0	42	
MYCO002622	68	0	39	
MYCO002623	124	0	34	
MYCO002624	233	0	44	
MYCO002625	42	0	45	
MYCO002626	10	0	21	
MYCO002627	60	0	71	
MYCO002628	76	0	33	
MYCO002629	414	0	38	
MYCO002630	11	0	32	
MYCO002631	86	0	61	
MYCO002632	5	0	9	
MYCO002633	8	0	34	
MYCO002634	2559	0	79	
MYCO002635	8	0	19	
MYCO002636	47	0	42	
MYCO002637	225	1441	36	
MYCO002638	84	0	25	
MYCO002639	32	0	17	
MYCO002640	46	0	20	
MYCO002641	10	0	23	
MYCO002642	20	0	23	
MYCO002643	217	0	89	
MYCO002644	34	0	18	
MYCO002645	1134	0	16	
MYCO002646	784	0	47	
MYCO002647	527	0	14	
MYCO002648	545	2	20	
MYCO002649	4608	0	0	
MYCO002650	902	482	131	
MYCO002651	187	896	39	
MYCO002652	528	0	44	
MYCO002653	450	0	28	
MYCO002654	2396	0	11	
MYCO002655	1347	0	52	
MYCO002656	369	711	25	
MYCO002657	540	0	16	
MYCO002658	425	0	13	
MYCO002659	452	0	39	
MYCO002660	10	0	16	
MYCO002661	21	0	15	
MYCO002662	9	0	14	
MYCO002663	3	0	15	
MYCO002664	19	0	13	
MYCO002665	284	0	16	
MYCO002666	4506	0	10	
MYCO002667	43	0	21	
MYCO002668	410	0	21	
MYCO002669	24	0	22	
MYCO002671	74	0	26	
MYCO002672	283	0	68	
MYCO002674	1	0	17	
MYCO002675	15	0	52	
MYCO002677	1307	0	42	
MYCO002679	119	0	40	
MYCO002680	508	0	30	
MYCO002681	597	0	47	
MYCO002683	7	0	24	
MYCO002684	35	355	60	
MYCO002685	332	0	48	
MYCO002686	33	0	31	
MYCO002687	43	0	39	
MYCO002688	89	0	48	
MYCO002689	147	0	52	
MYCO002690	102	0	49	
MYCO002691	9	0	28	
MYCO002692	30	0	26	
MYCO002693	15	0	24	
MYCO002694	9	0	32	
MYCO002695	420	0	25	
MYCO002698	8	0	22	
MYCO002700	2852	0	20	
MYCO002701	43	0	49	
MYCO002704	13	0	17	
MYCO002705	11	0	19	
MYCO002706	89	0	13	
MYCO002707	32	0	40	
MYCO002709	411	0	35	
MYCO002712	270	0	67	
MYCO002713	87	0	73	
MYCO002716	22	0	29	
MYCO002717	182	0	19	
MYCO002718	15	0	17	
MYCO002719	405	0	37	
MYCO002721	1005	0	85	
MYCO002722	7	0	16	
MYCO002723	37	0	58	
MYCO002728	78	0	30	
MYCO002729	41	0	45	
MYCO002730	9	0	24	
MYCO002732	73	0	41	
MYCO002734	23	0	37	
MYCO002735	671	0	41	
MYCO002736	135	0	25	
MYCO002737	16	0	78	
MYCO002738	316	0	10	
MYCO002739	1235	0	27	
MYCO002740	13	0	27	
MYCO002741	3061	0	65	
MYCO002742	187	0	32	
MYCO002743	346	0	35	
MYCO002745	4	0	24	
MYCO002746	180	0	25	
MYCO002747	25	0	18	
MYCO002749	25	0	15	
MYCO002751	31	0	31	
MYCO002752	93	0	119	
MYCO002755	13	0	9	
MYCO002756	55	0	77	
MYCO002757	50	0	24	
MYCO002758	8	0	12	
MYCO002759	38	0	20	
MYCO002760	111	0	14	
MYCO002761	29	0	59	
MYCO002762	287	0	33	
MYCO002763	31	0	16	
MYCO002765	264	0	32	
MYCO002766	56	0	30	
MYCO002767	17	0	23	
MYCO002768	409	0	62	
MYCO002769	786	0	43	
MYCO002770	166	0	60	
MYCO002771	33	0	18	
MYCO002772	42	0	25	
MYCO002774	837	0	15	
MYCO002775	112	0	24	
MYCO002776	26	0	39	
MYCO002777	462	0	42	
MYCO002778	16	0	27	
MYCO002779	46	0	31	
MYCO002780	152	0	45	
MYCO002781	695	0	49	
MYCO002784	7	0	20	
MYCO002786	6	0	41	
MYCO002787	272	0	99	
MYCO002789	55	0	49	
MYCO002790	327	0	53	
MYCO002791	98	2291	58	
MYCO002792	94	0	30	
MYCO002793	454	0	32	
MYCO002796	44	0	35	
MYCO002797	237	0	61	
MYCO002798	5	0	16	
MYCO002799	106	0	43	
MYCO002800	846	0	74	
MYCO002801	59	0	13	
MYCO002802	877	0	52	
MYCO002803	42	0	21	
MYCO002804	98	0	34	
MYCO002805	69	0	22	
MYCO002806	28	0	7	
MYCO002807	1222	0	46	
MYCO002808	253	0	10	
MYCO002809	61	0	15	
MYCO002810	4608	0	0	
MYCO002811	819	0	26	
MYCO002812	574	0	71	
MYCO002813	413	0	38	
MYCO002814	4608	0	0	
MYCO002815	545	2	20	
MYCO002816	1087	0	11	
MYCO002817	1165	0	36	
MYCO002818	1293	0	27	
MYCO002819	1161	0	42	
MYCO002820	1075	0	41	
MYCO002821	57	0	31	
MYCO002822	17	0	16	
MYCO002823	84	0	99	
MYCO002824	27	0	51	
MYCO002825	3567	0	29	
MYCO002826	50	0	35	
MYCO002827	23	0	25	
MYCO002829	122	0	20	
MYCO002830	6	0	14	
MYCO002831	177	0	35	
MYCO002832	142	0	60	
MYCO002833	265	0	59	
MYCO002834	30	0	40	
MYCO002835	22	0	49	
MYCO002836	275	0	63	
MYCO002837	113	0	33	
MYCO002840	6	0	19	
MYCO002842	3	0	22	
MYCO002843	174	0	14	
MYCO002844	18	0	20	
MYCO002845	201	0	56	
MYCO002848	1146	0	46	
MYCO002849	41	0	38	
MYCO002850	1411	0	91	
MYCO002851	17	0	21	
MYCO002852	121	0	65	
MYCO002853	2005	0	98	
MYCO002854	33	0	44	
MYCO002855	221	0	48	
MYCO002856	31	0	36	
MYCO002857	12	0	25	
MYCO002858	439	0	69	
MYCO002859	1438	0	50	
MYCO002860	32	0	54	
MYCO002862	12	0	23	
MYCO002863	6	0	15	
MYCO002865	7	0	11	
MYCO002866	9	0	9	
MYCO002867	537	0	41	
MYCO002869	24	0	52	
MYCO002871	831	0	10	
MYCO002872	75	0	25	
MYCO002873	10	0	23	
MYCO002874	237	0	90	
MYCO002875	133	0	22	
MYCO002876	2	0	27	
MYCO002877	139	0	47	
MYCO002878	13	0	23	
MYCO002879	4608	0	0	
MYCO002880	4280	0	6	
MYCO002881	8	0	32	
MYCO002884	109	0	33	
MYCO002885	194	793	75	
MYCO002886	109	0	41	
MYCO002887	24	0	18	
MYCO002888	398	0	57	
MYCO002891	802	0	37	
MYCO002892	257	0	54	
MYCO002893	60	0	61	
MYCO002895	188	0	41	
MYCO002896	349	0	60	
MYCO002897	277	0	79	
MYCO002898	13	0	22	
MYCO002899	8	0	30	
MYCO002900	47	0	84	
MYCO002903	57	0	39	
MYCO002905	39	0	54	
MYCO002906	13	0	19	
MYCO002907	97	0	20	
MYCO002908	37	0	9	
MYCO002910	7	0	26	
MYCO002911	115	0	33	
MYCO002912	23	0	19	
MYCO002913	97	0	93	
MYCO002914	286	0	67	
MYCO002920	107	0	79	
MYCO002922	829	0	101	
MYCO002923	48	0	19	
MYCO002924	66	0	35	
MYCO002925	23	0	26	
MYCO002926	7	0	33	
MYCO002928	16	0	30	
MYCO002929	21	0	20	
MYCO002930	41	0	59	
MYCO002931	4135	0	94	
MYCO002932	1282	0	153	
MYCO002933	1170	0	157	
MYCO002934	1332	0	168	
MYCO002935	646	0	153	
MYCO002936	31	0	38	
MYCO002937	12	0	24	
MYCO002938	11	0	28	
MYCO002939	20	2167	42	
MYCO002940	256	0	225	
MYCO002941	36	0	76	
MYCO002942	103	0	123	
MYCO002943	168	0	60	
MYCO002944	26	0	43	
MYCO002945	1	0	28	
MYCO002946	852	0	180	
MYCO002947	2331	0	27	
MYCO002948	97	0	103	
MYCO002949	102	0	39	
MYCO002950	170	0	74	
MYCO002951	129	0	46	
MYCO002952	17	0	34	
MYCO002953	48	0	54	
MYCO002954	41	0	36	
MYCO002955	172	0	57	
MYCO002956	28	0	45	
MYCO002957	54	0	40	
MYCO002958	200	0	63	
MYCO002959	586	0	40	
MYCO002960	21	0	19	
MYCO002961	17	0	10	
MYCO002962	516	0	48	
MYCO002963	588	0	48	
MYCO002964	65	0	42	
MYCO002966	151	0	13	
MYCO002968	16	0	20	
MYCO002969	34	0	28	
MYCO002970	74	0	45	
MYCO002971	95	0	36	
MYCO002972	18	0	36	
MYCO002973	180	0	60	
MYCO002974	557	0	71	
MYCO002975	2234	0	7	
MYCO002977	280	0	28	
MYCO002978	97	1983	56	
MYCO002979	23	0	28	
MYCO002980	396	0	27	
MYCO002983	518	0	32	
MYCO002985	66	0	53	
MYCO002986	63	0	29	
MYCO002987	20	0	17	
MYCO002989	434	0	30	
MYCO002990	25	0	36	
MYCO002991	31	0	21	
MYCO002994	493	0	49	
MYCO002997	426	0	51	
MYCO002998	7	0	18	
MYCO002999	35	0	53	
MYCO003000	41	0	29	
MYCO003002	3	0	19	
MYCO003004	24	0	16	
MYCO003005	35	0	24	
MYCO003007	420	0	25	
MYCO003008	44	0	30	
MYCO003012	9	0	11	
MYCO003013	389	0	24	
MYCO003015	253	0	47	
MYCO003016	28	0	21	
MYCO003017	497	0	21	
MYCO003018	3535	0	32	
MYCO003019	1	80	25	
MYCO003020	19	15	18	
MYCO003021	4588	0	6	
MYCO003022	4608	0	0	
MYCO003023	4489	36	8	
MYCO003026	75	0	49	
MYCO003030	119	0	31	
MYCO003033	12	0	26	
MYCO003035	211	0	34	
MYCO003036	12	0	35	
MYCO003037	274	0	56	
MYCO003039	118	0	34	
MYCO003040	228	0	40	
MYCO003041	16	0	29	
MYCO003044	311	0	58	
MYCO003046	17	0	17	
MYCO003047	136	0	21	
MYCO003050	23	0	38	
MYCO003055	29	1428	27	
MYCO003056	42	0	60	
MYCO003058	7	0	29	
MYCO003059	56	0	53	
MYCO003060	786	0	86	
MYCO003061	471	0	81	
MYCO003062	1265	0	69	
MYCO003063	169	0	127	
MYCO003064	87	0	26	
MYCO003065	130	0	15	
MYCO003066	202	0	28	
MYCO003067	19	0	25	
MYCO003068	65	0	71	
MYCO003069	4	0	18	
MYCO003070	5	0	15	
MYCO003071	125	0	57	
MYCO003072	19	0	31	
MYCO003073	11	0	24	
MYCO003074	1385	1641	51	
MYCO003075	21	0	30	
MYCO003076	11	0	19	
MYCO003077	312	0	98	
MYCO003078	29	0	18	
MYCO003079	421	0	25	
MYCO003080	522	0	153	
MYCO003081	161	0	46	
MYCO003082	31	0	48	
MYCO003083	248	0	86	
MYCO003084	533	0	39	
MYCO003086	148	0	34	
MYCO003087	269	0	73	
MYCO003088	161	0	67	
MYCO003089	187	0	63	
MYCO003090	158	1095	48	
MYCO003091	222	0	69	
MYCO003092	487	0	50	
MYCO003093	1111	0	37	
MYCO003094	490	0	56	
MYCO003095	4	0	26	
MYCO003096	35	0	55	
MYCO003097	84	0	64	
MYCO003098	25	0	25	
MYCO003099	85	0	44	
MYCO003103	20	0	23	
MYCO003104	28	0	42	
MYCO003106	64	0	55	
MYCO003107	77	0	72	
MYCO003108	30	0	24	
MYCO003109	84	0	62	
MYCO003110	15	0	13	
MYCO003111	30	0	42	
MYCO003112	29	0	16	
MYCO003113	1015	0	37	
MYCO003114	76	0	27	
MYCO003115	4489	36	8	
MYCO003116	135	0	57	
MYCO003119	39	0	29	
MYCO003120	47	0	32	
MYCO003121	116	0	57	
MYCO003122	44	0	23	
MYCO003123	26	0	23	
MYCO003124	91	0	42	
MYCO003125	660	0	44	
MYCO003126	26	0	16	
MYCO003127	40	0	55	
MYCO003128	4608	0	0	
MYCO003129	428	0	9	
MYCO003130	56	0	67	
MYCO003131	54	0	36	
MYCO003132	123	0	75	
MYCO003133	8	0	13	
MYCO003134	38	0	39	
MYCO003135	2844	0	8	
MYCO003136	88	0	41	
MYCO003137	28	0	36	
MYCO003138	60	0	62	
MYCO003141	186	0	39	
MYCO003142	630	0	24	
MYCO003143	6	0	11	
MYCO003144	770	0	56	
MYCO003145	17	0	11	
MYCO003146	3	0	21	
MYCO003147	30	0	12	
MYCO003148	24	0	47	
MYCO003149	43	0	30	
MYCO003150	423	0	37	
MYCO003151	936	0	78	
MYCO003152	6	0	40	
MYCO003153	87	0	29	
MYCO003154	9	0	37	
MYCO003155	6	0	13	
MYCO003156	65	0	66	
MYCO003157	117	0	76	
MYCO003158	21	0	67	
MYCO003159	2363	0	71	
MYCO003160	13	0	20	
MYCO003161	353	0	73	
MYCO003162	57	0	14	
MYCO003163	23	0	41	
MYCO003164	24	0	25	
MYCO003165	92	0	18	
MYCO003166	479	0	44	
MYCO003167	39	0	34	
MYCO003168	162	0	66	
MYCO003169	567	0	51	
MYCO003170	472	0	50	
MYCO003171	33	0	62	
MYCO003172	6	0	27	
MYCO003173	10	0	33	
MYCO003174	16	0	47	
MYCO003175	1260	0	57	
MYCO003176	100	0	49	
MYCO003177	39	0	30	
MYCO003178	44	0	20	
MYCO003179	370	0	56	
MYCO003180	27	0	22	
MYCO003181	125	0	20	
MYCO003182	23	0	9	
MYCO003183	178	0	16	
MYCO003184	545	2	20	
MYCO003185	4608	0	0	
MYCO003186	545	2	20	
MYCO003187	4608	0	0	
MYCO003188	20	0	17	
MYCO003189	47	0	27	
MYCO003190	158	0	56	
MYCO003191	55	0	50	
MYCO003192	57	0	30	
MYCO003196	72	0	42	
MYCO003199	385	0	50	
MYCO003200	21	0	54	
MYCO003201	796	0	116	
MYCO003202	636	0	131	
MYCO003203	29	0	41	
MYCO003204	1	0	15	
MYCO003209	10	0	28	
MYCO003210	12	0	26	
MYCO003212	530	0	53	
MYCO003215	26	0	53	
MYCO003216	4608	0	0	
MYCO003217	284	0	19	
MYCO003218	21	0	43	
MYCO003222	60	0	21	
MYCO003224	229	0	42	
MYCO003225	81	0	62	
MYCO003226	36	0	38	
MYCO003227	238	0	62	
MYCO003230	119	0	53	
MYCO003231	54	0	20	
MYCO003232	14	0	32	
MYCO003233	7	0	33	
MYCO003234	2280	0	22	
MYCO003235	346	0	32	
MYCO003236	272	0	52	
MYCO003237	10	0	26	
MYCO003238	16	0	35	
MYCO003239	2330	0	89	
MYCO003242	86	0	35	
MYCO003243	69	0	36	
MYCO003244	354	0	63	
MYCO003247	47	0	23	
MYCO003249	169	0	28	
MYCO003250	4	0	9	
MYCO003251	4	0	8	
MYCO003253	61	0	56	
MYCO003254	101	0	63	
MYCO003256	594	0	49	
MYCO003259	24	0	8	
MYCO003260	0	0	15	
MYCO003263	173	0	63	
MYCO003266	131	0	37	
MYCO003268	121	0	34	
MYCO003269	14	0	9	
MYCO003270	285	0	81	
MYCO003271	26	0	32	
MYCO003272	95	0	56	
MYCO003273	14	0	92	
MYCO003278	11	0	21	
MYCO003279	14	0	35	
MYCO003281	4431	0	10	
MYCO003282	15	0	40	
MYCO003283	20	0	46	
MYCO003284	38	0	18	
MYCO003286	479	0	38	
MYCO003287	14	0	11	
MYCO003288	5	0	18	
MYCO003289	35	0	24	
MYCO003291	22	0	16	
MYCO003292	212	0	60	
MYCO003293	563	0	57	
MYCO003294	14	0	35	
MYCO003295	23	0	27	
MYCO003297	84	0	41	
MYCO003298	251	0	29	
MYCO003299	721	0	147	
MYCO003300	56	0	40	
MYCO003301	25	0	31	
MYCO003307	144	0	34	
MYCO003308	546	0	69	
MYCO003309	19	0	25	
MYCO003310	28	0	37	
MYCO003311	49	0	54	
MYCO003312	28	0	39	
MYCO003314	104	0	45	
MYCO003315	12	0	24	
MYCO003316	3	0	10	
MYCO003320	43	0	18	
MYCO003321	2	0	7	
MYCO003322	19	0	28	
MYCO003323	250	0	38	
MYCO003324	248	0	22	
MYCO003325	545	2	20	
MYCO003326	4608	0	0	
MYCO003327	4557	0	7	
MYCO003331	417	0	59	
MYCO003332	371	0	61	
MYCO003333	1123	0	33	
MYCO003334	6	0	26	
MYCO003335	87	0	35	
MYCO003337	520	0	21	
MYCO003338	50	0	34	
MYCO003339	68	0	51	
MYCO003342	332	0	19	
MYCO003343	4595	0	13	
MYCO003344	4608	0	0	
MYCO003345	4588	0	10	
MYCO003346	1452	1	19	
MYCO003347	3576	0	204	
MYCO003348	117	3	29	
MYCO003349	2394	0	26	
MYCO003350	3813	0	200	
MYCO003351	599	0	32	
MYCO003352	584	0	15	
MYCO003353	562	0	10	
MYCO003354	560	0	17	
MYCO003355	583	1	17	
MYCO003357	13	0	16	
MYCO003358	4	0	10	
MYCO003359	269	0	39	
MYCO003360	684	0	14	
MYCO003361	58	0	31	
MYCO003362	57	0	34	
MYCO003363	266	0	18	
MYCO003364	57	0	18	
MYCO003365	4168	0	24	
MYCO003366	46	0	24	
MYCO003367	2110	0	80	
MYCO003368	113	0	31	
MYCO003369	157	0	17	
MYCO003370	994	0	112	
MYCO003371	429	0	69	
MYCO003372	268	0	51	
MYCO003373	550	0	26	
MYCO003374	6	0	13	
MYCO003375	191	0	69	
MYCO003376	20	0	31	
MYCO003377	331	0	72	
MYCO003378	115	0	54	
MYCO003379	68	0	80	
MYCO003380	4608	0	0	
MYCO003381	545	2	20	
MYCO003382	156	0	33	
MYCO003383	989	0	65	
MYCO003384	48	0	15	
MYCO003385	89	0	11	
MYCO003386	218	0	38	
MYCO003387	16	0	33	
MYCO003388	3445	0	57	
MYCO003389	351	0	55	
MYCO003390	26	0	48	
MYCO003391	272	0	99	
MYCO003393	86	0	36	
MYCO003394	1332	0	53	
MYCO003395	105	0	33	
MYCO003397	20	0	33	
MYCO003398	113	0	60	
MYCO003399	38	0	38	
MYCO003400	132	0	23	
MYCO003401	508	0	102	
MYCO003402	140	0	51	
MYCO003403	62	0	87	
MYCO003404	42	0	39	
MYCO003405	6	0	24	
MYCO003406	141	0	43	
MYCO003407	12	0	8	
MYCO003408	3	0	16	
MYCO003413	383	0	31	
MYCO003414	20	0	31	
MYCO003415	368	0	44	
MYCO003416	42	0	12	
MYCO003420	90	0	21	
MYCO003421	1095	0	44	
MYCO003423	41	0	67	
MYCO003424	307	2	24	
MYCO003425	220	1243	54	
MYCO003426	4504	0	3	
MYCO003427	1286	0	28	
MYCO003428	4375	0	7	
MYCO003429	220	1033	51	
MYCO003430	317	0	82	
MYCO003431	66	0	36	
MYCO003434	211	0	46	
MYCO003435	17	0	60	
MYCO003437	196	0	26	
MYCO003438	59	0	41	
MYCO003439	814	0	65	
MYCO003440	45	0	23	
MYCO003444	17	0	17	
MYCO003445	25	0	19	
MYCO003446	837	0	72	
MYCO003447	400	0	147	
MYCO003448	220	0	64	
MYCO003449	172	0	75	
MYCO003450	662	0	76	
MYCO003451	74	0	51	
MYCO003452	529	0	36	
MYCO003453	2844	0	5	
MYCO003454	72	0	67	
MYCO003463	127	0	38	
MYCO003465	9	0	24	
MYCO003466	4439	42	47	
MYCO003467	4468	63	28	
MYCO003468	66	0	53	
MYCO003469	25	0	51	
MYCO003470	233	0	86	
MYCO003471	36	0	24	
MYCO003472	32	0	28	
MYCO003473	28	0	45	
MYCO003474	545	2	20	
MYCO003475	4608	0	0	
MYCO003476	51	0	66	
MYCO003477	113	0	13	
MYCO003478	2300	249	332	
MYCO003479	232	0	151	
MYCO003480	236	0	77	
MYCO003481	56	0	27	
MYCO003482	36	0	38	
MYCO003483	1006	0	34	
MYCO003484	111	0	62	
MYCO003485	617	0	45	
MYCO003486	287	0	18	
MYCO003487	1001	0	42	
MYCO003488	138	0	12	
MYCO003489	3	0	8	
MYCO003491	15	0	31	
MYCO003492	2	0	23	
MYCO003493	343	0	29	
MYCO003494	968	0	57	
MYCO003495	28	0	41	
MYCO003496	291	0	44	
MYCO003497	13	0	50	
MYCO003498	106	0	46	
MYCO003499	11	0	42	
MYCO003502	35	0	34	
MYCO003503	0	0	8	
MYCO003505	130	0	46	
MYCO003506	84	0	87	
MYCO003507	4305	0	79	
MYCO003508	4605	0	3	
MYCO003509	452	0	75	
MYCO003510	162	0	38	
MYCO003511	4597	0	5	
MYCO003512	4608	0	0	
MYCO003513	4380	0	16	
MYCO003514	4607	0	1	
MYCO003515	4137	0	25	
MYCO003516	686	0	33	
MYCO003517	1006	0	32	
MYCO003518	136	0	41	
MYCO003519	24	0	37	
MYCO003521	37	0	38	
MYCO003522	10	0	49	
MYCO003523	416	0	39	
MYCO003524	59	0	65	
MYCO003525	265	0	24	
MYCO003526	11	0	33	
MYCO003527	7	0	26	
MYCO003528	63	0	52	
MYCO003529	530	0	60	
MYCO003530	29	1682	39	
MYCO003531	91	0	63	
MYCO003532	369	0	61	
MYCO003533	1400	0	85	
MYCO003534	63	0	39	
MYCO003535	1123	0	35	
MYCO003536	15	0	35	
MYCO003537	32	0	60	
MYCO003538	7	0	35	
MYCO003539	586	0	63	
MYCO003540	393	0	47	
MYCO003541	3	0	18	
MYCO003542	115	0	38	
MYCO003543	101	0	41	
MYCO003544	47	0	42	
MYCO003545	34	0	74	
MYCO003546	99	0	42	
MYCO003547	56	0	34	
MYCO003548	23	0	26	
MYCO003549	158	0	38	
MYCO003550	65	0	29	
MYCO003551	65	0	30	
MYCO003552	9	0	27	
MYCO003553	461	0	36	
MYCO003554	80	0	110	
MYCO003555	678	0	36	
MYCO003556	131	0	35	
MYCO003557	0	0	26	
MYCO003558	1089	0	65	
MYCO003559	278	0	32	
MYCO003560	138	0	52	
MYCO003561	705	0	69	
MYCO003562	70	0	56	
MYCO003563	175	0	44	
MYCO003564	638	0	31	
MYCO003565	92	0	67	
MYCO003566	147	0	40	
MYCO003567	48	0	19	
MYCO003568	529	0	29	
MYCO003569	398	0	33	
MYCO003572	38	0	27	
MYCO003573	464	0	77	
MYCO003574	66	0	22	
MYCO003575	124	0	40	
MYCO003576	71	0	37	
MYCO003577	75	0	33	
MYCO003578	361	0	63	
MYCO003581	14	0	23	
MYCO003582	34	0	34	
MYCO003584	16	0	20	
MYCO003585	50	0	65	
MYCO003586	18	0	48	
MYCO003587	210	0	39	
MYCO003588	62	0	16	
MYCO003590	3202	0	55	
MYCO003591	28	0	46	
MYCO003593	3	0	70	
MYCO003594	81	0	44	
MYCO003595	2074	0	57	
MYCO003597	298	0	13	
MYCO003599	192	0	6	
MYCO003602	698	0	42	
MYCO003603	236	0	42	
MYCO003604	977	0	58	
MYCO003605	322	0	20	
MYCO003606	14	0	25	
MYCO003607	163	0	18	
MYCO003608	50	0	37	
MYCO003611	4562	0	4	
MYCO003612	46	0	19	
MYCO003613	2	0	8	
MYCO003614	8	0	39	
MYCO003615	8	0	11	
MYCO003616	72	0	62	
MYCO003617	116	0	43	
MYCO003618	101	0	44	
MYCO003619	398	2135	131	
MYCO003620	2609	516	107	
MYCO003621	677	0	49	
MYCO003622	126	0	13	
MYCO003623	250	0	36	
MYCO003625	271	0	44	
MYCO003626	370	0	47	
MYCO003627	67	0	71	
MYCO003629	43	0	57	
MYCO003630	17	1106	56	
MYCO003631	10	0	26	
MYCO003632	4	0	10	
MYCO003633	76	0	50	
MYCO003634	132	0	33	
MYCO003635	169	0	84	
MYCO003636	14	0	24	
MYCO003637	75	0	31	
MYCO003638	15	0	38	
MYCO003639	434	0	36	
MYCO003640	183	0	58	
MYCO003641	17	0	31	
MYCO003642	8	0	14	
MYCO003643	4	0	11	
MYCO003645	960	0	62	
MYCO003649	684	0	113	
MYCO003650	94	0	13	
MYCO003651	434	0	45	
MYCO003652	1051	0	19	
MYCO003653	2715	0	34	
MYCO003654	562	0	25	
MYCO003655	4605	0	1	
MYCO003656	23	0	14	
MYCO003657	1399	1113	26	
MYCO003658	494	0	41	
MYCO003659	914	0	51	
MYCO003660	196	0	65	
MYCO003661	69	0	28	
MYCO003662	1266	0	46	
MYCO003663	461	0	79	
MYCO003664	15	0	44	
MYCO003665	10	0	53	
MYCO003666	132	1219	60	
MYCO003667	347	0	94	
MYCO003669	9	0	24	
MYCO003671	23	0	53	
MYCO003672	71	0	39	
MYCO003673	161	0	31	
MYCO003675	1	0	21	
MYCO003678	14	0	23	
MYCO003681	21	0	25	
MYCO003685	124	0	72	
MYCO003686	86	0	15	
MYCO003687	18	0	19	
MYCO003688	31	0	28	
MYCO003689	235	0	91	
MYCO003690	437	0	25	
MYCO003691	95	0	55	
MYCO003692	70	0	44	
MYCO003693	1570	0	53	
MYCO003694	14	0	42	
MYCO003697	36	0	26	
MYCO003698	181	0	76	
MYCO003699	44	0	36	
MYCO003700	694	0	51	
MYCO003701	155	0	47	
MYCO003702	35	0	42	
MYCO003703	77	0	73	
MYCO003704	75	0	61	
MYCO003706	212	0	15	
MYCO003714	73	0	54	
MYCO003716	307	0	20	
MYCO003723	29	0	35	
MYCO003725	2238	0	23	
MYCO003726	354	0	52	
MYCO003727	304	0	96	
MYCO003728	2915	0	91	
MYCO003729	429	0	119	
MYCO003730	14	0	52	
MYCO003731	17	0	56	
MYCO003732	115	0	54	
MYCO003733	14	0	26	
MYCO003734	80	0	70	
MYCO003735	21	0	31	
MYCO003736	90	0	66	
MYCO003737	851	0	77	
MYCO003738	1591	0	43	
MYCO003739	1111	0	15	
MYCO003740	128	0	65	
MYCO003741	26	0	44	
MYCO003742	13	0	27	
MYCO003743	198	0	114	
MYCO003744	5	0	25	
MYCO003745	14	1437	11	
MYCO003746	9	0	24	
MYCO003747	26	0	16	
MYCO003748	25	0	21	
MYCO003749	32	0	24	
MYCO003750	14	0	18	
MYCO003751	13	0	14	
MYCO003752	352	0	15	
MYCO003753	534	0	18	
MYCO003754	281	0	39	
MYCO003755	19	0	25	
MYCO003756	25	0	41	
MYCO003757	174	0	46	
MYCO003758	47	0	42	
MYCO003759	34	0	67	
MYCO003760	29	0	11	
MYCO003761	187	0	41	
MYCO003762	26	0	102	
MYCO003763	39	0	29	
MYCO003764	50	0	63	
MYCO003766	126	0	39	
MYCO003767	116	0	39	
MYCO003768	112	0	18	
MYCO003769	100	0	20	
MYCO003770	130	0	27	
MYCO003771	45	0	27	
MYCO003772	73	0	49	
MYCO003773	115	0	31	
MYCO003776	852	0	83	
MYCO003779	519	0	95	
MYCO003784	280	0	60	
MYCO003785	2007	0	43	
MYCO003786	362	0	61	
MYCO003787	108	0	53	
MYCO003788	13	0	23	
MYCO003789	4	0	18	
MYCO003792	246	0	108	
MYCO003796	32	0	63	
MYCO003797	236	0	96	
MYCO003798	2472	45	33	
MYCO003800	991	0	200	
MYCO003803	74	0	47	
MYCO003805	41	0	81	
MYCO003807	181	0	22	
MYCO003810	1274	0	32	
MYCO003811	203	0	75	
MYCO003812	1765	0	64	
MYCO003813	122	0	36	
MYCO003814	56	0	30	
MYCO003815	148	0	33	
MYCO003817	371	0	41	
MYCO003818	66	0	60	
MYCO003819	36	0	22	
MYCO003820	204	0	85	
MYCO003821	19	0	41	
MYCO003822	83	0	80	
MYCO003823	59	0	167	
MYCO003824	88	0	100	
MYCO003825	273	0	308	
MYCO003826	92	0	110	
MYCO003827	199	0	93	
MYCO003828	4	1764	24	
MYCO003829	952	0	94	
MYCO003830	1063	0	45	
MYCO003831	21	0	44	
MYCO003832	143	0	39	
MYCO003833	589	0	54	
MYCO003836	519	0	29	
MYCO003837	40	0	51	
MYCO003838	145	0	57	
MYCO003839	12	0	47	
MYCO003840	72	0	37	
MYCO003841	9	0	32	
MYCO003843	400	0	55	
MYCO003844	117	3	29	
MYCO003845	3373	0	8	
MYCO003846	13	0	33	
MYCO003848	116	0	67	
MYCO003850	74	0	40	
MYCO003851	62	0	15	
MYCO003852	55	0	22	
MYCO003853	5	0	20	
MYCO003854	213	0	145	
MYCO003855	9	0	45	
MYCO003856	100	0	69	
MYCO003857	13	0	6	
MYCO003860	511	0	83	
MYCO003861	136	0	32	
MYCO003862	68	0	76	
MYCO003863	210	0	65	
MYCO003864	141	0	85	
MYCO003865	57	0	18	
MYCO003866	145	0	42	
MYCO003867	110	0	31	
MYCO003868	218	0	79	
MYCO003869	612	0	96	
MYCO003870	58	0	148	
MYCO003871	350	0	113	
MYCO003872	224	0	18	
MYCO003873	229	0	61	
MYCO003874	45	0	14	
MYCO003875	15	0	18	
MYCO003876	2073	0	95	
MYCO003877	59	0	118	
MYCO003878	551	0	53	
MYCO003879	2000	0	133	
MYCO003880	4	0	22	
MYCO003881	498	0	112	
MYCO003882	589	0	114	
MYCO003883	51	0	97	
MYCO003884	250	0	108	
MYCO003885	160	0	119	
MYCO003886	1581	0	74	
MYCO003887	478	0	93	
MYCO003888	134	0	91	
MYCO003889	315	0	77	
MYCO003890	97	0	21	
MYCO003891	25	0	30	
MYCO003892	1046	0	83	
MYCO003893	92	0	21	
MYCO003894	1302	0	238	
MYCO003895	1249	0	79	
MYCO003896	269	0	73	
MYCO003897	4566	0	2	
MYCO003898	2245	0	11	
MYCO003899	1305	0	75	
MYCO003900	722	0	99	
MYCO003901	85	0	38	
MYCO003902	26	0	39	
MYCO003903	1461	0	145	
MYCO003904	14	0	29	
MYCO003905	33	0	26	
MYCO003906	59	0	47	
MYCO003909	238	0	148	
MYCO003910	301	0	288	
MYCO003911	4598	0	5	
MYCO003912	212	0	81	
MYCO003914	5	0	24	
MYCO003916	4	0	67	
MYCO003919	270	0	213	
MYCO003922	4	0	36	
MYCO003923	8	0	35	
MYCO010064	12	0	10	
MYCO010078	9	0	43	
MYCO010157	2	0	7	
MYCO010186	46	0	7	
MYCO010192	1045	0	14	
MYCO010236	37	0	6	
MYCO010277	4608	0	0	
MYCO010397	3	2259	12	
MYCO010456	14	0	15	
MYCO010470	654	0	17	
MYCO010492	40	0	11	
MYCO010500	213	0	6	
MYCO010530	8	0	10	
MYCO010590	25	0	8	
MYCO010609	13	0	10	
MYCO010616	1	0	19	
MYCO010634	10	0	13	
MYCO010691	3	0	9	
MYCO010724	4608	0	0	
MYCO010749	13	0	9	
MYCO010755	80	0	5	
MYCO010787	39	0	7	
MYCO010959	6	0	9	
MYCO011028	2	0	8	
MYCO011087	38	0	8	
MYCO011089	5	0	8	
MYCO011116	22	0	11	
MYCO011135	3	0	22	
MYCO011159	8	0	13	
MYCO011290	43	0	14	
MYCO011322	14	0	27	
MYCO011366	16	0	12	
MYCO011473	31	0	11	
MYCO011489	124	0	9	
MYCO011498	69	0	15	
MYCO011507	85	0	35	
MYCO011508	39	0	12	
MYCO011638	309	0	15	
MYCO011706	8	0	8	
MYCO011765	35	0	14	
MYCO011888	1	0	14	
MYCO011954	18	0	11	
MYCO011962	0	2715	15	
MYCO011982	14	0	8	
MYCO011990	51	0	18	
MYCO011991	1	0	7	
MYCO012023	46	0	52	
MYCO012063	118	0	17	
MYCO012077	142	0	18	
MYCO012142	2	0	13	
MYCO012160	2488	0	9	
MYCO012219	5	0	17	
MYCO012231	35	0	24	
MYCO012237	26	0	9	
MYCO012250	4605	0	1	
MYCO012274	168	0	15	
MYCO012306	38	0	29	
MYCO012307	8	0	5	
MYCO012309	7	0	18	
MYCO012331	4	0	10	
MYCO012395	18	0	9	
MYCO012401	23	0	5	
MYCO012427	4608	0	0	
MYCO012438	8	0	18	
MYCO012468	1	0	11	
MYCO012530	4	0	15	
MYCO012548	9	0	14	
MYCO012601	4	0	12	
MYCO012614	544	0	13	
MYCO012737	14	0	11	
MYCO012801	2	0	10	
MYCO012828	830	0	14	
MYCO012862	4608	0	0	
MYCO012922	16	0	13	
MYCO012943	23	0	29	
MYCO012970	21	0	4	
MYCO012998	4	0	15	
MYCO013018	1717	3	8	
MYCO013022	730	0	11	
MYCO013032	22	0	18	
MYCO013098	12	0	19	
MYCO013136	4	0	24	
MYCO013190	163	0	9	
MYCO013196	4	0	7	
MYCO013197	45	0	14	
MYCO013198	7	0	14	
MYCO013208	6	0	16	
MYCO013221	2	0	15	
MYCO013224	17	0	17	
MYCO013312	60	0	20	
MYCO013324	4608	0	0	
MYCO013395	171	0	27	
MYCO013566	5	0	16	
MYCO013697	45	0	13	
MYCO013705	35	0	26	
MYCO013724	512	0	9	
MYCO013770	6	0	11	
MYCO020078	3	0	20	
MYCO020456	4608	0	0	
MYCO020500	0	0	5	
MYCO022231	3277	0	16	
MYCO022306	72	0	20	
MYCO022307	55	0	25	
MYCO022395	47	0	16	
MYCO023224	30	0	10	
MYCO023724	539	0	26	
MYCO023770	6	0	11	
MYCO032307	0	0	9	
