GbGDiv simplified results table from 'accumulate-27.txt' records table.
Isolate records read from table: 6904

Locus	Missing	Paralogous	CountNuc
id	0	0	6904	
isolate	0	0	6904	
rMLST_database_accession	0	0	6904	
BACT000001	18	0	97	
BACT000002	200	0	37	
BACT000003	671	0	45	
BACT000004	38	0	31	
BACT000005	117	0	35	
BACT000006	6	0	18	
BACT000007	16	0	20	
BACT000008	29	0	27	
BACT000009	31	0	30	
BACT000010	3	0	14	
BACT000011	57	0	26	
BACT000012	4	0	23	
BACT000013	18	0	29	
BACT000014	3	6343	2	
BACT000015	9	0	9	
BACT000016	54	0	34	
BACT000017	20	0	21	
BACT000018	1	5391	4	
BACT000019	2	0	14	
BACT000020	7	0	16	
BACT000021	6903	0	1	
BACT000030	68	1935	33	
BACT000031	5	0	31	
BACT000032	16	0	28	
BACT000033	187	0	34	
BACT000034	13	0	29	
BACT000035	7	0	30	
BACT000036	441	0	24	
BACT000038	31	0	21	
BACT000039	27	0	28	
BACT000040	832	0	20	
BACT000042	11	0	30	
BACT000043	6	0	25	
BACT000044	38	0	24	
BACT000045	31	0	21	
BACT000046	8	0	36	
BACT000047	89	0	19	
BACT000048	2	0	21	
BACT000049	8	0	21	
BACT000050	39	0	17	
BACT000051	208	0	32	
BACT000052	3	0	16	
BACT000053	7	0	18	
BACT000056	11	0	13	
BACT000057	6	6682	5	
BACT000058	1	1	15	
BACT000059	0	0	14	
BACT000060	4	0	12	
BACT000061	21	0	18	
BACT000062	3	5754	8	
BACT000063	3	1	15	
BACT000064	4	0	15	
BACT000065	5	0	6	
MYCO000001	49	0	148	
MYCO000005	42	0	167	
MYCO000006	72	0	278	
MYCO000009	20	0	40	
MYCO000011	13	0	30	
MYCO000013	9	0	68	
MYCO000015	1541	0	91	
MYCO000016	108	0	104	
MYCO000017	94	0	103	
MYCO000019	12	0	41	
MYCO000038	444	0	42	
MYCO000046	21	0	76	
MYCO000047	25	0	40	
MYCO000049	47	0	32	
MYCO000050	746	0	172	
MYCO000051	570	0	128	
MYCO000054	269	0	33	
MYCO000066	32	0	145	
MYCO000068	185	0	94	
MYCO000129	65	0	42	
MYCO000183	364	0	62	
MYCO000184	412	0	42	
MYCO000189	908	0	72	
MYCO000198	78	0	129	
MYCO000204	213	0	62	
MYCO000207	23	0	50	
MYCO000211	82	0	125	
MYCO000223	687	0	89	
MYCO000225	49	0	47	
MYCO000227	770	0	68	
MYCO000228	162	0	70	
MYCO000236	1550	0	204	
MYCO000237	174	0	83	
MYCO000238	24	0	41	
MYCO000241	45	0	72	
MYCO000242	1133	0	79	
MYCO000243	632	0	78	
MYCO000244	138	3454	90	
MYCO000247	16	0	37	
MYCO000248	41	0	68	
MYCO000270	60	0	108	
MYCO000274	435	0	48	
MYCO000321	12	0	34	
MYCO000322	88	0	64	
MYCO000334	10	0	38	
MYCO000337	59	0	56	
MYCO000350	118	0	66	
MYCO000352	694	0	54	
MYCO000357	23	0	59	
MYCO000360	229	0	30	
MYCO000383	1285	0	39	
MYCO000384	861	0	99	
MYCO000407	317	0	59	
MYCO000410	218	0	120	
MYCO000411	192	0	53	
MYCO000414	1425	0	35	
MYCO000415	1501	0	50	
MYCO000417	474	1727	35	
MYCO000423	41	0	64	
MYCO000429	17	0	34	
MYCO000432	23	0	34	
MYCO000433	44	0	48	
MYCO000439	261	0	57	
MYCO000440	79	0	66	
MYCO000462	17	0	52	
MYCO000465	61	0	83	
MYCO000466	31	0	37	
MYCO000467	27	0	52	
MYCO000468	64	0	44	
MYCO000472	17	0	36	
MYCO000475	156	0	44	
MYCO000483	74	0	65	
MYCO000484	70	0	45	
MYCO000486	410	0	71	
MYCO000489	1009	0	30	
MYCO000490	86	0	44	
MYCO000491	10	0	21	
MYCO000495	21	0	49	
MYCO000496	91	0	47	
MYCO000498	119	0	53	
MYCO000501	35	0	59	
MYCO000502	54	0	48	
MYCO000505	1650	0	42	
MYCO000509	152	0	74	
MYCO000510	114	0	43	
MYCO000512	150	0	49	
MYCO000524	560	0	67	
MYCO000527	210	0	41	
MYCO000528	1056	0	68	
MYCO000529	256	0	57	
MYCO000548	46	0	45	
MYCO000551	231	0	101	
MYCO000553	650	0	49	
MYCO000555	638	0	66	
MYCO000557	82	0	95	
MYCO000558	339	0	32	
MYCO000562	34	0	53	
MYCO000563	142	0	51	
MYCO000564	85	0	64	
MYCO000566	22	0	25	
MYCO000636	13	0	26	
MYCO000639	261	0	29	
MYCO000647	251	0	73	
MYCO000655	37	0	58	
MYCO000667	330	0	303	
MYCO000668	265	0	299	
MYCO000672	293	0	107	
MYCO000684	95	0	108	
MYCO000685	29	0	37	
MYCO000693	662	0	50	
MYCO000696	108	0	75	
MYCO000732	18	0	67	
MYCO000733	12	0	24	
MYCO000734	708	0	35	
MYCO000757	13	0	37	
MYCO000758	182	0	182	
MYCO000772	207	0	61	
MYCO000777	74	0	46	
MYCO000780	28	0	44	
MYCO000782	6752	0	5	
MYCO000788	188	0	30	
MYCO000803	155	0	103	
MYCO000808	134	0	75	
MYCO000809	12	0	44	
MYCO000810	7	0	10	
MYCO000814	1380	25	13	
MYCO000815	105	6	47	
MYCO000820	22	0	31	
MYCO000821	36	0	22	
MYCO000823	135	0	69	
MYCO000824	14	0	29	
MYCO000859	101	0	83	
MYCO000860	405	0	126	
MYCO000861	73	0	80	
MYCO000871	20	0	15	
MYCO000876	13	0	82	
MYCO000884	25	0	56	
MYCO000885	90	0	42	
MYCO000886	1594	0	90	
MYCO000889	1352	0	63	
MYCO000896	98	0	63	
MYCO000902	55	0	39	
MYCO000903	17	0	14	
MYCO000906	1754	0	60	
MYCO000926	35	0	75	
MYCO000927	301	0	49	
MYCO000929	600	0	37	
MYCO000946	71	0	82	
MYCO000949	292	0	115	
MYCO000951	56	0	57	
MYCO000952	130	0	54	
MYCO000953	485	0	58	
MYCO000957	732	0	67	
MYCO000981	71	0	40	
MYCO000983	852	0	77	
MYCO000993	205	0	40	
MYCO000994	462	0	69	
MYCO000995	26	0	40	
MYCO001001	59	0	73	
MYCO001002	106	0	79	
MYCO001007	19	0	68	
MYCO001008	404	0	43	
MYCO001009	336	0	57	
MYCO001010	151	0	59	
MYCO001011	57	0	45	
MYCO001013	81	0	73	
MYCO001014	53	0	38	
MYCO001015	44	0	39	
MYCO001017	15	0	38	
MYCO001018	78	0	78	
MYCO001020	781	0	190	
MYCO001022	321	0	36	
MYCO001023	249	0	71	
MYCO001026	453	0	52	
MYCO001070	40	0	32	
MYCO001071	31	0	64	
MYCO001072	8	0	41	
MYCO001077	106	0	73	
MYCO001079	125	0	46	
MYCO001080	369	0	23	
MYCO001082	66	0	37	
MYCO001086	99	0	46	
MYCO001092	185	0	39	
MYCO001094	120	0	28	
MYCO001095	168	0	64	
MYCO001098	122	0	52	
MYCO001099	428	0	58	
MYCO001108	142	0	60	
MYCO001110	27	0	42	
MYCO001112	887	0	53	
MYCO001165	324	0	98	
MYCO001173	393	0	121	
MYCO001177	22	0	8	
MYCO001178	253	0	72	
MYCO001193	654	0	58	
MYCO001201	406	0	50	
MYCO001202	329	0	43	
MYCO001207	464	0	53	
MYCO001208	50	0	38	
MYCO001213	313	0	71	
MYCO001220	407	0	25	
MYCO001221	9	0	38	
MYCO001223	1117	0	84	
MYCO001229	199	0	63	
MYCO001238	79	0	48	
MYCO001239	30	0	55	
MYCO001245	139	0	52	
MYCO001248	766	0	166	
MYCO001253	302	0	96	
MYCO001272	515	0	85	
MYCO001273	28	0	91	
MYCO001277	737	0	49	
MYCO001292	54	0	87	
MYCO001293	95	0	62	
MYCO001294	126	0	57	
MYCO001295	94	0	51	
MYCO001297	572	0	74	
MYCO001299	62	0	33	
MYCO001302	21	0	45	
MYCO001305	12	0	11	
MYCO001308	104	0	62	
MYCO001309	27	0	49	
MYCO001310	33	0	53	
MYCO001311	28	0	27	
MYCO001315	48	0	50	
MYCO001321	105	0	35	
MYCO001323	146	0	62	
MYCO001326	91	0	109	
MYCO001327	124	0	89	
MYCO001328	247	0	136	
MYCO001338	173	0	37	
MYCO001340	92	0	33	
MYCO001380	78	0	42	
MYCO001381	736	0	55	
MYCO001383	70	0	59	
MYCO001384	637	0	189	
MYCO001385	1103	0	43	
MYCO001388	10	0	33	
MYCO001390	2	0	17	
MYCO001391	1194	0	67	
MYCO001392	653	0	74	
MYCO001402	2780	0	78	
MYCO001407	954	0	84	
MYCO001408	233	0	37	
MYCO001410	26	0	67	
MYCO001412	33	0	33	
MYCO001415	38	0	52	
MYCO001416	12	0	24	
MYCO001420	47	0	95	
MYCO001421	37	0	52	
MYCO001436	18	0	52	
MYCO001437	77	0	58	
MYCO001438	38	0	41	
MYCO001440	36	0	17	
MYCO001445	448	0	40	
MYCO001447	811	0	107	
MYCO001448	91	0	60	
MYCO001449	356	0	102	
MYCO001451	135	0	47	
MYCO001457	15	0	37	
MYCO001458	45	0	49	
MYCO001462	88	0	66	
MYCO001463	29	0	36	
MYCO001464	368	0	62	
MYCO001465	27	0	19	
MYCO001466	14	0	11	
MYCO001467	138	3511	73	
MYCO001473	65	0	66	
MYCO001474	206	0	22	
MYCO001475	41	0	105	
MYCO001479	154	0	60	
MYCO001480	222	0	48	
MYCO001481	42	0	49	
MYCO001483	183	0	27	
MYCO001484	56	0	41	
MYCO001485	207	0	39	
MYCO001493	1065	0	81	
MYCO001536	234	0	159	
MYCO001540	53	0	56	
MYCO001547	250	0	137	
MYCO001557	1150	0	68	
MYCO001559	1485	0	67	
MYCO001564	86	0	112	
MYCO001568	422	0	63	
MYCO001569	1297	0	41	
MYCO001589	27	0	46	
MYCO001593	13	0	35	
MYCO001594	83	0	60	
MYCO001595	746	0	79	
MYCO001599	632	0	61	
MYCO001600	15	0	58	
MYCO001601	2	0	36	
MYCO001603	19	0	45	
MYCO001605	30	0	41	
MYCO001609	165	0	87	
MYCO001611	122	0	29	
MYCO001612	19	0	65	
MYCO001617	89	0	75	
MYCO001626	38	0	33	
MYCO001627	208	0	51	
MYCO001629	251	0	157	
MYCO001633	894	0	108	
MYCO001638	313	0	143	
MYCO001641	6904	0	0	
MYCO001649	514	0	48	
MYCO001652	399	0	52	
MYCO001653	1198	0	47	
MYCO001654	184	0	36	
MYCO001655	770	0	62	
MYCO001656	575	0	48	
MYCO001657	636	0	28	
MYCO001658	212	0	64	
MYCO001659	628	0	68	
MYCO001689	27	0	55	
MYCO001694	248	0	47	
MYCO001695	9	0	44	
MYCO001697	11	0	38	
MYCO001699	40	0	120	
MYCO001701	115	0	36	
MYCO001708	37	0	37	
MYCO001709	10	0	52	
MYCO001711	8	0	43	
MYCO001712	46	0	38	
MYCO001713	312	0	72	
MYCO001821	69	0	117	
MYCO001827	12	0	22	
MYCO001829	76	0	24	
MYCO001830	38	0	75	
MYCO001832	190	0	151	
MYCO001837	168	0	119	
MYCO001842	142	0	86	
MYCO001843	169	0	88	
MYCO001844	94	0	100	
MYCO001854	81	0	74	
MYCO001886	132	0	59	
MYCO001894	303	0	72	
MYCO001981	27	0	31	
MYCO002050	8	0	13	
MYCO002089	521	0	67	
MYCO002090	6749	0	13	
MYCO002092	823	0	147	
MYCO002093	77	0	43	
MYCO002096	50	0	62	
MYCO002097	157	0	54	
MYCO002109	27	0	39	
MYCO002110	79	0	43	
MYCO002111	191	0	11	
MYCO002112	2975	0	64	
MYCO002115	67	0	92	
MYCO002118	33	0	30	
MYCO002119	45	0	55	
MYCO002121	94	0	36	
MYCO002122	7	0	22	
MYCO002125	63	0	41	
MYCO002130	859	0	45	
MYCO002134	36	0	29	
MYCO002139	148	0	52	
MYCO002140	3	0	29	
MYCO002141	115	0	72	
MYCO002145	105	0	34	
MYCO002150	417	0	35	
MYCO002151	475	0	35	
MYCO002153	1314	0	73	
MYCO002154	1437	0	49	
MYCO002155	1137	0	106	
MYCO002156	34	0	58	
MYCO002157	2998	0	58	
MYCO002163	307	0	89	
MYCO002166	26	0	16	
MYCO002170	823	0	37	
MYCO002176	178	0	63	
MYCO002178	41	0	41	
MYCO002179	133	0	21	
MYCO002182	51	0	34	
MYCO002186	7	0	18	
MYCO002187	1944	0	82	
MYCO002188	72	0	66	
MYCO002192	216	0	54	
MYCO002193	12	0	27	
MYCO002194	63	0	43	
MYCO002195	35	0	58	
MYCO002196	34	0	85	
MYCO002199	5	0	24	
MYCO002200	44	0	57	
MYCO002201	300	0	86	
MYCO002202	310	0	50	
MYCO002210	141	0	60	
MYCO002211	196	0	65	
MYCO002213	364	0	91	
MYCO002216	64	0	63	
MYCO002217	375	0	43	
MYCO002218	292	0	58	
MYCO002219	227	0	42	
MYCO002220	48	0	70	
MYCO002221	1506	0	119	
MYCO002222	77	0	61	
MYCO002225	222	0	50	
MYCO002228	100	0	57	
MYCO002230	457	0	58	
MYCO002235	123	0	53	
MYCO002239	5	0	24	
MYCO002241	850	0	88	
MYCO002242	318	0	47	
MYCO002243	732	0	47	
MYCO002244	8	0	12	
MYCO002245	125	0	55	
MYCO002246	85	0	52	
MYCO002247	293	0	58	
MYCO002257	75	0	47	
MYCO002259	352	0	54	
MYCO002315	1169	0	79	
MYCO002343	345	0	87	
MYCO002344	1042	0	54	
MYCO002357	22	0	43	
MYCO002361	23	0	32	
MYCO002362	191	0	33	
MYCO002364	18	0	48	
MYCO002366	27	0	75	
MYCO002367	14	0	20	
MYCO002368	68	0	56	
MYCO002373	107	0	58	
MYCO002374	225	0	62	
MYCO002399	95	0	49	
MYCO002400	75	0	64	
MYCO002402	116	0	121	
MYCO002404	55	0	103	
MYCO002409	28	0	36	
MYCO002410	14	0	33	
MYCO002411	172	0	85	
MYCO002413	256	0	42	
MYCO002420	302	0	28	
MYCO002421	6	0	20	
MYCO002425	565	0	55	
MYCO002426	1952	0	54	
MYCO002427	613	0	61	
MYCO002439	1052	0	41	
MYCO002440	166	0	81	
MYCO002445	46	0	18	
MYCO002447	126	0	80	
MYCO002448	293	0	121	
MYCO002454	48	0	59	
MYCO002455	116	0	86	
MYCO002457	45	0	41	
MYCO002460	9	0	21	
MYCO002461	13	0	30	
MYCO002462	434	0	58	
MYCO002465	107	0	23	
MYCO002466	65	0	31	
MYCO002467	158	0	124	
MYCO002470	15	0	27	
MYCO002477	41	0	75	
MYCO002500	19	0	61	
MYCO002502	88	0	82	
MYCO002509	22	0	52	
MYCO002511	26	0	27	
MYCO002518	817	0	53	
MYCO002521	5	0	30	
MYCO002523	66	0	14	
MYCO002524	1993	0	335	
MYCO002533	34	0	25	
MYCO002534	10	0	29	
MYCO002538	371	0	58	
MYCO002540	1494	0	65	
MYCO002555	133	0	98	
MYCO002559	601	0	58	
MYCO002568	88	0	50	
MYCO002572	245	0	82	
MYCO002575	109	0	49	
MYCO002580	325	0	49	
MYCO002582	54	0	42	
MYCO002583	186	0	101	
MYCO002587	1035	0	92	
MYCO002589	228	0	66	
MYCO002592	295	0	41	
MYCO002593	152	0	34	
MYCO002594	5	0	21	
MYCO002603	17	0	36	
MYCO002606	70	0	40	
MYCO002610	172	0	54	
MYCO002611	137	0	61	
MYCO002612	13	0	36	
MYCO002613	15	0	19	
MYCO002614	121	0	74	
MYCO002670	41	0	50	
MYCO002673	789	1764	55	
MYCO002676	39	0	28	
MYCO002678	614	0	52	
MYCO002682	155	0	76	
MYCO002696	180	0	48	
MYCO002697	18	0	21	
MYCO002699	0	0	13	
MYCO002702	17	0	52	
MYCO002703	233	0	61	
MYCO002708	7	0	19	
MYCO002710	124	0	46	
MYCO002711	50	0	35	
MYCO002714	50	0	46	
MYCO002715	898	0	70	
MYCO002720	27	0	52	
MYCO002724	72	0	81	
MYCO002725	177	0	76	
MYCO002726	95	0	42	
MYCO002727	353	0	54	
MYCO002731	769	0	59	
MYCO002733	1571	0	70	
MYCO002744	205	0	42	
MYCO002748	650	0	131	
MYCO002750	132	0	42	
MYCO002753	20	0	55	
MYCO002754	65	0	37	
MYCO002764	128	0	60	
MYCO002773	37	0	41	
MYCO002782	516	0	69	
MYCO002783	228	0	90	
MYCO002788	754	0	23	
MYCO002794	41	0	40	
MYCO002795	135	0	53	
MYCO002828	3120	844	55	
MYCO002838	131	0	30	
MYCO002839	2630	0	105	
MYCO002841	41	0	60	
MYCO002846	21	0	61	
MYCO002847	161	0	59	
MYCO002861	35	0	39	
MYCO002864	76	0	66	
MYCO002868	21	0	43	
MYCO002870	157	0	49	
MYCO002882	17	0	32	
MYCO002883	15	0	40	
MYCO002889	141	0	32	
MYCO002894	876	0	38	
MYCO002901	5	0	10	
MYCO002902	386	0	45	
MYCO002915	131	0	61	
MYCO002916	538	0	60	
MYCO002917	1092	0	79	
MYCO002918	418	0	127	
MYCO002919	11	0	18	
MYCO002921	234	0	71	
MYCO002927	38	0	36	
MYCO002965	4	0	17	
MYCO002967	448	0	112	
MYCO002976	114	0	40	
MYCO002981	297	0	63	
MYCO002982	43	0	53	
MYCO002984	97	0	76	
MYCO002988	167	0	52	
MYCO002992	203	0	78	
MYCO002993	16	0	36	
MYCO002995	247	0	54	
MYCO002996	441	0	76	
MYCO003001	33	0	43	
MYCO003003	315	0	79	
MYCO003006	238	0	47	
MYCO003009	36	0	73	
MYCO003010	630	0	46	
MYCO003011	1216	0	63	
MYCO003014	645	0	100	
MYCO003024	311	0	62	
MYCO003025	197	0	61	
MYCO003027	55	0	57	
MYCO003028	873	0	44	
MYCO003029	33	0	33	
MYCO003031	386	0	79	
MYCO003032	690	0	51	
MYCO003034	33	0	39	
MYCO003038	19	0	46	
MYCO003042	127	0	51	
MYCO003043	25	0	64	
MYCO003045	13	0	46	
MYCO003048	28	0	52	
MYCO003049	180	0	86	
MYCO003051	58	0	65	
MYCO003052	30	0	18	
MYCO003053	9	0	9	
MYCO003054	234	0	42	
MYCO003057	30	0	46	
MYCO003085	414	0	50	
MYCO003100	15	0	23	
MYCO003101	40	0	33	
MYCO003102	6	0	34	
MYCO003105	308	0	57	
MYCO003117	105	6	47	
MYCO003118	1380	25	13	
MYCO003139	33	0	79	
MYCO003140	34	0	72	
MYCO003193	105	0	151	
MYCO003194	8	0	40	
MYCO003195	541	0	87	
MYCO003197	44	0	71	
MYCO003198	499	0	89	
MYCO003205	71	0	42	
MYCO003206	45	0	71	
MYCO003207	24	0	44	
MYCO003208	87	0	33	
MYCO003211	532	0	95	
MYCO003213	28	0	51	
MYCO003214	49	0	44	
MYCO003219	9	0	9	
MYCO003220	38	0	61	
MYCO003221	0	0	14	
MYCO003223	6	0	35	
MYCO003228	653	0	50	
MYCO003229	40	0	84	
MYCO003240	733	0	112	
MYCO003241	308	0	36	
MYCO003245	29	0	70	
MYCO003246	19	0	20	
MYCO003248	78	0	88	
MYCO003252	330	0	65	
MYCO003255	186	0	46	
MYCO003257	333	0	59	
MYCO003258	462	0	25	
MYCO003261	26	0	50	
MYCO003262	395	0	64	
MYCO003264	29	0	43	
MYCO003265	174	0	47	
MYCO003267	462	0	52	
MYCO003274	11	0	57	
MYCO003275	218	0	28	
MYCO003276	178	0	62	
MYCO003277	14	0	34	
MYCO003280	56	0	66	
MYCO003285	224	0	68	
MYCO003290	41	0	52	
MYCO003296	2056	0	232	
MYCO003302	132	0	68	
MYCO003303	6842	0	2	
MYCO003304	72	0	18	
MYCO003305	130	0	53	
MYCO003306	419	0	65	
MYCO003313	44	0	33	
MYCO003317	26	0	30	
MYCO003318	361	0	73	
MYCO003319	92	0	45	
MYCO003328	523	0	63	
MYCO003329	78	0	79	
MYCO003330	685	0	66	
MYCO003336	20	0	44	
MYCO003340	35	0	56	
MYCO003341	900	0	59	
MYCO003356	41	0	38	
MYCO003392	68	5270	22	
MYCO003396	125	0	65	
MYCO003409	182	0	73	
MYCO003410	1202	0	54	
MYCO003411	300	0	80	
MYCO003412	15	0	20	
MYCO003417	21	3961	53	
MYCO003418	4	0	12	
MYCO003419	289	0	47	
MYCO003422	8	0	24	
MYCO003432	56	0	61	
MYCO003433	2439	0	53	
MYCO003436	1700	0	73	
MYCO003441	740	0	70	
MYCO003455	322	0	40	
MYCO003457	33	0	56	
MYCO003462	10	0	16	
MYCO003464	22	0	45	
MYCO003490	91	0	79	
MYCO003500	31	0	42	
MYCO003501	51	0	36	
MYCO003504	51	0	65	
MYCO003520	88	0	64	
MYCO003570	25	0	40	
MYCO003571	79	0	52	
MYCO003579	982	0	68	
MYCO003580	137	0	53	
MYCO003583	6	0	24	
MYCO003589	1601	0	49	
MYCO003592	12	0	17	
MYCO003596	530	0	118	
MYCO003598	57	0	58	
MYCO003600	61	0	39	
MYCO003601	54	0	25	
MYCO003609	8	0	18	
MYCO003610	670	0	97	
MYCO003624	19	0	46	
MYCO003628	31	0	29	
MYCO003644	372	0	69	
MYCO003646	1025	0	124	
MYCO003647	103	0	30	
MYCO003648	11	0	34	
MYCO003668	16	0	35	
MYCO003670	351	0	50	
MYCO003674	16	0	36	
MYCO003676	14	0	29	
MYCO003677	94	0	48	
MYCO003679	37	0	63	
MYCO003680	167	0	57	
MYCO003682	234	0	113	
MYCO003683	120	0	57	
MYCO003684	99	0	39	
MYCO003695	53	0	61	
MYCO003696	286	0	110	
MYCO003705	13	0	43	
MYCO003707	200	0	53	
MYCO003708	204	0	51	
MYCO003709	114	0	57	
MYCO003710	2720	0	62	
MYCO003711	69	0	67	
MYCO003712	897	0	58	
MYCO003713	67	0	27	
MYCO003715	9	0	23	
MYCO003717	8	0	41	
MYCO003718	6	0	19	
MYCO003719	40	0	68	
MYCO003720	237	0	73	
MYCO003721	582	0	89	
MYCO003722	29	0	76	
MYCO003765	757	0	53	
MYCO003774	36	0	57	
MYCO003775	106	0	82	
MYCO003777	410	0	55	
MYCO003778	71	0	72	
MYCO003780	644	0	32	
MYCO003781	15	0	36	
MYCO003782	69	0	49	
MYCO003783	66	0	42	
MYCO003790	40	0	75	
MYCO003791	78	0	59	
MYCO003793	1136	0	199	
MYCO003794	368	0	225	
MYCO003795	323	0	306	
MYCO003799	33	0	81	
MYCO003801	73	0	84	
MYCO003802	138	0	55	
MYCO003804	71	0	58	
MYCO003806	25	0	93	
MYCO003808	420	0	87	
MYCO003809	12	0	52	
MYCO003816	503	0	50	
MYCO003834	201	0	68	
MYCO003835	896	0	79	
MYCO003842	175	0	82	
MYCO003847	2592	0	31	
MYCO003849	16	0	22	
MYCO003858	73	0	65	
MYCO003859	690	0	223	
MYCO003907	67	0	110	
MYCO003908	255	0	54	
MYCO003913	126	0	96	
MYCO003915	17	0	99	
MYCO003917	31	0	104	
MYCO003918	19	0	106	
MYCO003920	16	0	55	
MYCO003921	33	0	105	
MYCO013678	5	0	17	
MYCO000002	75	0	101	
MYCO000003	68	0	91	
MYCO000004	23	0	79	
MYCO000007	739	0	129	
MYCO000008	38	0	56	
MYCO000010	27	0	85	
MYCO000012	58	0	87	
MYCO000014	23	0	138	
MYCO000018	415	0	110	
MYCO000020	349	0	163	
MYCO000021	933	0	75	
MYCO000022	90	0	52	
MYCO000023	61	0	70	
MYCO000024	2120	0	67	
MYCO000025	750	0	46	
MYCO000026	230	0	119	
MYCO000027	39	0	22	
MYCO000028	22	0	27	
MYCO000029	517	0	107	
MYCO000030	1335	0	32	
MYCO000031	64	0	21	
MYCO000032	2105	0	147	
MYCO000033	26	0	16	
MYCO000034	16	0	29	
MYCO000035	112	0	160	
MYCO000036	144	0	66	
MYCO000037	92	0	97	
MYCO000039	303	0	33	
MYCO000040	110	0	79	
MYCO000041	617	0	201	
MYCO000042	463	0	89	
MYCO000043	60	0	60	
MYCO000044	849	0	60	
MYCO000045	3057	0	65	
MYCO000048	48	0	82	
MYCO000052	196	28	57	
MYCO000057	29	4107	68	
MYCO000058	108	0	162	
MYCO000059	31	0	59	
MYCO000060	16	0	62	
MYCO000061	1603	0	21	
MYCO000062	380	0	106	
MYCO000063	511	0	132	
MYCO000064	2830	0	180	
MYCO000065	17	0	18	
MYCO000067	24	0	42	
MYCO000069	154	0	89	
MYCO000070	37	4000	56	
MYCO000071	1917	0	76	
MYCO000072	1636	0	61	
MYCO000073	55	2933	59	
MYCO000074	2659	0	76	
MYCO000075	341	0	77	
MYCO000076	22	0	28	
MYCO000077	68	0	64	
MYCO000078	84	0	32	
MYCO000079	109	0	45	
MYCO000080	132	0	50	
MYCO000081	12	0	34	
MYCO000082	1811	0	31	
MYCO000083	2475	0	67	
MYCO000084	57	0	57	
MYCO000085	439	0	50	
MYCO000086	555	0	95	
MYCO000087	486	0	103	
MYCO000088	42	0	54	
MYCO000089	73	0	45	
MYCO000090	97	0	64	
MYCO000091	109	0	45	
MYCO000092	388	0	136	
MYCO000093	201	0	67	
MYCO000094	6663	96	44	
MYCO000095	2949	0	205	
MYCO000096	757	0	107	
MYCO000097	16	0	34	
MYCO000098	13	0	33	
MYCO000099	1938	0	82	
MYCO000100	9	0	9	
MYCO000101	276	0	427	
MYCO000102	163	0	133	
MYCO000103	292	0	141	
MYCO000104	2216	0	95	
MYCO000106	166	0	58	
MYCO000107	6842	0	6	
MYCO000108	22	0	16	
MYCO000109	2181	0	81	
MYCO000110	32	0	46	
MYCO000111	254	0	113	
MYCO000112	53	0	86	
MYCO000113	382	0	63	
MYCO000114	287	0	43	
MYCO000115	904	0	84	
MYCO000116	35	0	56	
MYCO000117	26	0	61	
MYCO000118	236	0	132	
MYCO000119	184	0	99	
MYCO000120	168	0	151	
MYCO000121	228	0	33	
MYCO000122	30	0	23	
MYCO000123	9	0	21	
MYCO000124	6720	0	6	
MYCO000125	392	0	65	
MYCO000126	64	0	116	
MYCO000127	66	0	67	
MYCO000128	65	0	40	
MYCO000130	11	0	48	
MYCO000131	53	0	77	
MYCO000132	294	0	59	
MYCO000133	796	0	50	
MYCO000134	2365	0	39	
MYCO000135	18	0	33	
MYCO000136	700	0	112	
MYCO000137	769	0	37	
MYCO000138	713	0	38	
MYCO000139	69	0	60	
MYCO000140	20	0	25	
MYCO000141	19	0	31	
MYCO000142	1069	0	69	
MYCO000143	405	0	107	
MYCO000144	460	0	48	
MYCO000145	325	0	74	
MYCO000146	1141	0	68	
MYCO000147	242	0	121	
MYCO000148	71	0	46	
MYCO000149	1232	0	58	
MYCO000150	53	0	23	
MYCO000151	498	0	130	
MYCO000152	155	0	124	
MYCO000153	126	0	50	
MYCO000154	79	0	61	
MYCO000155	199	0	59	
MYCO000156	8	0	19	
MYCO000157	518	0	74	
MYCO000158	19	0	40	
MYCO000159	558	0	106	
MYCO000160	67	0	112	
MYCO000161	206	0	92	
MYCO000162	379	0	77	
MYCO000163	9	0	38	
MYCO000164	16	0	28	
MYCO000165	3414	0	19	
MYCO000166	120	0	109	
MYCO000167	15	3462	31	
MYCO000168	100	0	63	
MYCO000169	194	0	99	
MYCO000170	17	0	49	
MYCO000171	1795	0	96	
MYCO000172	286	0	107	
MYCO000173	20	0	63	
MYCO000174	125	0	95	
MYCO000175	104	0	63	
MYCO000176	275	0	65	
MYCO000177	3	0	28	
MYCO000178	41	0	48	
MYCO000179	408	0	75	
MYCO000180	830	0	95	
MYCO000181	17	0	41	
MYCO000182	508	0	84	
MYCO000185	142	0	24	
MYCO000186	377	0	126	
MYCO000187	128	0	53	
MYCO000188	29	0	31	
MYCO000190	2	0	16	
MYCO000191	696	0	70	
MYCO000192	1593	0	59	
MYCO000193	64	0	136	
MYCO000194	537	0	235	
MYCO000195	1092	0	38	
MYCO000196	108	0	29	
MYCO000197	6901	0	3	
MYCO000199	11	0	34	
MYCO000200	108	0	35	
MYCO000201	529	0	27	
MYCO000202	254	0	162	
MYCO000203	297	0	25	
MYCO000205	876	0	53	
MYCO000206	440	0	138	
MYCO000208	43	0	35	
MYCO000209	521	0	70	
MYCO000210	619	0	77	
MYCO000212	89	0	62	
MYCO000213	41	0	77	
MYCO000214	109	0	107	
MYCO000215	820	0	54	
MYCO000216	100	0	55	
MYCO000217	618	0	61	
MYCO000218	2032	0	66	
MYCO000219	11	0	42	
MYCO000220	279	0	75	
MYCO000221	770	0	69	
MYCO000222	158	0	47	
MYCO000224	85	0	31	
MYCO000226	430	0	97	
MYCO000229	42	0	45	
MYCO000230	30	0	74	
MYCO000231	95	0	102	
MYCO000232	47	0	49	
MYCO000233	717	0	50	
MYCO000234	372	0	81	
MYCO000235	108	0	123	
MYCO000239	20	0	22	
MYCO000240	16	0	30	
MYCO000245	37	0	38	
MYCO000246	311	0	80	
MYCO000249	36	0	42	
MYCO000250	11	0	20	
MYCO000251	13	0	44	
MYCO000252	121	0	177	
MYCO000253	42	0	20	
MYCO000254	95	0	27	
MYCO000255	620	0	99	
MYCO000256	1883	0	100	
MYCO000257	884	0	36	
MYCO000258	74	0	31	
MYCO000259	14	0	48	
MYCO000260	108	0	79	
MYCO000261	96	0	104	
MYCO000262	34	0	34	
MYCO000263	624	0	51	
MYCO000264	140	0	43	
MYCO000265	39	0	73	
MYCO000266	1728	0	179	
MYCO000267	753	0	72	
MYCO000268	70	0	37	
MYCO000269	148	0	69	
MYCO000271	242	0	132	
MYCO000272	127	0	86	
MYCO000273	110	0	42	
MYCO000275	676	0	63	
MYCO000276	321	1934	60	
MYCO000277	215	2912	89	
MYCO000278	6890	0	6	
MYCO000279	6530	0	98	
MYCO000280	2960	0	92	
MYCO000281	353	0	54	
MYCO000282	94	0	100	
MYCO000283	592	0	90	
MYCO000284	1252	0	207	
MYCO000285	243	0	14	
MYCO000286	1989	0	87	
MYCO000287	30	25	16	
MYCO000288	3	0	30	
MYCO000289	154	0	76	
MYCO000290	1103	0	104	
MYCO000291	923	0	82	
MYCO000292	69	0	60	
MYCO000293	206	0	88	
MYCO000294	179	0	58	
MYCO000295	29	0	41	
MYCO000296	111	0	75	
MYCO000297	3612	0	123	
MYCO000298	13	0	18	
MYCO000299	11	0	26	
MYCO000300	8	0	11	
MYCO000301	8	0	29	
MYCO000302	112	0	43	
MYCO000303	80	0	67	
MYCO000304	947	0	477	
MYCO000305	6800	0	15	
MYCO000306	27	0	38	
MYCO000307	34	0	32	
MYCO000308	13	0	49	
MYCO000309	39	0	31	
MYCO000310	5	0	23	
MYCO000311	50	0	79	
MYCO000312	588	0	93	
MYCO000313	8	0	27	
MYCO000314	250	0	49	
MYCO000315	1633	0	46	
MYCO000316	663	0	37	
MYCO000317	99	0	56	
MYCO000318	43	0	47	
MYCO000319	92	0	44	
MYCO000320	24	0	39	
MYCO000323	715	0	48	
MYCO000324	41	0	38	
MYCO000325	3343	0	7	
MYCO000326	320	0	27	
MYCO000327	386	0	78	
MYCO000328	15	0	30	
MYCO000329	195	0	48	
MYCO000330	53	0	52	
MYCO000331	372	0	93	
MYCO000332	74	0	51	
MYCO000333	8	0	24	
MYCO000335	982	0	32	
MYCO000336	5970	777	29	
MYCO000338	1291	0	120	
MYCO000339	982	0	145	
MYCO000340	25	0	41	
MYCO000341	2103	0	68	
MYCO000342	244	0	95	
MYCO000343	288	0	93	
MYCO000344	37	0	29	
MYCO000345	14	0	32	
MYCO000346	317	0	71	
MYCO000347	14	29	35	
MYCO000348	12	0	25	
MYCO000349	33	0	40	
MYCO000351	179	0	35	
MYCO000353	10	0	26	
MYCO000354	6900	0	1	
MYCO000355	4207	0	443	
MYCO000356	595	0	50	
MYCO000358	1854	0	37	
MYCO000359	95	0	49	
MYCO000361	19	0	42	
MYCO000362	48	0	95	
MYCO000363	62	0	57	
MYCO000364	22	0	39	
MYCO000365	198	0	69	
MYCO000366	113	0	40	
MYCO000367	54	0	20	
MYCO000368	316	0	81	
MYCO000369	18	0	30	
MYCO000370	63	0	81	
MYCO000371	52	0	27	
MYCO000372	213	0	54	
MYCO000373	269	0	170	
MYCO000374	28	0	35	
MYCO000375	731	0	42	
MYCO000376	548	0	69	
MYCO000377	497	0	68	
MYCO000378	938	0	15	
MYCO000379	19	0	17	
MYCO000380	117	0	32	
MYCO000381	93	0	46	
MYCO000382	45	0	27	
MYCO000385	27	0	53	
MYCO000386	577	0	185	
MYCO000387	2498	0	31	
MYCO000388	6897	0	4	
MYCO000389	849	0	84	
MYCO000390	10	0	25	
MYCO000391	137	0	55	
MYCO000392	420	0	90	
MYCO000393	2152	0	122	
MYCO000394	84	0	44	
MYCO000395	1076	0	16	
MYCO000396	50	0	25	
MYCO000397	1059	2306	86	
MYCO000398	454	0	33	
MYCO000399	124	0	86	
MYCO000400	178	0	68	
MYCO000401	339	0	29	
MYCO000402	1173	0	147	
MYCO000403	1572	0	23	
MYCO000404	206	0	165	
MYCO000405	3327	0	193	
MYCO000406	96	0	48	
MYCO000408	45	0	119	
MYCO000409	48	0	60	
MYCO000412	49	0	73	
MYCO000413	211	0	32	
MYCO000416	2	0	9	
MYCO000418	63	0	86	
MYCO000419	144	0	94	
MYCO000420	7	0	42	
MYCO000421	45	0	42	
MYCO000422	36	0	42	
MYCO000424	4	0	19	
MYCO000425	1599	0	219	
MYCO000426	121	0	32	
MYCO000427	87	0	56	
MYCO000428	349	0	49	
MYCO000430	101	0	11	
MYCO000431	35	0	23	
MYCO000434	75	0	37	
MYCO000435	460	0	126	
MYCO000436	480	0	45	
MYCO000437	384	0	27	
MYCO000438	120	0	76	
MYCO000441	409	0	25	
MYCO000442	204	0	102	
MYCO000443	251	0	27	
MYCO000444	1030	0	42	
MYCO000445	25	0	25	
MYCO000446	1415	0	39	
MYCO000447	281	0	75	
MYCO000448	123	0	34	
MYCO000449	104	0	57	
MYCO000450	101	0	138	
MYCO000451	16	0	32	
MYCO000452	18	0	33	
MYCO000453	1783	0	58	
MYCO000454	25	0	24	
MYCO000455	4	0	26	
MYCO000456	85	0	60	
MYCO000457	814	0	99	
MYCO000458	506	0	99	
MYCO000459	199	0	44	
MYCO000460	7	0	14	
MYCO000461	74	0	40	
MYCO000463	116	0	14	
MYCO000464	7	0	27	
MYCO000469	118	0	67	
MYCO000470	54	0	36	
MYCO000471	136	0	40	
MYCO000473	52	0	66	
MYCO000474	12	0	23	
MYCO000476	18	0	14	
MYCO000477	95	0	24	
MYCO000478	43	0	42	
MYCO000479	685	0	40	
MYCO000480	224	0	46	
MYCO000481	37	0	31	
MYCO000482	67	0	48	
MYCO000485	123	0	64	
MYCO000487	210	0	44	
MYCO000488	37	0	35	
MYCO000492	897	0	110	
MYCO000493	275	0	67	
MYCO000494	184	0	42	
MYCO000497	831	0	46	
MYCO000499	176	0	45	
MYCO000500	565	0	40	
MYCO000503	14	0	37	
MYCO000504	8	0	21	
MYCO000506	39	0	13	
MYCO000507	555	0	210	
MYCO000508	0	0	14	
MYCO000511	1092	0	76	
MYCO000513	112	0	23	
MYCO000514	57	0	30	
MYCO000515	5970	475	28	
MYCO000516	35	0	24	
MYCO000517	162	0	78	
MYCO000518	37	0	39	
MYCO000519	811	0	47	
MYCO000520	73	0	19	
MYCO000521	9	0	20	
MYCO000522	44	0	57	
MYCO000523	322	0	24	
MYCO000525	663	0	45	
MYCO000526	96	0	39	
MYCO000530	555	0	91	
MYCO000531	893	0	18	
MYCO000532	6483	0	18	
MYCO000533	152	0	46	
MYCO000534	281	0	59	
MYCO000535	113	0	45	
MYCO000536	1052	0	49	
MYCO000537	517	0	91	
MYCO000538	1671	0	140	
MYCO000539	2731	0	26	
MYCO000540	586	0	30	
MYCO000541	247	0	76	
MYCO000542	883	0	60	
MYCO000543	0	0	11	
MYCO000544	630	0	21	
MYCO000545	254	0	67	
MYCO000546	23	0	26	
MYCO000547	412	0	53	
MYCO000549	95	0	27	
MYCO000550	38	0	17	
MYCO000552	1408	0	84	
MYCO000554	447	0	43	
MYCO000556	13	0	26	
MYCO000559	110	0	22	
MYCO000560	39	0	44	
MYCO000561	453	0	50	
MYCO000565	264	0	117	
MYCO000567	122	0	60	
MYCO000568	225	0	77	
MYCO000569	13	0	15	
MYCO000570	384	0	140	
MYCO000571	641	0	68	
MYCO000572	29	0	25	
MYCO000573	424	0	81	
MYCO000574	351	0	62	
MYCO000575	454	0	70	
MYCO000576	555	0	79	
MYCO000577	564	0	53	
MYCO000578	5219	0	149	
MYCO000579	336	0	52	
MYCO000580	45	0	31	
MYCO000581	225	0	18	
MYCO000582	29	0	19	
MYCO000583	179	0	46	
MYCO000584	88	0	167	
MYCO000585	239	0	135	
MYCO000586	30	2142	43	
MYCO000587	210	0	65	
MYCO000588	287	0	58	
MYCO000589	94	0	83	
MYCO000590	3354	0	33	
MYCO000591	534	0	101	
MYCO000592	1221	0	67	
MYCO000593	86	0	68	
MYCO000594	368	0	116	
MYCO000595	46	0	29	
MYCO000596	52	0	13	
MYCO000597	27	0	65	
MYCO000598	27	0	25	
MYCO000599	13	3845	17	
MYCO000600	348	0	28	
MYCO000601	315	0	43	
MYCO000602	842	0	49	
MYCO000603	1283	0	17	
MYCO000604	350	0	64	
MYCO000605	47	0	31	
MYCO000606	140	0	46	
MYCO000607	17	0	21	
MYCO000608	4	0	11	
MYCO000609	42	0	33	
MYCO000610	822	0	53	
MYCO000611	16	0	28	
MYCO000612	888	0	36	
MYCO000613	1836	0	124	
MYCO000614	242	0	58	
MYCO000615	99	0	14	
MYCO000616	48	0	27	
MYCO000617	21	0	26	
MYCO000618	902	0	36	
MYCO000619	6904	0	0	
MYCO000620	1810	0	68	
MYCO000621	934	0	52	
MYCO000622	26	0	54	
MYCO000623	18	0	15	
MYCO000624	19	0	28	
MYCO000625	488	0	43	
MYCO000626	46	0	15	
MYCO000627	50	0	22	
MYCO000628	585	3204	59	
MYCO000629	1190	0	96	
MYCO000630	1831	0	143	
MYCO000631	1850	0	144	
MYCO000632	10	0	33	
MYCO000633	52	0	57	
MYCO000634	16	0	34	
MYCO000635	14	0	29	
MYCO000637	8	0	38	
MYCO000638	103	0	34	
MYCO000642	42	0	51	
MYCO000643	174	0	52	
MYCO000644	11	24	40	
MYCO000645	8	0	38	
MYCO000646	111	0	52	
MYCO000648	2322	0	161	
MYCO000649	2644	0	40	
MYCO000650	1924	0	47	
MYCO000653	39	0	35	
MYCO000654	735	0	86	
MYCO000656	40	0	27	
MYCO000657	5	0	7	
MYCO000658	43	0	48	
MYCO000659	18	0	22	
MYCO000660	84	0	19	
MYCO000661	92	0	24	
MYCO000662	110	0	13	
MYCO000663	557	0	151	
MYCO000664	8	0	17	
MYCO000665	76	0	20	
MYCO000666	7	0	16	
MYCO000669	673	0	109	
MYCO000670	1186	0	30	
MYCO000671	141	0	50	
MYCO000673	918	0	53	
MYCO000674	90	0	33	
MYCO000675	319	0	42	
MYCO000676	33	3071	110	
MYCO000677	14	0	26	
MYCO000678	31	0	35	
MYCO000679	98	0	32	
MYCO000680	18	0	22	
MYCO000681	15	0	42	
MYCO000686	1030	0	41	
MYCO000687	92	0	37	
MYCO000688	70	0	59	
MYCO000689	323	0	17	
MYCO000690	91	0	44	
MYCO000691	4	0	40	
MYCO000692	10	0	19	
MYCO000694	390	0	52	
MYCO000695	91	0	37	
MYCO000697	31	0	75	
MYCO000698	1278	0	33	
MYCO000699	3	0	11	
MYCO000711	490	0	112	
MYCO000712	28	0	37	
MYCO000713	30	0	68	
MYCO000724	658	0	104	
MYCO000725	84	0	44	
MYCO000726	175	0	70	
MYCO000727	432	0	45	
MYCO000728	192	0	61	
MYCO000729	999	0	80	
MYCO000730	211	0	39	
MYCO000731	563	0	51	
MYCO000735	21	0	35	
MYCO000736	156	0	48	
MYCO000737	31	0	24	
MYCO000738	852	0	33	
MYCO000739	3417	0	25	
MYCO000740	1699	0	43	
MYCO000741	35	837	24	
MYCO000742	6904	0	0	
MYCO000743	24	0	28	
MYCO000744	330	0	32	
MYCO000745	914	0	37	
MYCO000746	6267	0	32	
MYCO000747	6238	0	48	
MYCO000748	688	0	27	
MYCO000749	215	3304	62	
MYCO000750	1574	2569	28	
MYCO000751	245	0	46	
MYCO000752	181	0	68	
MYCO000753	346	0	78	
MYCO000754	1882	0	85	
MYCO000755	867	0	140	
MYCO000756	183	0	40	
MYCO000759	2	0	14	
MYCO000760	220	0	26	
MYCO000761	59	0	41	
MYCO000762	25	0	30	
MYCO000763	13	0	12	
MYCO000764	45	0	66	
MYCO000765	153	0	48	
MYCO000766	1640	0	63	
MYCO000767	519	0	42	
MYCO000768	77	0	87	
MYCO000769	15	0	44	
MYCO000770	414	0	46	
MYCO000771	92	0	30	
MYCO000773	132	0	94	
MYCO000774	290	0	57	
MYCO000775	123	0	44	
MYCO000776	287	0	40	
MYCO000778	372	0	66	
MYCO000779	2173	0	33	
MYCO000781	6751	0	2	
MYCO000783	61	0	107	
MYCO000784	200	0	42	
MYCO000785	211	0	76	
MYCO000786	255	0	27	
MYCO000787	996	0	54	
MYCO000789	18	0	29	
MYCO000790	46	0	50	
MYCO000791	174	0	65	
MYCO000792	41	0	49	
MYCO000793	20	0	16	
MYCO000794	107	0	78	
MYCO000795	843	2	21	
MYCO000796	6904	0	0	
MYCO000797	6797	0	13	
MYCO000798	34	0	37	
MYCO000799	12	0	38	
MYCO000800	90	0	79	
MYCO000801	14	0	23	
MYCO000802	155	0	51	
MYCO000804	1197	0	29	
MYCO000805	23	0	65	
MYCO000806	32	0	75	
MYCO000807	28	0	14	
MYCO000811	446	0	54	
MYCO000812	35	0	45	
MYCO000813	517	0	45	
MYCO000816	14	0	31	
MYCO000817	12	0	40	
MYCO000818	158	0	35	
MYCO000819	102	0	56	
MYCO000822	1214	0	98	
MYCO000825	74	0	61	
MYCO000826	409	0	49	
MYCO000827	520	0	28	
MYCO000828	142	0	35	
MYCO000829	183	2187	40	
MYCO000830	38	0	61	
MYCO000831	49	0	42	
MYCO000832	1638	0	20	
MYCO000833	5533	0	79	
MYCO000834	4148	0	106	
MYCO000835	511	0	63	
MYCO000836	3444	0	18	
MYCO000837	245	0	62	
MYCO000838	85	0	44	
MYCO000839	105	0	34	
MYCO000840	125	0	43	
MYCO000841	76	0	23	
MYCO000842	336	0	79	
MYCO000843	41	0	66	
MYCO000844	187	0	50	
MYCO000845	83	0	75	
MYCO000846	300	0	76	
MYCO000847	874	0	19	
MYCO000848	112	0	74	
MYCO000849	899	0	83	
MYCO000850	37	0	20	
MYCO000851	521	0	39	
MYCO000852	47	0	55	
MYCO000853	261	0	91	
MYCO000854	17	0	32	
MYCO000855	185	0	61	
MYCO000856	15	0	29	
MYCO000857	30	0	24	
MYCO000858	384	0	83	
MYCO000862	609	0	135	
MYCO000863	14	0	13	
MYCO000864	35	0	29	
MYCO000865	55	0	19	
MYCO000866	517	0	30	
MYCO000867	3438	0	99	
MYCO000868	42	0	17	
MYCO000869	501	0	68	
MYCO000870	27	0	24	
MYCO000872	3129	0	99	
MYCO000873	91	0	109	
MYCO000874	586	3287	55	
MYCO000875	35	0	25	
MYCO000877	47	0	37	
MYCO000878	5024	0	51	
MYCO000879	169	0	25	
MYCO000880	91	0	24	
MYCO000881	41	0	45	
MYCO000882	65	0	23	
MYCO000883	238	0	34	
MYCO000887	25	0	19	
MYCO000888	1592	0	79	
MYCO000890	261	0	169	
MYCO000891	201	0	47	
MYCO000892	56	0	102	
MYCO000893	62	0	76	
MYCO000894	94	0	76	
MYCO000895	205	0	77	
MYCO000897	1439	0	90	
MYCO000898	9	0	15	
MYCO000899	29	0	43	
MYCO000900	21	0	8	
MYCO000901	370	0	35	
MYCO000904	1069	0	69	
MYCO000905	50	0	41	
MYCO000907	6900	0	1	
MYCO000908	42	0	123	
MYCO000909	59	0	16	
MYCO000910	28	0	31	
MYCO000911	396	0	50	
MYCO000912	14	0	27	
MYCO000913	184	0	90	
MYCO000914	245	0	90	
MYCO000915	1105	0	65	
MYCO000916	25	0	24	
MYCO000917	171	0	80	
MYCO000918	80	0	35	
MYCO000919	8	0	30	
MYCO000920	74	0	83	
MYCO000921	49	0	37	
MYCO000922	225	0	108	
MYCO000923	43	0	76	
MYCO000924	570	0	62	
MYCO000925	103	0	42	
MYCO000928	88	0	49	
MYCO000930	103	0	12	
MYCO000931	293	0	128	
MYCO000932	87	0	81	
MYCO000933	71	0	53	
MYCO000934	849	0	63	
MYCO000935	103	0	60	
MYCO000936	131	0	48	
MYCO000937	9	0	35	
MYCO000938	52	0	117	
MYCO000939	170	0	114	
MYCO000940	18	0	51	
MYCO000941	37	0	43	
MYCO000942	36	0	18	
MYCO000943	84	0	67	
MYCO000944	101	0	35	
MYCO000945	184	0	59	
MYCO000947	19	0	18	
MYCO000948	4	0	19	
MYCO000950	267	0	58	
MYCO000954	162	0	68	
MYCO000955	1473	0	59	
MYCO000956	640	0	31	
MYCO000958	868	0	73	
MYCO000959	1205	0	111	
MYCO000960	54	0	21	
MYCO000961	58	4274	23	
MYCO000962	369	0	33	
MYCO000963	432	0	57	
MYCO000964	43	0	27	
MYCO000965	14	0	36	
MYCO000966	742	0	31	
MYCO000967	44	0	17	
MYCO000968	69	0	21	
MYCO000969	1642	0	116	
MYCO000970	14	0	37	
MYCO000971	717	0	40	
MYCO000972	93	0	76	
MYCO000973	448	0	136	
MYCO000974	282	0	114	
MYCO000975	646	0	62	
MYCO000976	837	0	94	
MYCO000977	4139	0	108	
MYCO000978	6417	0	78	
MYCO000979	31	0	17	
MYCO000980	6655	0	68	
MYCO000982	282	0	74	
MYCO000984	63	0	20	
MYCO000985	25	0	38	
MYCO000986	220	0	62	
MYCO000987	331	0	239	
MYCO000988	148	0	114	
MYCO000989	79	0	83	
MYCO000990	219	0	47	
MYCO000991	9	0	21	
MYCO000992	345	0	41	
MYCO000996	33	0	59	
MYCO000997	10	0	28	
MYCO000998	220	0	53	
MYCO000999	71	0	42	
MYCO001000	59	0	30	
MYCO001003	359	0	57	
MYCO001004	2665	0	79	
MYCO001005	1783	0	35	
MYCO001006	145	0	87	
MYCO001012	799	0	14	
MYCO001016	42	0	28	
MYCO001019	7	0	24	
MYCO001021	47	0	44	
MYCO001024	544	0	32	
MYCO001025	93	0	25	
MYCO001027	56	0	47	
MYCO001028	1839	0	121	
MYCO001029	79	0	104	
MYCO001030	75	0	130	
MYCO001031	116	0	34	
MYCO001032	124	0	91	
MYCO001033	58	0	32	
MYCO001034	869	0	21	
MYCO001035	1087	0	36	
MYCO001036	156	0	22	
MYCO001037	615	3232	143	
MYCO001038	3885	727	120	
MYCO001039	1446	0	63	
MYCO001040	712	0	46	
MYCO001041	259	41	61	
MYCO001042	73	4	34	
MYCO001043	34	0	58	
MYCO001044	11	0	24	
MYCO001045	1417	0	38	
MYCO001046	6900	0	1	
MYCO001047	6720	54	9	
MYCO001048	31	0	90	
MYCO001049	35	0	34	
MYCO001050	300	0	44	
MYCO001051	58	0	58	
MYCO001052	72	0	23	
MYCO001053	31	0	17	
MYCO001054	15	0	19	
MYCO001055	2	0	9	
MYCO001056	55	221	40	
MYCO001057	54	0	81	
MYCO001058	186	0	69	
MYCO001059	115	0	70	
MYCO001060	47	0	26	
MYCO001061	37	0	44	
MYCO001062	428	0	42	
MYCO001063	124	0	63	
MYCO001064	465	0	27	
MYCO001065	127	0	39	
MYCO001066	757	0	18	
MYCO001067	6854	0	22	
MYCO001068	6702	0	21	
MYCO001069	169	0	107	
MYCO001073	143	0	63	
MYCO001074	149	0	57	
MYCO001075	221	0	72	
MYCO001076	75	0	69	
MYCO001078	1640	0	32	
MYCO001081	97	0	20	
MYCO001083	20	0	12	
MYCO001084	2424	0	76	
MYCO001085	54	0	32	
MYCO001087	5759	0	115	
MYCO001088	580	0	31	
MYCO001089	6904	0	0	
MYCO001090	61	0	32	
MYCO001091	6277	0	93	
MYCO001093	85	0	58	
MYCO001096	88	0	56	
MYCO001097	38	0	55	
MYCO001100	48	0	43	
MYCO001101	187	0	56	
MYCO001102	33	0	16	
MYCO001103	17	0	17	
MYCO001104	22	0	43	
MYCO001105	66	0	27	
MYCO001106	140	0	43	
MYCO001107	1	0	12	
MYCO001109	20	0	32	
MYCO001111	66	0	44	
MYCO001113	14	0	8	
MYCO001114	13	0	22	
MYCO001115	129	0	53	
MYCO001116	28	0	10	
MYCO001117	9	0	16	
MYCO001118	371	0	43	
MYCO001119	31	0	9	
MYCO001120	35	0	35	
MYCO001121	133	0	87	
MYCO001122	649	0	51	
MYCO001123	99	0	57	
MYCO001124	153	0	49	
MYCO001125	810	0	72	
MYCO001126	34	0	31	
MYCO001127	40	0	82	
MYCO001128	2310	0	72	
MYCO001129	47	0	127	
MYCO001130	91	0	88	
MYCO001131	22	0	61	
MYCO001132	1157	0	100	
MYCO001133	909	0	83	
MYCO001134	485	0	17	
MYCO001135	2133	0	110	
MYCO001136	8	0	23	
MYCO001137	37	0	15	
MYCO001138	83	0	52	
MYCO001139	501	0	38	
MYCO001140	20	0	37	
MYCO001141	79	3506	32	
MYCO001142	79	3928	28	
MYCO001143	94	0	47	
MYCO001144	96	0	44	
MYCO001145	3390	0	25	
MYCO001146	57	0	68	
MYCO001147	50	0	37	
MYCO001148	6674	58	40	
MYCO001149	73	2	34	
MYCO001150	6904	0	0	
MYCO001151	63	0	32	
MYCO001152	43	0	23	
MYCO001153	127	0	53	
MYCO001154	19	0	42	
MYCO001155	45	0	29	
MYCO001156	51	0	37	
MYCO001157	2834	0	48	
MYCO001158	1470	0	41	
MYCO001159	24	0	67	
MYCO001160	99	0	22	
MYCO001161	188	0	171	
MYCO001162	97	0	85	
MYCO001163	83	0	26	
MYCO001164	35	0	40	
MYCO001166	292	0	73	
MYCO001167	50	0	23	
MYCO001168	984	0	69	
MYCO001169	21	0	19	
MYCO001170	70	0	48	
MYCO001171	25	0	31	
MYCO001172	916	0	55	
MYCO001174	11	0	25	
MYCO001175	2655	0	111	
MYCO001176	367	0	31	
MYCO001179	1262	0	167	
MYCO001180	6891	0	1	
MYCO001181	392	0	230	
MYCO001182	37	0	50	
MYCO001183	62	0	167	
MYCO001184	44	0	52	
MYCO001185	85	0	77	
MYCO001186	530	0	99	
MYCO001187	702	0	80	
MYCO001188	404	0	63	
MYCO001189	121	0	46	
MYCO001190	888	0	42	
MYCO001191	1186	0	47	
MYCO001192	696	0	36	
MYCO001194	116	0	87	
MYCO001195	38	0	18	
MYCO001196	3411	513	470	
MYCO001197	3884	787	125	
MYCO001198	615	3279	141	
MYCO001199	6720	54	10	
MYCO001200	518	0	75	
MYCO001203	515	0	37	
MYCO001204	500	0	85	
MYCO001205	118	0	35	
MYCO001206	118	0	76	
MYCO001209	95	0	19	
MYCO001210	48	0	20	
MYCO001211	15	0	8	
MYCO001212	84	0	58	
MYCO001214	207	0	23	
MYCO001215	941	0	105	
MYCO001216	118	0	43	
MYCO001217	1084	0	99	
MYCO001218	25	0	67	
MYCO001219	55	0	45	
MYCO001222	17	0	28	
MYCO001224	28	0	29	
MYCO001225	1792	0	49	
MYCO001226	904	0	96	
MYCO001227	44	0	44	
MYCO001228	25	0	43	
MYCO001230	619	0	90	
MYCO001231	203	0	33	
MYCO001232	182	0	81	
MYCO001233	260	0	42	
MYCO001234	57	0	28	
MYCO001235	36	0	58	
MYCO001236	85	0	57	
MYCO001237	25	0	37	
MYCO001240	125	0	56	
MYCO001241	65	0	17	
MYCO001242	61	0	26	
MYCO001243	4542	0	57	
MYCO001244	1021	0	57	
MYCO001246	11	0	20	
MYCO001247	11	0	9	
MYCO001249	128	0	53	
MYCO001250	803	0	90	
MYCO001251	1846	0	117	
MYCO001252	36	0	30	
MYCO001254	653	0	52	
MYCO001255	90	0	42	
MYCO001256	200	0	67	
MYCO001257	80	0	88	
MYCO001258	1674	0	66	
MYCO001259	276	0	43	
MYCO001260	726	0	41	
MYCO001261	38	0	25	
MYCO001262	41	0	30	
MYCO001263	652	0	80	
MYCO001264	211	0	88	
MYCO001265	169	0	30	
MYCO001266	1529	0	107	
MYCO001267	58	0	66	
MYCO001268	431	0	55	
MYCO001269	1391	0	27	
MYCO001270	320	0	39	
MYCO001271	32	0	21	
MYCO001274	677	0	28	
MYCO001275	18	0	37	
MYCO001276	358	0	35	
MYCO001278	1343	0	113	
MYCO001279	115	0	84	
MYCO001280	50	0	95	
MYCO001281	136	0	78	
MYCO001282	5	0	41	
MYCO001283	160	0	39	
MYCO001284	18	0	22	
MYCO001285	33	0	73	
MYCO001286	39	0	107	
MYCO001287	24	0	16	
MYCO001288	2685	0	83	
MYCO001289	23	0	42	
MYCO001290	1060	1474	80	
MYCO001291	27	0	22	
MYCO001296	307	0	49	
MYCO001300	623	0	52	
MYCO001301	24	0	31	
MYCO001303	16	0	24	
MYCO001304	26	0	45	
MYCO001306	20	0	25	
MYCO001307	74	0	75	
MYCO001312	50	0	27	
MYCO001313	3694	70	43	
MYCO001314	83	0	46	
MYCO001316	67	0	36	
MYCO001317	289	0	92	
MYCO001318	319	0	83	
MYCO001319	5180	0	76	
MYCO001320	343	0	108	
MYCO001322	342	0	23	
MYCO001324	705	0	47	
MYCO001325	4428	0	82	
MYCO001329	807	0	106	
MYCO001330	481	0	83	
MYCO001331	23	0	13	
MYCO001332	21	0	37	
MYCO001333	386	0	57	
MYCO001334	182	0	21	
MYCO001335	167	0	20	
MYCO001336	489	0	45	
MYCO001337	8	0	37	
MYCO001339	28	0	45	
MYCO001341	56	0	30	
MYCO001342	14	0	23	
MYCO001343	35	0	37	
MYCO001344	3	0	18	
MYCO001345	82	0	72	
MYCO001346	22	0	42	
MYCO001347	16	0	42	
MYCO001348	473	0	115	
MYCO001349	193	0	72	
MYCO001350	19	0	41	
MYCO001351	34	0	23	
MYCO001352	28	0	35	
MYCO001353	323	0	45	
MYCO001354	391	0	118	
MYCO001355	1072	0	147	
MYCO001356	384	0	54	
MYCO001357	64	0	56	
MYCO001358	1838	0	168	
MYCO001359	92	0	35	
MYCO001360	193	0	43	
MYCO001361	3312	531	495	
MYCO001362	50	0	37	
MYCO001363	572	0	43	
MYCO001364	538	0	99	
MYCO001365	41	0	25	
MYCO001366	420	0	46	
MYCO001367	507	0	70	
MYCO001368	138	0	48	
MYCO001369	6904	0	0	
MYCO001370	843	2	21	
MYCO001371	1683	0	57	
MYCO001372	47	0	81	
MYCO001373	161	0	57	
MYCO001374	10	0	37	
MYCO001375	375	0	88	
MYCO001376	585	0	71	
MYCO001377	17	0	31	
MYCO001378	902	0	84	
MYCO001379	75	0	23	
MYCO001382	214	0	37	
MYCO001386	207	0	26	
MYCO001387	2585	0	72	
MYCO001389	136	0	42	
MYCO001393	189	0	74	
MYCO001394	53	0	86	
MYCO001395	54	0	70	
MYCO001396	4712	0	61	
MYCO001397	24	0	26	
MYCO001398	10	0	17	
MYCO001399	194	0	62	
MYCO001400	215	0	53	
MYCO001401	249	0	43	
MYCO001403	391	0	49	
MYCO001404	15	0	25	
MYCO001405	39	0	53	
MYCO001406	504	0	51	
MYCO001409	870	0	37	
MYCO001411	15	0	44	
MYCO001413	30	0	39	
MYCO001414	22	0	25	
MYCO001417	13	0	34	
MYCO001418	27	0	35	
MYCO001419	24	0	33	
MYCO001422	359	0	47	
MYCO001423	457	0	58	
MYCO001424	87	0	51	
MYCO001425	52	0	75	
MYCO001426	118	0	85	
MYCO001427	325	0	85	
MYCO001428	13	0	50	
MYCO001429	294	0	79	
MYCO001430	796	0	74	
MYCO001431	85	0	120	
MYCO001432	667	0	56	
MYCO001433	15	0	43	
MYCO001434	35	0	10	
MYCO001435	1426	0	43	
MYCO001439	18	1810	24	
MYCO001441	3792	0	121	
MYCO001442	359	0	158	
MYCO001443	52	0	27	
MYCO001444	71	0	32	
MYCO001446	1005	0	63	
MYCO001450	6895	0	5	
MYCO001452	6461	0	110	
MYCO001453	133	0	80	
MYCO001454	57	0	63	
MYCO001455	166	0	59	
MYCO001456	190	0	61	
MYCO001459	584	0	100	
MYCO001460	1066	0	34	
MYCO001461	112	0	134	
MYCO001468	3514	0	50	
MYCO001469	578	0	100	
MYCO001470	19	0	19	
MYCO001471	38	0	19	
MYCO001472	70	0	61	
MYCO001476	6	0	33	
MYCO001477	165	0	66	
MYCO001478	82	0	36	
MYCO001482	64	0	52	
MYCO001486	44	0	48	
MYCO001487	17	0	24	
MYCO001488	90	0	48	
MYCO001489	21	0	22	
MYCO001490	67	0	92	
MYCO001491	15	0	49	
MYCO001492	779	0	92	
MYCO001494	14	0	13	
MYCO001495	16	0	24	
MYCO001496	69	0	51	
MYCO001497	226	0	79	
MYCO001498	93	0	44	
MYCO001499	53	0	24	
MYCO001500	122	0	73	
MYCO001501	77	0	43	
MYCO001502	150	0	71	
MYCO001503	6904	0	0	
MYCO001504	1827	0	23	
MYCO001505	85	0	54	
MYCO001506	184	0	34	
MYCO001507	142	0	48	
MYCO001508	301	188	114	
MYCO001509	588	0	47	
MYCO001510	32	3781	55	
MYCO001511	125	0	65	
MYCO001512	85	0	60	
MYCO001513	96	0	33	
MYCO001514	66	0	43	
MYCO001515	86	0	55	
MYCO001516	391	0	56	
MYCO001517	60	0	37	
MYCO001518	213	0	54	
MYCO001519	1004	0	16	
MYCO001520	1047	0	59	
MYCO001521	222	0	84	
MYCO001522	641	0	186	
MYCO001523	130	0	54	
MYCO001524	765	0	62	
MYCO001525	873	0	46	
MYCO001526	753	0	71	
MYCO001527	1677	0	339	
MYCO001528	59	0	23	
MYCO001529	120	0	107	
MYCO001530	98	0	78	
MYCO001531	29	0	27	
MYCO001532	117	0	28	
MYCO001533	227	0	50	
MYCO001534	40	0	38	
MYCO001535	8	0	14	
MYCO001537	233	0	87	
MYCO001538	493	0	59	
MYCO001539	34	0	33	
MYCO001541	53	0	29	
MYCO001542	30	26	23	
MYCO001543	24	0	56	
MYCO001544	138	0	49	
MYCO001545	37	0	15	
MYCO001546	113	0	38	
MYCO001548	270	0	124	
MYCO001549	6840	0	2	
MYCO001550	829	0	76	
MYCO001551	1670	0	90	
MYCO001552	206	0	108	
MYCO001553	256	0	32	
MYCO001554	17	0	21	
MYCO001555	14	0	21	
MYCO001556	43	0	42	
MYCO001558	40	0	21	
MYCO001560	6	0	9	
MYCO001561	18	0	31	
MYCO001562	736	0	86	
MYCO001563	526	0	128	
MYCO001565	849	0	97	
MYCO001566	305	0	49	
MYCO001567	10	0	29	
MYCO001570	781	0	35	
MYCO001571	668	0	31	
MYCO001572	4866	0	12	
MYCO001573	4411	0	12	
MYCO001574	4596	0	20	
MYCO001575	6898	0	3	
MYCO001576	1331	860	159	
MYCO001577	4201	0	22	
MYCO001578	4217	0	28	
MYCO001579	4175	0	24	
MYCO001580	4219	0	15	
MYCO001581	5105	0	10	
MYCO001582	4210	0	55	
MYCO001583	547	1192	31	
MYCO001584	4412	0	11	
MYCO001585	4694	0	26	
MYCO001586	4352	0	55	
MYCO001587	6836	0	14	
MYCO001588	6648	6	66	
MYCO001590	22	0	13	
MYCO001591	51	0	52	
MYCO001592	37	0	90	
MYCO001596	22	0	34	
MYCO001597	61	0	45	
MYCO001598	73	0	17	
MYCO001602	20	0	36	
MYCO001604	50	0	45	
MYCO001606	33	0	26	
MYCO001607	92	0	39	
MYCO001608	4	0	20	
MYCO001610	823	0	39	
MYCO001613	20	0	50	
MYCO001614	90	0	69	
MYCO001615	10	0	35	
MYCO001616	20	0	24	
MYCO001618	37	0	36	
MYCO001619	352	0	72	
MYCO001620	1072	0	72	
MYCO001621	913	0	75	
MYCO001622	36	0	59	
MYCO001623	18	0	74	
MYCO001624	30	0	43	
MYCO001625	329	0	85	
MYCO001628	104	0	21	
MYCO001631	101	0	62	
MYCO001632	120	0	23	
MYCO001634	116	0	71	
MYCO001635	100	0	81	
MYCO001636	7	0	27	
MYCO001637	405	0	54	
MYCO001639	1399	2141	74	
MYCO001640	167	0	178	
MYCO001644	474	0	50	
MYCO001645	714	0	65	
MYCO001646	639	0	61	
MYCO001647	1767	0	43	
MYCO001648	22	0	52	
MYCO001650	1049	0	145	
MYCO001651	3871	0	147	
MYCO001660	1143	0	61	
MYCO001661	2000	0	326	
MYCO001662	1687	0	304	
MYCO001663	223	0	106	
MYCO001664	570	0	187	
MYCO001665	337	0	71	
MYCO001666	247	0	68	
MYCO001667	110	0	37	
MYCO001668	6748	0	5	
MYCO001669	200	0	18	
MYCO001670	51	0	22	
MYCO001671	17	0	31	
MYCO001672	599	0	78	
MYCO001673	517	0	58	
MYCO001674	558	0	35	
MYCO001675	449	0	48	
MYCO001676	28	0	64	
MYCO001677	31	0	36	
MYCO001678	841	0	59	
MYCO001679	84	0	57	
MYCO001680	101	0	49	
MYCO001681	75	0	58	
MYCO001682	580	0	47	
MYCO001683	1022	0	127	
MYCO001684	55	0	15	
MYCO001685	28	0	35	
MYCO001686	34	0	47	
MYCO001687	37	0	58	
MYCO001688	223	0	44	
MYCO001690	26	0	20	
MYCO001691	390	0	55	
MYCO001692	757	0	44	
MYCO001693	16	0	15	
MYCO001696	61	0	83	
MYCO001698	665	0	37	
MYCO001700	12	0	40	
MYCO001702	761	0	83	
MYCO001703	24	0	31	
MYCO001704	54	0	101	
MYCO001705	1470	0	56	
MYCO001706	536	0	62	
MYCO001707	103	0	88	
MYCO001710	15	0	38	
MYCO001714	886	0	55	
MYCO001715	746	0	57	
MYCO001716	22	0	62	
MYCO001717	1344	0	26	
MYCO001718	139	0	62	
MYCO001719	226	0	65	
MYCO001720	111	0	24	
MYCO001721	9	0	9	
MYCO001722	719	0	92	
MYCO001723	359	0	74	
MYCO001724	112	0	17	
MYCO001725	379	0	50	
MYCO001726	465	0	110	
MYCO001727	92	0	38	
MYCO001728	23	0	43	
MYCO001729	53	0	52	
MYCO001730	1287	0	104	
MYCO001731	505	0	80	
MYCO001732	410	0	22	
MYCO001733	17	0	44	
MYCO001734	13	0	16	
MYCO001735	45	0	35	
MYCO001736	1087	2891	126	
MYCO001737	1112	0	60	
MYCO001738	92	0	27	
MYCO001739	401	0	98	
MYCO001740	14	0	13	
MYCO001741	9	2140	19	
MYCO001742	216	0	46	
MYCO001743	731	0	81	
MYCO001744	1045	0	30	
MYCO001745	54	0	39	
MYCO001746	351	0	87	
MYCO001747	489	0	107	
MYCO001748	35	0	49	
MYCO001749	52	0	39	
MYCO001750	273	0	92	
MYCO001751	178	0	74	
MYCO001752	36	0	34	
MYCO001753	6856	0	25	
MYCO001754	3007	0	59	
MYCO001755	6904	0	0	
MYCO001756	6904	0	0	
MYCO001757	843	2	21	
MYCO001758	4741	0	36	
MYCO001759	6510	0	43	
MYCO001760	3654	0	59	
MYCO001761	3599	0	21	
MYCO001762	3668	0	26	
MYCO001763	843	2	21	
MYCO001764	6904	0	0	
MYCO001765	6896	0	2	
MYCO001766	25	0	11	
MYCO001767	19	0	19	
MYCO001768	3294	0	86	
MYCO001769	426	0	69	
MYCO001770	414	0	83	
MYCO001771	16	0	75	
MYCO001772	21	0	17	
MYCO001773	34	0	42	
MYCO001774	115	0	102	
MYCO001775	1845	0	34	
MYCO001776	49	0	39	
MYCO001777	423	0	91	
MYCO001778	745	0	19	
MYCO001779	616	0	125	
MYCO001780	20	0	28	
MYCO001781	730	0	136	
MYCO001782	168	0	63	
MYCO001783	368	0	145	
MYCO001785	38	0	56	
MYCO001786	3	0	15	
MYCO001787	6047	0	47	
MYCO001788	21	19	26	
MYCO001789	707	0	73	
MYCO001790	2936	0	75	
MYCO001791	29	0	13	
MYCO001792	6904	0	0	
MYCO001793	615	2622	119	
MYCO001794	13	0	49	
MYCO001795	677	0	81	
MYCO001796	324	0	91	
MYCO001797	28	0	83	
MYCO001798	39	0	73	
MYCO001799	578	0	17	
MYCO001800	259	0	126	
MYCO001801	1860	0	92	
MYCO001802	1271	0	74	
MYCO001803	1999	0	95	
MYCO001804	46	0	24	
MYCO001805	9	0	35	
MYCO001806	20	0	22	
MYCO001807	6904	0	0	
MYCO001808	480	0	69	
MYCO001809	316	0	57	
MYCO001810	6	0	21	
MYCO001811	59	0	56	
MYCO001812	339	0	80	
MYCO001813	28	0	29	
MYCO001814	336	0	80	
MYCO001815	982	0	59	
MYCO001816	941	1940	29	
MYCO001817	746	0	94	
MYCO001818	4551	0	71	
MYCO001819	236	0	75	
MYCO001820	228	0	85	
MYCO001822	32	0	38	
MYCO001823	192	0	56	
MYCO001824	28	0	23	
MYCO001825	32	0	50	
MYCO001826	2	0	17	
MYCO001828	30	0	37	
MYCO001831	59	0	16	
MYCO001833	36	0	54	
MYCO001834	64	0	42	
MYCO001835	384	0	116	
MYCO001836	430	0	111	
MYCO001838	21	0	20	
MYCO001839	5	0	10	
MYCO001840	3331	0	82	
MYCO001841	98	0	63	
MYCO001845	1239	0	42	
MYCO001846	56	0	38	
MYCO001847	76	0	38	
MYCO001848	97	0	22	
MYCO001849	6	0	12	
MYCO001850	380	0	95	
MYCO001851	686	0	39	
MYCO001852	134	0	33	
MYCO001853	43	0	36	
MYCO001855	101	0	60	
MYCO001856	960	0	41	
MYCO001857	14	0	38	
MYCO001858	41	0	28	
MYCO001859	118	0	57	
MYCO001860	1059	0	66	
MYCO001861	9	0	25	
MYCO001862	69	0	58	
MYCO001863	52	0	48	
MYCO001864	23	0	42	
MYCO001865	18	0	48	
MYCO001866	151	0	129	
MYCO001867	355	0	92	
MYCO001868	568	0	122	
MYCO001869	253	0	50	
MYCO001870	792	0	37	
MYCO001871	234	0	33	
MYCO001872	62	0	95	
MYCO001873	84	0	33	
MYCO001874	40	0	49	
MYCO001875	43	0	34	
MYCO001876	93	0	32	
MYCO001877	300	0	118	
MYCO001878	482	0	78	
MYCO001879	304	0	59	
MYCO001880	89	0	78	
MYCO001881	75	0	28	
MYCO001882	28	0	47	
MYCO001883	50	0	32	
MYCO001884	26	0	30	
MYCO001885	50	0	51	
MYCO001887	353	0	78	
MYCO001888	5757	0	7	
MYCO001889	43	0	19	
MYCO001890	38	0	37	
MYCO001891	18	0	34	
MYCO001892	35	0	16	
MYCO001893	17	0	17	
MYCO001895	1941	0	41	
MYCO001896	456	0	72	
MYCO001897	58	0	30	
MYCO001898	28	0	19	
MYCO001899	2530	0	63	
MYCO001900	198	0	94	
MYCO001901	242	0	87	
MYCO001902	202	0	75	
MYCO001903	34	0	31	
MYCO001904	24	0	30	
MYCO001905	81	0	62	
MYCO001906	24	0	29	
MYCO001907	4911	0	44	
MYCO001908	240	0	215	
MYCO001909	29	0	36	
MYCO001910	221	0	43	
MYCO001911	247	0	32	
MYCO001912	2034	0	38	
MYCO001913	39	0	45	
MYCO001914	22	0	31	
MYCO001915	4301	0	24	
MYCO001916	92	0	52	
MYCO001917	6876	0	13	
MYCO001918	1327	0	181	
MYCO001919	16	0	25	
MYCO001920	23	0	65	
MYCO001921	1076	0	68	
MYCO001922	111	0	59	
MYCO001923	140	0	92	
MYCO001924	29	0	29	
MYCO001925	80	0	85	
MYCO001926	20	0	28	
MYCO001927	202	0	58	
MYCO001928	1220	0	45	
MYCO001929	1362	0	53	
MYCO001930	250	0	41	
MYCO001931	77	0	48	
MYCO001932	72	0	32	
MYCO001933	1030	0	63	
MYCO001934	652	0	75	
MYCO001935	70	0	65	
MYCO001936	48	0	76	
MYCO001937	712	0	139	
MYCO001938	108	0	68	
MYCO001939	619	0	41	
MYCO001940	5680	0	24	
MYCO001941	111	0	45	
MYCO001942	6	0	20	
MYCO001943	27	0	25	
MYCO001944	57	0	44	
MYCO001945	6488	79	47	
MYCO001946	76	0	32	
MYCO001947	131	0	22	
MYCO001948	200	0	38	
MYCO001949	6904	0	0	
MYCO001950	30	0	11	
MYCO001951	301	0	18	
MYCO001952	23	0	11	
MYCO001953	28	0	31	
MYCO001954	68	0	33	
MYCO001955	52	0	21	
MYCO001956	76	0	41	
MYCO001957	37	0	35	
MYCO001958	94	0	53	
MYCO001959	6	0	16	
MYCO001960	7	0	13	
MYCO001961	196	0	39	
MYCO001962	18	0	27	
MYCO001963	179	0	55	
MYCO001964	248	0	38	
MYCO001965	239	0	49	
MYCO001966	195	0	74	
MYCO001967	190	0	79	
MYCO001968	2210	0	68	
MYCO001969	298	0	74	
MYCO001970	158	0	64	
MYCO001971	659	0	90	
MYCO001972	133	0	38	
MYCO001973	297	0	27	
MYCO001974	102	0	30	
MYCO001975	833	0	36	
MYCO001976	176	0	25	
MYCO001977	882	0	44	
MYCO001978	1249	0	49	
MYCO001979	170	0	78	
MYCO001980	44	0	42	
MYCO001982	51	0	38	
MYCO001983	1897	0	84	
MYCO001984	338	0	42	
MYCO001985	194	0	47	
MYCO001986	74	0	46	
MYCO001987	60	0	30	
MYCO001988	174	0	31	
MYCO001989	55	0	31	
MYCO001990	4	0	16	
MYCO001991	7	0	18	
MYCO001992	2174	0	106	
MYCO001993	1308	0	22	
MYCO001994	916	0	22	
MYCO001995	1273	0	43	
MYCO001996	1242	0	49	
MYCO001997	3036	0	125	
MYCO001998	85	0	54	
MYCO001999	513	0	87	
MYCO002000	169	0	109	
MYCO002001	37	0	60	
MYCO002002	66	0	40	
MYCO002003	150	0	63	
MYCO002004	237	0	76	
MYCO002005	26	0	43	
MYCO002006	349	0	236	
MYCO002007	10	0	12	
MYCO002008	46	0	81	
MYCO002009	9	0	12	
MYCO002010	32	0	17	
MYCO002011	8	0	28	
MYCO002012	22	0	43	
MYCO002013	642	0	25	
MYCO002014	159	0	38	
MYCO002015	1927	0	84	
MYCO002016	1639	0	27	
MYCO002017	134	0	62	
MYCO002018	195	0	29	
MYCO002019	616	0	26	
MYCO002020	262	0	20	
MYCO002021	157	0	20	
MYCO002022	192	0	54	
MYCO002023	470	0	17	
MYCO002024	6347	0	19	
MYCO002025	156	0	64	
MYCO002026	51	0	57	
MYCO002027	1616	0	59	
MYCO002028	307	0	39	
MYCO002029	235	0	59	
MYCO002030	439	0	121	
MYCO002031	17	0	28	
MYCO002032	280	0	61	
MYCO002033	931	0	55	
MYCO002034	343	0	19	
MYCO002035	12	0	33	
MYCO002036	32	0	36	
MYCO002037	79	0	71	
MYCO002038	14	0	55	
MYCO002039	12	0	42	
MYCO002040	19	0	32	
MYCO002041	33	0	71	
MYCO002042	156	0	51	
MYCO002043	272	0	202	
MYCO002044	1020	0	18	
MYCO002045	85	0	95	
MYCO002046	272	0	50	
MYCO002047	373	0	124	
MYCO002048	6838	0	37	
MYCO002049	37	0	13	
MYCO002051	427	0	129	
MYCO002052	1019	0	102	
MYCO002053	35	0	45	
MYCO002054	59	0	53	
MYCO002059	422	0	115	
MYCO002060	326	0	30	
MYCO002061	47	0	29	
MYCO002062	1364	0	199	
MYCO002063	5	0	15	
MYCO002064	1052	0	55	
MYCO002065	1137	0	34	
MYCO002066	844	0	103	
MYCO002067	77	0	68	
MYCO002068	31	0	55	
MYCO002069	168	0	24	
MYCO002070	2608	0	33	
MYCO002071	95	0	59	
MYCO002072	426	0	64	
MYCO002073	357	0	42	
MYCO002074	151	0	23	
MYCO002075	365	0	90	
MYCO002076	11	0	11	
MYCO002077	143	0	60	
MYCO002078	15	0	29	
MYCO002079	1643	0	93	
MYCO002080	41	0	43	
MYCO002081	4018	0	31	
MYCO002082	3297	0	138	
MYCO002083	497	0	64	
MYCO002084	3448	0	21	
MYCO002085	46	0	22	
MYCO002086	20	0	33	
MYCO002087	16	0	18	
MYCO002088	2155	0	76	
MYCO002091	84	0	43	
MYCO002094	2	0	14	
MYCO002095	843	0	54	
MYCO002098	6904	0	0	
MYCO002099	6904	0	0	
MYCO002100	1436	0	95	
MYCO002101	1373	0	150	
MYCO002102	372	0	35	
MYCO002103	73	0	30	
MYCO002104	5	0	20	
MYCO002105	843	2	21	
MYCO002106	6904	0	0	
MYCO002107	121	0	26	
MYCO002108	224	0	41	
MYCO002113	150	0	72	
MYCO002114	98	0	39	
MYCO002116	87	0	33	
MYCO002117	66	0	13	
MYCO002120	522	0	29	
MYCO002123	4065	0	47	
MYCO002124	508	0	183	
MYCO002126	3313	0	39	
MYCO002127	262	0	90	
MYCO002128	4	0	15	
MYCO002129	101	0	58	
MYCO002131	80	0	43	
MYCO002132	61	0	15	
MYCO002133	77	0	41	
MYCO002135	969	0	31	
MYCO002136	111	0	46	
MYCO002137	39	0	23	
MYCO002138	120	0	60	
MYCO002142	18	0	23	
MYCO002143	153	0	74	
MYCO002144	74	0	22	
MYCO002146	3	0	14	
MYCO002147	1243	0	38	
MYCO002148	1242	0	34	
MYCO002149	107	0	26	
MYCO002152	549	0	81	
MYCO002158	1956	0	92	
MYCO002159	1315	0	69	
MYCO002160	3669	0	15	
MYCO002161	910	2004	57	
MYCO002162	5017	0	77	
MYCO002164	666	0	66	
MYCO002165	45	0	70	
MYCO002167	6904	0	0	
MYCO002168	843	2	21	
MYCO002169	29	0	26	
MYCO002171	26	0	39	
MYCO002172	24	0	49	
MYCO002173	351	0	62	
MYCO002174	102	0	74	
MYCO002175	7	0	23	
MYCO002177	3598	223	48	
MYCO002180	1301	0	51	
MYCO002181	63	0	59	
MYCO002183	5	0	17	
MYCO002184	30	0	58	
MYCO002185	5	0	25	
MYCO002189	792	0	43	
MYCO002190	1034	0	51	
MYCO002191	624	0	103	
MYCO002197	157	0	39	
MYCO002198	901	0	62	
MYCO002203	334	0	40	
MYCO002204	8	0	24	
MYCO002205	856	0	71	
MYCO002206	31	0	46	
MYCO002207	1236	0	47	
MYCO002208	499	0	52	
MYCO002209	487	0	83	
MYCO002212	88	0	76	
MYCO002214	102	0	90	
MYCO002215	1002	0	87	
MYCO002223	355	0	87	
MYCO002224	70	0	74	
MYCO002226	896	0	87	
MYCO002227	853	0	30	
MYCO002229	37	0	32	
MYCO002231	170	0	56	
MYCO002232	263	0	47	
MYCO002234	27	0	28	
MYCO002236	1204	0	54	
MYCO002237	11	0	49	
MYCO002238	9	0	12	
MYCO002240	52	0	35	
MYCO002248	191	0	28	
MYCO002249	868	0	75	
MYCO002250	29	0	25	
MYCO002251	6899	0	2	
MYCO002252	36	0	61	
MYCO002253	58	0	33	
MYCO002254	37	0	34	
MYCO002255	40	0	20	
MYCO002256	8	0	24	
MYCO002258	676	0	61	
MYCO002260	17	0	34	
MYCO002261	54	0	24	
MYCO002262	6840	0	3	
MYCO002263	1509	0	50	
MYCO002264	3257	0	79	
MYCO002265	711	0	59	
MYCO002266	30	0	83	
MYCO002267	90	0	63	
MYCO002268	401	0	89	
MYCO002269	29	0	29	
MYCO002270	285	0	37	
MYCO002271	256	0	17	
MYCO002272	261	0	16	
MYCO002273	285	0	23	
MYCO002274	300	0	37	
MYCO002275	894	0	41	
MYCO002276	312	0	74	
MYCO002277	294	6416	55	
MYCO002278	843	2	21	
MYCO002279	6904	0	0	
MYCO002280	459	0	76	
MYCO002281	56	0	99	
MYCO002282	899	2262	47	
MYCO002283	46	0	15	
MYCO002284	333	0	47	
MYCO002285	631	0	64	
MYCO002286	682	1849	42	
MYCO002287	186	0	83	
MYCO002288	16	0	28	
MYCO002289	150	0	42	
MYCO002290	55	0	40	
MYCO002291	80	0	49	
MYCO002292	31	0	7	
MYCO002293	3359	0	20	
MYCO002294	60	0	78	
MYCO002295	33	0	42	
MYCO002296	163	0	51	
MYCO002297	18	0	30	
MYCO002298	38	0	61	
MYCO002299	99	0	86	
MYCO002300	115	0	57	
MYCO002301	96	0	50	
MYCO002302	10	0	17	
MYCO002303	32	0	69	
MYCO002304	16	0	9	
MYCO002305	547	0	79	
MYCO002307	475	0	53	
MYCO002308	220	0	52	
MYCO002309	30	0	33	
MYCO002310	133	0	27	
MYCO002311	96	0	27	
MYCO002312	8	0	14	
MYCO002313	103	0	54	
MYCO002314	211	0	74	
MYCO002316	18	0	46	
MYCO002317	24	0	34	
MYCO002318	1400	0	57	
MYCO002319	2674	0	47	
MYCO002320	83	0	76	
MYCO002321	16	0	37	
MYCO002322	27	0	36	
MYCO002323	40	0	64	
MYCO002324	15	0	39	
MYCO002325	425	0	42	
MYCO002326	596	0	95	
MYCO002327	129	0	24	
MYCO002328	84	0	61	
MYCO002329	360	0	100	
MYCO002330	27	0	34	
MYCO002331	15	0	25	
MYCO002332	72	0	79	
MYCO002333	1063	0	56	
MYCO002334	130	0	55	
MYCO002335	189	0	43	
MYCO002336	415	0	62	
MYCO002337	217	0	63	
MYCO002338	757	0	62	
MYCO002339	1825	0	138	
MYCO002340	820	0	77	
MYCO002341	137	0	26	
MYCO002342	37	0	21	
MYCO002345	599	0	114	
MYCO002346	615	3056	131	
MYCO002347	3885	756	123	
MYCO002348	43	0	23	
MYCO002349	725	0	94	
MYCO002350	840	2595	51	
MYCO002351	848	2644	58	
MYCO002352	1625	50	70	
MYCO002353	6755	0	5	
MYCO002354	843	2	21	
MYCO002355	6904	0	0	
MYCO002356	5079	0	52	
MYCO002358	19	0	20	
MYCO002359	3	0	52	
MYCO002360	19	0	28	
MYCO002363	1873	0	45	
MYCO002365	712	0	14	
MYCO002369	66	0	21	
MYCO002370	93	0	80	
MYCO002371	287	0	11	
MYCO002372	244	0	45	
MYCO002375	12	0	17	
MYCO002376	114	0	31	
MYCO002377	28	0	12	
MYCO002378	124	0	52	
MYCO002379	570	0	159	
MYCO002380	1203	0	224	
MYCO002381	505	0	127	
MYCO002382	261	0	57	
MYCO002383	1052	805	209	
MYCO002384	556	0	66	
MYCO002385	141	0	69	
MYCO002386	229	0	64	
MYCO002387	33	0	61	
MYCO002388	213	0	62	
MYCO002389	17	0	26	
MYCO002390	92	0	33	
MYCO002391	31	0	76	
MYCO002392	158	0	41	
MYCO002393	248	4265	40	
MYCO002394	210	0	118	
MYCO002395	544	0	98	
MYCO002396	3881	0	58	
MYCO002397	152	0	63	
MYCO002398	8	0	40	
MYCO002401	6	0	17	
MYCO002403	112	0	33	
MYCO002405	60	0	37	
MYCO002406	247	0	20	
MYCO002407	363	0	57	
MYCO002408	470	0	37	
MYCO002414	558	0	90	
MYCO002415	146	0	47	
MYCO002416	172	0	88	
MYCO002417	1250	0	44	
MYCO002418	280	0	39	
MYCO002419	173	0	37	
MYCO002422	26	0	16	
MYCO002423	51	0	62	
MYCO002424	6606	0	26	
MYCO002428	114	0	40	
MYCO002429	22	0	20	
MYCO002430	54	0	33	
MYCO002431	21	2458	19	
MYCO002432	50	0	25	
MYCO002433	20	0	16	
MYCO002434	1338	0	80	
MYCO002435	227	0	120	
MYCO002436	485	0	55	
MYCO002437	1597	0	17	
MYCO002438	122	0	95	
MYCO002443	60	0	91	
MYCO002444	586	0	141	
MYCO002446	16	0	21	
MYCO002449	730	0	71	
MYCO002450	508	0	50	
MYCO002451	71	0	27	
MYCO002452	1	0	17	
MYCO002453	74	0	36	
MYCO002456	101	0	57	
MYCO002458	53	0	42	
MYCO002459	82	0	80	
MYCO002463	26	0	50	
MYCO002464	181	0	60	
MYCO002468	55	0	27	
MYCO002469	79	0	41	
MYCO002471	103	0	95	
MYCO002472	11	0	20	
MYCO002473	139	0	42	
MYCO002474	243	0	41	
MYCO002475	11	0	19	
MYCO002476	1490	0	199	
MYCO002478	519	0	33	
MYCO002479	6904	0	0	
MYCO002480	843	2	21	
MYCO002481	321	0	24	
MYCO002482	335	0	140	
MYCO002483	89	0	82	
MYCO002484	60	0	102	
MYCO002485	175	0	86	
MYCO002486	333	0	36	
MYCO002487	4063	0	98	
MYCO002488	1403	0	166	
MYCO002489	130	0	20	
MYCO002490	6675	0	40	
MYCO002491	127	0	48	
MYCO002492	157	0	64	
MYCO002493	19	0	11	
MYCO002494	17	0	26	
MYCO002495	285	0	70	
MYCO002496	45	0	49	
MYCO002497	59	0	45	
MYCO002498	90	0	53	
MYCO002499	16	0	31	
MYCO002501	638	0	111	
MYCO002503	48	0	45	
MYCO002504	60	0	48	
MYCO002505	241	0	98	
MYCO002506	78	0	31	
MYCO002507	445	0	55	
MYCO002508	151	0	78	
MYCO002510	232	0	106	
MYCO002512	6720	54	10	
MYCO002513	35	0	31	
MYCO002514	66	0	33	
MYCO002515	46	0	68	
MYCO002516	29	0	36	
MYCO002517	55	0	11	
MYCO002519	916	0	91	
MYCO002520	1	0	17	
MYCO002522	642	0	91	
MYCO002525	370	0	30	
MYCO002526	2009	0	8	
MYCO002527	40	0	23	
MYCO002528	27	0	50	
MYCO002529	628	0	92	
MYCO002530	18	0	32	
MYCO002531	176	0	157	
MYCO002532	47	0	23	
MYCO002535	394	0	43	
MYCO002536	45	0	30	
MYCO002537	18	0	21	
MYCO002539	707	0	23	
MYCO002541	2843	0	19	
MYCO002542	790	0	82	
MYCO002543	2493	1953	64	
MYCO002544	2499	1985	83	
MYCO002545	1574	0	19	
MYCO002546	6	0	25	
MYCO002547	32	0	22	
MYCO002548	51	0	22	
MYCO002549	110	0	23	
MYCO002550	5	0	15	
MYCO002551	462	0	20	
MYCO002552	510	0	46	
MYCO002553	233	0	69	
MYCO002554	181	0	22	
MYCO002556	13	0	22	
MYCO002557	40	0	44	
MYCO002558	59	0	35	
MYCO002560	217	0	61	
MYCO002561	6807	0	7	
MYCO002562	6	0	35	
MYCO002563	158	0	67	
MYCO002564	57	2553	50	
MYCO002565	168	0	97	
MYCO002566	1891	0	148	
MYCO002567	176	0	123	
MYCO002569	81	0	40	
MYCO002570	870	0	29	
MYCO002571	221	0	84	
MYCO002573	177	0	53	
MYCO002574	57	0	42	
MYCO002576	87	0	34	
MYCO002577	72	0	81	
MYCO002578	219	0	55	
MYCO002579	128	0	47	
MYCO002581	7	0	26	
MYCO002584	68	0	40	
MYCO002585	365	0	94	
MYCO002586	880	0	81	
MYCO002588	4	0	23	
MYCO002590	291	0	182	
MYCO002591	3214	0	101	
MYCO002595	52	0	12	
MYCO002596	19	0	33	
MYCO002597	62	0	37	
MYCO002598	63	0	31	
MYCO002599	362	0	30	
MYCO002600	58	0	23	
MYCO002601	570	0	78	
MYCO002602	14	0	26	
MYCO002604	91	0	31	
MYCO002605	139	0	44	
MYCO002607	22	0	31	
MYCO002608	1116	0	78	
MYCO002609	374	0	60	
MYCO002615	6419	0	93	
MYCO002616	93	0	33	
MYCO002617	8	0	24	
MYCO002618	384	0	32	
MYCO002619	9	0	14	
MYCO002620	13	0	20	
MYCO002621	530	0	53	
MYCO002622	113	0	50	
MYCO002623	203	0	44	
MYCO002624	367	0	55	
MYCO002625	65	0	55	
MYCO002626	16	0	26	
MYCO002627	91	0	86	
MYCO002628	113	0	40	
MYCO002629	597	0	55	
MYCO002630	21	0	39	
MYCO002631	126	0	76	
MYCO002632	9	0	15	
MYCO002633	15	0	36	
MYCO002634	3857	0	99	
MYCO002635	15	0	19	
MYCO002636	72	0	57	
MYCO002637	333	2169	41	
MYCO002638	136	0	32	
MYCO002639	55	0	21	
MYCO002640	78	0	21	
MYCO002641	24	0	29	
MYCO002642	38	0	26	
MYCO002643	347	0	109	
MYCO002644	50	0	20	
MYCO002645	1691	0	21	
MYCO002646	1145	0	65	
MYCO002647	791	0	17	
MYCO002648	843	2	21	
MYCO002649	6904	0	0	
MYCO002650	1331	757	157	
MYCO002651	271	1392	48	
MYCO002652	791	0	61	
MYCO002653	672	0	36	
MYCO002654	3562	0	16	
MYCO002655	1980	0	68	
MYCO002656	547	1105	31	
MYCO002657	804	0	20	
MYCO002658	636	0	15	
MYCO002659	688	0	43	
MYCO002660	17	0	17	
MYCO002661	30	0	22	
MYCO002662	14	0	16	
MYCO002663	4	0	18	
MYCO002664	31	0	16	
MYCO002665	427	0	22	
MYCO002666	6745	0	14	
MYCO002667	66	0	30	
MYCO002668	645	0	28	
MYCO002669	42	0	28	
MYCO002671	112	0	37	
MYCO002672	438	0	86	
MYCO002674	12	0	21	
MYCO002675	33	0	65	
MYCO002677	1977	0	58	
MYCO002679	180	0	48	
MYCO002680	723	0	46	
MYCO002681	878	0	63	
MYCO002683	8	0	32	
MYCO002684	46	539	71	
MYCO002685	501	0	60	
MYCO002686	45	0	39	
MYCO002687	66	0	47	
MYCO002688	132	0	59	
MYCO002689	224	0	68	
MYCO002690	151	0	60	
MYCO002691	20	0	39	
MYCO002692	45	0	32	
MYCO002693	24	0	33	
MYCO002694	15	0	35	
MYCO002695	630	0	32	
MYCO002698	11	0	25	
MYCO002700	4251	0	25	
MYCO002701	69	0	62	
MYCO002704	21	0	22	
MYCO002705	17	0	21	
MYCO002706	132	0	19	
MYCO002707	50	0	48	
MYCO002709	620	0	39	
MYCO002712	406	0	80	
MYCO002713	140	0	87	
MYCO002716	29	0	35	
MYCO002717	263	0	23	
MYCO002718	18	0	19	
MYCO002719	604	0	41	
MYCO002721	1462	0	107	
MYCO002722	9	0	21	
MYCO002723	48	0	73	
MYCO002728	113	0	39	
MYCO002729	69	0	56	
MYCO002730	11	0	30	
MYCO002732	110	0	51	
MYCO002734	32	0	44	
MYCO002735	978	0	51	
MYCO002736	191	0	36	
MYCO002737	31	0	99	
MYCO002738	459	0	12	
MYCO002739	1841	0	36	
MYCO002740	23	0	29	
MYCO002741	4598	0	76	
MYCO002742	283	0	44	
MYCO002743	513	0	46	
MYCO002745	8	0	31	
MYCO002746	260	0	33	
MYCO002747	36	0	21	
MYCO002749	37	0	15	
MYCO002751	46	0	45	
MYCO002752	146	0	146	
MYCO002755	16	0	12	
MYCO002756	75	0	91	
MYCO002757	73	0	29	
MYCO002758	11	0	17	
MYCO002759	57	0	24	
MYCO002760	168	0	21	
MYCO002761	38	0	73	
MYCO002762	419	0	35	
MYCO002763	56	0	22	
MYCO002765	391	0	40	
MYCO002766	80	0	37	
MYCO002767	28	0	29	
MYCO002768	611	0	77	
MYCO002769	1154	0	54	
MYCO002770	257	0	71	
MYCO002771	40	0	25	
MYCO002772	64	0	28	
MYCO002774	1221	0	18	
MYCO002775	152	0	28	
MYCO002776	42	0	47	
MYCO002777	696	0	51	
MYCO002778	23	0	29	
MYCO002779	72	0	40	
MYCO002780	237	0	59	
MYCO002781	1050	0	64	
MYCO002784	18	0	26	
MYCO002786	13	0	50	
MYCO002787	398	0	120	
MYCO002789	83	0	62	
MYCO002790	521	0	64	
MYCO002791	145	3432	64	
MYCO002792	140	0	40	
MYCO002793	683	0	38	
MYCO002796	63	0	43	
MYCO002797	362	0	74	
MYCO002798	9	0	20	
MYCO002799	154	0	52	
MYCO002800	1273	0	93	
MYCO002801	96	0	17	
MYCO002802	1322	0	69	
MYCO002803	73	0	23	
MYCO002804	155	0	40	
MYCO002805	101	0	28	
MYCO002806	47	0	10	
MYCO002807	1796	0	58	
MYCO002808	386	0	11	
MYCO002809	101	0	16	
MYCO002810	6904	0	0	
MYCO002811	1219	0	37	
MYCO002812	837	0	91	
MYCO002813	609	0	44	
MYCO002814	6904	0	0	
MYCO002815	843	2	21	
MYCO002816	1645	0	17	
MYCO002817	1761	0	50	
MYCO002818	1960	0	38	
MYCO002819	1756	0	54	
MYCO002820	1628	0	49	
MYCO002821	80	0	35	
MYCO002822	30	0	22	
MYCO002823	133	0	123	
MYCO002824	53	0	54	
MYCO002825	5320	0	37	
MYCO002826	72	0	44	
MYCO002827	39	0	34	
MYCO002829	175	0	25	
MYCO002830	9	0	18	
MYCO002831	291	0	40	
MYCO002832	216	0	77	
MYCO002833	402	0	80	
MYCO002834	54	0	48	
MYCO002835	34	0	57	
MYCO002836	419	0	77	
MYCO002837	180	0	43	
MYCO002840	10	0	21	
MYCO002842	7	0	31	
MYCO002843	281	0	21	
MYCO002844	33	0	25	
MYCO002845	287	0	72	
MYCO002848	1743	0	52	
MYCO002849	65	0	43	
MYCO002850	2108	0	116	
MYCO002851	31	0	23	
MYCO002852	173	0	83	
MYCO002853	2979	0	118	
MYCO002854	57	0	60	
MYCO002855	312	0	67	
MYCO002856	53	0	44	
MYCO002857	21	0	33	
MYCO002858	676	0	85	
MYCO002859	2114	0	62	
MYCO002860	56	0	65	
MYCO002862	28	0	32	
MYCO002863	13	0	15	
MYCO002865	15	0	13	
MYCO002866	12	0	14	
MYCO002867	794	0	49	
MYCO002869	44	0	61	
MYCO002871	1196	0	14	
MYCO002872	111	0	31	
MYCO002873	15	0	29	
MYCO002874	365	0	118	
MYCO002875	192	0	28	
MYCO002876	5	0	32	
MYCO002877	203	0	62	
MYCO002878	23	0	24	
MYCO002879	6904	0	0	
MYCO002880	6391	0	9	
MYCO002881	17	0	42	
MYCO002884	171	0	39	
MYCO002885	292	1191	86	
MYCO002886	176	0	47	
MYCO002887	41	0	20	
MYCO002888	583	0	69	
MYCO002891	1178	0	43	
MYCO002892	367	0	71	
MYCO002893	93	0	71	
MYCO002895	286	0	48	
MYCO002896	530	0	69	
MYCO002897	428	0	98	
MYCO002898	29	0	32	
MYCO002899	17	0	41	
MYCO002900	74	0	103	
MYCO002903	93	0	46	
MYCO002905	54	0	65	
MYCO002906	28	0	27	
MYCO002907	135	0	29	
MYCO002908	60	0	9	
MYCO002910	13	0	29	
MYCO002911	162	0	48	
MYCO002912	39	0	24	
MYCO002913	150	0	105	
MYCO002914	443	0	83	
MYCO002920	164	0	91	
MYCO002922	1240	0	136	
MYCO002923	69	0	26	
MYCO002924	107	0	40	
MYCO002925	33	0	32	
MYCO002926	13	0	39	
MYCO002928	32	0	34	
MYCO002929	29	0	21	
MYCO002930	67	0	78	
MYCO002931	6211	0	117	
MYCO002932	1916	0	211	
MYCO002933	1776	0	216	
MYCO002934	1977	0	211	
MYCO002935	944	0	187	
MYCO002936	48	0	47	
MYCO002937	21	0	33	
MYCO002938	19	0	33	
MYCO002939	32	3242	59	
MYCO002940	368	0	261	
MYCO002941	47	0	98	
MYCO002942	171	0	159	
MYCO002943	261	0	84	
MYCO002944	36	0	55	
MYCO002945	3	0	34	
MYCO002946	1292	0	238	
MYCO002947	3489	0	33	
MYCO002948	137	0	121	
MYCO002949	145	0	46	
MYCO002950	267	0	97	
MYCO002951	184	0	58	
MYCO002952	25	0	38	
MYCO002953	76	0	64	
MYCO002954	57	0	44	
MYCO002955	257	0	64	
MYCO002956	45	0	57	
MYCO002957	83	0	50	
MYCO002958	297	0	81	
MYCO002959	872	0	49	
MYCO002960	30	0	20	
MYCO002961	28	0	15	
MYCO002962	750	0	61	
MYCO002963	866	0	56	
MYCO002964	87	0	50	
MYCO002966	255	0	23	
MYCO002968	32	0	23	
MYCO002969	64	0	35	
MYCO002970	105	0	51	
MYCO002971	138	0	41	
MYCO002972	30	0	43	
MYCO002973	276	0	77	
MYCO002974	829	0	85	
MYCO002975	3341	0	10	
MYCO002977	425	0	35	
MYCO002978	144	2980	63	
MYCO002979	38	0	34	
MYCO002980	583	0	32	
MYCO002983	790	0	36	
MYCO002985	92	0	66	
MYCO002986	92	0	32	
MYCO002987	32	0	20	
MYCO002989	658	0	39	
MYCO002990	41	0	45	
MYCO002991	53	0	25	
MYCO002994	752	0	63	
MYCO002997	644	0	63	
MYCO002998	15	0	21	
MYCO002999	45	0	62	
MYCO003000	55	0	32	
MYCO003002	6	0	21	
MYCO003004	41	0	20	
MYCO003005	55	0	28	
MYCO003007	644	0	29	
MYCO003008	69	0	43	
MYCO003012	15	0	13	
MYCO003013	594	0	32	
MYCO003015	399	0	61	
MYCO003016	43	0	32	
MYCO003017	723	0	24	
MYCO003018	5259	0	38	
MYCO003019	1	122	34	
MYCO003020	30	23	22	
MYCO003021	6873	0	10	
MYCO003022	6904	0	0	
MYCO003023	6720	54	9	
MYCO003026	110	0	57	
MYCO003030	171	0	41	
MYCO003033	22	0	35	
MYCO003035	329	0	48	
MYCO003036	23	0	40	
MYCO003037	421	0	65	
MYCO003039	180	0	37	
MYCO003040	338	0	51	
MYCO003041	24	0	38	
MYCO003044	467	0	74	
MYCO003046	25	0	21	
MYCO003047	201	0	25	
MYCO003050	34	0	47	
MYCO003055	47	2151	36	
MYCO003056	61	0	73	
MYCO003058	11	0	31	
MYCO003059	85	0	63	
MYCO003060	1157	0	98	
MYCO003061	676	0	114	
MYCO003062	1864	0	83	
MYCO003063	252	0	160	
MYCO003064	131	0	30	
MYCO003065	183	0	24	
MYCO003066	313	0	34	
MYCO003067	34	0	30	
MYCO003068	100	0	91	
MYCO003069	8	0	21	
MYCO003070	10	0	15	
MYCO003071	188	0	67	
MYCO003072	39	0	40	
MYCO003073	23	0	27	
MYCO003074	2069	2467	69	
MYCO003075	40	0	38	
MYCO003076	20	0	23	
MYCO003077	450	0	122	
MYCO003078	47	0	25	
MYCO003079	636	0	32	
MYCO003080	778	0	181	
MYCO003081	235	0	58	
MYCO003082	45	0	53	
MYCO003083	413	0	107	
MYCO003084	843	0	50	
MYCO003086	209	0	46	
MYCO003087	412	0	98	
MYCO003088	242	0	84	
MYCO003089	275	0	76	
MYCO003090	234	1685	62	
MYCO003091	321	0	84	
MYCO003092	708	0	56	
MYCO003093	1675	0	43	
MYCO003094	731	0	65	
MYCO003095	8	0	28	
MYCO003096	60	0	70	
MYCO003097	131	0	83	
MYCO003098	35	0	31	
MYCO003099	125	0	51	
MYCO003103	41	0	29	
MYCO003104	39	0	48	
MYCO003106	92	0	77	
MYCO003107	122	0	86	
MYCO003108	37	0	32	
MYCO003109	117	0	85	
MYCO003110	28	0	15	
MYCO003111	41	0	47	
MYCO003112	46	0	18	
MYCO003113	1481	0	41	
MYCO003114	113	0	30	
MYCO003115	6720	54	9	
MYCO003116	195	0	71	
MYCO003119	55	0	30	
MYCO003120	70	0	36	
MYCO003121	180	0	73	
MYCO003122	75	0	24	
MYCO003123	39	0	31	
MYCO003124	128	0	52	
MYCO003125	994	0	53	
MYCO003126	39	0	19	
MYCO003127	52	0	65	
MYCO003128	6904	0	0	
MYCO003129	642	0	13	
MYCO003130	81	0	79	
MYCO003131	85	0	45	
MYCO003132	175	0	87	
MYCO003133	11	0	18	
MYCO003134	55	0	49	
MYCO003135	4265	0	11	
MYCO003136	131	0	59	
MYCO003137	43	0	40	
MYCO003138	84	0	78	
MYCO003141	291	0	45	
MYCO003142	927	0	29	
MYCO003143	11	0	18	
MYCO003144	1135	0	64	
MYCO003145	29	0	16	
MYCO003146	7	0	26	
MYCO003147	53	0	16	
MYCO003148	41	0	56	
MYCO003149	64	0	36	
MYCO003150	630	0	48	
MYCO003151	1385	0	105	
MYCO003152	12	0	53	
MYCO003153	123	0	33	
MYCO003154	22	0	45	
MYCO003155	8	0	19	
MYCO003156	97	0	84	
MYCO003157	159	0	89	
MYCO003158	30	0	80	
MYCO003159	3518	0	96	
MYCO003160	24	0	25	
MYCO003161	522	0	87	
MYCO003162	87	0	18	
MYCO003163	34	0	56	
MYCO003164	32	0	31	
MYCO003165	137	0	22	
MYCO003166	724	0	53	
MYCO003167	63	0	41	
MYCO003168	253	0	83	
MYCO003169	871	0	64	
MYCO003170	715	0	65	
MYCO003171	55	0	72	
MYCO003172	14	0	31	
MYCO003173	18	0	40	
MYCO003174	26	0	62	
MYCO003175	1870	0	72	
MYCO003176	163	0	61	
MYCO003177	51	0	41	
MYCO003178	64	0	22	
MYCO003179	545	0	70	
MYCO003180	42	0	29	
MYCO003181	186	0	23	
MYCO003182	38	0	16	
MYCO003183	286	0	17	
MYCO003184	843	2	21	
MYCO003185	6904	0	0	
MYCO003186	843	2	21	
MYCO003187	6904	0	0	
MYCO003188	35	0	18	
MYCO003189	73	0	35	
MYCO003190	237	0	69	
MYCO003191	76	0	62	
MYCO003192	85	0	35	
MYCO003196	112	0	57	
MYCO003199	582	0	58	
MYCO003200	41	0	63	
MYCO003201	1183	0	138	
MYCO003202	933	0	175	
MYCO003203	48	0	47	
MYCO003204	3	0	22	
MYCO003209	18	0	36	
MYCO003210	20	0	32	
MYCO003212	805	0	68	
MYCO003215	47	0	66	
MYCO003216	6904	0	0	
MYCO003217	435	0	22	
MYCO003218	43	0	55	
MYCO003222	88	0	24	
MYCO003224	351	0	50	
MYCO003225	126	0	73	
MYCO003226	58	0	42	
MYCO003227	367	0	73	
MYCO003230	168	0	64	
MYCO003231	77	0	23	
MYCO003232	19	0	43	
MYCO003233	8	0	40	
MYCO003234	3409	0	29	
MYCO003235	519	0	41	
MYCO003236	397	0	68	
MYCO003237	17	0	32	
MYCO003238	27	0	41	
MYCO003239	3478	0	111	
MYCO003242	124	0	40	
MYCO003243	105	0	42	
MYCO003244	518	0	75	
MYCO003247	79	0	30	
MYCO003249	257	0	32	
MYCO003250	5	0	11	
MYCO003251	11	0	11	
MYCO003253	84	0	72	
MYCO003254	145	0	72	
MYCO003256	886	0	62	
MYCO003259	36	0	11	
MYCO003260	2	0	15	
MYCO003263	249	0	80	
MYCO003266	205	0	46	
MYCO003268	178	0	45	
MYCO003269	19	0	14	
MYCO003270	434	0	107	
MYCO003271	43	0	40	
MYCO003272	138	0	72	
MYCO003273	28	0	114	
MYCO003278	20	0	25	
MYCO003279	23	0	42	
MYCO003281	6629	0	10	
MYCO003282	30	0	49	
MYCO003283	34	0	57	
MYCO003284	67	0	22	
MYCO003286	701	0	48	
MYCO003287	19	0	16	
MYCO003288	7	0	20	
MYCO003289	55	0	28	
MYCO003291	39	0	16	
MYCO003292	314	0	73	
MYCO003293	851	0	80	
MYCO003294	27	0	46	
MYCO003295	35	0	31	
MYCO003297	135	0	50	
MYCO003298	383	0	37	
MYCO003299	1057	0	182	
MYCO003300	91	0	55	
MYCO003301	31	0	46	
MYCO003307	219	0	48	
MYCO003308	821	0	89	
MYCO003309	33	0	30	
MYCO003310	40	0	54	
MYCO003311	58	0	64	
MYCO003312	47	0	45	
MYCO003314	162	0	57	
MYCO003315	21	0	26	
MYCO003316	6	0	14	
MYCO003320	61	0	26	
MYCO003321	3	0	8	
MYCO003322	30	0	38	
MYCO003323	372	0	43	
MYCO003324	350	0	28	
MYCO003325	843	2	21	
MYCO003326	6904	0	0	
MYCO003327	6821	0	8	
MYCO003331	598	0	77	
MYCO003332	565	0	79	
MYCO003333	1657	0	47	
MYCO003334	13	0	29	
MYCO003335	134	0	41	
MYCO003337	783	0	24	
MYCO003338	73	0	45	
MYCO003339	93	0	62	
MYCO003342	486	0	24	
MYCO003343	6887	0	16	
MYCO003344	6904	0	0	
MYCO003345	6870	0	12	
MYCO003346	2136	1	22	
MYCO003347	5331	0	266	
MYCO003348	175	7	36	
MYCO003349	3578	0	32	
MYCO003350	5706	0	275	
MYCO003351	896	0	43	
MYCO003352	865	0	16	
MYCO003353	837	0	13	
MYCO003354	837	0	20	
MYCO003355	856	1	21	
MYCO003357	17	0	16	
MYCO003358	9	0	13	
MYCO003359	418	0	46	
MYCO003360	995	0	18	
MYCO003361	86	0	38	
MYCO003362	78	0	46	
MYCO003363	387	0	23	
MYCO003364	91	0	21	
MYCO003365	6229	0	33	
MYCO003366	70	0	29	
MYCO003367	3160	0	99	
MYCO003368	164	0	37	
MYCO003369	220	0	21	
MYCO003370	1452	0	149	
MYCO003371	643	0	90	
MYCO003372	414	0	63	
MYCO003373	824	0	30	
MYCO003374	11	0	14	
MYCO003375	282	0	85	
MYCO003376	31	0	35	
MYCO003377	494	0	88	
MYCO003378	176	0	76	
MYCO003379	113	0	102	
MYCO003380	6904	0	0	
MYCO003381	843	2	21	
MYCO003382	264	0	43	
MYCO003383	1506	0	77	
MYCO003384	80	0	24	
MYCO003385	152	0	13	
MYCO003386	332	0	48	
MYCO003387	26	0	42	
MYCO003388	5141	0	74	
MYCO003389	542	0	69	
MYCO003390	35	0	56	
MYCO003391	419	0	120	
MYCO003393	125	0	41	
MYCO003394	1988	0	68	
MYCO003395	167	0	42	
MYCO003397	29	0	39	
MYCO003398	158	0	70	
MYCO003399	55	0	51	
MYCO003400	211	0	34	
MYCO003401	751	0	125	
MYCO003402	204	0	61	
MYCO003403	98	0	110	
MYCO003404	52	0	47	
MYCO003405	10	0	31	
MYCO003406	220	0	55	
MYCO003407	22	0	10	
MYCO003408	7	0	17	
MYCO003413	584	0	40	
MYCO003414	36	0	42	
MYCO003415	560	0	54	
MYCO003416	65	0	14	
MYCO003420	143	0	28	
MYCO003421	1670	0	51	
MYCO003423	75	0	88	
MYCO003424	450	5	31	
MYCO003425	308	1848	59	
MYCO003426	6758	0	4	
MYCO003427	1925	0	36	
MYCO003428	6541	0	8	
MYCO003429	308	1534	57	
MYCO003430	472	0	102	
MYCO003431	89	0	50	
MYCO003434	312	0	59	
MYCO003435	28	0	72	
MYCO003437	272	0	34	
MYCO003438	88	0	52	
MYCO003439	1205	0	75	
MYCO003440	76	0	27	
MYCO003444	23	0	21	
MYCO003445	42	0	21	
MYCO003446	1255	0	84	
MYCO003447	595	0	203	
MYCO003448	329	0	82	
MYCO003449	259	0	90	
MYCO003450	1012	0	95	
MYCO003451	111	0	59	
MYCO003452	791	0	45	
MYCO003453	4267	0	5	
MYCO003454	121	0	81	
MYCO003463	195	0	46	
MYCO003465	11	0	28	
MYCO003466	6647	69	60	
MYCO003467	6690	95	32	
MYCO003468	106	0	72	
MYCO003469	37	0	65	
MYCO003470	334	0	103	
MYCO003471	51	0	26	
MYCO003472	42	0	39	
MYCO003473	47	0	56	
MYCO003474	843	2	21	
MYCO003475	6904	0	0	
MYCO003476	78	0	79	
MYCO003477	159	0	17	
MYCO003478	3416	382	440	
MYCO003479	355	0	184	
MYCO003480	354	0	90	
MYCO003481	92	0	32	
MYCO003482	53	0	43	
MYCO003483	1532	0	41	
MYCO003484	167	0	75	
MYCO003485	903	0	56	
MYCO003486	433	0	25	
MYCO003487	1461	0	50	
MYCO003488	202	0	16	
MYCO003489	5	0	8	
MYCO003491	22	0	40	
MYCO003492	3	0	28	
MYCO003493	527	0	35	
MYCO003494	1452	0	73	
MYCO003495	54	0	53	
MYCO003496	446	0	56	
MYCO003497	23	0	57	
MYCO003498	151	0	53	
MYCO003499	21	0	55	
MYCO003502	53	0	39	
MYCO003503	0	0	9	
MYCO003505	216	0	59	
MYCO003506	144	0	106	
MYCO003507	6467	0	105	
MYCO003508	6899	0	3	
MYCO003509	687	0	94	
MYCO003510	239	0	48	
MYCO003511	6889	0	6	
MYCO003512	6904	0	0	
MYCO003513	6563	0	17	
MYCO003514	6902	0	1	
MYCO003515	6184	0	32	
MYCO003516	1004	0	37	
MYCO003517	1493	0	48	
MYCO003518	208	0	53	
MYCO003519	36	0	39	
MYCO003521	55	0	52	
MYCO003522	18	0	67	
MYCO003523	630	0	47	
MYCO003524	87	0	73	
MYCO003525	398	0	28	
MYCO003526	18	0	47	
MYCO003527	11	0	32	
MYCO003528	102	0	66	
MYCO003529	795	0	76	
MYCO003530	45	2515	51	
MYCO003531	150	0	74	
MYCO003532	556	0	80	
MYCO003533	2103	0	104	
MYCO003534	98	0	48	
MYCO003535	1714	0	40	
MYCO003536	28	0	44	
MYCO003537	45	0	70	
MYCO003538	15	0	43	
MYCO003539	863	0	82	
MYCO003540	578	0	56	
MYCO003541	3	0	24	
MYCO003542	165	0	45	
MYCO003543	151	0	53	
MYCO003544	73	0	54	
MYCO003545	41	0	88	
MYCO003546	154	0	52	
MYCO003547	80	0	38	
MYCO003548	36	0	34	
MYCO003549	222	0	44	
MYCO003550	101	0	40	
MYCO003551	95	0	43	
MYCO003552	16	0	31	
MYCO003553	706	0	46	
MYCO003554	129	0	131	
MYCO003555	1010	0	45	
MYCO003556	201	0	48	
MYCO003557	2	0	35	
MYCO003558	1614	0	88	
MYCO003559	420	0	49	
MYCO003560	217	0	61	
MYCO003561	1066	0	76	
MYCO003562	113	0	67	
MYCO003563	270	0	51	
MYCO003564	950	0	35	
MYCO003565	141	0	78	
MYCO003566	213	0	53	
MYCO003567	68	0	26	
MYCO003568	766	0	38	
MYCO003569	592	0	40	
MYCO003572	54	0	30	
MYCO003573	689	0	103	
MYCO003574	104	0	28	
MYCO003575	189	0	48	
MYCO003576	112	0	50	
MYCO003577	115	0	39	
MYCO003578	545	0	85	
MYCO003581	20	0	24	
MYCO003582	48	0	42	
MYCO003584	22	0	25	
MYCO003585	78	0	80	
MYCO003586	29	0	57	
MYCO003587	333	0	50	
MYCO003588	90	0	18	
MYCO003590	4759	0	68	
MYCO003591	51	0	60	
MYCO003593	6	0	86	
MYCO003594	120	0	56	
MYCO003595	3089	0	77	
MYCO003597	451	0	15	
MYCO003599	294	0	7	
MYCO003602	1053	0	57	
MYCO003603	370	0	53	
MYCO003604	1458	0	78	
MYCO003605	470	0	25	
MYCO003606	26	0	30	
MYCO003607	260	0	20	
MYCO003608	84	0	45	
MYCO003611	6837	0	7	
MYCO003612	74	0	23	
MYCO003613	4	0	8	
MYCO003614	9	0	50	
MYCO003615	10	0	16	
MYCO003616	107	0	82	
MYCO003617	175	0	53	
MYCO003618	162	0	58	
MYCO003619	615	3232	143	
MYCO003620	3884	772	120	
MYCO003621	994	0	63	
MYCO003622	188	0	18	
MYCO003623	390	0	43	
MYCO003625	416	0	54	
MYCO003626	554	0	56	
MYCO003627	91	0	86	
MYCO003629	68	0	66	
MYCO003630	32	1670	67	
MYCO003631	18	0	32	
MYCO003632	6	0	12	
MYCO003633	106	0	62	
MYCO003634	199	0	42	
MYCO003635	240	0	104	
MYCO003636	19	0	24	
MYCO003637	119	0	38	
MYCO003638	27	0	50	
MYCO003639	612	0	45	
MYCO003640	264	0	70	
MYCO003641	27	0	34	
MYCO003642	11	0	15	
MYCO003643	8	0	13	
MYCO003645	1423	0	79	
MYCO003649	1015	0	142	
MYCO003650	151	0	19	
MYCO003651	650	0	58	
MYCO003652	1561	0	22	
MYCO003653	4059	0	39	
MYCO003654	839	0	28	
MYCO003655	6897	0	2	
MYCO003656	36	0	16	
MYCO003657	2090	1653	34	
MYCO003658	759	0	51	
MYCO003659	1369	0	62	
MYCO003660	307	0	74	
MYCO003661	97	0	34	
MYCO003662	1878	0	51	
MYCO003663	701	0	96	
MYCO003664	26	0	58	
MYCO003665	20	0	61	
MYCO003666	179	1847	78	
MYCO003667	509	0	114	
MYCO003669	13	0	31	
MYCO003671	33	0	71	
MYCO003672	111	0	44	
MYCO003673	249	0	43	
MYCO003675	3	0	24	
MYCO003678	20	0	27	
MYCO003681	34	0	31	
MYCO003685	185	0	90	
MYCO003686	127	0	18	
MYCO003687	27	0	29	
MYCO003688	42	0	35	
MYCO003689	347	0	110	
MYCO003690	641	0	30	
MYCO003691	139	0	68	
MYCO003692	115	0	57	
MYCO003693	2363	0	68	
MYCO003694	18	0	66	
MYCO003697	54	0	29	
MYCO003698	289	0	103	
MYCO003699	66	0	44	
MYCO003700	1048	0	64	
MYCO003701	228	0	56	
MYCO003702	55	0	51	
MYCO003703	116	0	91	
MYCO003704	113	0	73	
MYCO003706	323	0	20	
MYCO003714	107	0	62	
MYCO003716	485	0	26	
MYCO003723	40	0	44	
MYCO003725	3346	0	27	
MYCO003726	527	0	69	
MYCO003727	430	0	122	
MYCO003728	4375	0	118	
MYCO003729	651	0	151	
MYCO003730	20	0	63	
MYCO003731	23	0	69	
MYCO003732	193	0	68	
MYCO003733	22	0	32	
MYCO003734	121	0	86	
MYCO003735	28	0	43	
MYCO003736	132	0	80	
MYCO003737	1269	0	88	
MYCO003738	2350	0	50	
MYCO003739	1647	0	17	
MYCO003740	202	0	83	
MYCO003741	44	0	52	
MYCO003742	19	0	31	
MYCO003743	284	0	136	
MYCO003744	10	0	29	
MYCO003745	25	2154	14	
MYCO003746	22	0	27	
MYCO003747	44	0	17	
MYCO003748	36	0	23	
MYCO003749	47	0	31	
MYCO003750	31	0	22	
MYCO003751	28	0	16	
MYCO003752	536	0	19	
MYCO003753	804	0	21	
MYCO003754	409	0	51	
MYCO003755	24	0	34	
MYCO003756	34	0	50	
MYCO003757	264	0	53	
MYCO003758	76	0	57	
MYCO003759	49	0	82	
MYCO003760	50	0	12	
MYCO003761	286	0	49	
MYCO003762	44	0	124	
MYCO003763	53	0	34	
MYCO003764	74	0	73	
MYCO003766	199	0	47	
MYCO003767	185	0	58	
MYCO003768	174	0	20	
MYCO003769	163	0	26	
MYCO003770	194	0	37	
MYCO003771	68	0	31	
MYCO003772	106	0	60	
MYCO003773	174	0	38	
MYCO003776	1280	0	102	
MYCO003779	786	0	127	
MYCO003784	412	0	73	
MYCO003785	2992	0	51	
MYCO003786	554	0	71	
MYCO003787	156	0	70	
MYCO003788	22	0	26	
MYCO003789	8	0	23	
MYCO003792	358	0	133	
MYCO003796	51	0	77	
MYCO003797	347	0	120	
MYCO003798	3694	73	43	
MYCO003800	1466	0	249	
MYCO003803	108	0	62	
MYCO003805	63	0	102	
MYCO003807	274	0	25	
MYCO003810	1907	0	44	
MYCO003811	302	0	90	
MYCO003812	2624	0	76	
MYCO003813	181	0	45	
MYCO003814	74	0	37	
MYCO003815	212	0	51	
MYCO003817	559	0	52	
MYCO003818	99	0	80	
MYCO003819	56	0	26	
MYCO003820	309	0	98	
MYCO003821	30	0	52	
MYCO003822	123	0	98	
MYCO003823	94	0	211	
MYCO003824	135	0	126	
MYCO003825	388	0	381	
MYCO003826	130	0	129	
MYCO003827	291	0	115	
MYCO003828	6	2635	27	
MYCO003829	1451	0	117	
MYCO003830	1614	0	51	
MYCO003831	30	0	46	
MYCO003832	200	0	45	
MYCO003833	854	0	60	
MYCO003836	784	0	34	
MYCO003837	65	0	56	
MYCO003838	215	0	66	
MYCO003839	16	0	60	
MYCO003840	111	0	45	
MYCO003841	20	0	41	
MYCO003843	605	0	66	
MYCO003844	175	7	36	
MYCO003845	5066	0	14	
MYCO003846	16	0	35	
MYCO003848	163	0	85	
MYCO003850	113	0	46	
MYCO003851	96	0	19	
MYCO003852	87	0	27	
MYCO003853	9	0	25	
MYCO003854	324	0	183	
MYCO003855	13	0	49	
MYCO003856	145	0	81	
MYCO003857	15	0	10	
MYCO003860	791	0	111	
MYCO003861	204	0	37	
MYCO003862	110	0	94	
MYCO003863	321	0	79	
MYCO003864	209	0	105	
MYCO003865	85	0	23	
MYCO003866	217	0	55	
MYCO003867	159	0	41	
MYCO003868	316	0	100	
MYCO003869	890	0	113	
MYCO003870	82	0	175	
MYCO003871	514	0	138	
MYCO003872	332	0	21	
MYCO003873	349	0	74	
MYCO003874	66	0	19	
MYCO003875	15	0	25	
MYCO003876	3092	0	116	
MYCO003877	84	0	144	
MYCO003878	843	0	64	
MYCO003879	3004	0	187	
MYCO003880	11	0	26	
MYCO003881	756	0	144	
MYCO003882	861	0	143	
MYCO003883	81	0	119	
MYCO003884	381	0	131	
MYCO003885	256	0	152	
MYCO003886	2346	0	103	
MYCO003887	706	0	121	
MYCO003888	180	0	113	
MYCO003889	474	0	93	
MYCO003890	141	0	25	
MYCO003891	34	0	38	
MYCO003892	1566	0	107	
MYCO003893	128	0	26	
MYCO003894	1965	0	290	
MYCO003895	1854	0	103	
MYCO003896	395	0	84	
MYCO003897	6843	0	3	
MYCO003898	3360	0	14	
MYCO003899	1929	0	94	
MYCO003900	1085	0	123	
MYCO003901	124	0	44	
MYCO003902	35	0	52	
MYCO003903	2176	0	184	
MYCO003904	19	0	35	
MYCO003905	47	0	34	
MYCO003906	80	0	53	
MYCO003909	360	0	188	
MYCO003910	480	0	349	
MYCO003911	6891	0	5	
MYCO003912	338	0	98	
MYCO003914	10	0	30	
MYCO003916	6	0	80	
MYCO003919	383	0	259	
MYCO003922	5	0	42	
MYCO003923	14	0	46	
MYCO010064	19	0	14	
MYCO010078	17	0	48	
MYCO010157	4	0	10	
MYCO010186	66	0	9	
MYCO010192	1552	0	20	
MYCO010236	55	0	7	
MYCO010277	6904	0	0	
MYCO010397	8	3395	16	
MYCO010456	17	0	22	
MYCO010470	961	0	19	
MYCO010492	60	0	14	
MYCO010500	321	0	7	
MYCO010530	16	0	10	
MYCO010590	44	0	9	
MYCO010609	31	0	17	
MYCO010616	3	0	21	
MYCO010634	14	0	16	
MYCO010691	3	0	12	
MYCO010724	6904	0	0	
MYCO010749	14	0	10	
MYCO010755	123	0	10	
MYCO010787	58	0	9	
MYCO010959	10	0	10	
MYCO011028	4	0	8	
MYCO011087	52	0	11	
MYCO011089	10	0	11	
MYCO011116	31	0	14	
MYCO011135	5	0	24	
MYCO011159	12	0	15	
MYCO011290	64	0	18	
MYCO011322	18	0	35	
MYCO011366	26	0	14	
MYCO011473	55	0	16	
MYCO011489	184	0	11	
MYCO011498	104	0	15	
MYCO011507	119	0	44	
MYCO011508	56	0	16	
MYCO011638	443	0	16	
MYCO011706	10	0	11	
MYCO011765	60	0	18	
MYCO011888	3	0	17	
MYCO011954	28	0	13	
MYCO011962	1	4054	19	
MYCO011982	17	0	10	
MYCO011990	74	0	23	
MYCO011991	1	0	9	
MYCO012023	70	0	62	
MYCO012063	184	0	21	
MYCO012077	215	0	19	
MYCO012142	3	0	13	
MYCO012160	3715	0	15	
MYCO012219	10	0	25	
MYCO012231	55	0	32	
MYCO012237	46	0	14	
MYCO012250	6899	0	1	
MYCO012274	265	0	17	
MYCO012306	56	0	39	
MYCO012307	14	0	6	
MYCO012309	8	0	23	
MYCO012331	7	0	14	
MYCO012395	27	0	14	
MYCO012401	35	0	10	
MYCO012427	6904	0	0	
MYCO012438	11	0	21	
MYCO012468	4	0	13	
MYCO012530	5	0	16	
MYCO012548	17	0	17	
MYCO012601	6	0	13	
MYCO012614	788	0	18	
MYCO012737	19	0	12	
MYCO012801	7	0	11	
MYCO012828	1243	0	17	
MYCO012862	6904	0	0	
MYCO012922	26	0	17	
MYCO012943	31	0	40	
MYCO012970	30	0	6	
MYCO012998	10	0	18	
MYCO013018	2554	5	10	
MYCO013022	1095	0	21	
MYCO013032	36	0	22	
MYCO013098	27	0	21	
MYCO013136	9	0	29	
MYCO013190	266	0	12	
MYCO013196	6	0	8	
MYCO013197	78	0	15	
MYCO013198	11	0	16	
MYCO013208	12	0	19	
MYCO013221	5	0	16	
MYCO013224	28	0	20	
MYCO013312	87	0	24	
MYCO013324	6904	0	0	
MYCO013395	256	0	30	
MYCO013566	7	0	20	
MYCO013697	72	0	15	
MYCO013705	57	0	29	
MYCO013724	769	0	12	
MYCO013770	8	0	12	
MYCO020078	4	0	23	
MYCO020456	6904	0	0	
MYCO020500	1	0	5	
MYCO022231	4934	0	23	
MYCO022306	102	0	25	
MYCO022307	78	0	32	
MYCO022395	66	0	17	
MYCO023224	46	0	12	
MYCO023724	806	0	31	
MYCO023770	12	0	15	
MYCO032307	0	0	12	
