GbGDiv simplified results table from 'accumulate-9.txt' records table.
Isolate records read from table: 2304

Locus	Missing	Paralogous	CountNuc
id	0	0	2304	
isolate	0	0	2304	
rMLST_database_accession	0	0	2304	
BACT000001	6	0	49	
BACT000002	64	0	24	
BACT000003	209	0	27	
BACT000004	18	0	16	
BACT000005	38	0	17	
BACT000006	1	0	12	
BACT000007	5	0	13	
BACT000008	11	0	10	
BACT000009	6	0	23	
BACT000010	1	0	6	
BACT000011	15	0	13	
BACT000012	2	0	14	
BACT000013	3	0	13	
BACT000014	1	2096	2	
BACT000015	1	0	9	
BACT000016	23	0	21	
BACT000017	9	0	16	
BACT000018	0	1770	3	
BACT000019	0	0	10	
BACT000020	2	0	11	
BACT000021	2304	0	0	
BACT000030	20	624	19	
BACT000031	2	0	15	
BACT000032	4	0	13	
BACT000033	53	0	20	
BACT000034	5	0	18	
BACT000035	3	0	17	
BACT000036	142	0	14	
BACT000038	10	0	14	
BACT000039	7	0	16	
BACT000040	271	0	12	
BACT000042	3	0	18	
BACT000043	0	0	16	
BACT000044	15	0	10	
BACT000045	10	0	13	
BACT000046	3	0	23	
BACT000047	27	0	8	
BACT000048	0	0	14	
BACT000049	1	0	13	
BACT000050	9	0	11	
BACT000051	67	0	14	
BACT000052	1	0	8	
BACT000053	2	0	7	
BACT000056	3	0	8	
BACT000057	1	2239	3	
BACT000058	1	0	11	
BACT000059	0	0	4	
BACT000060	2	0	4	
BACT000061	5	0	11	
BACT000062	1	1932	7	
BACT000063	1	0	6	
BACT000064	1	0	9	
BACT000065	2	0	1	
MYCO000001	16	0	82	
MYCO000005	14	0	97	
MYCO000006	22	0	137	
MYCO000009	5	0	17	
MYCO000011	6	0	12	
MYCO000013	2	0	38	
MYCO000015	496	0	47	
MYCO000016	32	0	52	
MYCO000017	30	0	44	
MYCO000019	3	0	24	
MYCO000038	150	0	18	
MYCO000046	4	0	46	
MYCO000047	11	0	25	
MYCO000049	14	0	21	
MYCO000050	250	0	99	
MYCO000051	193	0	69	
MYCO000054	87	0	19	
MYCO000066	13	0	79	
MYCO000068	62	0	51	
MYCO000129	20	0	23	
MYCO000183	108	0	27	
MYCO000184	114	0	20	
MYCO000189	287	0	41	
MYCO000198	20	0	79	
MYCO000204	65	0	31	
MYCO000207	9	0	25	
MYCO000211	25	0	74	
MYCO000223	229	0	47	
MYCO000225	16	0	26	
MYCO000227	246	0	41	
MYCO000228	41	0	37	
MYCO000236	520	0	101	
MYCO000237	62	0	48	
MYCO000238	7	0	24	
MYCO000241	15	0	39	
MYCO000242	391	0	40	
MYCO000243	187	0	39	
MYCO000244	45	1137	50	
MYCO000247	6	0	19	
MYCO000248	11	0	40	
MYCO000270	22	0	67	
MYCO000274	146	0	26	
MYCO000321	4	0	13	
MYCO000322	20	0	37	
MYCO000334	4	0	19	
MYCO000337	19	0	30	
MYCO000350	29	0	35	
MYCO000352	232	0	33	
MYCO000357	9	0	31	
MYCO000360	86	0	18	
MYCO000383	424	0	20	
MYCO000384	292	0	60	
MYCO000407	92	0	31	
MYCO000410	68	0	63	
MYCO000411	49	0	27	
MYCO000414	476	0	19	
MYCO000415	492	0	29	
MYCO000417	155	551	25	
MYCO000423	16	0	34	
MYCO000429	7	0	19	
MYCO000432	4	0	19	
MYCO000433	11	0	27	
MYCO000439	86	0	28	
MYCO000440	24	0	31	
MYCO000462	6	0	26	
MYCO000465	23	0	53	
MYCO000466	9	0	17	
MYCO000467	8	0	28	
MYCO000468	24	0	17	
MYCO000472	4	0	18	
MYCO000475	57	0	24	
MYCO000483	25	0	26	
MYCO000484	28	0	26	
MYCO000486	128	0	42	
MYCO000489	330	0	18	
MYCO000490	28	0	30	
MYCO000491	5	0	13	
MYCO000495	6	0	24	
MYCO000496	28	0	28	
MYCO000498	31	0	29	
MYCO000501	13	0	28	
MYCO000502	14	0	20	
MYCO000505	547	0	23	
MYCO000509	50	0	46	
MYCO000510	41	0	26	
MYCO000512	43	0	28	
MYCO000524	190	0	30	
MYCO000527	62	0	21	
MYCO000528	337	0	36	
MYCO000529	69	0	34	
MYCO000548	15	0	20	
MYCO000551	74	0	56	
MYCO000553	213	0	27	
MYCO000555	215	0	31	
MYCO000557	28	0	47	
MYCO000558	108	0	19	
MYCO000562	9	0	33	
MYCO000563	45	0	28	
MYCO000564	28	0	35	
MYCO000566	4	0	17	
MYCO000636	5	0	18	
MYCO000639	95	0	16	
MYCO000647	86	0	37	
MYCO000655	15	0	34	
MYCO000667	121	0	170	
MYCO000668	86	0	167	
MYCO000672	95	0	66	
MYCO000684	35	0	55	
MYCO000685	10	0	17	
MYCO000693	206	0	31	
MYCO000696	35	0	41	
MYCO000732	6	0	35	
MYCO000733	4	0	14	
MYCO000734	237	0	12	
MYCO000757	5	0	21	
MYCO000758	50	0	90	
MYCO000772	66	0	39	
MYCO000777	22	0	25	
MYCO000780	7	0	22	
MYCO000782	2247	0	4	
MYCO000788	57	0	17	
MYCO000803	55	0	60	
MYCO000808	41	0	41	
MYCO000809	3	0	23	
MYCO000810	0	0	5	
MYCO000814	452	9	13	
MYCO000815	35	4	29	
MYCO000820	8	0	18	
MYCO000821	12	0	13	
MYCO000823	41	0	35	
MYCO000824	6	0	21	
MYCO000859	33	0	50	
MYCO000860	145	0	63	
MYCO000861	16	0	44	
MYCO000871	7	0	8	
MYCO000876	1	0	47	
MYCO000884	8	0	33	
MYCO000885	33	0	22	
MYCO000886	521	0	39	
MYCO000889	453	0	33	
MYCO000896	33	0	34	
MYCO000902	16	0	14	
MYCO000903	6	0	9	
MYCO000906	585	0	33	
MYCO000926	10	0	48	
MYCO000927	93	0	21	
MYCO000929	199	0	20	
MYCO000946	25	0	47	
MYCO000949	100	0	71	
MYCO000951	17	0	30	
MYCO000952	41	0	25	
MYCO000953	160	0	36	
MYCO000957	223	0	35	
MYCO000981	26	0	20	
MYCO000983	276	0	44	
MYCO000993	68	0	23	
MYCO000994	149	0	37	
MYCO000995	9	0	19	
MYCO001001	20	0	45	
MYCO001002	34	0	43	
MYCO001007	6	0	39	
MYCO001008	120	0	23	
MYCO001009	112	0	25	
MYCO001010	44	0	26	
MYCO001011	13	0	24	
MYCO001013	27	0	39	
MYCO001014	16	0	24	
MYCO001015	14	0	19	
MYCO001017	2	0	21	
MYCO001018	20	0	45	
MYCO001020	251	0	98	
MYCO001022	112	0	20	
MYCO001023	73	0	40	
MYCO001026	150	0	30	
MYCO001070	6	0	17	
MYCO001071	11	0	35	
MYCO001072	2	0	21	
MYCO001077	35	0	44	
MYCO001079	38	0	25	
MYCO001080	121	0	10	
MYCO001082	17	0	21	
MYCO001086	33	0	30	
MYCO001092	57	0	25	
MYCO001094	37	0	14	
MYCO001095	51	0	32	
MYCO001098	37	0	26	
MYCO001099	130	0	29	
MYCO001108	34	0	39	
MYCO001110	6	0	26	
MYCO001112	283	0	32	
MYCO001165	96	0	62	
MYCO001173	130	0	63	
MYCO001177	10	0	6	
MYCO001178	90	0	34	
MYCO001193	217	0	33	
MYCO001201	135	0	27	
MYCO001202	105	0	29	
MYCO001207	145	0	33	
MYCO001208	13	0	21	
MYCO001213	112	0	42	
MYCO001220	125	0	9	
MYCO001221	0	0	19	
MYCO001223	363	0	44	
MYCO001229	58	0	31	
MYCO001238	25	0	22	
MYCO001239	6	0	26	
MYCO001245	53	0	31	
MYCO001248	255	0	88	
MYCO001253	97	0	60	
MYCO001272	176	0	48	
MYCO001273	13	0	47	
MYCO001277	253	0	31	
MYCO001292	18	0	36	
MYCO001293	33	0	33	
MYCO001294	38	0	30	
MYCO001295	32	0	31	
MYCO001297	184	0	43	
MYCO001299	22	0	21	
MYCO001302	8	0	24	
MYCO001305	6	0	5	
MYCO001308	35	0	34	
MYCO001309	6	0	28	
MYCO001310	11	0	28	
MYCO001311	10	0	14	
MYCO001315	15	0	23	
MYCO001321	37	0	25	
MYCO001323	51	0	34	
MYCO001326	26	0	55	
MYCO001327	40	0	40	
MYCO001328	74	0	75	
MYCO001338	63	0	20	
MYCO001340	29	0	18	
MYCO001380	28	0	26	
MYCO001381	235	0	31	
MYCO001383	17	0	28	
MYCO001384	211	0	104	
MYCO001385	359	0	25	
MYCO001388	2	0	16	
MYCO001390	1	0	7	
MYCO001391	402	0	43	
MYCO001392	222	0	48	
MYCO001402	929	0	42	
MYCO001407	311	0	50	
MYCO001408	67	0	16	
MYCO001410	7	0	32	
MYCO001412	13	0	20	
MYCO001415	11	0	26	
MYCO001416	4	0	17	
MYCO001420	17	0	46	
MYCO001421	11	0	24	
MYCO001436	3	0	26	
MYCO001437	24	0	24	
MYCO001438	6	0	19	
MYCO001440	10	0	10	
MYCO001445	131	0	27	
MYCO001447	265	0	49	
MYCO001448	27	0	36	
MYCO001449	118	0	53	
MYCO001451	50	0	31	
MYCO001457	5	0	21	
MYCO001458	12	0	30	
MYCO001462	28	0	38	
MYCO001463	9	0	22	
MYCO001464	113	0	35	
MYCO001465	6	0	10	
MYCO001466	2	0	8	
MYCO001467	45	1143	40	
MYCO001473	20	0	37	
MYCO001474	69	0	15	
MYCO001475	9	0	58	
MYCO001479	49	0	27	
MYCO001480	67	0	29	
MYCO001481	12	0	26	
MYCO001483	57	0	12	
MYCO001484	15	0	24	
MYCO001485	66	0	21	
MYCO001493	358	0	48	
MYCO001536	69	0	88	
MYCO001540	11	0	29	
MYCO001547	83	0	70	
MYCO001557	378	0	39	
MYCO001559	487	0	45	
MYCO001564	28	0	56	
MYCO001568	136	0	33	
MYCO001569	442	0	22	
MYCO001589	9	0	22	
MYCO001593	3	0	19	
MYCO001594	26	0	28	
MYCO001595	249	0	46	
MYCO001599	199	0	31	
MYCO001600	4	0	34	
MYCO001601	0	0	16	
MYCO001603	3	0	22	
MYCO001605	10	0	22	
MYCO001609	53	0	45	
MYCO001611	35	0	22	
MYCO001612	6	0	36	
MYCO001617	31	0	39	
MYCO001626	12	0	13	
MYCO001627	70	0	24	
MYCO001629	75	0	82	
MYCO001633	302	0	63	
MYCO001638	97	0	77	
MYCO001641	2304	0	0	
MYCO001649	177	0	22	
MYCO001652	125	0	26	
MYCO001653	398	0	22	
MYCO001654	58	0	17	
MYCO001655	246	0	27	
MYCO001656	187	0	21	
MYCO001657	210	0	15	
MYCO001658	64	0	34	
MYCO001659	208	0	34	
MYCO001689	8	0	28	
MYCO001694	71	0	20	
MYCO001695	2	0	24	
MYCO001697	3	0	15	
MYCO001699	11	0	59	
MYCO001701	29	0	19	
MYCO001708	12	0	20	
MYCO001709	0	0	29	
MYCO001711	0	0	27	
MYCO001712	14	0	25	
MYCO001713	93	0	33	
MYCO001821	23	0	68	
MYCO001827	3	0	14	
MYCO001829	18	0	18	
MYCO001830	9	0	35	
MYCO001832	63	0	82	
MYCO001837	54	0	52	
MYCO001842	53	0	42	
MYCO001843	58	0	44	
MYCO001844	35	0	52	
MYCO001854	23	0	41	
MYCO001886	40	0	35	
MYCO001894	98	0	40	
MYCO001981	10	0	14	
MYCO002050	2	0	8	
MYCO002089	163	0	35	
MYCO002090	2249	0	8	
MYCO002092	267	0	74	
MYCO002093	28	0	23	
MYCO002096	11	0	34	
MYCO002097	44	0	26	
MYCO002109	12	0	25	
MYCO002110	23	0	31	
MYCO002111	59	0	9	
MYCO002112	987	0	36	
MYCO002115	24	0	56	
MYCO002118	4	0	16	
MYCO002119	13	0	34	
MYCO002121	30	0	19	
MYCO002122	1	0	9	
MYCO002125	25	0	18	
MYCO002130	285	0	21	
MYCO002134	12	0	18	
MYCO002139	41	0	25	
MYCO002140	2	0	16	
MYCO002141	46	0	45	
MYCO002145	34	0	20	
MYCO002150	141	0	24	
MYCO002151	151	0	16	
MYCO002153	450	0	36	
MYCO002154	478	0	25	
MYCO002155	363	0	50	
MYCO002156	11	0	35	
MYCO002157	987	0	36	
MYCO002163	101	0	41	
MYCO002166	11	0	10	
MYCO002170	258	0	19	
MYCO002176	61	0	32	
MYCO002178	9	0	22	
MYCO002179	42	0	10	
MYCO002182	14	0	17	
MYCO002186	2	0	8	
MYCO002187	635	0	36	
MYCO002188	23	0	43	
MYCO002192	62	0	25	
MYCO002193	5	0	12	
MYCO002194	19	0	24	
MYCO002195	10	0	31	
MYCO002196	12	0	40	
MYCO002199	0	0	10	
MYCO002200	16	0	23	
MYCO002201	83	0	38	
MYCO002202	107	0	31	
MYCO002210	45	0	32	
MYCO002211	59	0	40	
MYCO002213	114	0	58	
MYCO002216	18	0	42	
MYCO002217	118	0	26	
MYCO002218	89	0	30	
MYCO002219	63	0	20	
MYCO002220	16	0	37	
MYCO002221	500	0	70	
MYCO002222	27	0	38	
MYCO002225	72	0	34	
MYCO002228	32	0	34	
MYCO002230	136	0	31	
MYCO002235	42	0	29	
MYCO002239	1	0	11	
MYCO002241	283	0	50	
MYCO002242	93	0	29	
MYCO002243	247	0	24	
MYCO002244	3	0	3	
MYCO002245	42	0	26	
MYCO002246	26	0	25	
MYCO002247	101	0	35	
MYCO002257	23	0	28	
MYCO002259	114	0	24	
MYCO002315	390	0	38	
MYCO002343	107	0	49	
MYCO002344	342	0	31	
MYCO002357	9	0	24	
MYCO002361	6	0	16	
MYCO002362	57	0	20	
MYCO002364	5	0	25	
MYCO002366	8	0	37	
MYCO002367	2	0	15	
MYCO002368	28	0	28	
MYCO002373	34	0	31	
MYCO002374	66	0	33	
MYCO002399	29	0	24	
MYCO002400	32	0	35	
MYCO002402	34	0	70	
MYCO002404	15	0	55	
MYCO002409	11	0	22	
MYCO002410	6	0	20	
MYCO002411	64	0	46	
MYCO002413	87	0	25	
MYCO002420	91	0	18	
MYCO002421	0	0	12	
MYCO002425	177	0	29	
MYCO002426	657	0	38	
MYCO002427	187	0	30	
MYCO002439	338	0	23	
MYCO002440	54	0	53	
MYCO002445	11	0	8	
MYCO002447	33	0	43	
MYCO002448	105	0	72	
MYCO002454	12	0	34	
MYCO002455	38	0	35	
MYCO002457	18	0	27	
MYCO002460	2	0	14	
MYCO002461	3	0	12	
MYCO002462	153	0	32	
MYCO002465	28	0	12	
MYCO002466	23	0	22	
MYCO002467	50	0	71	
MYCO002470	5	0	15	
MYCO002477	12	0	35	
MYCO002500	7	0	29	
MYCO002502	26	0	50	
MYCO002509	7	0	29	
MYCO002511	10	0	12	
MYCO002518	272	0	30	
MYCO002521	1	0	12	
MYCO002523	19	0	8	
MYCO002524	650	0	167	
MYCO002533	7	0	16	
MYCO002534	0	0	13	
MYCO002538	110	0	32	
MYCO002540	513	0	32	
MYCO002555	44	0	51	
MYCO002559	192	0	29	
MYCO002568	23	0	36	
MYCO002572	72	0	37	
MYCO002575	43	0	33	
MYCO002580	103	0	27	
MYCO002582	22	0	23	
MYCO002583	60	0	49	
MYCO002587	350	0	40	
MYCO002589	63	0	41	
MYCO002592	94	0	25	
MYCO002593	46	0	19	
MYCO002594	1	0	10	
MYCO002603	4	0	22	
MYCO002606	20	0	22	
MYCO002610	56	0	32	
MYCO002611	38	0	32	
MYCO002612	3	0	22	
MYCO002613	4	0	9	
MYCO002614	38	0	44	
MYCO002670	10	0	27	
MYCO002673	263	571	28	
MYCO002676	14	0	14	
MYCO002678	191	0	30	
MYCO002682	47	0	38	
MYCO002696	56	0	26	
MYCO002697	4	0	12	
MYCO002699	0	0	7	
MYCO002702	8	0	31	
MYCO002703	69	0	37	
MYCO002708	3	0	9	
MYCO002710	41	0	23	
MYCO002711	16	0	21	
MYCO002714	14	0	27	
MYCO002715	318	0	33	
MYCO002720	9	0	29	
MYCO002724	33	0	51	
MYCO002725	64	0	28	
MYCO002726	24	0	25	
MYCO002727	127	0	29	
MYCO002731	247	0	29	
MYCO002733	522	0	35	
MYCO002744	65	0	20	
MYCO002748	211	0	67	
MYCO002750	37	0	29	
MYCO002753	11	0	36	
MYCO002754	16	0	20	
MYCO002764	39	0	28	
MYCO002773	11	0	17	
MYCO002782	167	0	40	
MYCO002783	77	0	52	
MYCO002788	234	0	13	
MYCO002794	13	0	22	
MYCO002795	49	0	28	
MYCO002828	1038	279	34	
MYCO002838	32	0	11	
MYCO002839	886	0	50	
MYCO002841	14	0	34	
MYCO002846	4	0	39	
MYCO002847	52	0	36	
MYCO002861	10	0	16	
MYCO002864	30	0	31	
MYCO002868	6	0	29	
MYCO002870	44	0	22	
MYCO002882	6	0	23	
MYCO002883	2	0	19	
MYCO002889	42	0	20	
MYCO002894	285	0	17	
MYCO002901	1	0	8	
MYCO002902	122	0	20	
MYCO002915	42	0	40	
MYCO002916	177	0	33	
MYCO002917	347	0	44	
MYCO002918	138	0	72	
MYCO002919	2	0	10	
MYCO002921	67	0	26	
MYCO002927	13	0	22	
MYCO002965	2	0	8	
MYCO002967	137	0	60	
MYCO002976	36	0	25	
MYCO002981	105	0	35	
MYCO002982	12	0	33	
MYCO002984	24	0	37	
MYCO002988	51	0	28	
MYCO002992	70	0	50	
MYCO002993	6	0	22	
MYCO002995	82	0	32	
MYCO002996	142	0	48	
MYCO003001	16	0	22	
MYCO003003	101	0	42	
MYCO003006	69	0	20	
MYCO003009	14	0	35	
MYCO003010	215	0	24	
MYCO003011	413	0	25	
MYCO003014	204	0	52	
MYCO003024	96	0	34	
MYCO003025	61	0	26	
MYCO003027	22	0	30	
MYCO003028	276	0	23	
MYCO003029	10	0	22	
MYCO003031	113	0	42	
MYCO003032	228	0	24	
MYCO003034	8	0	19	
MYCO003038	4	0	24	
MYCO003042	34	0	26	
MYCO003043	6	0	30	
MYCO003045	3	0	26	
MYCO003048	10	0	28	
MYCO003049	52	0	54	
MYCO003051	19	0	39	
MYCO003052	10	0	8	
MYCO003053	1	0	5	
MYCO003054	79	0	23	
MYCO003057	8	0	24	
MYCO003085	135	0	29	
MYCO003100	6	0	16	
MYCO003101	11	0	24	
MYCO003102	2	0	20	
MYCO003105	98	0	28	
MYCO003117	35	4	29	
MYCO003118	452	9	13	
MYCO003139	12	0	41	
MYCO003140	10	0	41	
MYCO003193	42	0	75	
MYCO003194	1	0	25	
MYCO003195	192	0	47	
MYCO003197	19	0	33	
MYCO003198	153	0	53	
MYCO003205	18	0	23	
MYCO003206	10	0	39	
MYCO003207	12	0	23	
MYCO003208	30	0	21	
MYCO003211	169	0	53	
MYCO003213	7	0	24	
MYCO003214	13	0	29	
MYCO003219	3	0	6	
MYCO003220	13	0	34	
MYCO003221	0	0	11	
MYCO003223	0	0	21	
MYCO003228	208	0	29	
MYCO003229	16	0	49	
MYCO003240	244	0	62	
MYCO003241	109	0	21	
MYCO003245	7	0	42	
MYCO003246	7	0	12	
MYCO003248	20	0	40	
MYCO003252	106	0	30	
MYCO003255	51	0	27	
MYCO003257	112	0	29	
MYCO003258	147	0	7	
MYCO003261	8	0	30	
MYCO003262	123	0	30	
MYCO003264	11	0	25	
MYCO003265	56	0	23	
MYCO003267	164	0	28	
MYCO003274	2	0	28	
MYCO003275	57	0	18	
MYCO003276	51	0	30	
MYCO003277	4	0	18	
MYCO003280	19	0	41	
MYCO003285	71	0	38	
MYCO003290	13	0	30	
MYCO003296	677	0	115	
MYCO003302	36	0	36	
MYCO003303	2280	0	2	
MYCO003304	23	0	8	
MYCO003305	42	0	32	
MYCO003306	149	0	39	
MYCO003313	13	0	17	
MYCO003317	9	0	17	
MYCO003318	109	0	41	
MYCO003319	26	0	28	
MYCO003328	172	0	33	
MYCO003329	27	0	48	
MYCO003330	225	0	28	
MYCO003336	11	0	24	
MYCO003340	15	0	34	
MYCO003341	290	0	32	
MYCO003356	10	0	25	
MYCO003392	25	1738	14	
MYCO003396	38	0	39	
MYCO003409	59	0	41	
MYCO003410	399	0	21	
MYCO003411	90	0	42	
MYCO003412	5	0	16	
MYCO003417	5	1288	35	
MYCO003418	0	0	7	
MYCO003419	88	0	26	
MYCO003422	2	0	15	
MYCO003432	19	0	25	
MYCO003433	806	0	21	
MYCO003436	560	0	40	
MYCO003441	251	0	40	
MYCO003455	101	0	21	
MYCO003457	11	0	34	
MYCO003462	6	0	11	
MYCO003464	7	0	27	
MYCO003490	28	0	49	
MYCO003500	12	0	27	
MYCO003501	12	0	20	
MYCO003504	13	0	29	
MYCO003520	23	0	33	
MYCO003570	7	0	19	
MYCO003571	25	0	25	
MYCO003579	330	0	38	
MYCO003580	43	0	24	
MYCO003583	2	0	13	
MYCO003589	530	0	21	
MYCO003592	5	0	12	
MYCO003596	176	0	62	
MYCO003598	19	0	34	
MYCO003600	19	0	20	
MYCO003601	23	0	12	
MYCO003609	2	0	13	
MYCO003610	220	0	48	
MYCO003624	6	0	22	
MYCO003628	7	0	16	
MYCO003644	115	0	39	
MYCO003646	348	0	82	
MYCO003647	37	0	15	
MYCO003648	5	0	19	
MYCO003668	6	0	18	
MYCO003670	103	0	25	
MYCO003674	5	0	19	
MYCO003676	4	0	18	
MYCO003677	25	0	27	
MYCO003679	9	0	34	
MYCO003680	55	0	26	
MYCO003682	67	0	63	
MYCO003683	46	0	29	
MYCO003684	28	0	17	
MYCO003695	17	0	35	
MYCO003696	91	0	55	
MYCO003705	3	0	20	
MYCO003707	63	0	34	
MYCO003708	62	0	29	
MYCO003709	47	0	29	
MYCO003710	917	0	31	
MYCO003711	19	0	43	
MYCO003712	282	0	25	
MYCO003713	22	0	19	
MYCO003715	3	0	16	
MYCO003717	2	0	23	
MYCO003718	1	0	10	
MYCO003719	13	0	41	
MYCO003720	65	0	33	
MYCO003721	191	0	45	
MYCO003722	9	0	37	
MYCO003765	251	0	31	
MYCO003774	10	0	35	
MYCO003775	31	0	55	
MYCO003777	125	0	36	
MYCO003778	25	0	35	
MYCO003780	205	0	16	
MYCO003781	5	0	12	
MYCO003782	21	0	29	
MYCO003783	25	0	22	
MYCO003790	10	0	38	
MYCO003791	27	0	31	
MYCO003793	383	0	98	
MYCO003794	112	0	116	
MYCO003795	104	0	171	
MYCO003799	12	0	39	
MYCO003801	18	0	49	
MYCO003802	37	0	31	
MYCO003804	23	0	31	
MYCO003806	5	0	47	
MYCO003808	137	0	46	
MYCO003809	2	0	28	
MYCO003816	166	0	31	
MYCO003834	63	0	31	
MYCO003835	295	0	36	
MYCO003842	55	0	46	
MYCO003847	876	0	20	
MYCO003849	4	0	10	
MYCO003858	25	0	35	
MYCO003859	232	0	117	
MYCO003907	18	0	57	
MYCO003908	78	0	25	
MYCO003913	39	0	59	
MYCO003915	6	0	58	
MYCO003917	4	0	55	
MYCO003918	8	0	57	
MYCO003920	6	0	30	
MYCO003921	11	0	53	
MYCO013678	1	0	13	
MYCO000002	21	0	65	
MYCO000003	18	0	51	
MYCO000004	8	0	42	
MYCO000007	236	0	77	
MYCO000008	9	0	28	
MYCO000010	7	0	49	
MYCO000012	16	0	45	
MYCO000014	10	0	78	
MYCO000018	115	0	62	
MYCO000020	112	0	85	
MYCO000021	325	0	48	
MYCO000022	21	0	28	
MYCO000023	21	0	41	
MYCO000024	690	0	36	
MYCO000025	236	0	28	
MYCO000026	66	0	69	
MYCO000027	13	0	14	
MYCO000028	7	0	15	
MYCO000029	165	0	62	
MYCO000030	486	0	21	
MYCO000031	20	0	11	
MYCO000032	708	0	78	
MYCO000033	6	0	11	
MYCO000034	4	0	19	
MYCO000035	32	0	93	
MYCO000036	45	0	41	
MYCO000037	28	0	55	
MYCO000039	92	0	15	
MYCO000040	36	0	41	
MYCO000041	215	0	113	
MYCO000042	158	0	43	
MYCO000043	18	0	31	
MYCO000044	276	0	37	
MYCO000045	1032	0	36	
MYCO000048	14	0	46	
MYCO000052	71	9	32	
MYCO000057	9	1335	37	
MYCO000058	35	0	85	
MYCO000059	11	0	32	
MYCO000060	6	0	30	
MYCO000061	528	0	15	
MYCO000062	106	0	52	
MYCO000063	169	0	73	
MYCO000064	940	0	90	
MYCO000065	6	0	9	
MYCO000067	7	0	25	
MYCO000069	47	0	48	
MYCO000070	9	1292	38	
MYCO000071	631	0	44	
MYCO000072	544	0	33	
MYCO000073	13	959	36	
MYCO000074	883	0	43	
MYCO000075	107	0	43	
MYCO000076	6	0	12	
MYCO000077	29	0	32	
MYCO000078	26	0	17	
MYCO000079	36	0	28	
MYCO000080	46	0	30	
MYCO000081	3	0	23	
MYCO000082	590	0	21	
MYCO000083	821	0	46	
MYCO000084	14	0	32	
MYCO000085	140	0	29	
MYCO000086	182	0	52	
MYCO000087	151	0	48	
MYCO000088	12	0	22	
MYCO000089	21	0	30	
MYCO000090	33	0	35	
MYCO000091	40	0	24	
MYCO000092	112	0	80	
MYCO000093	66	0	36	
MYCO000094	2226	33	28	
MYCO000095	991	0	126	
MYCO000096	242	0	53	
MYCO000097	5	0	14	
MYCO000098	6	0	20	
MYCO000099	664	0	47	
MYCO000100	4	0	7	
MYCO000101	88	0	232	
MYCO000102	63	0	68	
MYCO000103	97	0	70	
MYCO000104	720	0	51	
MYCO000106	40	0	34	
MYCO000107	2279	0	3	
MYCO000108	10	0	9	
MYCO000109	724	0	44	
MYCO000110	10	0	23	
MYCO000111	69	0	71	
MYCO000112	21	0	46	
MYCO000113	117	0	37	
MYCO000114	112	0	21	
MYCO000115	298	0	45	
MYCO000116	13	0	30	
MYCO000117	11	0	36	
MYCO000118	69	0	67	
MYCO000119	54	0	61	
MYCO000120	57	0	85	
MYCO000121	73	0	23	
MYCO000122	8	0	6	
MYCO000123	5	0	11	
MYCO000124	2240	0	2	
MYCO000125	121	0	36	
MYCO000126	21	0	59	
MYCO000127	18	0	34	
MYCO000128	24	0	22	
MYCO000130	4	0	24	
MYCO000131	14	0	40	
MYCO000132	87	0	27	
MYCO000133	262	0	33	
MYCO000134	762	0	20	
MYCO000135	4	0	16	
MYCO000136	229	0	59	
MYCO000137	269	0	19	
MYCO000138	248	0	19	
MYCO000139	18	0	33	
MYCO000140	5	0	16	
MYCO000141	6	0	18	
MYCO000142	349	0	35	
MYCO000143	138	0	63	
MYCO000144	139	0	25	
MYCO000145	125	0	30	
MYCO000146	407	0	33	
MYCO000147	85	0	59	
MYCO000148	23	0	21	
MYCO000149	425	0	31	
MYCO000150	19	0	15	
MYCO000151	150	0	68	
MYCO000152	45	0	66	
MYCO000153	42	0	30	
MYCO000154	22	0	26	
MYCO000155	58	0	27	
MYCO000156	2	0	15	
MYCO000157	181	0	43	
MYCO000158	8	0	23	
MYCO000159	177	0	57	
MYCO000160	24	0	52	
MYCO000161	67	0	47	
MYCO000162	115	0	37	
MYCO000163	1	0	24	
MYCO000164	5	0	15	
MYCO000165	1138	0	9	
MYCO000166	38	0	58	
MYCO000167	3	1127	22	
MYCO000168	36	0	36	
MYCO000169	58	0	59	
MYCO000170	6	0	27	
MYCO000171	596	0	44	
MYCO000172	110	0	54	
MYCO000173	6	0	37	
MYCO000174	35	0	52	
MYCO000175	30	0	34	
MYCO000176	75	0	41	
MYCO000177	2	0	16	
MYCO000178	8	0	28	
MYCO000179	131	0	34	
MYCO000180	283	0	53	
MYCO000181	5	0	25	
MYCO000182	172	0	54	
MYCO000185	38	0	14	
MYCO000186	114	0	73	
MYCO000187	34	0	32	
MYCO000188	11	0	16	
MYCO000190	0	0	10	
MYCO000191	225	0	36	
MYCO000192	520	0	31	
MYCO000193	26	0	66	
MYCO000194	172	0	124	
MYCO000195	381	0	19	
MYCO000196	28	0	19	
MYCO000197	2304	0	0	
MYCO000199	3	0	21	
MYCO000200	33	0	18	
MYCO000201	171	0	11	
MYCO000202	74	0	95	
MYCO000203	97	0	15	
MYCO000205	304	0	37	
MYCO000206	130	0	69	
MYCO000208	18	0	18	
MYCO000209	160	0	40	
MYCO000210	204	0	36	
MYCO000212	29	0	34	
MYCO000213	16	0	43	
MYCO000214	38	0	62	
MYCO000215	259	0	34	
MYCO000216	27	0	30	
MYCO000217	204	0	31	
MYCO000218	663	0	37	
MYCO000219	0	0	25	
MYCO000220	92	0	35	
MYCO000221	238	0	37	
MYCO000222	46	0	26	
MYCO000224	27	0	14	
MYCO000226	131	0	61	
MYCO000229	7	0	26	
MYCO000230	9	0	49	
MYCO000231	28	0	45	
MYCO000232	12	0	28	
MYCO000233	224	0	25	
MYCO000234	118	0	38	
MYCO000235	39	0	67	
MYCO000239	6	0	8	
MYCO000240	7	0	18	
MYCO000245	13	0	18	
MYCO000246	93	0	42	
MYCO000249	11	0	23	
MYCO000250	5	0	9	
MYCO000251	4	0	26	
MYCO000252	36	0	94	
MYCO000253	15	0	13	
MYCO000254	26	0	11	
MYCO000255	199	0	44	
MYCO000256	617	0	47	
MYCO000257	284	0	19	
MYCO000258	24	0	18	
MYCO000259	5	0	28	
MYCO000260	35	0	41	
MYCO000261	33	0	56	
MYCO000262	8	0	15	
MYCO000263	206	0	25	
MYCO000264	48	0	23	
MYCO000265	10	0	39	
MYCO000266	571	0	95	
MYCO000267	240	0	38	
MYCO000268	23	0	18	
MYCO000269	47	0	32	
MYCO000271	81	0	72	
MYCO000272	40	0	42	
MYCO000273	33	0	25	
MYCO000275	229	0	38	
MYCO000276	101	627	29	
MYCO000277	73	930	48	
MYCO000278	2300	0	3	
MYCO000279	2177	0	46	
MYCO000280	988	0	56	
MYCO000281	103	0	30	
MYCO000282	32	0	56	
MYCO000283	194	0	50	
MYCO000284	414	0	114	
MYCO000285	71	0	9	
MYCO000286	662	0	49	
MYCO000287	8	8	8	
MYCO000288	2	0	17	
MYCO000289	49	0	42	
MYCO000290	362	0	60	
MYCO000291	309	0	36	
MYCO000292	22	0	31	
MYCO000293	59	0	39	
MYCO000294	59	0	37	
MYCO000295	8	0	20	
MYCO000296	33	0	34	
MYCO000297	1220	0	68	
MYCO000298	5	0	12	
MYCO000299	4	0	14	
MYCO000300	3	0	9	
MYCO000301	2	0	15	
MYCO000302	38	0	25	
MYCO000303	22	0	38	
MYCO000304	317	0	256	
MYCO000305	2265	0	7	
MYCO000306	8	0	22	
MYCO000307	9	0	19	
MYCO000308	4	0	28	
MYCO000309	18	0	12	
MYCO000310	1	0	13	
MYCO000311	13	0	44	
MYCO000312	187	0	52	
MYCO000313	1	0	18	
MYCO000314	84	0	31	
MYCO000315	534	0	30	
MYCO000316	200	0	21	
MYCO000317	32	0	26	
MYCO000318	17	0	20	
MYCO000319	26	0	24	
MYCO000320	5	0	19	
MYCO000323	246	0	27	
MYCO000324	10	0	26	
MYCO000325	1115	0	3	
MYCO000326	115	0	18	
MYCO000327	130	0	38	
MYCO000328	6	0	15	
MYCO000329	63	0	23	
MYCO000330	17	0	29	
MYCO000331	129	0	51	
MYCO000332	20	0	29	
MYCO000333	3	0	17	
MYCO000335	304	0	15	
MYCO000336	2011	247	15	
MYCO000338	433	0	65	
MYCO000339	322	0	84	
MYCO000340	6	0	22	
MYCO000341	693	0	33	
MYCO000342	62	0	48	
MYCO000343	93	0	52	
MYCO000344	11	0	17	
MYCO000345	3	0	16	
MYCO000346	97	0	36	
MYCO000347	4	9	21	
MYCO000348	4	0	15	
MYCO000349	9	0	21	
MYCO000351	57	0	18	
MYCO000353	2	0	13	
MYCO000354	2302	0	1	
MYCO000355	1392	0	214	
MYCO000356	184	0	26	
MYCO000358	613	0	20	
MYCO000359	31	0	30	
MYCO000361	8	0	24	
MYCO000362	15	0	54	
MYCO000363	23	0	35	
MYCO000364	7	0	26	
MYCO000365	64	0	34	
MYCO000366	36	0	18	
MYCO000367	13	0	13	
MYCO000368	93	0	45	
MYCO000369	8	0	16	
MYCO000370	16	0	43	
MYCO000371	18	0	15	
MYCO000372	48	0	31	
MYCO000373	91	0	88	
MYCO000374	10	0	20	
MYCO000375	232	0	22	
MYCO000376	189	0	39	
MYCO000377	180	0	37	
MYCO000378	319	0	8	
MYCO000379	8	0	11	
MYCO000380	31	0	18	
MYCO000381	28	0	27	
MYCO000382	11	0	8	
MYCO000385	4	0	24	
MYCO000386	197	0	104	
MYCO000387	821	0	15	
MYCO000388	2301	0	2	
MYCO000389	294	0	41	
MYCO000390	3	0	10	
MYCO000391	40	0	29	
MYCO000392	130	0	55	
MYCO000393	708	0	71	
MYCO000394	26	0	25	
MYCO000395	379	0	12	
MYCO000396	15	0	15	
MYCO000397	349	764	59	
MYCO000398	134	0	18	
MYCO000399	39	0	50	
MYCO000400	47	0	32	
MYCO000401	104	0	12	
MYCO000402	407	0	79	
MYCO000403	522	0	14	
MYCO000404	70	0	88	
MYCO000405	1111	0	113	
MYCO000406	23	0	29	
MYCO000408	14	0	65	
MYCO000409	16	0	34	
MYCO000412	21	0	42	
MYCO000413	59	0	21	
MYCO000416	1	0	8	
MYCO000418	17	0	44	
MYCO000419	39	0	48	
MYCO000420	3	0	25	
MYCO000421	13	0	23	
MYCO000422	9	0	24	
MYCO000424	1	0	11	
MYCO000425	533	0	114	
MYCO000426	37	0	20	
MYCO000427	26	0	33	
MYCO000428	110	0	24	
MYCO000430	31	0	7	
MYCO000431	15	0	10	
MYCO000434	14	0	23	
MYCO000435	151	0	66	
MYCO000436	155	0	25	
MYCO000437	112	0	14	
MYCO000438	38	0	30	
MYCO000441	140	0	17	
MYCO000442	49	0	45	
MYCO000443	72	0	15	
MYCO000444	360	0	29	
MYCO000445	10	0	17	
MYCO000446	512	0	19	
MYCO000447	88	0	45	
MYCO000448	43	0	17	
MYCO000449	32	0	27	
MYCO000450	28	0	73	
MYCO000451	6	0	15	
MYCO000452	3	0	16	
MYCO000453	567	0	27	
MYCO000454	9	0	11	
MYCO000455	1	0	14	
MYCO000456	23	0	34	
MYCO000457	256	0	47	
MYCO000458	170	0	51	
MYCO000459	69	0	31	
MYCO000460	2	0	9	
MYCO000461	27	0	25	
MYCO000463	34	0	9	
MYCO000464	1	0	17	
MYCO000469	45	0	40	
MYCO000470	18	0	16	
MYCO000471	40	0	26	
MYCO000473	17	0	33	
MYCO000474	4	0	14	
MYCO000476	6	0	9	
MYCO000477	28	0	11	
MYCO000478	11	0	20	
MYCO000479	233	0	21	
MYCO000480	68	0	19	
MYCO000481	14	0	16	
MYCO000482	15	0	28	
MYCO000485	46	0	36	
MYCO000487	73	0	25	
MYCO000488	12	0	22	
MYCO000492	301	0	57	
MYCO000493	68	0	43	
MYCO000494	51	0	23	
MYCO000497	282	0	25	
MYCO000499	57	0	20	
MYCO000500	204	0	25	
MYCO000503	4	0	13	
MYCO000504	2	0	10	
MYCO000506	13	0	6	
MYCO000507	196	0	108	
MYCO000508	0	0	6	
MYCO000511	358	0	41	
MYCO000513	30	0	12	
MYCO000514	18	0	18	
MYCO000515	2011	151	17	
MYCO000516	3	0	11	
MYCO000517	54	0	44	
MYCO000518	6	0	20	
MYCO000519	258	0	27	
MYCO000520	23	0	11	
MYCO000521	2	0	13	
MYCO000522	9	0	31	
MYCO000523	119	0	14	
MYCO000525	209	0	26	
MYCO000526	28	0	19	
MYCO000530	175	0	44	
MYCO000531	284	0	13	
MYCO000532	2161	0	6	
MYCO000533	46	0	21	
MYCO000534	81	0	31	
MYCO000535	32	0	24	
MYCO000536	358	0	24	
MYCO000537	177	0	53	
MYCO000538	553	0	73	
MYCO000539	901	0	16	
MYCO000540	185	0	16	
MYCO000541	80	0	35	
MYCO000542	288	0	25	
MYCO000543	0	0	7	
MYCO000544	203	0	11	
MYCO000545	70	0	36	
MYCO000546	7	0	13	
MYCO000547	133	0	33	
MYCO000549	27	0	19	
MYCO000550	6	0	8	
MYCO000552	477	0	39	
MYCO000554	148	0	23	
MYCO000556	3	0	13	
MYCO000559	38	0	9	
MYCO000560	10	0	22	
MYCO000561	141	0	22	
MYCO000565	91	0	60	
MYCO000567	34	0	32	
MYCO000568	72	0	41	
MYCO000569	5	0	10	
MYCO000570	134	0	67	
MYCO000571	210	0	39	
MYCO000572	10	0	14	
MYCO000573	131	0	50	
MYCO000574	118	0	30	
MYCO000575	145	0	33	
MYCO000576	150	0	41	
MYCO000577	172	0	26	
MYCO000578	1755	0	78	
MYCO000579	117	0	31	
MYCO000580	15	0	17	
MYCO000581	71	0	12	
MYCO000582	9	0	10	
MYCO000583	53	0	23	
MYCO000584	25	0	80	
MYCO000585	66	0	70	
MYCO000586	9	689	26	
MYCO000587	61	0	46	
MYCO000588	96	0	28	
MYCO000589	21	0	43	
MYCO000590	1121	0	13	
MYCO000591	163	0	52	
MYCO000592	402	0	36	
MYCO000593	27	0	38	
MYCO000594	131	0	53	
MYCO000595	14	0	12	
MYCO000596	17	0	6	
MYCO000597	8	0	33	
MYCO000598	9	0	18	
MYCO000599	3	1246	9	
MYCO000600	99	0	16	
MYCO000601	85	0	26	
MYCO000602	273	0	31	
MYCO000603	406	0	9	
MYCO000604	99	0	39	
MYCO000605	15	0	15	
MYCO000606	51	0	25	
MYCO000607	4	0	12	
MYCO000608	1	0	6	
MYCO000609	12	0	15	
MYCO000610	252	0	28	
MYCO000611	6	0	15	
MYCO000612	281	0	15	
MYCO000613	608	0	64	
MYCO000614	82	0	29	
MYCO000615	24	0	7	
MYCO000616	15	0	13	
MYCO000617	6	0	18	
MYCO000618	281	0	17	
MYCO000619	2304	0	0	
MYCO000620	601	0	34	
MYCO000621	283	0	25	
MYCO000622	4	0	32	
MYCO000623	3	0	6	
MYCO000624	5	0	16	
MYCO000625	157	0	25	
MYCO000626	13	0	10	
MYCO000627	18	0	9	
MYCO000628	187	1051	41	
MYCO000629	404	0	49	
MYCO000630	594	0	70	
MYCO000631	621	0	78	
MYCO000632	2	0	18	
MYCO000633	21	0	33	
MYCO000634	3	0	14	
MYCO000635	7	0	19	
MYCO000637	4	0	25	
MYCO000638	32	0	19	
MYCO000642	15	0	29	
MYCO000643	62	0	24	
MYCO000644	3	8	23	
MYCO000645	3	0	25	
MYCO000646	35	0	23	
MYCO000648	776	0	102	
MYCO000649	868	0	25	
MYCO000650	615	0	23	
MYCO000653	15	0	14	
MYCO000654	238	0	49	
MYCO000656	18	0	18	
MYCO000657	3	0	4	
MYCO000658	11	0	27	
MYCO000659	4	0	12	
MYCO000660	21	0	11	
MYCO000661	30	0	11	
MYCO000662	25	0	8	
MYCO000663	191	0	67	
MYCO000664	3	0	8	
MYCO000665	28	0	11	
MYCO000666	4	0	8	
MYCO000669	213	0	61	
MYCO000670	432	0	15	
MYCO000671	45	0	26	
MYCO000673	301	0	25	
MYCO000674	27	0	13	
MYCO000675	98	0	21	
MYCO000676	8	991	73	
MYCO000677	1	0	17	
MYCO000678	12	0	14	
MYCO000679	35	0	14	
MYCO000680	5	0	16	
MYCO000681	3	0	21	
MYCO000686	339	0	17	
MYCO000687	24	0	25	
MYCO000688	27	0	29	
MYCO000689	102	0	9	
MYCO000690	24	0	19	
MYCO000691	0	0	28	
MYCO000692	3	0	8	
MYCO000694	97	0	31	
MYCO000695	17	0	22	
MYCO000697	16	0	44	
MYCO000698	405	0	24	
MYCO000699	0	0	7	
MYCO000711	165	0	58	
MYCO000712	5	0	21	
MYCO000713	9	0	37	
MYCO000724	219	0	50	
MYCO000725	28	0	22	
MYCO000726	61	0	34	
MYCO000727	116	0	30	
MYCO000728	58	0	34	
MYCO000729	325	0	43	
MYCO000730	60	0	24	
MYCO000731	194	0	25	
MYCO000735	10	0	21	
MYCO000736	43	0	24	
MYCO000737	10	0	17	
MYCO000738	280	0	18	
MYCO000739	1153	0	10	
MYCO000740	570	0	26	
MYCO000741	12	256	15	
MYCO000742	2304	0	0	
MYCO000743	8	0	17	
MYCO000744	114	0	22	
MYCO000745	295	0	25	
MYCO000746	2084	0	19	
MYCO000747	2098	0	27	
MYCO000748	210	0	15	
MYCO000749	73	1061	36	
MYCO000750	531	819	21	
MYCO000751	79	0	25	
MYCO000752	58	0	39	
MYCO000753	117	0	45	
MYCO000754	622	0	46	
MYCO000755	279	0	75	
MYCO000756	58	0	23	
MYCO000759	0	0	9	
MYCO000760	80	0	11	
MYCO000761	17	0	26	
MYCO000762	9	0	18	
MYCO000763	5	0	7	
MYCO000764	13	0	39	
MYCO000765	50	0	20	
MYCO000766	579	0	34	
MYCO000767	169	0	19	
MYCO000768	27	0	48	
MYCO000769	7	0	21	
MYCO000770	135	0	20	
MYCO000771	38	0	17	
MYCO000773	41	0	58	
MYCO000774	78	0	34	
MYCO000775	29	0	22	
MYCO000776	92	0	24	
MYCO000778	124	0	31	
MYCO000779	706	0	15	
MYCO000781	2247	0	1	
MYCO000783	14	0	57	
MYCO000784	64	0	23	
MYCO000785	71	0	42	
MYCO000786	84	0	15	
MYCO000787	318	0	34	
MYCO000789	4	0	12	
MYCO000790	17	0	31	
MYCO000791	55	0	37	
MYCO000792	10	0	28	
MYCO000793	5	0	9	
MYCO000794	32	0	38	
MYCO000795	281	2	12	
MYCO000796	2304	0	0	
MYCO000797	2269	0	8	
MYCO000798	12	0	15	
MYCO000799	4	0	23	
MYCO000800	27	0	38	
MYCO000801	3	0	11	
MYCO000802	44	0	30	
MYCO000804	398	0	18	
MYCO000805	5	0	35	
MYCO000806	16	0	36	
MYCO000807	7	0	7	
MYCO000811	134	0	27	
MYCO000812	10	0	22	
MYCO000813	152	0	25	
MYCO000816	4	0	19	
MYCO000817	3	0	27	
MYCO000818	49	0	21	
MYCO000819	33	0	29	
MYCO000822	404	0	52	
MYCO000825	24	0	34	
MYCO000826	132	0	21	
MYCO000827	171	0	19	
MYCO000828	40	0	23	
MYCO000829	68	701	23	
MYCO000830	15	0	30	
MYCO000831	11	0	28	
MYCO000832	523	0	10	
MYCO000833	1845	0	39	
MYCO000834	1397	0	53	
MYCO000835	184	0	34	
MYCO000836	1143	0	11	
MYCO000837	66	0	31	
MYCO000838	24	0	18	
MYCO000839	32	0	16	
MYCO000840	37	0	21	
MYCO000841	26	0	11	
MYCO000842	117	0	39	
MYCO000843	10	0	41	
MYCO000844	48	0	29	
MYCO000845	28	0	41	
MYCO000846	96	0	40	
MYCO000847	287	0	12	
MYCO000848	35	0	40	
MYCO000849	306	0	45	
MYCO000850	12	0	7	
MYCO000851	166	0	21	
MYCO000852	14	0	34	
MYCO000853	77	0	47	
MYCO000854	8	0	18	
MYCO000855	60	0	33	
MYCO000856	4	0	11	
MYCO000857	10	0	11	
MYCO000858	113	0	43	
MYCO000862	184	0	74	
MYCO000863	8	0	7	
MYCO000864	11	0	17	
MYCO000865	16	0	9	
MYCO000866	167	0	15	
MYCO000867	1138	0	53	
MYCO000868	14	0	8	
MYCO000869	155	0	37	
MYCO000870	7	0	17	
MYCO000872	1033	0	55	
MYCO000873	38	0	44	
MYCO000874	188	1058	39	
MYCO000875	13	0	18	
MYCO000877	12	0	22	
MYCO000878	1657	0	34	
MYCO000879	56	0	14	
MYCO000880	33	0	15	
MYCO000881	16	0	28	
MYCO000882	24	0	11	
MYCO000883	68	0	18	
MYCO000887	9	0	10	
MYCO000888	524	0	48	
MYCO000890	91	0	93	
MYCO000891	67	0	23	
MYCO000892	20	0	61	
MYCO000893	23	0	47	
MYCO000894	26	0	48	
MYCO000895	64	0	44	
MYCO000897	462	0	47	
MYCO000898	1	0	7	
MYCO000899	4	0	24	
MYCO000900	7	0	5	
MYCO000901	110	0	22	
MYCO000904	357	0	36	
MYCO000905	15	0	23	
MYCO000907	2302	0	1	
MYCO000908	14	0	66	
MYCO000909	17	0	9	
MYCO000910	11	0	15	
MYCO000911	137	0	27	
MYCO000912	2	0	13	
MYCO000913	69	0	38	
MYCO000914	70	0	51	
MYCO000915	364	0	36	
MYCO000916	8	0	14	
MYCO000917	59	0	41	
MYCO000918	27	0	20	
MYCO000919	3	0	17	
MYCO000920	28	0	43	
MYCO000921	17	0	23	
MYCO000922	66	0	60	
MYCO000923	9	0	41	
MYCO000924	182	0	37	
MYCO000925	28	0	22	
MYCO000928	34	0	20	
MYCO000930	38	0	9	
MYCO000931	86	0	73	
MYCO000932	41	0	49	
MYCO000933	20	0	28	
MYCO000934	287	0	29	
MYCO000935	33	0	36	
MYCO000936	35	0	22	
MYCO000937	3	0	19	
MYCO000938	20	0	68	
MYCO000939	58	0	62	
MYCO000940	6	0	26	
MYCO000941	9	0	28	
MYCO000942	9	0	9	
MYCO000943	26	0	36	
MYCO000944	25	0	21	
MYCO000945	51	0	31	
MYCO000947	10	0	13	
MYCO000948	1	0	10	
MYCO000950	76	0	39	
MYCO000954	51	0	39	
MYCO000955	463	0	31	
MYCO000956	210	0	20	
MYCO000958	288	0	41	
MYCO000959	389	0	67	
MYCO000960	18	0	13	
MYCO000961	22	1389	9	
MYCO000962	114	0	20	
MYCO000963	147	0	26	
MYCO000964	16	0	14	
MYCO000965	6	0	22	
MYCO000966	240	0	19	
MYCO000967	16	0	9	
MYCO000968	17	0	14	
MYCO000969	533	0	66	
MYCO000970	5	0	22	
MYCO000971	240	0	22	
MYCO000972	34	0	49	
MYCO000973	137	0	75	
MYCO000974	90	0	57	
MYCO000975	209	0	35	
MYCO000976	270	0	48	
MYCO000977	1381	0	63	
MYCO000978	2136	0	44	
MYCO000979	10	0	10	
MYCO000980	2214	0	38	
MYCO000982	81	0	34	
MYCO000984	15	0	9	
MYCO000985	6	0	20	
MYCO000986	78	0	31	
MYCO000987	122	0	117	
MYCO000988	64	0	60	
MYCO000989	26	0	52	
MYCO000990	65	0	25	
MYCO000991	3	0	8	
MYCO000992	104	0	21	
MYCO000996	11	0	34	
MYCO000997	1	0	18	
MYCO000998	67	0	23	
MYCO000999	24	0	19	
MYCO001000	22	0	12	
MYCO001003	118	0	30	
MYCO001004	882	0	45	
MYCO001005	577	0	16	
MYCO001006	38	0	48	
MYCO001012	257	0	10	
MYCO001016	11	0	14	
MYCO001019	1	0	13	
MYCO001021	12	0	26	
MYCO001024	175	0	18	
MYCO001025	31	0	15	
MYCO001027	20	0	20	
MYCO001028	610	0	58	
MYCO001029	27	0	57	
MYCO001030	25	0	64	
MYCO001031	32	0	13	
MYCO001032	43	0	49	
MYCO001033	16	0	18	
MYCO001034	302	0	15	
MYCO001035	353	0	23	
MYCO001036	53	0	14	
MYCO001037	190	1062	112	
MYCO001038	1303	224	82	
MYCO001039	469	0	34	
MYCO001040	233	0	26	
MYCO001041	82	14	35	
MYCO001042	30	2	19	
MYCO001043	12	0	32	
MYCO001044	1	0	14	
MYCO001045	468	0	21	
MYCO001046	2302	0	1	
MYCO001047	2241	19	8	
MYCO001048	10	0	48	
MYCO001049	11	0	19	
MYCO001050	92	0	21	
MYCO001051	17	0	36	
MYCO001052	22	0	13	
MYCO001053	9	0	10	
MYCO001054	3	0	12	
MYCO001055	0	0	4	
MYCO001056	20	73	25	
MYCO001057	14	0	43	
MYCO001058	61	0	38	
MYCO001059	30	0	45	
MYCO001060	13	0	13	
MYCO001061	10	0	25	
MYCO001062	135	0	21	
MYCO001063	40	0	40	
MYCO001064	141	0	14	
MYCO001065	44	0	17	
MYCO001066	246	0	10	
MYCO001067	2288	0	12	
MYCO001068	2227	0	15	
MYCO001069	60	0	62	
MYCO001073	52	0	36	
MYCO001074	48	0	34	
MYCO001075	70	0	43	
MYCO001076	23	0	35	
MYCO001078	547	0	18	
MYCO001081	25	0	14	
MYCO001083	5	0	6	
MYCO001084	798	0	35	
MYCO001085	22	0	19	
MYCO001087	1940	0	53	
MYCO001088	199	0	17	
MYCO001089	2304	0	0	
MYCO001090	26	0	18	
MYCO001091	2112	0	46	
MYCO001093	30	0	38	
MYCO001096	33	0	27	
MYCO001097	9	0	35	
MYCO001100	18	0	24	
MYCO001101	62	0	31	
MYCO001102	9	0	7	
MYCO001103	4	0	6	
MYCO001104	8	0	27	
MYCO001105	18	0	15	
MYCO001106	49	0	19	
MYCO001107	0	0	7	
MYCO001109	7	0	17	
MYCO001111	22	0	31	
MYCO001113	1	0	3	
MYCO001114	2	0	10	
MYCO001115	40	0	36	
MYCO001116	8	0	8	
MYCO001117	3	0	7	
MYCO001118	124	0	26	
MYCO001119	7	0	5	
MYCO001120	8	0	18	
MYCO001121	45	0	44	
MYCO001122	212	0	25	
MYCO001123	24	0	28	
MYCO001124	44	0	29	
MYCO001125	267	0	36	
MYCO001126	8	0	17	
MYCO001127	11	0	41	
MYCO001128	757	0	39	
MYCO001129	15	0	61	
MYCO001130	29	0	49	
MYCO001131	6	0	32	
MYCO001132	387	0	46	
MYCO001133	295	0	43	
MYCO001134	151	0	11	
MYCO001135	691	0	59	
MYCO001136	1	0	11	
MYCO001137	14	0	11	
MYCO001138	32	0	25	
MYCO001139	172	0	24	
MYCO001140	9	0	17	
MYCO001141	22	1147	22	
MYCO001142	22	1290	18	
MYCO001143	33	0	27	
MYCO001144	34	0	19	
MYCO001145	1134	0	11	
MYCO001146	21	0	37	
MYCO001147	12	0	18	
MYCO001148	2228	15	21	
MYCO001149	30	1	19	
MYCO001150	2304	0	0	
MYCO001151	18	0	17	
MYCO001152	13	0	11	
MYCO001153	46	0	32	
MYCO001154	6	0	23	
MYCO001155	16	0	16	
MYCO001156	22	0	19	
MYCO001157	962	0	21	
MYCO001158	498	0	19	
MYCO001159	9	0	37	
MYCO001160	34	0	16	
MYCO001161	73	0	100	
MYCO001162	32	0	46	
MYCO001163	19	0	13	
MYCO001164	10	0	17	
MYCO001166	84	0	39	
MYCO001167	15	0	14	
MYCO001168	336	0	32	
MYCO001169	7	0	13	
MYCO001170	23	0	26	
MYCO001171	6	0	15	
MYCO001172	293	0	31	
MYCO001174	2	0	14	
MYCO001175	876	0	61	
MYCO001176	113	0	19	
MYCO001179	418	0	81	
MYCO001180	2299	0	1	
MYCO001181	121	0	135	
MYCO001182	15	0	26	
MYCO001183	19	0	85	
MYCO001184	15	0	30	
MYCO001185	30	0	41	
MYCO001186	174	0	54	
MYCO001187	236	0	38	
MYCO001188	121	0	32	
MYCO001189	42	0	26	
MYCO001190	285	0	21	
MYCO001191	403	0	27	
MYCO001192	233	0	17	
MYCO001194	26	0	44	
MYCO001195	11	0	7	
MYCO001196	1132	155	245	
MYCO001197	1303	242	85	
MYCO001198	190	1076	109	
MYCO001199	2241	20	9	
MYCO001200	162	0	44	
MYCO001203	153	0	19	
MYCO001204	156	0	49	
MYCO001205	37	0	16	
MYCO001206	36	0	38	
MYCO001209	25	0	10	
MYCO001210	9	0	10	
MYCO001211	6	0	5	
MYCO001212	29	0	33	
MYCO001214	77	0	10	
MYCO001215	316	0	67	
MYCO001216	48	0	20	
MYCO001217	371	0	52	
MYCO001218	8	0	42	
MYCO001219	17	0	24	
MYCO001222	3	0	18	
MYCO001224	9	0	22	
MYCO001225	582	0	29	
MYCO001226	304	0	47	
MYCO001227	13	0	15	
MYCO001228	7	0	29	
MYCO001230	179	0	58	
MYCO001231	72	0	18	
MYCO001232	46	0	53	
MYCO001233	101	0	29	
MYCO001234	17	0	18	
MYCO001235	11	0	28	
MYCO001236	27	0	27	
MYCO001237	5	0	17	
MYCO001240	35	0	34	
MYCO001241	20	0	13	
MYCO001242	18	0	16	
MYCO001243	1490	0	31	
MYCO001244	348	0	36	
MYCO001246	3	0	13	
MYCO001247	5	0	6	
MYCO001249	36	0	35	
MYCO001250	273	0	43	
MYCO001251	636	0	65	
MYCO001252	10	0	18	
MYCO001254	210	0	32	
MYCO001255	21	0	28	
MYCO001256	59	0	30	
MYCO001257	20	0	54	
MYCO001258	536	0	36	
MYCO001259	81	0	22	
MYCO001260	218	0	24	
MYCO001261	12	0	16	
MYCO001262	13	0	13	
MYCO001263	209	0	42	
MYCO001264	66	0	39	
MYCO001265	51	0	14	
MYCO001266	489	0	55	
MYCO001267	19	0	32	
MYCO001268	141	0	23	
MYCO001269	467	0	11	
MYCO001270	116	0	22	
MYCO001271	6	0	10	
MYCO001274	227	0	12	
MYCO001275	3	0	17	
MYCO001276	112	0	17	
MYCO001278	451	0	59	
MYCO001279	41	0	39	
MYCO001280	15	0	48	
MYCO001281	44	0	48	
MYCO001282	3	0	18	
MYCO001283	62	0	20	
MYCO001284	5	0	12	
MYCO001285	4	0	34	
MYCO001286	10	0	60	
MYCO001287	5	0	10	
MYCO001288	931	0	44	
MYCO001289	8	0	22	
MYCO001290	343	493	44	
MYCO001291	8	0	14	
MYCO001296	93	0	26	
MYCO001300	221	0	18	
MYCO001301	10	0	17	
MYCO001303	4	0	12	
MYCO001304	7	0	26	
MYCO001306	6	0	16	
MYCO001307	20	0	42	
MYCO001312	20	0	19	
MYCO001313	1219	24	20	
MYCO001314	27	0	25	
MYCO001316	26	0	20	
MYCO001317	94	0	54	
MYCO001318	99	0	45	
MYCO001319	1735	0	40	
MYCO001320	99	0	61	
MYCO001322	103	0	12	
MYCO001324	237	0	32	
MYCO001325	1484	0	48	
MYCO001329	269	0	54	
MYCO001330	141	0	53	
MYCO001331	8	0	7	
MYCO001332	8	0	16	
MYCO001333	112	0	31	
MYCO001334	65	0	12	
MYCO001335	58	0	11	
MYCO001336	172	0	24	
MYCO001337	3	0	19	
MYCO001339	10	0	24	
MYCO001341	18	0	14	
MYCO001342	7	0	9	
MYCO001343	12	0	17	
MYCO001344	1	0	10	
MYCO001345	27	0	49	
MYCO001346	8	0	20	
MYCO001347	5	0	24	
MYCO001348	143	0	62	
MYCO001349	58	0	43	
MYCO001350	9	0	18	
MYCO001351	10	0	14	
MYCO001352	7	0	18	
MYCO001353	98	0	30	
MYCO001354	121	0	72	
MYCO001355	358	0	86	
MYCO001356	117	0	30	
MYCO001357	18	0	31	
MYCO001358	662	0	76	
MYCO001359	36	0	20	
MYCO001360	68	0	23	
MYCO001361	1096	160	257	
MYCO001362	16	0	18	
MYCO001363	183	0	28	
MYCO001364	181	0	49	
MYCO001365	14	0	14	
MYCO001366	152	0	19	
MYCO001367	161	0	41	
MYCO001368	50	0	27	
MYCO001369	2304	0	0	
MYCO001370	281	2	12	
MYCO001371	548	0	34	
MYCO001372	13	0	44	
MYCO001373	41	0	30	
MYCO001374	3	0	20	
MYCO001375	118	0	38	
MYCO001376	180	0	38	
MYCO001377	6	0	21	
MYCO001378	290	0	46	
MYCO001379	23	0	15	
MYCO001382	65	0	22	
MYCO001386	65	0	14	
MYCO001387	860	0	40	
MYCO001389	46	0	30	
MYCO001393	63	0	31	
MYCO001394	16	0	43	
MYCO001395	12	0	38	
MYCO001396	1597	0	40	
MYCO001397	12	0	11	
MYCO001398	2	0	10	
MYCO001399	47	0	38	
MYCO001400	76	0	31	
MYCO001401	74	0	25	
MYCO001403	131	0	28	
MYCO001404	5	0	8	
MYCO001405	12	0	27	
MYCO001406	164	0	30	
MYCO001409	281	0	23	
MYCO001411	3	0	23	
MYCO001413	8	0	21	
MYCO001414	6	0	17	
MYCO001417	6	0	18	
MYCO001418	7	0	16	
MYCO001419	7	0	18	
MYCO001422	107	0	22	
MYCO001423	135	0	31	
MYCO001424	26	0	29	
MYCO001425	14	0	34	
MYCO001426	34	0	45	
MYCO001427	99	0	47	
MYCO001428	4	0	30	
MYCO001429	94	0	43	
MYCO001430	257	0	42	
MYCO001431	25	0	73	
MYCO001432	220	0	29	
MYCO001433	6	0	21	
MYCO001434	12	0	3	
MYCO001435	468	0	24	
MYCO001439	2	595	11	
MYCO001441	1262	0	67	
MYCO001442	123	0	88	
MYCO001443	13	0	18	
MYCO001444	17	0	19	
MYCO001446	337	0	35	
MYCO001450	2301	0	3	
MYCO001452	2149	0	51	
MYCO001453	41	0	39	
MYCO001454	19	0	33	
MYCO001455	59	0	29	
MYCO001456	68	0	31	
MYCO001459	196	0	45	
MYCO001460	347	0	20	
MYCO001461	38	0	73	
MYCO001468	1166	0	28	
MYCO001469	180	0	56	
MYCO001470	4	0	9	
MYCO001471	14	0	6	
MYCO001472	26	0	38	
MYCO001476	1	0	17	
MYCO001477	65	0	42	
MYCO001478	33	0	19	
MYCO001482	15	0	28	
MYCO001486	12	0	31	
MYCO001487	6	0	15	
MYCO001488	26	0	25	
MYCO001489	6	0	13	
MYCO001490	21	0	56	
MYCO001491	3	0	24	
MYCO001492	235	0	59	
MYCO001494	5	0	12	
MYCO001495	5	0	9	
MYCO001496	19	0	29	
MYCO001497	77	0	40	
MYCO001498	29	0	31	
MYCO001499	19	0	15	
MYCO001500	38	0	39	
MYCO001501	27	0	26	
MYCO001502	45	0	38	
MYCO001503	2304	0	0	
MYCO001504	607	0	13	
MYCO001505	30	0	34	
MYCO001506	60	0	20	
MYCO001507	52	0	27	
MYCO001508	113	61	56	
MYCO001509	188	0	20	
MYCO001510	6	1232	26	
MYCO001511	41	0	30	
MYCO001512	30	0	31	
MYCO001513	30	0	18	
MYCO001514	23	0	24	
MYCO001515	33	0	28	
MYCO001516	127	0	30	
MYCO001517	24	0	20	
MYCO001518	85	0	36	
MYCO001519	354	0	11	
MYCO001520	369	0	39	
MYCO001521	76	0	44	
MYCO001522	214	0	102	
MYCO001523	50	0	31	
MYCO001524	253	0	35	
MYCO001525	277	0	27	
MYCO001526	230	0	41	
MYCO001527	547	0	179	
MYCO001528	20	0	8	
MYCO001529	38	0	59	
MYCO001530	31	0	41	
MYCO001531	10	0	15	
MYCO001532	37	0	14	
MYCO001533	68	0	23	
MYCO001534	12	0	20	
MYCO001535	5	0	3	
MYCO001537	80	0	47	
MYCO001538	156	0	33	
MYCO001539	18	0	16	
MYCO001541	19	0	15	
MYCO001542	7	8	14	
MYCO001543	11	0	30	
MYCO001544	42	0	27	
MYCO001545	12	0	11	
MYCO001546	35	0	22	
MYCO001548	87	0	71	
MYCO001549	2278	0	2	
MYCO001550	265	0	43	
MYCO001551	548	0	47	
MYCO001552	70	0	67	
MYCO001553	91	0	15	
MYCO001554	6	0	15	
MYCO001555	6	0	11	
MYCO001556	11	0	27	
MYCO001558	13	0	13	
MYCO001560	2	0	6	
MYCO001561	5	0	15	
MYCO001562	232	0	43	
MYCO001563	151	0	60	
MYCO001565	301	0	49	
MYCO001566	83	0	31	
MYCO001567	2	0	15	
MYCO001570	252	0	17	
MYCO001571	218	0	10	
MYCO001572	1652	0	7	
MYCO001573	1499	0	8	
MYCO001574	1573	0	13	
MYCO001575	2301	0	3	
MYCO001576	443	283	88	
MYCO001577	1440	0	9	
MYCO001578	1442	0	13	
MYCO001579	1431	0	8	
MYCO001580	1448	0	6	
MYCO001581	1753	0	4	
MYCO001582	1438	0	23	
MYCO001583	162	381	16	
MYCO001584	1498	0	5	
MYCO001585	1603	0	17	
MYCO001586	1480	0	28	
MYCO001587	2282	0	8	
MYCO001588	2220	2	35	
MYCO001590	7	0	8	
MYCO001591	12	0	34	
MYCO001592	10	0	40	
MYCO001596	8	0	20	
MYCO001597	19	0	23	
MYCO001598	21	0	11	
MYCO001602	5	0	21	
MYCO001604	12	0	26	
MYCO001606	11	0	12	
MYCO001607	33	0	19	
MYCO001608	1	0	9	
MYCO001610	272	0	21	
MYCO001613	5	0	23	
MYCO001614	23	0	38	
MYCO001615	4	0	16	
MYCO001616	5	0	9	
MYCO001618	9	0	23	
MYCO001619	107	0	36	
MYCO001620	345	0	32	
MYCO001621	308	0	32	
MYCO001622	11	0	32	
MYCO001623	8	0	43	
MYCO001624	7	0	21	
MYCO001625	109	0	43	
MYCO001628	32	0	15	
MYCO001631	32	0	38	
MYCO001632	32	0	13	
MYCO001634	28	0	41	
MYCO001635	35	0	47	
MYCO001636	2	0	15	
MYCO001637	128	0	25	
MYCO001639	460	702	39	
MYCO001640	51	0	105	
MYCO001644	164	0	33	
MYCO001645	246	0	28	
MYCO001646	203	0	29	
MYCO001647	585	0	21	
MYCO001648	10	0	25	
MYCO001650	347	0	85	
MYCO001651	1289	0	81	
MYCO001660	356	0	24	
MYCO001661	649	0	161	
MYCO001662	568	0	155	
MYCO001663	71	0	72	
MYCO001664	170	0	97	
MYCO001665	97	0	34	
MYCO001666	81	0	30	
MYCO001667	34	0	20	
MYCO001668	2246	0	3	
MYCO001669	70	0	11	
MYCO001670	22	0	12	
MYCO001671	4	0	19	
MYCO001672	204	0	35	
MYCO001673	178	0	31	
MYCO001674	194	0	14	
MYCO001675	160	0	33	
MYCO001676	9	0	33	
MYCO001677	11	0	20	
MYCO001678	266	0	30	
MYCO001679	23	0	32	
MYCO001680	29	0	29	
MYCO001681	24	0	28	
MYCO001682	196	0	33	
MYCO001683	347	0	58	
MYCO001684	15	0	7	
MYCO001685	8	0	16	
MYCO001686	14	0	25	
MYCO001687	9	0	27	
MYCO001688	60	0	21	
MYCO001690	7	0	10	
MYCO001691	129	0	28	
MYCO001692	247	0	24	
MYCO001693	9	0	9	
MYCO001696	19	0	42	
MYCO001698	209	0	28	
MYCO001700	7	0	23	
MYCO001702	244	0	44	
MYCO001703	6	0	16	
MYCO001704	16	0	60	
MYCO001705	490	0	24	
MYCO001706	161	0	28	
MYCO001707	35	0	43	
MYCO001710	5	0	21	
MYCO001714	278	0	26	
MYCO001715	253	0	34	
MYCO001716	8	0	33	
MYCO001717	486	0	14	
MYCO001718	36	0	43	
MYCO001719	60	0	35	
MYCO001720	40	0	13	
MYCO001721	3	0	5	
MYCO001722	228	0	50	
MYCO001723	116	0	35	
MYCO001724	35	0	10	
MYCO001725	114	0	27	
MYCO001726	132	0	63	
MYCO001727	22	0	21	
MYCO001728	7	0	25	
MYCO001729	20	0	27	
MYCO001730	426	0	62	
MYCO001731	166	0	42	
MYCO001732	121	0	13	
MYCO001733	4	0	27	
MYCO001734	4	0	8	
MYCO001735	16	0	20	
MYCO001736	375	947	73	
MYCO001737	360	0	26	
MYCO001738	23	0	17	
MYCO001739	132	0	48	
MYCO001740	4	0	8	
MYCO001741	5	687	9	
MYCO001742	65	0	28	
MYCO001743	242	0	39	
MYCO001744	347	0	15	
MYCO001745	19	0	23	
MYCO001746	104	0	44	
MYCO001747	157	0	61	
MYCO001748	9	0	22	
MYCO001749	17	0	22	
MYCO001750	99	0	46	
MYCO001751	56	0	41	
MYCO001752	11	0	18	
MYCO001753	2286	0	14	
MYCO001754	1018	0	35	
MYCO001755	2304	0	0	
MYCO001756	2304	0	0	
MYCO001757	281	2	12	
MYCO001758	1586	0	24	
MYCO001759	2157	0	27	
MYCO001760	1225	0	33	
MYCO001761	1207	0	15	
MYCO001762	1226	0	18	
MYCO001763	281	2	12	
MYCO001764	2304	0	0	
MYCO001765	2299	0	2	
MYCO001766	13	0	7	
MYCO001767	6	0	13	
MYCO001768	1101	0	46	
MYCO001769	157	0	42	
MYCO001770	127	0	46	
MYCO001771	2	0	42	
MYCO001772	9	0	6	
MYCO001773	7	0	30	
MYCO001774	37	0	58	
MYCO001775	620	0	21	
MYCO001776	14	0	25	
MYCO001777	153	0	52	
MYCO001778	254	0	12	
MYCO001779	206	0	72	
MYCO001780	6	0	13	
MYCO001781	250	0	71	
MYCO001782	53	0	31	
MYCO001783	111	0	79	
MYCO001785	11	0	29	
MYCO001786	1	0	7	
MYCO001787	2008	0	23	
MYCO001788	6	8	15	
MYCO001789	213	0	38	
MYCO001790	991	0	44	
MYCO001791	10	0	7	
MYCO001792	2304	0	0	
MYCO001793	190	841	83	
MYCO001794	1	0	21	
MYCO001795	237	0	39	
MYCO001796	91	0	59	
MYCO001797	7	0	44	
MYCO001798	15	0	39	
MYCO001799	190	0	7	
MYCO001800	84	0	77	
MYCO001801	613	0	42	
MYCO001802	410	0	45	
MYCO001803	652	0	53	
MYCO001804	13	0	13	
MYCO001805	1	0	15	
MYCO001806	5	0	10	
MYCO001807	2304	0	0	
MYCO001808	149	0	35	
MYCO001809	99	0	36	
MYCO001810	3	0	11	
MYCO001811	14	0	37	
MYCO001812	113	0	36	
MYCO001813	5	0	19	
MYCO001814	111	0	38	
MYCO001815	336	0	35	
MYCO001816	327	614	15	
MYCO001817	252	0	52	
MYCO001818	1521	0	44	
MYCO001819	79	0	37	
MYCO001820	62	0	41	
MYCO001822	8	0	20	
MYCO001823	55	0	34	
MYCO001824	8	0	15	
MYCO001825	9	0	29	
MYCO001826	2	0	10	
MYCO001828	9	0	14	
MYCO001831	20	0	8	
MYCO001833	9	0	30	
MYCO001834	20	0	24	
MYCO001835	102	0	66	
MYCO001836	139	0	61	
MYCO001838	5	0	14	
MYCO001839	1	0	8	
MYCO001840	1095	0	45	
MYCO001841	32	0	35	
MYCO001845	411	0	22	
MYCO001846	20	0	20	
MYCO001847	25	0	23	
MYCO001848	32	0	8	
MYCO001849	1	0	7	
MYCO001850	140	0	58	
MYCO001851	212	0	23	
MYCO001852	43	0	15	
MYCO001853	8	0	21	
MYCO001855	30	0	34	
MYCO001856	330	0	27	
MYCO001857	5	0	25	
MYCO001858	14	0	15	
MYCO001859	38	0	33	
MYCO001860	353	0	32	
MYCO001861	4	0	16	
MYCO001862	12	0	26	
MYCO001863	21	0	27	
MYCO001864	9	0	19	
MYCO001865	7	0	18	
MYCO001866	50	0	70	
MYCO001867	126	0	48	
MYCO001868	167	0	68	
MYCO001869	81	0	25	
MYCO001870	250	0	21	
MYCO001871	87	0	16	
MYCO001872	19	0	47	
MYCO001873	30	0	20	
MYCO001874	18	0	29	
MYCO001875	14	0	23	
MYCO001876	29	0	19	
MYCO001877	102	0	65	
MYCO001878	142	0	43	
MYCO001879	95	0	31	
MYCO001880	31	0	51	
MYCO001881	18	0	17	
MYCO001882	8	0	30	
MYCO001883	13	0	20	
MYCO001884	8	0	14	
MYCO001885	15	0	29	
MYCO001887	108	0	40	
MYCO001888	1933	0	3	
MYCO001889	14	0	10	
MYCO001890	11	0	14	
MYCO001891	6	0	23	
MYCO001892	11	0	7	
MYCO001893	5	0	9	
MYCO001895	656	0	18	
MYCO001896	154	0	41	
MYCO001897	16	0	19	
MYCO001898	8	0	8	
MYCO001899	840	0	32	
MYCO001900	62	0	54	
MYCO001901	85	0	40	
MYCO001902	59	0	42	
MYCO001903	6	0	20	
MYCO001904	6	0	12	
MYCO001905	24	0	33	
MYCO001906	6	0	15	
MYCO001907	1627	0	27	
MYCO001908	66	0	93	
MYCO001909	3	0	17	
MYCO001910	70	0	22	
MYCO001911	76	0	20	
MYCO001912	684	0	21	
MYCO001913	7	0	27	
MYCO001914	4	0	17	
MYCO001915	1410	0	13	
MYCO001916	32	0	27	
MYCO001917	2296	0	5	
MYCO001918	440	0	104	
MYCO001919	5	0	15	
MYCO001920	9	0	39	
MYCO001921	374	0	37	
MYCO001922	39	0	35	
MYCO001923	42	0	52	
MYCO001924	8	0	16	
MYCO001925	22	0	45	
MYCO001926	6	0	17	
MYCO001927	66	0	26	
MYCO001928	390	0	23	
MYCO001929	442	0	33	
MYCO001930	78	0	15	
MYCO001931	23	0	22	
MYCO001932	23	0	23	
MYCO001933	326	0	37	
MYCO001934	203	0	37	
MYCO001935	22	0	41	
MYCO001936	16	0	34	
MYCO001937	224	0	72	
MYCO001938	33	0	47	
MYCO001939	219	0	24	
MYCO001940	1889	0	9	
MYCO001941	36	0	25	
MYCO001942	3	0	10	
MYCO001943	12	0	15	
MYCO001944	13	0	35	
MYCO001945	2168	22	26	
MYCO001946	20	0	17	
MYCO001947	41	0	15	
MYCO001948	67	0	25	
MYCO001949	2304	0	0	
MYCO001950	7	0	5	
MYCO001951	97	0	9	
MYCO001952	7	0	7	
MYCO001953	7	0	20	
MYCO001954	24	0	20	
MYCO001955	14	0	11	
MYCO001956	23	0	20	
MYCO001957	11	0	18	
MYCO001958	33	0	26	
MYCO001959	2	0	10	
MYCO001960	1	0	9	
MYCO001961	46	0	23	
MYCO001962	4	0	12	
MYCO001963	48	0	25	
MYCO001964	80	0	20	
MYCO001965	83	0	29	
MYCO001966	63	0	40	
MYCO001967	56	0	37	
MYCO001968	716	0	38	
MYCO001969	88	0	44	
MYCO001970	45	0	34	
MYCO001971	206	0	47	
MYCO001972	39	0	25	
MYCO001973	88	0	13	
MYCO001974	34	0	15	
MYCO001975	278	0	25	
MYCO001976	59	0	13	
MYCO001977	281	0	19	
MYCO001978	446	0	23	
MYCO001979	63	0	37	
MYCO001980	17	0	24	
MYCO001982	13	0	20	
MYCO001983	625	0	48	
MYCO001984	107	0	22	
MYCO001985	67	0	22	
MYCO001986	29	0	28	
MYCO001987	19	0	15	
MYCO001988	53	0	18	
MYCO001989	17	0	16	
MYCO001990	0	0	9	
MYCO001991	2	0	8	
MYCO001992	758	0	51	
MYCO001993	452	0	15	
MYCO001994	327	0	11	
MYCO001995	439	0	25	
MYCO001996	422	0	25	
MYCO001997	1009	0	65	
MYCO001998	24	0	27	
MYCO001999	163	0	48	
MYCO002000	48	0	56	
MYCO002001	9	0	28	
MYCO002002	16	0	22	
MYCO002003	46	0	34	
MYCO002004	87	0	42	
MYCO002005	10	0	26	
MYCO002006	112	0	128	
MYCO002007	3	0	5	
MYCO002008	14	0	48	
MYCO002009	3	0	7	
MYCO002010	9	0	12	
MYCO002011	0	0	13	
MYCO002012	5	0	24	
MYCO002013	225	0	16	
MYCO002014	51	0	20	
MYCO002015	633	0	51	
MYCO002016	552	0	15	
MYCO002017	45	0	34	
MYCO002018	54	0	14	
MYCO002019	200	0	11	
MYCO002020	90	0	11	
MYCO002021	58	0	8	
MYCO002022	75	0	27	
MYCO002023	148	0	13	
MYCO002024	2120	0	14	
MYCO002025	35	0	33	
MYCO002026	9	0	29	
MYCO002027	523	0	33	
MYCO002028	96	0	23	
MYCO002029	81	0	36	
MYCO002030	124	0	56	
MYCO002031	7	0	15	
MYCO002032	93	0	29	
MYCO002033	315	0	34	
MYCO002034	106	0	8	
MYCO002035	3	0	22	
MYCO002036	6	0	20	
MYCO002037	25	0	44	
MYCO002038	4	0	29	
MYCO002039	4	0	22	
MYCO002040	7	0	20	
MYCO002041	11	0	39	
MYCO002042	48	0	30	
MYCO002043	97	0	126	
MYCO002044	359	0	12	
MYCO002045	24	0	59	
MYCO002046	80	0	26	
MYCO002047	112	0	61	
MYCO002048	2281	0	13	
MYCO002049	13	0	7	
MYCO002051	139	0	64	
MYCO002052	339	0	51	
MYCO002053	6	0	25	
MYCO002054	19	0	26	
MYCO002059	132	0	65	
MYCO002060	104	0	17	
MYCO002061	15	0	16	
MYCO002062	459	0	97	
MYCO002063	2	0	7	
MYCO002064	345	0	29	
MYCO002065	368	0	21	
MYCO002066	274	0	54	
MYCO002067	30	0	33	
MYCO002068	8	0	28	
MYCO002069	53	0	17	
MYCO002070	871	0	20	
MYCO002071	28	0	44	
MYCO002072	128	0	32	
MYCO002073	107	0	23	
MYCO002074	51	0	10	
MYCO002075	113	0	48	
MYCO002076	1	0	6	
MYCO002077	48	0	33	
MYCO002078	3	0	17	
MYCO002079	543	0	44	
MYCO002080	11	0	21	
MYCO002081	1344	0	17	
MYCO002082	1087	0	79	
MYCO002083	152	0	34	
MYCO002084	1151	0	14	
MYCO002085	15	0	10	
MYCO002086	7	0	19	
MYCO002087	11	0	7	
MYCO002088	721	0	41	
MYCO002091	24	0	27	
MYCO002094	1	0	11	
MYCO002095	270	0	32	
MYCO002098	2304	0	0	
MYCO002099	2304	0	0	
MYCO002100	467	0	48	
MYCO002101	455	0	83	
MYCO002102	112	0	19	
MYCO002103	26	0	16	
MYCO002104	3	0	10	
MYCO002105	281	2	12	
MYCO002106	2304	0	0	
MYCO002107	34	0	13	
MYCO002108	67	0	23	
MYCO002113	46	0	37	
MYCO002114	28	0	19	
MYCO002116	29	0	19	
MYCO002117	23	0	6	
MYCO002120	179	0	17	
MYCO002123	1398	0	28	
MYCO002124	165	0	97	
MYCO002126	1101	0	22	
MYCO002127	91	0	49	
MYCO002128	3	0	7	
MYCO002129	35	0	30	
MYCO002131	26	0	27	
MYCO002132	23	0	6	
MYCO002133	24	0	18	
MYCO002135	321	0	17	
MYCO002136	31	0	23	
MYCO002137	15	0	14	
MYCO002138	38	0	32	
MYCO002142	5	0	13	
MYCO002143	50	0	32	
MYCO002144	29	0	10	
MYCO002146	2	0	9	
MYCO002147	410	0	22	
MYCO002148	409	0	21	
MYCO002149	36	0	9	
MYCO002152	183	0	39	
MYCO002158	651	0	54	
MYCO002159	429	0	37	
MYCO002160	1229	0	8	
MYCO002161	301	641	36	
MYCO002162	1683	0	42	
MYCO002164	224	0	43	
MYCO002165	13	0	41	
MYCO002167	2304	0	0	
MYCO002168	281	2	12	
MYCO002169	13	0	13	
MYCO002171	6	0	24	
MYCO002172	9	0	27	
MYCO002173	107	0	28	
MYCO002174	29	0	40	
MYCO002175	4	0	19	
MYCO002177	1186	69	21	
MYCO002180	426	0	23	
MYCO002181	23	0	37	
MYCO002183	1	0	8	
MYCO002184	10	0	30	
MYCO002185	2	0	10	
MYCO002189	259	0	26	
MYCO002190	334	0	31	
MYCO002191	205	0	46	
MYCO002197	55	0	19	
MYCO002198	281	0	32	
MYCO002203	95	0	25	
MYCO002204	2	0	10	
MYCO002205	271	0	39	
MYCO002206	12	0	19	
MYCO002207	402	0	22	
MYCO002208	154	0	26	
MYCO002209	139	0	47	
MYCO002212	28	0	47	
MYCO002214	34	0	50	
MYCO002215	324	0	47	
MYCO002223	110	0	45	
MYCO002224	18	0	46	
MYCO002226	301	0	44	
MYCO002227	271	0	16	
MYCO002229	12	0	14	
MYCO002231	53	0	26	
MYCO002232	91	0	19	
MYCO002234	9	0	21	
MYCO002236	391	0	26	
MYCO002237	1	0	23	
MYCO002238	3	0	4	
MYCO002240	18	0	17	
MYCO002248	62	0	16	
MYCO002249	287	0	48	
MYCO002250	7	0	13	
MYCO002251	2302	0	1	
MYCO002252	9	0	32	
MYCO002253	20	0	17	
MYCO002254	14	0	21	
MYCO002255	9	0	12	
MYCO002256	2	0	9	
MYCO002258	213	0	35	
MYCO002260	5	0	19	
MYCO002261	17	0	16	
MYCO002262	2278	0	2	
MYCO002263	498	0	27	
MYCO002264	1093	0	36	
MYCO002265	238	0	34	
MYCO002266	11	0	46	
MYCO002267	31	0	38	
MYCO002268	126	0	50	
MYCO002269	6	0	15	
MYCO002270	92	0	25	
MYCO002271	81	0	8	
MYCO002272	82	0	10	
MYCO002273	89	0	14	
MYCO002274	94	0	20	
MYCO002275	279	0	27	
MYCO002276	98	0	38	
MYCO002277	91	2144	32	
MYCO002278	281	2	12	
MYCO002279	2304	0	0	
MYCO002280	149	0	42	
MYCO002281	17	0	45	
MYCO002282	298	728	27	
MYCO002283	14	0	8	
MYCO002284	104	0	29	
MYCO002285	213	0	36	
MYCO002286	245	580	22	
MYCO002287	58	0	39	
MYCO002288	7	0	21	
MYCO002289	52	0	23	
MYCO002290	18	0	24	
MYCO002291	21	0	24	
MYCO002292	10	0	7	
MYCO002293	1120	0	12	
MYCO002294	19	0	42	
MYCO002295	9	0	19	
MYCO002296	57	0	23	
MYCO002297	6	0	17	
MYCO002298	14	0	32	
MYCO002299	34	0	46	
MYCO002300	41	0	37	
MYCO002301	31	0	28	
MYCO002302	3	0	10	
MYCO002303	12	0	36	
MYCO002304	5	0	6	
MYCO002305	166	0	46	
MYCO002307	151	0	32	
MYCO002308	73	0	28	
MYCO002309	6	0	16	
MYCO002310	46	0	18	
MYCO002311	22	0	18	
MYCO002312	1	0	5	
MYCO002313	38	0	28	
MYCO002314	74	0	38	
MYCO002316	7	0	24	
MYCO002317	6	0	16	
MYCO002318	471	0	36	
MYCO002319	889	0	25	
MYCO002320	29	0	42	
MYCO002321	5	0	20	
MYCO002322	7	0	22	
MYCO002323	14	0	37	
MYCO002324	6	0	20	
MYCO002325	123	0	24	
MYCO002326	199	0	47	
MYCO002327	35	0	12	
MYCO002328	19	0	37	
MYCO002329	138	0	58	
MYCO002330	11	0	22	
MYCO002331	1	0	13	
MYCO002332	21	0	46	
MYCO002333	339	0	33	
MYCO002334	51	0	30	
MYCO002335	65	0	25	
MYCO002336	139	0	34	
MYCO002337	72	0	34	
MYCO002338	243	0	39	
MYCO002339	598	0	80	
MYCO002340	266	0	39	
MYCO002341	48	0	17	
MYCO002342	9	0	12	
MYCO002345	181	0	56	
MYCO002346	190	995	96	
MYCO002347	1303	233	84	
MYCO002348	19	0	13	
MYCO002349	240	0	50	
MYCO002350	292	821	38	
MYCO002351	293	837	38	
MYCO002352	526	12	40	
MYCO002353	2250	0	4	
MYCO002354	281	2	12	
MYCO002355	2304	0	0	
MYCO002356	1720	0	33	
MYCO002358	4	0	11	
MYCO002359	2	0	29	
MYCO002360	5	0	18	
MYCO002363	597	0	21	
MYCO002365	229	0	8	
MYCO002369	16	0	13	
MYCO002370	20	0	50	
MYCO002371	81	0	4	
MYCO002372	69	0	24	
MYCO002375	4	0	8	
MYCO002376	38	0	24	
MYCO002377	8	0	7	
MYCO002378	41	0	31	
MYCO002379	191	0	84	
MYCO002380	385	0	128	
MYCO002381	158	0	78	
MYCO002382	85	0	39	
MYCO002383	342	282	94	
MYCO002384	179	0	33	
MYCO002385	39	0	35	
MYCO002386	75	0	38	
MYCO002387	11	0	37	
MYCO002388	65	0	32	
MYCO002389	8	0	13	
MYCO002390	29	0	14	
MYCO002391	6	0	38	
MYCO002392	46	0	21	
MYCO002393	75	1402	25	
MYCO002394	68	0	64	
MYCO002395	194	0	51	
MYCO002396	1296	0	30	
MYCO002397	53	0	33	
MYCO002398	2	0	29	
MYCO002401	3	0	11	
MYCO002403	35	0	13	
MYCO002405	10	0	20	
MYCO002406	65	0	13	
MYCO002407	109	0	31	
MYCO002408	146	0	20	
MYCO002414	175	0	51	
MYCO002415	51	0	26	
MYCO002416	58	0	34	
MYCO002417	402	0	20	
MYCO002418	103	0	24	
MYCO002419	53	0	23	
MYCO002422	10	0	8	
MYCO002423	15	0	37	
MYCO002424	2213	0	14	
MYCO002428	44	0	26	
MYCO002429	11	0	16	
MYCO002430	16	0	19	
MYCO002431	9	798	8	
MYCO002432	23	0	14	
MYCO002433	4	0	10	
MYCO002434	440	0	41	
MYCO002435	70	0	67	
MYCO002436	148	0	31	
MYCO002437	522	0	8	
MYCO002438	40	0	42	
MYCO002443	23	0	52	
MYCO002444	187	0	77	
MYCO002446	5	0	10	
MYCO002449	236	0	40	
MYCO002450	164	0	30	
MYCO002451	22	0	13	
MYCO002452	0	0	9	
MYCO002453	14	0	23	
MYCO002456	30	0	31	
MYCO002458	17	0	23	
MYCO002459	27	0	36	
MYCO002463	6	0	23	
MYCO002464	56	0	27	
MYCO002468	19	0	18	
MYCO002469	26	0	29	
MYCO002471	32	0	58	
MYCO002472	4	0	8	
MYCO002473	47	0	24	
MYCO002474	86	0	26	
MYCO002475	1	0	13	
MYCO002476	497	0	100	
MYCO002478	173	0	18	
MYCO002479	2304	0	0	
MYCO002480	281	2	12	
MYCO002481	103	0	16	
MYCO002482	110	0	77	
MYCO002483	26	0	41	
MYCO002484	20	0	54	
MYCO002485	48	0	43	
MYCO002486	99	0	19	
MYCO002487	1332	0	59	
MYCO002488	457	0	91	
MYCO002489	40	0	10	
MYCO002490	2224	0	17	
MYCO002491	55	0	23	
MYCO002492	55	0	38	
MYCO002493	4	0	8	
MYCO002494	4	0	14	
MYCO002495	77	0	40	
MYCO002496	16	0	29	
MYCO002497	25	0	24	
MYCO002498	24	0	29	
MYCO002499	8	0	21	
MYCO002501	200	0	73	
MYCO002503	18	0	25	
MYCO002504	19	0	25	
MYCO002505	70	0	59	
MYCO002506	25	0	13	
MYCO002507	130	0	26	
MYCO002508	45	0	42	
MYCO002510	76	0	60	
MYCO002512	2241	20	9	
MYCO002513	11	0	14	
MYCO002514	19	0	16	
MYCO002515	14	0	37	
MYCO002516	8	0	20	
MYCO002517	19	0	7	
MYCO002519	295	0	58	
MYCO002520	1	0	10	
MYCO002522	203	0	54	
MYCO002525	127	0	20	
MYCO002526	660	0	4	
MYCO002527	12	0	18	
MYCO002528	11	0	29	
MYCO002529	201	0	44	
MYCO002530	4	0	17	
MYCO002531	52	0	81	
MYCO002532	14	0	18	
MYCO002535	124	0	20	
MYCO002536	10	0	20	
MYCO002537	5	0	10	
MYCO002539	236	0	9	
MYCO002541	947	0	9	
MYCO002542	257	0	50	
MYCO002543	823	621	37	
MYCO002544	823	642	49	
MYCO002545	517	0	13	
MYCO002546	3	0	16	
MYCO002547	6	0	16	
MYCO002548	12	0	16	
MYCO002549	37	0	13	
MYCO002550	1	0	10	
MYCO002551	144	0	12	
MYCO002552	143	0	32	
MYCO002553	75	0	35	
MYCO002554	58	0	8	
MYCO002556	2	0	10	
MYCO002557	10	0	26	
MYCO002558	18	0	15	
MYCO002560	59	0	32	
MYCO002561	2268	0	6	
MYCO002562	2	0	25	
MYCO002563	42	0	40	
MYCO002564	15	819	30	
MYCO002565	47	0	50	
MYCO002566	611	0	81	
MYCO002567	66	0	65	
MYCO002569	19	0	24	
MYCO002570	306	0	19	
MYCO002571	62	0	39	
MYCO002573	45	0	31	
MYCO002574	19	0	19	
MYCO002576	28	0	22	
MYCO002577	21	0	46	
MYCO002578	65	0	32	
MYCO002579	36	0	27	
MYCO002581	1	0	14	
MYCO002584	23	0	23	
MYCO002585	113	0	52	
MYCO002586	304	0	43	
MYCO002588	2	0	15	
MYCO002590	95	0	95	
MYCO002591	1067	0	58	
MYCO002595	16	0	9	
MYCO002596	4	0	19	
MYCO002597	21	0	21	
MYCO002598	23	0	15	
MYCO002599	128	0	20	
MYCO002600	22	0	12	
MYCO002601	184	0	38	
MYCO002602	4	0	11	
MYCO002604	24	0	19	
MYCO002605	46	0	24	
MYCO002607	8	0	22	
MYCO002608	370	0	36	
MYCO002609	114	0	23	
MYCO002615	2147	0	48	
MYCO002616	21	0	18	
MYCO002617	0	0	11	
MYCO002618	127	0	20	
MYCO002619	2	0	8	
MYCO002620	6	0	10	
MYCO002621	168	0	27	
MYCO002622	26	0	25	
MYCO002623	60	0	25	
MYCO002624	120	0	33	
MYCO002625	22	0	32	
MYCO002626	5	0	14	
MYCO002627	34	0	43	
MYCO002628	38	0	25	
MYCO002629	210	0	23	
MYCO002630	8	0	23	
MYCO002631	46	0	44	
MYCO002632	3	0	6	
MYCO002633	7	0	28	
MYCO002634	1276	0	42	
MYCO002635	7	0	10	
MYCO002636	17	0	26	
MYCO002637	116	704	21	
MYCO002638	37	0	19	
MYCO002639	19	0	10	
MYCO002640	19	0	14	
MYCO002641	5	0	14	
MYCO002642	11	0	14	
MYCO002643	113	0	60	
MYCO002644	18	0	14	
MYCO002645	538	0	10	
MYCO002646	363	0	30	
MYCO002647	247	0	10	
MYCO002648	281	2	12	
MYCO002649	2304	0	0	
MYCO002650	443	248	80	
MYCO002651	90	438	27	
MYCO002652	250	0	34	
MYCO002653	210	0	20	
MYCO002654	1191	0	9	
MYCO002655	655	0	34	
MYCO002656	162	354	17	
MYCO002657	249	0	12	
MYCO002658	197	0	9	
MYCO002659	205	0	24	
MYCO002660	5	0	11	
MYCO002661	9	0	12	
MYCO002662	3	0	11	
MYCO002663	0	0	11	
MYCO002664	13	0	10	
MYCO002665	133	0	14	
MYCO002666	2248	0	9	
MYCO002667	22	0	9	
MYCO002668	199	0	15	
MYCO002669	10	0	13	
MYCO002671	40	0	18	
MYCO002672	131	0	46	
MYCO002674	1	0	12	
MYCO002675	10	0	31	
MYCO002677	660	0	25	
MYCO002679	49	0	26	
MYCO002680	248	0	22	
MYCO002681	289	0	29	
MYCO002683	6	0	18	
MYCO002684	13	172	39	
MYCO002685	153	0	36	
MYCO002686	16	0	19	
MYCO002687	21	0	22	
MYCO002688	43	0	30	
MYCO002689	54	0	31	
MYCO002690	53	0	34	
MYCO002691	7	0	21	
MYCO002692	11	0	17	
MYCO002693	9	0	16	
MYCO002694	3	0	24	
MYCO002695	203	0	19	
MYCO002698	3	0	13	
MYCO002700	1430	0	15	
MYCO002701	14	0	30	
MYCO002704	9	0	11	
MYCO002705	6	0	11	
MYCO002706	47	0	8	
MYCO002707	12	0	27	
MYCO002709	202	0	27	
MYCO002712	130	0	38	
MYCO002713	43	0	50	
MYCO002716	3	0	20	
MYCO002717	82	0	12	
MYCO002718	8	0	10	
MYCO002719	201	0	24	
MYCO002721	490	0	55	
MYCO002722	3	0	11	
MYCO002723	19	0	34	
MYCO002728	34	0	19	
MYCO002729	22	0	30	
MYCO002730	4	0	17	
MYCO002732	36	0	26	
MYCO002734	13	0	27	
MYCO002735	348	0	32	
MYCO002736	70	0	18	
MYCO002737	7	0	52	
MYCO002738	152	0	7	
MYCO002739	611	0	20	
MYCO002740	6	0	23	
MYCO002741	1527	0	43	
MYCO002742	90	0	20	
MYCO002743	171	0	25	
MYCO002745	2	0	15	
MYCO002746	78	0	17	
MYCO002747	14	0	13	
MYCO002749	12	0	11	
MYCO002751	13	0	24	
MYCO002752	42	0	80	
MYCO002755	6	0	6	
MYCO002756	22	0	59	
MYCO002757	23	0	14	
MYCO002758	3	0	12	
MYCO002759	17	0	9	
MYCO002760	49	0	9	
MYCO002761	13	0	39	
MYCO002762	137	0	21	
MYCO002763	13	0	10	
MYCO002765	128	0	27	
MYCO002766	26	0	25	
MYCO002767	7	0	12	
MYCO002768	210	0	42	
MYCO002769	375	0	32	
MYCO002770	79	0	37	
MYCO002771	15	0	13	
MYCO002772	19	0	17	
MYCO002774	424	0	7	
MYCO002775	54	0	15	
MYCO002776	15	0	29	
MYCO002777	221	0	25	
MYCO002778	12	0	19	
MYCO002779	18	0	22	
MYCO002780	75	0	30	
MYCO002781	340	0	34	
MYCO002784	3	0	13	
MYCO002786	4	0	26	
MYCO002787	127	0	66	
MYCO002789	27	0	33	
MYCO002790	164	0	35	
MYCO002791	47	1110	41	
MYCO002792	44	0	25	
MYCO002793	222	0	22	
MYCO002796	22	0	28	
MYCO002797	110	0	34	
MYCO002798	4	0	10	
MYCO002799	41	0	27	
MYCO002800	415	0	43	
MYCO002801	15	0	10	
MYCO002802	446	0	31	
MYCO002803	21	0	17	
MYCO002804	41	0	25	
MYCO002805	27	0	14	
MYCO002806	17	0	6	
MYCO002807	608	0	33	
MYCO002808	122	0	7	
MYCO002809	27	0	10	
MYCO002810	2304	0	0	
MYCO002811	405	0	17	
MYCO002812	275	0	46	
MYCO002813	208	0	24	
MYCO002814	2304	0	0	
MYCO002815	281	2	12	
MYCO002816	550	0	10	
MYCO002817	587	0	24	
MYCO002818	635	0	17	
MYCO002819	577	0	26	
MYCO002820	538	0	29	
MYCO002821	24	0	16	
MYCO002822	8	0	14	
MYCO002823	38	0	67	
MYCO002824	14	0	32	
MYCO002825	1764	0	22	
MYCO002826	28	0	22	
MYCO002827	9	0	18	
MYCO002829	63	0	15	
MYCO002830	1	0	8	
MYCO002831	90	0	24	
MYCO002832	65	0	40	
MYCO002833	121	0	43	
MYCO002834	14	0	25	
MYCO002835	10	0	33	
MYCO002836	126	0	49	
MYCO002837	46	0	19	
MYCO002840	3	0	13	
MYCO002842	0	0	13	
MYCO002843	88	0	10	
MYCO002844	9	0	15	
MYCO002845	105	0	39	
MYCO002848	572	0	30	
MYCO002849	19	0	29	
MYCO002850	692	0	58	
MYCO002851	7	0	17	
MYCO002852	52	0	54	
MYCO002853	985	0	68	
MYCO002854	20	0	33	
MYCO002855	104	0	35	
MYCO002856	13	0	26	
MYCO002857	8	0	20	
MYCO002858	210	0	46	
MYCO002859	731	0	38	
MYCO002860	15	0	41	
MYCO002862	6	0	14	
MYCO002863	4	0	13	
MYCO002865	2	0	7	
MYCO002866	3	0	6	
MYCO002867	269	0	27	
MYCO002869	10	0	38	
MYCO002871	408	0	8	
MYCO002872	36	0	14	
MYCO002873	5	0	12	
MYCO002874	107	0	63	
MYCO002875	65	0	17	
MYCO002876	0	0	23	
MYCO002877	60	0	27	
MYCO002878	6	0	16	
MYCO002879	2304	0	0	
MYCO002880	2125	0	5	
MYCO002881	4	0	20	
MYCO002884	43	0	23	
MYCO002885	94	382	44	
MYCO002886	55	0	30	
MYCO002887	9	0	17	
MYCO002888	204	0	38	
MYCO002891	400	0	21	
MYCO002892	117	0	36	
MYCO002893	27	0	38	
MYCO002895	85	0	29	
MYCO002896	167	0	41	
MYCO002897	130	0	58	
MYCO002898	4	0	13	
MYCO002899	6	0	21	
MYCO002900	23	0	61	
MYCO002903	26	0	27	
MYCO002905	17	0	39	
MYCO002906	4	0	11	
MYCO002907	50	0	15	
MYCO002908	18	0	3	
MYCO002910	4	0	19	
MYCO002911	46	0	24	
MYCO002912	10	0	15	
MYCO002913	50	0	67	
MYCO002914	138	0	41	
MYCO002920	48	0	49	
MYCO002922	404	0	67	
MYCO002923	25	0	13	
MYCO002924	31	0	28	
MYCO002925	11	0	20	
MYCO002926	2	0	21	
MYCO002928	9	0	19	
MYCO002929	12	0	14	
MYCO002930	16	0	36	
MYCO002931	2069	0	60	
MYCO002932	640	0	94	
MYCO002933	564	0	99	
MYCO002934	641	0	104	
MYCO002935	321	0	96	
MYCO002936	14	0	29	
MYCO002937	6	0	20	
MYCO002938	5	0	19	
MYCO002939	10	1062	25	
MYCO002940	121	0	154	
MYCO002941	15	0	46	
MYCO002942	51	0	77	
MYCO002943	84	0	37	
MYCO002944	16	0	28	
MYCO002945	1	0	19	
MYCO002946	414	0	122	
MYCO002947	1166	0	22	
MYCO002948	44	0	66	
MYCO002949	46	0	29	
MYCO002950	84	0	49	
MYCO002951	56	0	30	
MYCO002952	11	0	23	
MYCO002953	25	0	35	
MYCO002954	16	0	28	
MYCO002955	78	0	42	
MYCO002956	14	0	29	
MYCO002957	30	0	29	
MYCO002958	85	0	39	
MYCO002959	309	0	27	
MYCO002960	11	0	14	
MYCO002961	10	0	7	
MYCO002962	257	0	33	
MYCO002963	294	0	26	
MYCO002964	36	0	29	
MYCO002966	74	0	9	
MYCO002968	8	0	12	
MYCO002969	15	0	18	
MYCO002970	39	0	28	
MYCO002971	42	0	25	
MYCO002972	11	0	29	
MYCO002973	87	0	39	
MYCO002974	269	0	49	
MYCO002975	1117	0	6	
MYCO002977	129	0	19	
MYCO002978	46	955	40	
MYCO002979	10	0	20	
MYCO002980	201	0	20	
MYCO002983	251	0	23	
MYCO002985	28	0	39	
MYCO002986	27	0	18	
MYCO002987	9	0	14	
MYCO002989	218	0	21	
MYCO002990	13	0	24	
MYCO002991	16	0	17	
MYCO002994	241	0	37	
MYCO002997	205	0	34	
MYCO002998	4	0	13	
MYCO002999	17	0	31	
MYCO003000	17	0	18	
MYCO003002	1	0	8	
MYCO003004	12	0	10	
MYCO003005	15	0	17	
MYCO003007	197	0	14	
MYCO003008	20	0	22	
MYCO003012	5	0	8	
MYCO003013	178	0	12	
MYCO003015	126	0	35	
MYCO003016	16	0	17	
MYCO003017	243	0	14	
MYCO003018	1756	0	25	
MYCO003019	0	36	16	
MYCO003020	8	8	14	
MYCO003021	2293	0	5	
MYCO003022	2304	0	0	
MYCO003023	2241	19	8	
MYCO003026	28	0	35	
MYCO003030	60	0	18	
MYCO003033	6	0	15	
MYCO003035	103	0	21	
MYCO003036	4	0	23	
MYCO003037	129	0	39	
MYCO003039	51	0	23	
MYCO003040	104	0	21	
MYCO003041	8	0	21	
MYCO003044	153	0	40	
MYCO003046	7	0	12	
MYCO003047	61	0	14	
MYCO003050	10	0	24	
MYCO003055	8	687	13	
MYCO003056	20	0	39	
MYCO003058	1	0	14	
MYCO003059	27	0	34	
MYCO003060	373	0	62	
MYCO003061	242	0	59	
MYCO003062	629	0	41	
MYCO003063	79	0	83	
MYCO003064	44	0	13	
MYCO003065	70	0	7	
MYCO003066	97	0	23	
MYCO003067	9	0	21	
MYCO003068	32	0	41	
MYCO003069	1	0	13	
MYCO003070	3	0	7	
MYCO003071	67	0	42	
MYCO003072	7	0	19	
MYCO003073	5	0	20	
MYCO003074	685	791	32	
MYCO003075	11	0	22	
MYCO003076	3	0	14	
MYCO003077	146	0	66	
MYCO003078	11	0	15	
MYCO003079	200	0	16	
MYCO003080	241	0	95	
MYCO003081	79	0	28	
MYCO003082	18	0	31	
MYCO003083	127	0	51	
MYCO003084	281	0	27	
MYCO003086	63	0	21	
MYCO003087	126	0	44	
MYCO003088	71	0	42	
MYCO003089	97	0	40	
MYCO003090	69	524	36	
MYCO003091	100	0	45	
MYCO003092	236	0	39	
MYCO003093	543	0	25	
MYCO003094	235	0	41	
MYCO003095	3	0	16	
MYCO003096	19	0	35	
MYCO003097	42	0	41	
MYCO003098	10	0	19	
MYCO003099	40	0	30	
MYCO003103	10	0	14	
MYCO003104	12	0	30	
MYCO003106	31	0	33	
MYCO003107	36	0	51	
MYCO003108	14	0	21	
MYCO003109	46	0	38	
MYCO003110	10	0	12	
MYCO003111	15	0	31	
MYCO003112	17	0	11	
MYCO003113	532	0	27	
MYCO003114	41	0	20	
MYCO003115	2241	19	8	
MYCO003116	74	0	27	
MYCO003119	20	0	19	
MYCO003120	25	0	23	
MYCO003121	60	0	37	
MYCO003122	22	0	11	
MYCO003123	16	0	14	
MYCO003124	49	0	30	
MYCO003125	324	0	35	
MYCO003126	13	0	12	
MYCO003127	21	0	38	
MYCO003128	2304	0	0	
MYCO003129	200	0	7	
MYCO003130	32	0	49	
MYCO003131	27	0	25	
MYCO003132	56	0	56	
MYCO003133	3	0	9	
MYCO003134	17	0	29	
MYCO003135	1400	0	5	
MYCO003136	39	0	29	
MYCO003137	8	0	25	
MYCO003138	32	0	48	
MYCO003141	94	0	25	
MYCO003142	323	0	10	
MYCO003143	2	0	10	
MYCO003144	371	0	42	
MYCO003145	10	0	6	
MYCO003146	3	0	16	
MYCO003147	16	0	9	
MYCO003148	12	0	26	
MYCO003149	21	0	26	
MYCO003150	215	0	28	
MYCO003151	451	0	54	
MYCO003152	4	0	28	
MYCO003153	41	0	22	
MYCO003154	7	0	19	
MYCO003155	4	0	9	
MYCO003156	27	0	45	
MYCO003157	51	0	58	
MYCO003158	11	0	48	
MYCO003159	1183	0	46	
MYCO003160	5	0	13	
MYCO003161	174	0	48	
MYCO003162	25	0	10	
MYCO003163	10	0	24	
MYCO003164	16	0	20	
MYCO003165	47	0	12	
MYCO003166	237	0	29	
MYCO003167	17	0	23	
MYCO003168	91	0	47	
MYCO003169	271	0	34	
MYCO003170	219	0	34	
MYCO003171	15	0	40	
MYCO003172	4	0	21	
MYCO003173	4	0	22	
MYCO003174	12	0	34	
MYCO003175	616	0	43	
MYCO003176	43	0	37	
MYCO003177	20	0	24	
MYCO003178	18	0	17	
MYCO003179	182	0	40	
MYCO003180	16	0	15	
MYCO003181	53	0	13	
MYCO003182	13	0	7	
MYCO003183	86	0	14	
MYCO003184	281	2	12	
MYCO003185	2304	0	0	
MYCO003186	281	2	12	
MYCO003187	2304	0	0	
MYCO003188	12	0	12	
MYCO003189	25	0	22	
MYCO003190	59	0	37	
MYCO003191	28	0	33	
MYCO003192	28	0	18	
MYCO003196	33	0	33	
MYCO003199	184	0	27	
MYCO003200	12	0	38	
MYCO003201	403	0	79	
MYCO003202	311	0	79	
MYCO003203	11	0	25	
MYCO003204	0	0	13	
MYCO003209	5	0	19	
MYCO003210	7	0	18	
MYCO003212	270	0	40	
MYCO003215	11	0	37	
MYCO003216	2304	0	0	
MYCO003217	138	0	14	
MYCO003218	6	0	27	
MYCO003222	29	0	15	
MYCO003224	117	0	29	
MYCO003225	37	0	37	
MYCO003226	16	0	26	
MYCO003227	106	0	40	
MYCO003230	62	0	42	
MYCO003231	21	0	16	
MYCO003232	6	0	21	
MYCO003233	4	0	22	
MYCO003234	1136	0	16	
MYCO003235	173	0	21	
MYCO003236	144	0	36	
MYCO003237	7	0	17	
MYCO003238	6	0	19	
MYCO003239	1152	0	57	
MYCO003242	40	0	21	
MYCO003243	37	0	23	
MYCO003244	170	0	44	
MYCO003247	26	0	17	
MYCO003249	89	0	17	
MYCO003250	3	0	9	
MYCO003251	3	0	6	
MYCO003253	27	0	35	
MYCO003254	53	0	45	
MYCO003256	293	0	33	
MYCO003259	9	0	6	
MYCO003260	0	0	10	
MYCO003263	96	0	42	
MYCO003266	60	0	28	
MYCO003268	57	0	27	
MYCO003269	7	0	6	
MYCO003270	139	0	53	
MYCO003271	12	0	22	
MYCO003272	47	0	37	
MYCO003273	2	0	71	
MYCO003278	4	0	15	
MYCO003279	9	0	24	
MYCO003281	2220	0	5	
MYCO003282	8	0	29	
MYCO003283	9	0	26	
MYCO003284	19	0	17	
MYCO003286	237	0	24	
MYCO003287	8	0	9	
MYCO003288	3	0	13	
MYCO003289	18	0	18	
MYCO003291	11	0	12	
MYCO003292	104	0	37	
MYCO003293	274	0	34	
MYCO003294	9	0	25	
MYCO003295	10	0	18	
MYCO003297	36	0	32	
MYCO003298	126	0	16	
MYCO003299	355	0	90	
MYCO003300	18	0	29	
MYCO003301	8	0	21	
MYCO003307	78	0	24	
MYCO003308	269	0	41	
MYCO003309	9	0	16	
MYCO003310	13	0	26	
MYCO003311	24	0	40	
MYCO003312	13	0	29	
MYCO003314	49	0	36	
MYCO003315	3	0	14	
MYCO003316	3	0	8	
MYCO003320	22	0	14	
MYCO003321	2	0	5	
MYCO003322	6	0	21	
MYCO003323	127	0	22	
MYCO003324	125	0	17	
MYCO003325	281	2	12	
MYCO003326	2304	0	0	
MYCO003327	2283	0	4	
MYCO003331	203	0	44	
MYCO003332	167	0	44	
MYCO003333	551	0	21	
MYCO003334	2	0	14	
MYCO003335	39	0	29	
MYCO003337	252	0	17	
MYCO003338	24	0	27	
MYCO003339	39	0	35	
MYCO003342	152	0	13	
MYCO003343	2298	0	6	
MYCO003344	2304	0	0	
MYCO003345	2298	0	5	
MYCO003346	746	0	11	
MYCO003347	1771	0	136	
MYCO003348	59	3	21	
MYCO003349	1214	0	22	
MYCO003350	1906	0	120	
MYCO003351	318	0	22	
MYCO003352	311	0	9	
MYCO003353	298	0	6	
MYCO003354	295	0	10	
MYCO003355	293	0	15	
MYCO003357	3	0	8	
MYCO003358	1	0	8	
MYCO003359	134	0	22	
MYCO003360	349	0	8	
MYCO003361	25	0	18	
MYCO003362	29	0	23	
MYCO003363	131	0	12	
MYCO003364	31	0	12	
MYCO003365	2085	0	17	
MYCO003366	23	0	20	
MYCO003367	1040	0	48	
MYCO003368	56	0	20	
MYCO003369	70	0	13	
MYCO003370	493	0	71	
MYCO003371	208	0	49	
MYCO003372	116	0	31	
MYCO003373	258	0	19	
MYCO003374	2	0	11	
MYCO003375	92	0	48	
MYCO003376	9	0	22	
MYCO003377	167	0	53	
MYCO003378	64	0	37	
MYCO003379	34	0	53	
MYCO003380	2304	0	0	
MYCO003381	281	2	12	
MYCO003382	82	0	21	
MYCO003383	491	0	48	
MYCO003384	28	0	11	
MYCO003385	39	0	9	
MYCO003386	104	0	26	
MYCO003387	13	0	22	
MYCO003388	1719	0	38	
MYCO003389	166	0	31	
MYCO003390	14	0	30	
MYCO003391	141	0	65	
MYCO003393	43	0	29	
MYCO003394	665	0	36	
MYCO003395	47	0	26	
MYCO003397	13	0	19	
MYCO003398	54	0	42	
MYCO003399	23	0	20	
MYCO003400	59	0	15	
MYCO003401	245	0	72	
MYCO003402	69	0	32	
MYCO003403	37	0	60	
MYCO003404	21	0	26	
MYCO003405	0	0	18	
MYCO003406	69	0	29	
MYCO003407	8	0	5	
MYCO003408	2	0	9	
MYCO003413	184	0	17	
MYCO003414	11	0	20	
MYCO003415	185	0	25	
MYCO003416	23	0	12	
MYCO003420	42	0	16	
MYCO003421	531	0	30	
MYCO003423	16	0	44	
MYCO003424	155	0	17	
MYCO003425	109	615	41	
MYCO003426	2250	0	3	
MYCO003427	652	0	18	
MYCO003428	2178	0	6	
MYCO003429	109	505	39	
MYCO003430	149	0	63	
MYCO003431	32	0	25	
MYCO003434	114	0	34	
MYCO003435	9	0	37	
MYCO003437	93	0	17	
MYCO003438	28	0	31	
MYCO003439	406	0	46	
MYCO003440	23	0	18	
MYCO003444	9	0	14	
MYCO003445	11	0	13	
MYCO003446	412	0	38	
MYCO003447	190	0	94	
MYCO003448	98	0	42	
MYCO003449	84	0	45	
MYCO003450	320	0	50	
MYCO003451	39	0	34	
MYCO003452	270	0	23	
MYCO003453	1397	0	4	
MYCO003454	33	0	39	
MYCO003463	60	0	25	
MYCO003465	6	0	21	
MYCO003466	2220	23	32	
MYCO003467	2233	32	22	
MYCO003468	33	0	35	
MYCO003469	17	0	31	
MYCO003470	98	0	56	
MYCO003471	14	0	15	
MYCO003472	18	0	21	
MYCO003473	15	0	30	
MYCO003474	281	2	12	
MYCO003475	2304	0	0	
MYCO003476	25	0	52	
MYCO003477	59	0	9	
MYCO003478	1133	116	222	
MYCO003479	109	0	106	
MYCO003480	114	0	51	
MYCO003481	26	0	14	
MYCO003482	16	0	27	
MYCO003483	497	0	22	
MYCO003484	52	0	44	
MYCO003485	319	0	30	
MYCO003486	145	0	12	
MYCO003487	505	0	32	
MYCO003488	68	0	9	
MYCO003489	3	0	6	
MYCO003491	10	0	21	
MYCO003492	1	0	15	
MYCO003493	179	0	22	
MYCO003494	474	0	40	
MYCO003495	12	0	28	
MYCO003496	140	0	28	
MYCO003497	5	0	32	
MYCO003498	48	0	34	
MYCO003499	5	0	27	
MYCO003502	16	0	25	
MYCO003503	0	0	6	
MYCO003505	67	0	30	
MYCO003506	43	0	51	
MYCO003507	2142	0	58	
MYCO003508	2303	0	1	
MYCO003509	230	0	50	
MYCO003510	74	0	23	
MYCO003511	2301	0	2	
MYCO003512	2304	0	0	
MYCO003513	2184	0	12	
MYCO003514	2303	0	1	
MYCO003515	2058	0	17	
MYCO003516	351	0	22	
MYCO003517	501	0	21	
MYCO003518	63	0	32	
MYCO003519	12	0	27	
MYCO003521	19	0	26	
MYCO003522	5	0	34	
MYCO003523	194	0	23	
MYCO003524	23	0	43	
MYCO003525	120	0	16	
MYCO003526	3	0	26	
MYCO003527	3	0	22	
MYCO003528	30	0	35	
MYCO003529	270	0	39	
MYCO003530	17	818	24	
MYCO003531	55	0	44	
MYCO003532	179	0	40	
MYCO003533	685	0	58	
MYCO003534	28	0	22	
MYCO003535	547	0	18	
MYCO003536	6	0	28	
MYCO003537	17	0	35	
MYCO003538	3	0	24	
MYCO003539	286	0	40	
MYCO003540	196	0	32	
MYCO003541	0	0	12	
MYCO003542	57	0	22	
MYCO003543	45	0	29	
MYCO003544	20	0	30	
MYCO003545	20	0	49	
MYCO003546	45	0	32	
MYCO003547	26	0	20	
MYCO003548	7	0	18	
MYCO003549	73	0	26	
MYCO003550	29	0	17	
MYCO003551	25	0	18	
MYCO003552	5	0	16	
MYCO003553	235	0	23	
MYCO003554	39	0	73	
MYCO003555	336	0	22	
MYCO003556	58	0	22	
MYCO003557	0	0	12	
MYCO003558	543	0	50	
MYCO003559	128	0	26	
MYCO003560	71	0	38	
MYCO003561	349	0	45	
MYCO003562	33	0	40	
MYCO003563	77	0	33	
MYCO003564	307	0	21	
MYCO003565	43	0	48	
MYCO003566	68	0	29	
MYCO003567	24	0	14	
MYCO003568	258	0	15	
MYCO003569	190	0	27	
MYCO003572	18	0	15	
MYCO003573	218	0	54	
MYCO003574	38	0	17	
MYCO003575	60	0	26	
MYCO003576	28	0	23	
MYCO003577	33	0	20	
MYCO003578	161	0	44	
MYCO003581	6	0	12	
MYCO003582	13	0	23	
MYCO003584	9	0	14	
MYCO003585	26	0	46	
MYCO003586	9	0	38	
MYCO003587	96	0	29	
MYCO003588	28	0	11	
MYCO003590	1600	0	35	
MYCO003591	17	0	27	
MYCO003593	3	0	53	
MYCO003594	46	0	31	
MYCO003595	1025	0	41	
MYCO003597	144	0	7	
MYCO003599	92	0	5	
MYCO003602	350	0	28	
MYCO003603	112	0	25	
MYCO003604	475	0	41	
MYCO003605	156	0	13	
MYCO003606	5	0	17	
MYCO003607	77	0	12	
MYCO003608	22	0	25	
MYCO003611	2281	0	3	
MYCO003612	25	0	14	
MYCO003613	2	0	4	
MYCO003614	5	0	30	
MYCO003615	4	0	10	
MYCO003616	30	0	48	
MYCO003617	46	0	27	
MYCO003618	44	0	31	
MYCO003619	190	1062	112	
MYCO003620	1303	244	82	
MYCO003621	331	0	38	
MYCO003622	58	0	8	
MYCO003623	115	0	21	
MYCO003625	125	0	28	
MYCO003626	183	0	38	
MYCO003627	27	0	55	
MYCO003629	26	0	33	
MYCO003630	6	535	43	
MYCO003631	3	0	18	
MYCO003632	2	0	7	
MYCO003633	45	0	31	
MYCO003634	64	0	21	
MYCO003635	77	0	57	
MYCO003636	6	0	12	
MYCO003637	32	0	24	
MYCO003638	6	0	28	
MYCO003639	224	0	26	
MYCO003640	81	0	38	
MYCO003641	10	0	20	
MYCO003642	4	0	9	
MYCO003643	1	0	6	
MYCO003645	465	0	50	
MYCO003649	328	0	78	
MYCO003650	46	0	11	
MYCO003651	202	0	28	
MYCO003652	556	0	15	
MYCO003653	1350	0	21	
MYCO003654	278	0	19	
MYCO003655	2302	0	1	
MYCO003656	9	0	10	
MYCO003657	701	554	16	
MYCO003658	236	0	28	
MYCO003659	460	0	31	
MYCO003660	88	0	42	
MYCO003661	39	0	15	
MYCO003662	612	0	29	
MYCO003663	207	0	55	
MYCO003664	7	0	32	
MYCO003665	3	0	31	
MYCO003666	62	594	41	
MYCO003667	175	0	58	
MYCO003669	6	0	19	
MYCO003671	16	0	40	
MYCO003672	38	0	24	
MYCO003673	74	0	21	
MYCO003675	0	0	13	
MYCO003678	5	0	15	
MYCO003681	9	0	17	
MYCO003685	65	0	47	
MYCO003686	42	0	11	
MYCO003687	10	0	12	
MYCO003688	13	0	19	
MYCO003689	104	0	64	
MYCO003690	222	0	18	
MYCO003691	41	0	42	
MYCO003692	35	0	32	
MYCO003693	766	0	38	
MYCO003694	6	0	29	
MYCO003697	17	0	17	
MYCO003698	80	0	51	
MYCO003699	24	0	24	
MYCO003700	337	0	37	
MYCO003701	74	0	34	
MYCO003702	20	0	25	
MYCO003703	36	0	50	
MYCO003704	38	0	40	
MYCO003706	101	0	10	
MYCO003714	28	0	34	
MYCO003716	147	0	13	
MYCO003723	14	0	26	
MYCO003725	1118	0	15	
MYCO003726	179	0	37	
MYCO003727	156	0	66	
MYCO003728	1451	0	58	
MYCO003729	205	0	75	
MYCO003730	6	0	38	
MYCO003731	3	0	37	
MYCO003732	53	0	45	
MYCO003733	7	0	19	
MYCO003734	38	0	44	
MYCO003735	13	0	18	
MYCO003736	37	0	44	
MYCO003737	430	0	50	
MYCO003738	778	0	29	
MYCO003739	556	0	11	
MYCO003740	67	0	48	
MYCO003741	11	0	31	
MYCO003742	6	0	17	
MYCO003743	96	0	74	
MYCO003744	1	0	18	
MYCO003745	9	696	9	
MYCO003746	3	0	19	
MYCO003747	14	0	8	
MYCO003748	6	0	11	
MYCO003749	19	0	14	
MYCO003750	8	0	11	
MYCO003751	8	0	12	
MYCO003752	170	0	13	
MYCO003753	258	0	12	
MYCO003754	122	0	29	
MYCO003755	8	0	13	
MYCO003756	12	0	27	
MYCO003757	79	0	32	
MYCO003758	20	0	29	
MYCO003759	20	0	42	
MYCO003760	13	0	9	
MYCO003761	91	0	30	
MYCO003762	10	0	75	
MYCO003763	16	0	20	
MYCO003764	20	0	43	
MYCO003766	61	0	29	
MYCO003767	57	0	31	
MYCO003768	60	0	11	
MYCO003769	52	0	12	
MYCO003770	68	0	19	
MYCO003771	22	0	20	
MYCO003772	36	0	31	
MYCO003773	50	0	20	
MYCO003776	416	0	61	
MYCO003779	262	0	60	
MYCO003784	126	0	46	
MYCO003785	1016	0	28	
MYCO003786	166	0	43	
MYCO003787	50	0	33	
MYCO003788	5	0	16	
MYCO003789	4	0	13	
MYCO003792	119	0	77	
MYCO003796	16	0	48	
MYCO003797	120	0	63	
MYCO003798	1219	26	20	
MYCO003800	494	0	132	
MYCO003803	40	0	34	
MYCO003805	24	0	45	
MYCO003807	81	0	20	
MYCO003810	623	0	23	
MYCO003811	87	0	52	
MYCO003812	891	0	40	
MYCO003813	50	0	19	
MYCO003814	26	0	20	
MYCO003815	60	0	21	
MYCO003817	180	0	33	
MYCO003818	31	0	42	
MYCO003819	19	0	14	
MYCO003820	97	0	57	
MYCO003821	8	0	28	
MYCO003822	37	0	50	
MYCO003823	30	0	113	
MYCO003824	48	0	66	
MYCO003825	136	0	193	
MYCO003826	44	0	67	
MYCO003827	89	0	62	
MYCO003828	0	854	16	
MYCO003829	473	0	67	
MYCO003830	533	0	31	
MYCO003831	13	0	33	
MYCO003832	58	0	30	
MYCO003833	284	0	37	
MYCO003836	250	0	21	
MYCO003837	23	0	36	
MYCO003838	70	0	41	
MYCO003839	7	0	27	
MYCO003840	26	0	26	
MYCO003841	2	0	24	
MYCO003843	186	0	40	
MYCO003844	59	3	21	
MYCO003845	1688	0	4	
MYCO003846	8	0	21	
MYCO003848	59	0	50	
MYCO003850	34	0	31	
MYCO003851	34	0	12	
MYCO003852	25	0	17	
MYCO003853	2	0	15	
MYCO003854	101	0	97	
MYCO003855	6	0	30	
MYCO003856	48	0	35	
MYCO003857	10	0	5	
MYCO003860	254	0	60	
MYCO003861	65	0	21	
MYCO003862	29	0	47	
MYCO003863	96	0	43	
MYCO003864	64	0	56	
MYCO003865	27	0	13	
MYCO003866	76	0	26	
MYCO003867	48	0	15	
MYCO003868	113	0	55	
MYCO003869	298	0	74	
MYCO003870	28	0	105	
MYCO003871	176	0	77	
MYCO003872	108	0	13	
MYCO003873	105	0	37	
MYCO003874	20	0	9	
MYCO003875	8	0	9	
MYCO003876	1025	0	63	
MYCO003877	28	0	79	
MYCO003878	247	0	31	
MYCO003879	964	0	86	
MYCO003880	2	0	16	
MYCO003881	242	0	80	
MYCO003882	291	0	85	
MYCO003883	29	0	60	
MYCO003884	129	0	71	
MYCO003885	78	0	77	
MYCO003886	772	0	49	
MYCO003887	231	0	67	
MYCO003888	69	0	66	
MYCO003889	156	0	49	
MYCO003890	45	0	13	
MYCO003891	11	0	21	
MYCO003892	517	0	47	
MYCO003893	48	0	13	
MYCO003894	652	0	149	
MYCO003895	615	0	56	
MYCO003896	135	0	51	
MYCO003897	2281	0	2	
MYCO003898	1123	0	9	
MYCO003899	629	0	58	
MYCO003900	350	0	71	
MYCO003901	39	0	26	
MYCO003902	11	0	23	
MYCO003903	726	0	87	
MYCO003904	7	0	22	
MYCO003905	16	0	17	
MYCO003906	27	0	31	
MYCO003909	126	0	92	
MYCO003910	135	0	201	
MYCO003911	2298	0	4	
MYCO003912	89	0	51	
MYCO003914	1	0	14	
MYCO003916	1	0	43	
MYCO003919	122	0	154	
MYCO003922	2	0	24	
MYCO003923	3	0	26	
MYCO010064	5	0	9	
MYCO010078	8	0	32	
MYCO010157	2	0	6	
MYCO010186	20	0	5	
MYCO010192	509	0	6	
MYCO010236	14	0	3	
MYCO010277	2304	0	0	
MYCO010397	2	1078	10	
MYCO010456	6	0	12	
MYCO010470	335	0	13	
MYCO010492	17	0	7	
MYCO010500	113	0	4	
MYCO010530	3	0	8	
MYCO010590	15	0	7	
MYCO010609	9	0	8	
MYCO010616	0	0	10	
MYCO010634	5	0	6	
MYCO010691	2	0	8	
MYCO010724	2304	0	0	
MYCO010749	9	0	7	
MYCO010755	33	0	4	
MYCO010787	23	0	4	
MYCO010959	2	0	4	
MYCO011028	1	0	5	
MYCO011087	21	0	6	
MYCO011089	4	0	8	
MYCO011116	10	0	9	
MYCO011135	1	0	20	
MYCO011159	3	0	6	
MYCO011290	15	0	8	
MYCO011322	9	0	15	
MYCO011366	8	0	8	
MYCO011473	14	0	7	
MYCO011489	61	0	6	
MYCO011498	33	0	12	
MYCO011507	47	0	27	
MYCO011508	20	0	9	
MYCO011638	152	0	11	
MYCO011706	2	0	5	
MYCO011765	21	0	10	
MYCO011888	1	0	9	
MYCO011954	9	0	5	
MYCO011962	0	1324	12	
MYCO011982	7	0	6	
MYCO011990	26	0	15	
MYCO011991	1	0	3	
MYCO012023	27	0	34	
MYCO012063	61	0	12	
MYCO012077	75	0	10	
MYCO012142	0	0	11	
MYCO012160	1247	0	6	
MYCO012219	2	0	10	
MYCO012231	20	0	18	
MYCO012237	10	0	7	
MYCO012250	2302	0	1	
MYCO012274	81	0	10	
MYCO012306	22	0	20	
MYCO012307	6	0	4	
MYCO012309	6	0	12	
MYCO012331	1	0	9	
MYCO012395	10	0	6	
MYCO012401	11	0	2	
MYCO012427	2304	0	0	
MYCO012438	3	0	10	
MYCO012468	1	0	9	
MYCO012530	3	0	10	
MYCO012548	3	0	12	
MYCO012601	1	0	7	
MYCO012614	269	0	9	
MYCO012737	6	0	7	
MYCO012801	1	0	2	
MYCO012828	405	0	7	
MYCO012862	2304	0	0	
MYCO012922	7	0	8	
MYCO012943	11	0	17	
MYCO012970	12	0	3	
MYCO012998	2	0	13	
MYCO013018	866	0	5	
MYCO013022	363	0	10	
MYCO013032	12	0	11	
MYCO013098	8	0	15	
MYCO013136	2	0	15	
MYCO013190	91	0	5	
MYCO013196	3	0	4	
MYCO013197	18	0	8	
MYCO013198	3	0	11	
MYCO013208	5	0	9	
MYCO013221	1	0	9	
MYCO013224	9	0	13	
MYCO013312	25	0	17	
MYCO013324	2304	0	0	
MYCO013395	78	0	16	
MYCO013566	2	0	10	
MYCO013697	24	0	11	
MYCO013705	19	0	18	
MYCO013724	246	0	5	
MYCO013770	3	0	7	
MYCO020078	2	0	12	
MYCO020456	2304	0	0	
MYCO020500	0	0	3	
MYCO022231	1652	0	9	
MYCO022306	38	0	15	
MYCO022307	35	0	16	
MYCO022395	26	0	10	
MYCO023224	13	0	6	
MYCO023724	261	0	20	
MYCO023770	4	0	7	
MYCO032307	0	0	8	
