GbGDiv simplified results table from 'accumulate-23.txt' records table.
Isolate records read from table: 5884

Locus	Missing	Paralogous	CountNuc
id	0	0	5884	
isolate	0	0	5884	
rMLST_database_accession	0	0	5884	
BACT000001	13	0	88	
BACT000002	171	0	34	
BACT000003	579	0	41	
BACT000004	35	0	30	
BACT000005	101	0	33	
BACT000006	5	0	18	
BACT000007	14	0	18	
BACT000008	25	0	27	
BACT000009	26	0	29	
BACT000010	1	0	11	
BACT000011	49	0	23	
BACT000012	3	0	22	
BACT000013	14	0	26	
BACT000014	3	5395	2	
BACT000015	8	0	9	
BACT000016	49	0	30	
BACT000017	18	0	21	
BACT000018	1	4588	4	
BACT000019	1	0	13	
BACT000020	6	0	16	
BACT000021	5883	0	1	
BACT000030	57	1646	31	
BACT000031	3	0	30	
BACT000032	14	0	25	
BACT000033	163	0	31	
BACT000034	12	0	26	
BACT000035	4	0	27	
BACT000036	385	0	23	
BACT000038	25	0	21	
BACT000039	19	0	27	
BACT000040	721	0	17	
BACT000042	8	0	28	
BACT000043	4	0	24	
BACT000044	32	0	21	
BACT000045	25	0	19	
BACT000046	7	0	35	
BACT000047	75	0	18	
BACT000048	1	0	17	
BACT000049	5	0	20	
BACT000050	34	0	16	
BACT000051	182	0	30	
BACT000052	2	0	15	
BACT000053	5	0	17	
BACT000056	10	0	13	
BACT000057	2	5703	4	
BACT000058	1	1	14	
BACT000059	0	0	13	
BACT000060	3	0	11	
BACT000061	17	0	16	
BACT000062	1	4904	8	
BACT000063	2	1	14	
BACT000064	3	0	14	
BACT000065	4	0	4	
MYCO000001	39	0	136	
MYCO000005	36	0	151	
MYCO000006	61	0	253	
MYCO000009	16	0	37	
MYCO000011	11	0	30	
MYCO000013	6	0	64	
MYCO000015	1325	0	82	
MYCO000016	95	0	97	
MYCO000017	78	0	94	
MYCO000019	9	0	36	
MYCO000038	386	0	39	
MYCO000046	18	0	69	
MYCO000047	21	0	37	
MYCO000049	38	0	31	
MYCO000050	650	0	157	
MYCO000051	495	0	117	
MYCO000054	237	0	32	
MYCO000066	26	0	138	
MYCO000068	162	0	86	
MYCO000129	54	0	40	
MYCO000183	314	0	57	
MYCO000184	355	0	37	
MYCO000189	774	0	68	
MYCO000198	62	0	120	
MYCO000204	180	0	60	
MYCO000207	17	0	45	
MYCO000211	72	0	115	
MYCO000223	593	0	82	
MYCO000225	43	0	42	
MYCO000227	666	0	61	
MYCO000228	142	0	63	
MYCO000236	1334	0	181	
MYCO000237	149	0	78	
MYCO000238	21	0	39	
MYCO000241	39	0	67	
MYCO000242	965	0	75	
MYCO000243	548	0	71	
MYCO000244	124	2936	85	
MYCO000247	12	0	36	
MYCO000248	33	0	68	
MYCO000270	54	0	98	
MYCO000274	366	0	44	
MYCO000321	12	0	31	
MYCO000322	72	0	61	
MYCO000334	6	0	37	
MYCO000337	48	0	55	
MYCO000350	97	0	64	
MYCO000352	601	0	50	
MYCO000357	20	0	54	
MYCO000360	201	0	28	
MYCO000383	1106	0	33	
MYCO000384	743	0	94	
MYCO000407	272	0	55	
MYCO000410	189	0	109	
MYCO000411	161	0	46	
MYCO000414	1225	0	32	
MYCO000415	1293	0	46	
MYCO000417	417	1465	33	
MYCO000423	34	0	56	
MYCO000429	16	0	32	
MYCO000432	16	0	31	
MYCO000433	34	0	46	
MYCO000439	226	0	53	
MYCO000440	68	0	59	
MYCO000462	15	0	45	
MYCO000465	55	0	78	
MYCO000466	26	0	34	
MYCO000467	23	0	49	
MYCO000468	52	0	41	
MYCO000472	14	0	32	
MYCO000475	143	0	36	
MYCO000483	66	0	55	
MYCO000484	61	0	39	
MYCO000486	351	0	67	
MYCO000489	870	0	27	
MYCO000490	69	0	41	
MYCO000491	8	0	20	
MYCO000495	16	0	45	
MYCO000496	76	0	44	
MYCO000498	102	0	48	
MYCO000501	31	0	49	
MYCO000502	47	0	43	
MYCO000505	1418	0	40	
MYCO000509	132	0	70	
MYCO000510	104	0	41	
MYCO000512	133	0	43	
MYCO000524	475	0	59	
MYCO000527	181	0	39	
MYCO000528	916	0	60	
MYCO000529	216	0	54	
MYCO000548	42	0	40	
MYCO000551	203	0	96	
MYCO000553	567	0	45	
MYCO000555	551	0	55	
MYCO000557	68	0	83	
MYCO000558	292	0	29	
MYCO000562	29	0	49	
MYCO000563	123	0	47	
MYCO000564	74	0	58	
MYCO000566	18	0	24	
MYCO000636	10	0	24	
MYCO000639	230	0	27	
MYCO000647	217	0	68	
MYCO000655	32	0	53	
MYCO000667	289	0	284	
MYCO000668	239	0	267	
MYCO000672	254	0	93	
MYCO000684	82	0	98	
MYCO000685	21	0	33	
MYCO000693	565	0	49	
MYCO000696	96	0	73	
MYCO000732	15	0	60	
MYCO000733	10	0	22	
MYCO000734	621	0	32	
MYCO000757	12	0	33	
MYCO000758	160	0	160	
MYCO000772	184	0	58	
MYCO000777	66	0	43	
MYCO000780	22	0	43	
MYCO000782	5752	0	5	
MYCO000788	166	0	26	
MYCO000803	137	0	99	
MYCO000808	111	0	71	
MYCO000809	10	0	43	
MYCO000810	6	0	9	
MYCO000814	1176	23	13	
MYCO000815	92	6	44	
MYCO000820	16	0	30	
MYCO000821	33	0	20	
MYCO000823	117	0	59	
MYCO000824	14	0	26	
MYCO000859	86	0	78	
MYCO000860	358	0	111	
MYCO000861	58	0	68	
MYCO000871	17	0	14	
MYCO000876	9	0	75	
MYCO000884	22	0	49	
MYCO000885	76	0	39	
MYCO000886	1367	0	83	
MYCO000889	1172	0	57	
MYCO000896	81	0	60	
MYCO000902	49	0	33	
MYCO000903	12	0	13	
MYCO000906	1512	0	56	
MYCO000926	30	0	71	
MYCO000927	260	0	44	
MYCO000929	513	0	36	
MYCO000946	65	0	75	
MYCO000949	253	0	106	
MYCO000951	49	0	54	
MYCO000952	106	0	49	
MYCO000953	421	0	56	
MYCO000957	630	0	61	
MYCO000981	60	0	36	
MYCO000983	740	0	69	
MYCO000993	180	0	34	
MYCO000994	398	0	61	
MYCO000995	23	0	37	
MYCO001001	51	0	68	
MYCO001002	92	0	71	
MYCO001007	16	0	65	
MYCO001008	347	0	40	
MYCO001009	297	0	53	
MYCO001010	129	0	53	
MYCO001011	49	0	38	
MYCO001013	72	0	66	
MYCO001014	43	0	37	
MYCO001015	39	0	35	
MYCO001017	10	0	35	
MYCO001018	69	0	74	
MYCO001020	680	0	174	
MYCO001022	278	0	35	
MYCO001023	213	0	66	
MYCO001026	395	0	45	
MYCO001070	36	0	27	
MYCO001071	25	0	58	
MYCO001072	5	0	34	
MYCO001077	93	0	68	
MYCO001079	108	0	44	
MYCO001080	318	0	21	
MYCO001082	54	0	33	
MYCO001086	82	0	46	
MYCO001092	159	0	37	
MYCO001094	102	0	28	
MYCO001095	148	0	56	
MYCO001098	105	0	47	
MYCO001099	373	0	45	
MYCO001108	119	0	54	
MYCO001110	22	0	40	
MYCO001112	764	0	47	
MYCO001165	278	0	92	
MYCO001173	335	0	113	
MYCO001177	18	0	8	
MYCO001178	222	0	65	
MYCO001193	572	0	54	
MYCO001201	349	0	43	
MYCO001202	283	0	38	
MYCO001207	398	0	50	
MYCO001208	42	0	34	
MYCO001213	277	0	65	
MYCO001220	349	0	22	
MYCO001221	7	0	36	
MYCO001223	952	0	76	
MYCO001229	173	0	56	
MYCO001238	68	0	44	
MYCO001239	24	0	50	
MYCO001245	117	0	50	
MYCO001248	666	0	148	
MYCO001253	255	0	89	
MYCO001272	450	0	77	
MYCO001273	25	0	84	
MYCO001277	642	0	45	
MYCO001292	48	0	77	
MYCO001293	81	0	53	
MYCO001294	105	0	53	
MYCO001295	81	0	49	
MYCO001297	496	0	71	
MYCO001299	54	0	32	
MYCO001302	17	0	40	
MYCO001305	10	0	9	
MYCO001308	90	0	56	
MYCO001309	22	0	43	
MYCO001310	28	0	49	
MYCO001311	24	0	25	
MYCO001315	33	0	43	
MYCO001321	93	0	32	
MYCO001323	129	0	57	
MYCO001326	78	0	97	
MYCO001327	106	0	80	
MYCO001328	211	0	125	
MYCO001338	152	0	35	
MYCO001340	82	0	31	
MYCO001380	70	0	40	
MYCO001381	641	0	51	
MYCO001383	55	0	50	
MYCO001384	551	0	171	
MYCO001385	936	0	40	
MYCO001388	8	0	29	
MYCO001390	2	0	16	
MYCO001391	1039	0	62	
MYCO001392	567	0	70	
MYCO001402	2397	0	71	
MYCO001407	819	0	77	
MYCO001408	200	0	34	
MYCO001410	22	0	65	
MYCO001412	28	0	32	
MYCO001415	32	0	49	
MYCO001416	10	0	22	
MYCO001420	41	0	82	
MYCO001421	33	0	44	
MYCO001436	14	0	48	
MYCO001437	67	0	56	
MYCO001438	32	0	36	
MYCO001440	33	0	14	
MYCO001445	383	0	37	
MYCO001447	695	0	102	
MYCO001448	74	0	56	
MYCO001449	310	0	94	
MYCO001451	111	0	43	
MYCO001457	13	0	35	
MYCO001458	33	0	45	
MYCO001462	80	0	61	
MYCO001463	24	0	30	
MYCO001464	317	0	55	
MYCO001465	23	0	18	
MYCO001466	11	0	10	
MYCO001467	124	2983	70	
MYCO001473	60	0	59	
MYCO001474	184	0	20	
MYCO001475	33	0	98	
MYCO001479	128	0	54	
MYCO001480	193	0	46	
MYCO001481	34	0	46	
MYCO001483	154	0	24	
MYCO001484	47	0	38	
MYCO001485	181	0	37	
MYCO001493	931	0	78	
MYCO001536	194	0	148	
MYCO001540	47	0	56	
MYCO001547	216	0	124	
MYCO001557	997	0	62	
MYCO001559	1286	0	65	
MYCO001564	71	0	99	
MYCO001568	370	0	56	
MYCO001569	1115	0	39	
MYCO001589	23	0	39	
MYCO001593	9	0	29	
MYCO001594	71	0	55	
MYCO001595	645	0	70	
MYCO001599	540	0	58	
MYCO001600	13	0	54	
MYCO001601	2	0	31	
MYCO001603	17	0	41	
MYCO001605	27	0	35	
MYCO001609	144	0	77	
MYCO001611	105	0	29	
MYCO001612	16	0	61	
MYCO001617	78	0	68	
MYCO001626	31	0	30	
MYCO001627	174	0	42	
MYCO001629	215	0	143	
MYCO001633	774	0	103	
MYCO001638	277	0	132	
MYCO001641	5884	0	0	
MYCO001649	449	0	44	
MYCO001652	336	0	46	
MYCO001653	1039	0	44	
MYCO001654	163	0	34	
MYCO001655	664	0	58	
MYCO001656	483	0	45	
MYCO001657	550	0	24	
MYCO001658	180	0	60	
MYCO001659	544	0	62	
MYCO001689	20	0	49	
MYCO001694	213	0	44	
MYCO001695	6	0	42	
MYCO001697	10	0	36	
MYCO001699	34	0	111	
MYCO001701	100	0	30	
MYCO001708	32	0	34	
MYCO001709	8	0	48	
MYCO001711	7	0	40	
MYCO001712	40	0	34	
MYCO001713	272	0	64	
MYCO001821	61	0	109	
MYCO001827	11	0	22	
MYCO001829	65	0	23	
MYCO001830	32	0	72	
MYCO001832	168	0	140	
MYCO001837	148	0	104	
MYCO001842	126	0	79	
MYCO001843	145	0	77	
MYCO001844	83	0	88	
MYCO001854	66	0	70	
MYCO001886	121	0	54	
MYCO001894	258	0	70	
MYCO001981	23	0	30	
MYCO002050	6	0	13	
MYCO002089	440	0	62	
MYCO002090	5753	0	12	
MYCO002092	701	0	133	
MYCO002093	63	0	40	
MYCO002096	41	0	52	
MYCO002097	135	0	50	
MYCO002109	22	0	35	
MYCO002110	67	0	42	
MYCO002111	166	0	11	
MYCO002112	2548	0	59	
MYCO002115	58	0	86	
MYCO002118	25	0	28	
MYCO002119	40	0	48	
MYCO002121	79	0	34	
MYCO002122	5	0	20	
MYCO002125	55	0	36	
MYCO002130	746	0	41	
MYCO002134	33	0	27	
MYCO002139	125	0	48	
MYCO002140	2	0	27	
MYCO002141	104	0	68	
MYCO002145	87	0	34	
MYCO002150	365	0	33	
MYCO002151	404	0	32	
MYCO002153	1130	0	69	
MYCO002154	1246	0	44	
MYCO002155	978	0	98	
MYCO002156	26	0	55	
MYCO002157	2581	0	55	
MYCO002163	263	0	78	
MYCO002166	22	0	14	
MYCO002170	717	0	32	
MYCO002176	159	0	56	
MYCO002178	34	0	38	
MYCO002179	117	0	20	
MYCO002182	44	0	30	
MYCO002186	6	0	15	
MYCO002187	1682	0	79	
MYCO002188	65	0	61	
MYCO002192	190	0	46	
MYCO002193	10	0	22	
MYCO002194	52	0	42	
MYCO002195	32	0	53	
MYCO002196	25	0	75	
MYCO002199	3	0	21	
MYCO002200	41	0	49	
MYCO002201	247	0	77	
MYCO002202	268	0	47	
MYCO002210	120	0	52	
MYCO002211	170	0	61	
MYCO002213	314	0	86	
MYCO002216	54	0	59	
MYCO002217	323	0	39	
MYCO002218	258	0	56	
MYCO002219	193	0	36	
MYCO002220	41	0	65	
MYCO002221	1301	0	111	
MYCO002222	63	0	59	
MYCO002225	191	0	47	
MYCO002228	87	0	51	
MYCO002230	397	0	49	
MYCO002235	104	0	50	
MYCO002239	3	0	24	
MYCO002241	728	0	82	
MYCO002242	263	0	45	
MYCO002243	629	0	38	
MYCO002244	7	0	10	
MYCO002245	107	0	53	
MYCO002246	73	0	50	
MYCO002247	253	0	55	
MYCO002257	66	0	45	
MYCO002259	298	0	48	
MYCO002315	1017	0	72	
MYCO002343	300	0	83	
MYCO002344	906	0	48	
MYCO002357	18	0	40	
MYCO002361	18	0	28	
MYCO002362	165	0	32	
MYCO002364	15	0	43	
MYCO002366	23	0	71	
MYCO002367	11	0	20	
MYCO002368	59	0	48	
MYCO002373	89	0	54	
MYCO002374	192	0	59	
MYCO002399	84	0	40	
MYCO002400	68	0	60	
MYCO002402	97	0	110	
MYCO002404	45	0	96	
MYCO002409	25	0	34	
MYCO002410	12	0	32	
MYCO002411	152	0	71	
MYCO002413	225	0	41	
MYCO002420	265	0	26	
MYCO002421	2	0	18	
MYCO002425	493	0	48	
MYCO002426	1681	0	53	
MYCO002427	520	0	57	
MYCO002439	910	0	38	
MYCO002440	146	0	73	
MYCO002445	36	0	16	
MYCO002447	112	0	68	
MYCO002448	254	0	114	
MYCO002454	39	0	54	
MYCO002455	106	0	73	
MYCO002457	40	0	39	
MYCO002460	8	0	20	
MYCO002461	11	0	27	
MYCO002462	378	0	52	
MYCO002465	91	0	22	
MYCO002466	56	0	28	
MYCO002467	139	0	117	
MYCO002470	12	0	27	
MYCO002477	35	0	70	
MYCO002500	17	0	54	
MYCO002502	74	0	76	
MYCO002509	19	0	50	
MYCO002511	22	0	25	
MYCO002518	705	0	47	
MYCO002521	2	0	28	
MYCO002523	54	0	13	
MYCO002524	1714	0	302	
MYCO002533	26	0	24	
MYCO002534	7	0	25	
MYCO002538	321	0	50	
MYCO002540	1300	0	59	
MYCO002555	111	0	89	
MYCO002559	523	0	53	
MYCO002568	75	0	46	
MYCO002572	213	0	74	
MYCO002575	92	0	47	
MYCO002580	275	0	45	
MYCO002582	47	0	41	
MYCO002583	158	0	94	
MYCO002587	896	0	82	
MYCO002589	192	0	60	
MYCO002592	249	0	39	
MYCO002593	132	0	29	
MYCO002594	5	0	19	
MYCO002603	14	0	33	
MYCO002606	55	0	37	
MYCO002610	151	0	46	
MYCO002611	117	0	52	
MYCO002612	11	0	32	
MYCO002613	10	0	18	
MYCO002614	102	0	68	
MYCO002670	33	0	44	
MYCO002673	687	1494	50	
MYCO002676	35	0	24	
MYCO002678	533	0	49	
MYCO002682	129	0	71	
MYCO002696	152	0	45	
MYCO002697	15	0	21	
MYCO002699	0	0	13	
MYCO002702	14	0	47	
MYCO002703	207	0	55	
MYCO002708	5	0	14	
MYCO002710	109	0	39	
MYCO002711	41	0	34	
MYCO002714	43	0	45	
MYCO002715	770	0	67	
MYCO002720	21	0	46	
MYCO002724	63	0	73	
MYCO002725	156	0	67	
MYCO002726	84	0	37	
MYCO002727	319	0	49	
MYCO002731	669	0	55	
MYCO002733	1358	0	62	
MYCO002744	178	0	40	
MYCO002748	560	0	123	
MYCO002750	116	0	40	
MYCO002753	17	0	50	
MYCO002754	52	0	30	
MYCO002764	110	0	52	
MYCO002773	33	0	36	
MYCO002782	447	0	62	
MYCO002783	198	0	78	
MYCO002788	645	0	22	
MYCO002794	34	0	36	
MYCO002795	115	0	49	
MYCO002828	2646	722	50	
MYCO002838	115	0	26	
MYCO002839	2256	0	96	
MYCO002841	35	0	57	
MYCO002846	16	0	59	
MYCO002847	138	0	52	
MYCO002861	28	0	36	
MYCO002864	69	0	60	
MYCO002868	17	0	38	
MYCO002870	136	0	46	
MYCO002882	12	0	31	
MYCO002883	7	0	36	
MYCO002889	122	0	29	
MYCO002894	759	0	35	
MYCO002901	4	0	9	
MYCO002902	340	0	40	
MYCO002915	115	0	55	
MYCO002916	467	0	58	
MYCO002917	939	0	72	
MYCO002918	367	0	116	
MYCO002919	8	0	15	
MYCO002921	203	0	64	
MYCO002927	33	0	36	
MYCO002965	4	0	13	
MYCO002967	388	0	100	
MYCO002976	100	0	37	
MYCO002981	255	0	58	
MYCO002982	38	0	50	
MYCO002984	80	0	70	
MYCO002988	152	0	46	
MYCO002992	176	0	72	
MYCO002993	14	0	36	
MYCO002995	214	0	52	
MYCO002996	387	0	71	
MYCO003001	26	0	39	
MYCO003003	271	0	77	
MYCO003006	201	0	45	
MYCO003009	30	0	67	
MYCO003010	542	0	41	
MYCO003011	1054	0	59	
MYCO003014	550	0	91	
MYCO003024	268	0	60	
MYCO003025	165	0	53	
MYCO003027	49	0	53	
MYCO003028	752	0	41	
MYCO003029	29	0	31	
MYCO003031	333	0	74	
MYCO003032	592	0	44	
MYCO003034	25	0	33	
MYCO003038	14	0	43	
MYCO003042	105	0	45	
MYCO003043	17	0	60	
MYCO003045	9	0	43	
MYCO003048	25	0	47	
MYCO003049	151	0	83	
MYCO003051	48	0	62	
MYCO003052	25	0	15	
MYCO003053	6	0	9	
MYCO003054	204	0	36	
MYCO003057	24	0	41	
MYCO003085	342	0	45	
MYCO003100	12	0	22	
MYCO003101	34	0	30	
MYCO003102	5	0	32	
MYCO003105	265	0	54	
MYCO003117	92	6	44	
MYCO003118	1176	23	13	
MYCO003139	30	0	72	
MYCO003140	28	0	65	
MYCO003193	94	0	135	
MYCO003194	6	0	38	
MYCO003195	468	0	76	
MYCO003197	40	0	59	
MYCO003198	428	0	80	
MYCO003205	61	0	36	
MYCO003206	35	0	65	
MYCO003207	22	0	42	
MYCO003208	78	0	30	
MYCO003211	470	0	84	
MYCO003213	22	0	48	
MYCO003214	38	0	41	
MYCO003219	9	0	8	
MYCO003220	35	0	56	
MYCO003221	0	0	12	
MYCO003223	6	0	31	
MYCO003228	564	0	48	
MYCO003229	35	0	79	
MYCO003240	639	0	101	
MYCO003241	268	0	30	
MYCO003245	24	0	64	
MYCO003246	17	0	19	
MYCO003248	66	0	82	
MYCO003252	285	0	58	
MYCO003255	158	0	43	
MYCO003257	292	0	57	
MYCO003258	397	0	23	
MYCO003261	22	0	46	
MYCO003262	338	0	53	
MYCO003264	26	0	37	
MYCO003265	145	0	44	
MYCO003267	401	0	50	
MYCO003274	10	0	52	
MYCO003275	186	0	27	
MYCO003276	160	0	56	
MYCO003277	11	0	31	
MYCO003280	50	0	62	
MYCO003285	192	0	64	
MYCO003290	33	0	47	
MYCO003296	1778	0	212	
MYCO003302	113	0	60	
MYCO003303	5831	0	2	
MYCO003304	64	0	15	
MYCO003305	116	0	48	
MYCO003306	366	0	57	
MYCO003313	38	0	30	
MYCO003317	24	0	29	
MYCO003318	307	0	66	
MYCO003319	79	0	41	
MYCO003328	455	0	58	
MYCO003329	72	0	76	
MYCO003330	600	0	62	
MYCO003336	18	0	37	
MYCO003340	29	0	49	
MYCO003341	779	0	56	
MYCO003356	33	0	37	
MYCO003392	61	4493	21	
MYCO003396	109	0	60	
MYCO003409	160	0	63	
MYCO003410	1035	0	45	
MYCO003411	265	0	76	
MYCO003412	13	0	20	
MYCO003417	18	3369	51	
MYCO003418	1	0	11	
MYCO003419	249	0	43	
MYCO003422	6	0	22	
MYCO003432	47	0	52	
MYCO003433	2098	0	47	
MYCO003436	1456	0	68	
MYCO003441	644	0	65	
MYCO003455	281	0	38	
MYCO003457	23	0	51	
MYCO003462	9	0	14	
MYCO003464	19	0	43	
MYCO003490	73	0	72	
MYCO003500	27	0	40	
MYCO003501	39	0	33	
MYCO003504	43	0	54	
MYCO003520	73	0	60	
MYCO003570	22	0	40	
MYCO003571	72	0	47	
MYCO003579	850	0	62	
MYCO003580	122	0	45	
MYCO003583	6	0	22	
MYCO003589	1374	0	44	
MYCO003592	10	0	17	
MYCO003596	453	0	107	
MYCO003598	49	0	52	
MYCO003600	50	0	35	
MYCO003601	44	0	22	
MYCO003609	7	0	18	
MYCO003610	569	0	88	
MYCO003624	16	0	41	
MYCO003628	27	0	27	
MYCO003644	320	0	66	
MYCO003646	885	0	120	
MYCO003647	89	0	30	
MYCO003648	9	0	33	
MYCO003668	11	0	34	
MYCO003670	308	0	47	
MYCO003674	15	0	36	
MYCO003676	11	0	28	
MYCO003677	80	0	46	
MYCO003679	30	0	56	
MYCO003680	141	0	51	
MYCO003682	196	0	103	
MYCO003683	108	0	49	
MYCO003684	91	0	36	
MYCO003695	46	0	58	
MYCO003696	242	0	103	
MYCO003705	10	0	36	
MYCO003707	174	0	50	
MYCO003708	171	0	50	
MYCO003709	108	0	52	
MYCO003710	2334	0	56	
MYCO003711	55	0	59	
MYCO003712	776	0	54	
MYCO003713	61	0	26	
MYCO003715	8	0	23	
MYCO003717	6	0	37	
MYCO003718	5	0	17	
MYCO003719	34	0	64	
MYCO003720	205	0	69	
MYCO003721	511	0	82	
MYCO003722	25	0	73	
MYCO003765	658	0	49	
MYCO003774	27	0	56	
MYCO003775	85	0	76	
MYCO003777	355	0	51	
MYCO003778	64	0	67	
MYCO003780	557	0	29	
MYCO003781	13	0	32	
MYCO003782	59	0	47	
MYCO003783	58	0	38	
MYCO003790	33	0	68	
MYCO003791	68	0	54	
MYCO003793	985	0	180	
MYCO003794	322	0	206	
MYCO003795	272	0	289	
MYCO003799	27	0	75	
MYCO003801	62	0	74	
MYCO003802	114	0	51	
MYCO003804	64	0	55	
MYCO003806	23	0	86	
MYCO003808	367	0	73	
MYCO003809	11	0	48	
MYCO003816	438	0	46	
MYCO003834	172	0	60	
MYCO003835	777	0	76	
MYCO003842	153	0	75	
MYCO003847	2218	0	28	
MYCO003849	12	0	21	
MYCO003858	64	0	58	
MYCO003859	593	0	205	
MYCO003907	55	0	102	
MYCO003908	222	0	50	
MYCO003913	110	0	89	
MYCO003915	14	0	93	
MYCO003917	26	0	96	
MYCO003918	18	0	96	
MYCO003920	13	0	51	
MYCO003921	27	0	98	
MYCO013678	3	0	16	
MYCO000002	67	0	96	
MYCO000003	61	0	89	
MYCO000004	18	0	70	
MYCO000007	630	0	120	
MYCO000008	30	0	53	
MYCO000010	22	0	78	
MYCO000012	48	0	80	
MYCO000014	22	0	126	
MYCO000018	353	0	101	
MYCO000020	296	0	145	
MYCO000021	804	0	68	
MYCO000022	73	0	45	
MYCO000023	51	0	67	
MYCO000024	1809	0	62	
MYCO000025	630	0	43	
MYCO000026	196	0	103	
MYCO000027	30	0	19	
MYCO000028	19	0	26	
MYCO000029	433	0	100	
MYCO000030	1149	0	30	
MYCO000031	53	0	20	
MYCO000032	1805	0	132	
MYCO000033	21	0	15	
MYCO000034	13	0	28	
MYCO000035	88	0	152	
MYCO000036	123	0	62	
MYCO000037	79	0	91	
MYCO000039	257	0	31	
MYCO000040	89	0	71	
MYCO000041	534	0	188	
MYCO000042	390	0	83	
MYCO000043	49	0	56	
MYCO000044	737	0	53	
MYCO000045	2605	0	63	
MYCO000048	41	0	79	
MYCO000052	177	24	54	
MYCO000057	24	3500	62	
MYCO000058	91	0	155	
MYCO000059	25	0	57	
MYCO000060	14	0	60	
MYCO000061	1364	0	20	
MYCO000062	318	0	99	
MYCO000063	430	0	126	
MYCO000064	2423	0	156	
MYCO000065	13	0	16	
MYCO000067	22	0	42	
MYCO000069	135	0	79	
MYCO000070	31	3404	53	
MYCO000071	1634	0	64	
MYCO000072	1393	0	54	
MYCO000073	46	2483	55	
MYCO000074	2277	0	75	
MYCO000075	290	0	73	
MYCO000076	21	0	27	
MYCO000077	61	0	60	
MYCO000078	67	0	29	
MYCO000079	97	0	43	
MYCO000080	113	0	47	
MYCO000081	9	0	32	
MYCO000082	1542	0	30	
MYCO000083	2132	0	63	
MYCO000084	43	0	55	
MYCO000085	380	0	44	
MYCO000086	484	0	82	
MYCO000087	411	0	93	
MYCO000088	35	0	51	
MYCO000089	61	0	42	
MYCO000090	82	0	57	
MYCO000091	94	0	40	
MYCO000092	340	0	124	
MYCO000093	177	0	64	
MYCO000094	5679	85	40	
MYCO000095	2535	0	185	
MYCO000096	651	0	92	
MYCO000097	14	0	32	
MYCO000098	11	0	30	
MYCO000099	1680	0	75	
MYCO000100	9	0	9	
MYCO000101	245	0	392	
MYCO000102	144	0	126	
MYCO000103	256	0	129	
MYCO000104	1895	0	87	
MYCO000106	146	0	52	
MYCO000107	5830	0	6	
MYCO000108	16	0	14	
MYCO000109	1867	0	72	
MYCO000110	24	0	44	
MYCO000111	214	0	106	
MYCO000112	43	0	78	
MYCO000113	318	0	60	
MYCO000114	248	0	39	
MYCO000115	778	0	78	
MYCO000116	30	0	48	
MYCO000117	23	0	54	
MYCO000118	204	0	117	
MYCO000119	159	0	92	
MYCO000120	146	0	139	
MYCO000121	197	0	30	
MYCO000122	23	0	21	
MYCO000123	8	0	20	
MYCO000124	5727	0	6	
MYCO000125	336	0	61	
MYCO000126	56	0	108	
MYCO000127	53	0	64	
MYCO000128	57	0	34	
MYCO000130	8	0	43	
MYCO000131	44	0	69	
MYCO000132	254	0	54	
MYCO000133	689	0	49	
MYCO000134	2029	0	33	
MYCO000135	15	0	27	
MYCO000136	597	0	98	
MYCO000137	665	0	36	
MYCO000138	615	0	31	
MYCO000139	63	0	54	
MYCO000140	16	0	25	
MYCO000141	15	0	29	
MYCO000142	916	0	62	
MYCO000143	355	0	100	
MYCO000144	395	0	45	
MYCO000145	283	0	68	
MYCO000146	991	0	62	
MYCO000147	211	0	108	
MYCO000148	62	0	41	
MYCO000149	1061	0	52	
MYCO000150	41	0	19	
MYCO000151	429	0	117	
MYCO000152	139	0	115	
MYCO000153	111	0	48	
MYCO000154	68	0	53	
MYCO000155	170	0	55	
MYCO000156	6	0	18	
MYCO000157	442	0	72	
MYCO000158	16	0	36	
MYCO000159	485	0	97	
MYCO000160	58	0	108	
MYCO000161	181	0	85	
MYCO000162	333	0	71	
MYCO000163	4	0	36	
MYCO000164	14	0	24	
MYCO000165	2925	0	16	
MYCO000166	102	0	99	
MYCO000167	12	2927	30	
MYCO000168	87	0	60	
MYCO000169	172	0	95	
MYCO000170	16	0	47	
MYCO000171	1546	0	85	
MYCO000172	251	0	97	
MYCO000173	18	0	61	
MYCO000174	110	0	87	
MYCO000175	93	0	58	
MYCO000176	239	0	60	
MYCO000177	3	0	25	
MYCO000178	33	0	46	
MYCO000179	356	0	70	
MYCO000180	710	0	87	
MYCO000181	15	0	41	
MYCO000182	435	0	79	
MYCO000185	124	0	24	
MYCO000186	321	0	118	
MYCO000187	98	0	45	
MYCO000188	23	0	28	
MYCO000190	1	0	16	
MYCO000191	600	0	65	
MYCO000192	1378	0	56	
MYCO000193	56	0	123	
MYCO000194	458	0	220	
MYCO000195	944	0	37	
MYCO000196	93	0	26	
MYCO000197	5881	0	3	
MYCO000199	8	0	32	
MYCO000200	97	0	33	
MYCO000201	459	0	26	
MYCO000202	214	0	151	
MYCO000203	265	0	23	
MYCO000205	751	0	51	
MYCO000206	385	0	124	
MYCO000208	34	0	32	
MYCO000209	456	0	64	
MYCO000210	536	0	71	
MYCO000212	78	0	58	
MYCO000213	35	0	69	
MYCO000214	89	0	100	
MYCO000215	701	0	50	
MYCO000216	90	0	48	
MYCO000217	534	0	53	
MYCO000218	1742	0	62	
MYCO000219	7	0	42	
MYCO000220	243	0	65	
MYCO000221	659	0	64	
MYCO000222	136	0	42	
MYCO000224	79	0	27	
MYCO000226	372	0	88	
MYCO000229	31	0	43	
MYCO000230	23	0	67	
MYCO000231	86	0	91	
MYCO000232	42	0	45	
MYCO000233	608	0	44	
MYCO000234	313	0	74	
MYCO000235	96	0	114	
MYCO000239	11	0	20	
MYCO000240	13	0	28	
MYCO000245	32	0	37	
MYCO000246	264	0	74	
MYCO000249	30	0	40	
MYCO000250	9	0	17	
MYCO000251	10	0	40	
MYCO000252	108	0	159	
MYCO000253	37	0	19	
MYCO000254	80	0	22	
MYCO000255	537	0	87	
MYCO000256	1617	0	88	
MYCO000257	762	0	34	
MYCO000258	68	0	29	
MYCO000259	11	0	44	
MYCO000260	93	0	77	
MYCO000261	80	0	93	
MYCO000262	31	0	31	
MYCO000263	533	0	48	
MYCO000264	124	0	40	
MYCO000265	34	0	68	
MYCO000266	1483	0	167	
MYCO000267	648	0	67	
MYCO000268	57	0	35	
MYCO000269	127	0	64	
MYCO000271	210	0	124	
MYCO000272	113	0	80	
MYCO000273	94	0	40	
MYCO000275	582	0	60	
MYCO000276	277	1645	57	
MYCO000277	187	2476	83	
MYCO000278	5872	0	5	
MYCO000279	5562	0	88	
MYCO000280	2541	0	80	
MYCO000281	303	0	51	
MYCO000282	82	0	89	
MYCO000283	515	0	84	
MYCO000284	1084	0	190	
MYCO000285	203	0	13	
MYCO000286	1706	0	78	
MYCO000287	23	22	16	
MYCO000288	3	0	28	
MYCO000289	126	0	71	
MYCO000290	961	0	93	
MYCO000291	795	0	76	
MYCO000292	58	0	52	
MYCO000293	166	0	75	
MYCO000294	147	0	53	
MYCO000295	25	0	37	
MYCO000296	96	0	69	
MYCO000297	3090	0	117	
MYCO000298	10	0	16	
MYCO000299	9	0	26	
MYCO000300	5	0	11	
MYCO000301	5	0	25	
MYCO000302	101	0	43	
MYCO000303	68	0	64	
MYCO000304	813	0	431	
MYCO000305	5793	0	14	
MYCO000306	22	0	34	
MYCO000307	29	0	30	
MYCO000308	10	0	43	
MYCO000309	35	0	30	
MYCO000310	5	0	20	
MYCO000311	40	0	74	
MYCO000312	502	0	87	
MYCO000313	6	0	23	
MYCO000314	220	0	47	
MYCO000315	1415	0	45	
MYCO000316	559	0	33	
MYCO000317	84	0	53	
MYCO000318	34	0	40	
MYCO000319	80	0	42	
MYCO000320	20	0	38	
MYCO000323	623	0	43	
MYCO000324	34	0	37	
MYCO000325	2862	0	7	
MYCO000326	279	0	27	
MYCO000327	340	0	70	
MYCO000328	12	0	27	
MYCO000329	162	0	43	
MYCO000330	47	0	46	
MYCO000331	324	0	89	
MYCO000332	56	0	47	
MYCO000333	5	0	22	
MYCO000335	836	0	30	
MYCO000336	5091	656	27	
MYCO000338	1109	0	109	
MYCO000339	853	0	134	
MYCO000340	19	0	35	
MYCO000341	1815	0	65	
MYCO000342	202	0	87	
MYCO000343	248	0	84	
MYCO000344	31	0	27	
MYCO000345	13	0	32	
MYCO000346	271	0	64	
MYCO000347	12	25	33	
MYCO000348	10	0	22	
MYCO000349	26	0	36	
MYCO000351	151	0	29	
MYCO000353	6	0	25	
MYCO000354	5880	0	1	
MYCO000355	3599	0	412	
MYCO000356	511	0	44	
MYCO000358	1602	0	36	
MYCO000359	84	0	46	
MYCO000361	17	0	39	
MYCO000362	42	0	84	
MYCO000363	53	0	56	
MYCO000364	20	0	38	
MYCO000365	171	0	62	
MYCO000366	99	0	37	
MYCO000367	48	0	18	
MYCO000368	268	0	75	
MYCO000369	15	0	30	
MYCO000370	51	0	72	
MYCO000371	43	0	27	
MYCO000372	182	0	50	
MYCO000373	230	0	157	
MYCO000374	26	0	34	
MYCO000375	632	0	36	
MYCO000376	476	0	65	
MYCO000377	435	0	64	
MYCO000378	806	0	14	
MYCO000379	17	0	17	
MYCO000380	98	0	30	
MYCO000381	81	0	44	
MYCO000382	37	0	20	
MYCO000385	23	0	47	
MYCO000386	495	0	162	
MYCO000387	2134	0	29	
MYCO000388	5879	0	3	
MYCO000389	734	0	76	
MYCO000390	8	0	24	
MYCO000391	122	0	50	
MYCO000392	359	0	80	
MYCO000393	1839	0	112	
MYCO000394	66	0	40	
MYCO000395	929	0	16	
MYCO000396	42	0	22	
MYCO000397	907	1963	82	
MYCO000398	391	0	32	
MYCO000399	100	0	80	
MYCO000400	162	0	58	
MYCO000401	296	0	25	
MYCO000402	1010	0	134	
MYCO000403	1338	0	21	
MYCO000404	185	0	152	
MYCO000405	2855	0	177	
MYCO000406	85	0	45	
MYCO000408	39	0	106	
MYCO000409	43	0	53	
MYCO000412	42	0	65	
MYCO000413	182	0	30	
MYCO000416	1	0	8	
MYCO000418	55	0	81	
MYCO000419	124	0	86	
MYCO000420	6	0	40	
MYCO000421	41	0	41	
MYCO000422	30	0	38	
MYCO000424	3	0	18	
MYCO000425	1392	0	203	
MYCO000426	108	0	30	
MYCO000427	76	0	49	
MYCO000428	302	0	44	
MYCO000430	88	0	9	
MYCO000431	29	0	20	
MYCO000434	64	0	36	
MYCO000435	399	0	115	
MYCO000436	412	0	41	
MYCO000437	330	0	25	
MYCO000438	107	0	66	
MYCO000441	356	0	24	
MYCO000442	177	0	86	
MYCO000443	214	0	24	
MYCO000444	888	0	41	
MYCO000445	21	0	25	
MYCO000446	1225	0	34	
MYCO000447	245	0	69	
MYCO000448	105	0	31	
MYCO000449	90	0	51	
MYCO000450	89	0	126	
MYCO000451	13	0	30	
MYCO000452	15	0	30	
MYCO000453	1520	0	52	
MYCO000454	21	0	21	
MYCO000455	4	0	25	
MYCO000456	70	0	53	
MYCO000457	696	0	90	
MYCO000458	439	0	88	
MYCO000459	164	0	43	
MYCO000460	4	0	14	
MYCO000461	62	0	35	
MYCO000463	103	0	13	
MYCO000464	6	0	26	
MYCO000469	101	0	62	
MYCO000470	49	0	33	
MYCO000471	116	0	37	
MYCO000473	45	0	62	
MYCO000474	9	0	21	
MYCO000476	15	0	13	
MYCO000477	81	0	21	
MYCO000478	34	0	41	
MYCO000479	595	0	37	
MYCO000480	193	0	40	
MYCO000481	32	0	26	
MYCO000482	56	0	47	
MYCO000485	103	0	62	
MYCO000487	188	0	39	
MYCO000488	29	0	34	
MYCO000492	781	0	105	
MYCO000493	230	0	63	
MYCO000494	167	0	40	
MYCO000497	724	0	42	
MYCO000499	149	0	44	
MYCO000500	491	0	40	
MYCO000503	11	0	33	
MYCO000504	6	0	20	
MYCO000506	32	0	12	
MYCO000507	473	0	194	
MYCO000508	0	0	13	
MYCO000511	937	0	73	
MYCO000513	86	0	22	
MYCO000514	51	0	29	
MYCO000515	5091	394	26	
MYCO000516	26	0	23	
MYCO000517	137	0	73	
MYCO000518	31	0	34	
MYCO000519	697	0	43	
MYCO000520	66	0	16	
MYCO000521	9	0	16	
MYCO000522	35	0	49	
MYCO000523	281	0	23	
MYCO000525	568	0	40	
MYCO000526	84	0	35	
MYCO000530	493	0	82	
MYCO000531	777	0	17	
MYCO000532	5524	0	15	
MYCO000533	127	0	41	
MYCO000534	236	0	53	
MYCO000535	94	0	42	
MYCO000536	908	0	43	
MYCO000537	452	0	83	
MYCO000538	1431	0	127	
MYCO000539	2344	0	24	
MYCO000540	505	0	27	
MYCO000541	217	0	65	
MYCO000542	765	0	53	
MYCO000543	0	0	10	
MYCO000544	541	0	16	
MYCO000545	217	0	63	
MYCO000546	19	0	23	
MYCO000547	360	0	51	
MYCO000549	78	0	25	
MYCO000550	32	0	14	
MYCO000552	1225	0	75	
MYCO000554	389	0	37	
MYCO000556	11	0	26	
MYCO000559	98	0	19	
MYCO000560	34	0	40	
MYCO000561	394	0	49	
MYCO000565	228	0	108	
MYCO000567	107	0	58	
MYCO000568	200	0	70	
MYCO000569	10	0	15	
MYCO000570	333	0	125	
MYCO000571	557	0	62	
MYCO000572	24	0	23	
MYCO000573	364	0	72	
MYCO000574	309	0	57	
MYCO000575	390	0	65	
MYCO000576	469	0	73	
MYCO000577	484	0	49	
MYCO000578	4464	0	138	
MYCO000579	294	0	48	
MYCO000580	37	0	28	
MYCO000581	193	0	16	
MYCO000582	26	0	18	
MYCO000583	151	0	41	
MYCO000584	80	0	156	
MYCO000585	199	0	124	
MYCO000586	28	1831	39	
MYCO000587	185	0	61	
MYCO000588	250	0	52	
MYCO000589	77	0	73	
MYCO000590	2875	0	30	
MYCO000591	455	0	92	
MYCO000592	1049	0	60	
MYCO000593	73	0	65	
MYCO000594	325	0	103	
MYCO000595	41	0	26	
MYCO000596	44	0	13	
MYCO000597	23	0	59	
MYCO000598	23	0	24	
MYCO000599	9	3272	16	
MYCO000600	301	0	27	
MYCO000601	269	0	39	
MYCO000602	722	0	46	
MYCO000603	1092	0	16	
MYCO000604	297	0	56	
MYCO000605	40	0	27	
MYCO000606	123	0	42	
MYCO000607	14	0	20	
MYCO000608	2	0	10	
MYCO000609	35	0	27	
MYCO000610	706	0	47	
MYCO000611	13	0	27	
MYCO000612	770	0	31	
MYCO000613	1574	0	111	
MYCO000614	210	0	53	
MYCO000615	81	0	13	
MYCO000616	38	0	26	
MYCO000617	17	0	24	
MYCO000618	776	0	31	
MYCO000619	5884	0	0	
MYCO000620	1547	0	62	
MYCO000621	801	0	49	
MYCO000622	21	0	50	
MYCO000623	11	0	13	
MYCO000624	14	0	27	
MYCO000625	422	0	40	
MYCO000626	39	0	14	
MYCO000627	43	0	19	
MYCO000628	501	2718	58	
MYCO000629	1029	0	88	
MYCO000630	1585	0	128	
MYCO000631	1595	0	129	
MYCO000632	6	0	30	
MYCO000633	45	0	52	
MYCO000634	12	0	30	
MYCO000635	10	0	25	
MYCO000637	6	0	36	
MYCO000638	93	0	32	
MYCO000642	36	0	45	
MYCO000643	153	0	44	
MYCO000644	9	21	35	
MYCO000645	5	0	35	
MYCO000646	99	0	47	
MYCO000648	1991	0	152	
MYCO000649	2268	0	38	
MYCO000650	1654	0	42	
MYCO000653	33	0	33	
MYCO000654	615	0	80	
MYCO000656	39	0	25	
MYCO000657	5	0	7	
MYCO000658	37	0	45	
MYCO000659	14	0	22	
MYCO000660	72	0	15	
MYCO000661	79	0	22	
MYCO000662	94	0	13	
MYCO000663	476	0	139	
MYCO000664	5	0	12	
MYCO000665	69	0	17	
MYCO000666	7	0	15	
MYCO000669	576	0	99	
MYCO000670	1024	0	28	
MYCO000671	120	0	48	
MYCO000673	790	0	51	
MYCO000674	78	0	28	
MYCO000675	279	0	34	
MYCO000676	28	2609	100	
MYCO000677	11	0	23	
MYCO000678	28	0	28	
MYCO000679	88	0	27	
MYCO000680	16	0	22	
MYCO000681	13	0	39	
MYCO000686	885	0	34	
MYCO000687	81	0	34	
MYCO000688	61	0	56	
MYCO000689	282	0	17	
MYCO000690	77	0	39	
MYCO000691	3	0	39	
MYCO000692	8	0	19	
MYCO000694	322	0	47	
MYCO000695	71	0	31	
MYCO000697	26	0	71	
MYCO000698	1078	0	33	
MYCO000699	2	0	11	
MYCO000711	423	0	101	
MYCO000712	23	0	33	
MYCO000713	25	0	64	
MYCO000724	563	0	96	
MYCO000725	72	0	39	
MYCO000726	151	0	64	
MYCO000727	363	0	41	
MYCO000728	170	0	56	
MYCO000729	865	0	76	
MYCO000730	184	0	38	
MYCO000731	488	0	50	
MYCO000735	16	0	33	
MYCO000736	134	0	46	
MYCO000737	28	0	22	
MYCO000738	737	0	31	
MYCO000739	2937	0	23	
MYCO000740	1443	0	41	
MYCO000741	33	704	22	
MYCO000742	5884	0	0	
MYCO000743	17	0	24	
MYCO000744	286	0	31	
MYCO000745	795	0	33	
MYCO000746	5350	0	30	
MYCO000747	5326	0	43	
MYCO000748	591	0	26	
MYCO000749	187	2815	58	
MYCO000750	1335	2184	25	
MYCO000751	211	0	42	
MYCO000752	158	0	63	
MYCO000753	295	0	72	
MYCO000754	1612	0	81	
MYCO000755	740	0	125	
MYCO000756	161	0	39	
MYCO000759	1	0	13	
MYCO000760	198	0	22	
MYCO000761	50	0	40	
MYCO000762	23	0	29	
MYCO000763	11	0	12	
MYCO000764	39	0	60	
MYCO000765	132	0	46	
MYCO000766	1402	0	59	
MYCO000767	454	0	38	
MYCO000768	67	0	80	
MYCO000769	14	0	41	
MYCO000770	359	0	40	
MYCO000771	77	0	27	
MYCO000773	117	0	86	
MYCO000774	247	0	56	
MYCO000775	105	0	40	
MYCO000776	246	0	39	
MYCO000778	323	0	61	
MYCO000779	1868	0	28	
MYCO000781	5752	0	1	
MYCO000783	50	0	96	
MYCO000784	177	0	41	
MYCO000785	177	0	69	
MYCO000786	224	0	26	
MYCO000787	859	0	53	
MYCO000789	12	0	26	
MYCO000790	42	0	47	
MYCO000791	151	0	61	
MYCO000792	34	0	46	
MYCO000793	19	0	16	
MYCO000794	95	0	71	
MYCO000795	717	2	21	
MYCO000796	5884	0	0	
MYCO000797	5795	0	12	
MYCO000798	30	0	32	
MYCO000799	11	0	34	
MYCO000800	78	0	67	
MYCO000801	11	0	23	
MYCO000802	141	0	49	
MYCO000804	1030	0	28	
MYCO000805	18	0	60	
MYCO000806	27	0	69	
MYCO000807	25	0	14	
MYCO000811	384	0	47	
MYCO000812	30	0	40	
MYCO000813	444	0	40	
MYCO000816	13	0	29	
MYCO000817	7	0	39	
MYCO000818	139	0	32	
MYCO000819	93	0	51	
MYCO000822	1048	0	90	
MYCO000825	61	0	59	
MYCO000826	355	0	39	
MYCO000827	450	0	25	
MYCO000828	125	0	31	
MYCO000829	162	1863	40	
MYCO000830	32	0	55	
MYCO000831	40	0	38	
MYCO000832	1409	0	18	
MYCO000833	4730	0	72	
MYCO000834	3529	0	94	
MYCO000835	424	0	56	
MYCO000836	2945	0	18	
MYCO000837	212	0	58	
MYCO000838	73	0	42	
MYCO000839	91	0	27	
MYCO000840	95	0	40	
MYCO000841	69	0	17	
MYCO000842	300	0	75	
MYCO000843	30	0	63	
MYCO000844	156	0	46	
MYCO000845	70	0	71	
MYCO000846	252	0	66	
MYCO000847	755	0	19	
MYCO000848	95	0	70	
MYCO000849	764	0	77	
MYCO000850	27	0	17	
MYCO000851	451	0	34	
MYCO000852	40	0	51	
MYCO000853	224	0	85	
MYCO000854	14	0	29	
MYCO000855	160	0	55	
MYCO000856	13	0	25	
MYCO000857	25	0	22	
MYCO000858	326	0	72	
MYCO000862	520	0	124	
MYCO000863	14	0	13	
MYCO000864	32	0	27	
MYCO000865	45	0	18	
MYCO000866	452	0	29	
MYCO000867	2929	0	90	
MYCO000868	33	0	14	
MYCO000869	440	0	61	
MYCO000870	21	0	23	
MYCO000872	2672	0	89	
MYCO000873	82	0	97	
MYCO000874	502	2790	53	
MYCO000875	31	0	24	
MYCO000877	43	0	37	
MYCO000878	4289	0	47	
MYCO000879	150	0	24	
MYCO000880	77	0	24	
MYCO000881	37	0	44	
MYCO000882	57	0	22	
MYCO000883	211	0	32	
MYCO000887	24	0	18	
MYCO000888	1360	0	74	
MYCO000890	226	0	152	
MYCO000891	180	0	43	
MYCO000892	44	0	96	
MYCO000893	57	0	71	
MYCO000894	80	0	70	
MYCO000895	185	0	74	
MYCO000897	1248	0	80	
MYCO000898	6	0	12	
MYCO000899	21	0	41	
MYCO000900	18	0	8	
MYCO000901	316	0	33	
MYCO000904	927	0	63	
MYCO000905	42	0	38	
MYCO000907	5880	0	1	
MYCO000908	38	0	117	
MYCO000909	48	0	13	
MYCO000910	23	0	29	
MYCO000911	342	0	46	
MYCO000912	11	0	24	
MYCO000913	161	0	83	
MYCO000914	213	0	84	
MYCO000915	946	0	60	
MYCO000916	20	0	23	
MYCO000917	152	0	75	
MYCO000918	64	0	30	
MYCO000919	6	0	29	
MYCO000920	63	0	78	
MYCO000921	43	0	36	
MYCO000922	193	0	99	
MYCO000923	34	0	73	
MYCO000924	494	0	56	
MYCO000925	91	0	41	
MYCO000928	75	0	45	
MYCO000930	91	0	12	
MYCO000931	251	0	118	
MYCO000932	75	0	75	
MYCO000933	61	0	52	
MYCO000934	741	0	58	
MYCO000935	90	0	55	
MYCO000936	113	0	45	
MYCO000937	6	0	34	
MYCO000938	43	0	110	
MYCO000939	145	0	107	
MYCO000940	13	0	46	
MYCO000941	26	0	42	
MYCO000942	29	0	17	
MYCO000943	74	0	61	
MYCO000944	84	0	34	
MYCO000945	160	0	52	
MYCO000947	16	0	17	
MYCO000948	3	0	18	
MYCO000950	231	0	54	
MYCO000954	140	0	63	
MYCO000955	1264	0	52	
MYCO000956	556	0	31	
MYCO000958	752	0	70	
MYCO000959	1044	0	102	
MYCO000960	49	0	20	
MYCO000961	51	3643	19	
MYCO000962	314	0	29	
MYCO000963	373	0	53	
MYCO000964	35	0	27	
MYCO000965	12	0	35	
MYCO000966	636	0	26	
MYCO000967	37	0	15	
MYCO000968	57	0	21	
MYCO000969	1402	0	108	
MYCO000970	11	0	35	
MYCO000971	624	0	36	
MYCO000972	82	0	69	
MYCO000973	389	0	124	
MYCO000974	239	0	108	
MYCO000975	559	0	55	
MYCO000976	723	0	85	
MYCO000977	3547	0	99	
MYCO000978	5469	0	69	
MYCO000979	26	0	15	
MYCO000980	5664	0	64	
MYCO000982	245	0	68	
MYCO000984	54	0	18	
MYCO000985	21	0	35	
MYCO000986	183	0	56	
MYCO000987	282	0	220	
MYCO000988	129	0	103	
MYCO000989	72	0	81	
MYCO000990	194	0	44	
MYCO000991	7	0	20	
MYCO000992	301	0	38	
MYCO000996	27	0	56	
MYCO000997	8	0	26	
MYCO000998	195	0	43	
MYCO000999	63	0	38	
MYCO001000	51	0	27	
MYCO001003	317	0	54	
MYCO001004	2289	0	74	
MYCO001005	1533	0	32	
MYCO001006	118	0	82	
MYCO001012	690	0	13	
MYCO001016	38	0	26	
MYCO001019	6	0	22	
MYCO001021	36	0	40	
MYCO001024	472	0	30	
MYCO001025	82	0	21	
MYCO001027	49	0	42	
MYCO001028	1596	0	111	
MYCO001029	68	0	91	
MYCO001030	62	0	118	
MYCO001031	104	0	29	
MYCO001032	110	0	83	
MYCO001033	52	0	31	
MYCO001034	748	0	21	
MYCO001035	927	0	34	
MYCO001036	138	0	22	
MYCO001037	514	2759	140	
MYCO001038	3293	632	114	
MYCO001039	1243	0	58	
MYCO001040	622	0	44	
MYCO001041	221	36	54	
MYCO001042	64	4	30	
MYCO001043	29	0	53	
MYCO001044	9	0	22	
MYCO001045	1205	0	37	
MYCO001046	5880	0	1	
MYCO001047	5727	46	8	
MYCO001048	25	0	83	
MYCO001049	29	0	32	
MYCO001050	262	0	39	
MYCO001051	48	0	54	
MYCO001052	60	0	20	
MYCO001053	27	0	15	
MYCO001054	12	0	18	
MYCO001055	1	0	8	
MYCO001056	47	185	37	
MYCO001057	44	0	74	
MYCO001058	160	0	60	
MYCO001059	98	0	65	
MYCO001060	39	0	23	
MYCO001061	32	0	43	
MYCO001062	372	0	40	
MYCO001063	108	0	60	
MYCO001064	402	0	24	
MYCO001065	110	0	38	
MYCO001066	661	0	16	
MYCO001067	5839	0	21	
MYCO001068	5710	0	20	
MYCO001069	152	0	103	
MYCO001073	128	0	58	
MYCO001074	131	0	50	
MYCO001075	194	0	66	
MYCO001076	62	0	64	
MYCO001078	1413	0	28	
MYCO001081	82	0	18	
MYCO001083	18	0	12	
MYCO001084	2072	0	70	
MYCO001085	43	0	31	
MYCO001087	4933	0	102	
MYCO001088	487	0	31	
MYCO001089	5884	0	0	
MYCO001090	51	0	27	
MYCO001091	5356	0	82	
MYCO001093	77	0	54	
MYCO001096	75	0	51	
MYCO001097	33	0	51	
MYCO001100	42	0	39	
MYCO001101	156	0	53	
MYCO001102	27	0	15	
MYCO001103	15	0	12	
MYCO001104	18	0	38	
MYCO001105	56	0	27	
MYCO001106	125	0	39	
MYCO001107	1	0	11	
MYCO001109	17	0	30	
MYCO001111	57	0	39	
MYCO001113	10	0	6	
MYCO001114	11	0	20	
MYCO001115	110	0	51	
MYCO001116	25	0	10	
MYCO001117	7	0	15	
MYCO001118	320	0	40	
MYCO001119	27	0	7	
MYCO001120	27	0	32	
MYCO001121	119	0	78	
MYCO001122	563	0	49	
MYCO001123	77	0	49	
MYCO001124	133	0	43	
MYCO001125	697	0	67	
MYCO001126	27	0	27	
MYCO001127	35	0	75	
MYCO001128	1981	0	66	
MYCO001129	39	0	119	
MYCO001130	84	0	79	
MYCO001131	19	0	55	
MYCO001132	987	0	95	
MYCO001133	781	0	73	
MYCO001134	419	0	16	
MYCO001135	1823	0	104	
MYCO001136	8	0	22	
MYCO001137	31	0	15	
MYCO001138	65	0	48	
MYCO001139	437	0	37	
MYCO001140	16	0	35	
MYCO001141	67	2983	31	
MYCO001142	67	3349	28	
MYCO001143	83	0	42	
MYCO001144	86	0	39	
MYCO001145	2905	0	21	
MYCO001146	49	0	62	
MYCO001147	42	0	35	
MYCO001148	5681	50	38	
MYCO001149	64	2	30	
MYCO001150	5884	0	0	
MYCO001151	54	0	30	
MYCO001152	35	0	21	
MYCO001153	115	0	46	
MYCO001154	12	0	36	
MYCO001155	40	0	28	
MYCO001156	48	0	33	
MYCO001157	2428	0	44	
MYCO001158	1267	0	37	
MYCO001159	21	0	62	
MYCO001160	82	0	21	
MYCO001161	169	0	159	
MYCO001162	81	0	77	
MYCO001163	72	0	23	
MYCO001164	28	0	36	
MYCO001166	249	0	67	
MYCO001167	41	0	20	
MYCO001168	856	0	61	
MYCO001169	18	0	19	
MYCO001170	61	0	45	
MYCO001171	17	0	28	
MYCO001172	785	0	51	
MYCO001174	7	0	23	
MYCO001175	2285	0	101	
MYCO001176	317	0	28	
MYCO001179	1089	0	154	
MYCO001180	5872	0	1	
MYCO001181	342	0	214	
MYCO001182	33	0	48	
MYCO001183	53	0	158	
MYCO001184	37	0	46	
MYCO001185	74	0	72	
MYCO001186	466	0	89	
MYCO001187	610	0	73	
MYCO001188	349	0	59	
MYCO001189	100	0	44	
MYCO001190	755	0	38	
MYCO001191	1027	0	45	
MYCO001192	595	0	34	
MYCO001194	102	0	79	
MYCO001195	32	0	17	
MYCO001196	2912	432	426	
MYCO001197	3292	675	119	
MYCO001198	514	2805	138	
MYCO001199	5727	47	9	
MYCO001200	441	0	70	
MYCO001203	449	0	36	
MYCO001204	435	0	73	
MYCO001205	104	0	31	
MYCO001206	104	0	69	
MYCO001209	80	0	17	
MYCO001210	40	0	19	
MYCO001211	14	0	6	
MYCO001212	71	0	51	
MYCO001214	186	0	19	
MYCO001215	816	0	96	
MYCO001216	103	0	39	
MYCO001217	941	0	92	
MYCO001218	22	0	63	
MYCO001219	48	0	42	
MYCO001222	14	0	26	
MYCO001224	23	0	28	
MYCO001225	1523	0	43	
MYCO001226	780	0	90	
MYCO001227	38	0	40	
MYCO001228	19	0	38	
MYCO001230	528	0	86	
MYCO001231	177	0	31	
MYCO001232	157	0	76	
MYCO001233	229	0	41	
MYCO001234	49	0	26	
MYCO001235	33	0	53	
MYCO001236	76	0	48	
MYCO001237	21	0	33	
MYCO001240	101	0	54	
MYCO001241	58	0	17	
MYCO001242	48	0	24	
MYCO001243	3866	0	54	
MYCO001244	883	0	51	
MYCO001246	8	0	19	
MYCO001247	9	0	7	
MYCO001249	112	0	53	
MYCO001250	699	0	84	
MYCO001251	1585	0	111	
MYCO001252	30	0	27	
MYCO001254	570	0	47	
MYCO001255	81	0	41	
MYCO001256	176	0	59	
MYCO001257	70	0	79	
MYCO001258	1413	0	61	
MYCO001259	235	0	41	
MYCO001260	618	0	37	
MYCO001261	31	0	22	
MYCO001262	31	0	28	
MYCO001263	563	0	73	
MYCO001264	178	0	76	
MYCO001265	140	0	28	
MYCO001266	1313	0	94	
MYCO001267	49	0	62	
MYCO001268	375	0	48	
MYCO001269	1189	0	24	
MYCO001270	280	0	38	
MYCO001271	28	0	18	
MYCO001274	591	0	23	
MYCO001275	15	0	33	
MYCO001276	306	0	32	
MYCO001278	1154	0	103	
MYCO001279	99	0	80	
MYCO001280	44	0	86	
MYCO001281	118	0	73	
MYCO001282	4	0	35	
MYCO001283	143	0	37	
MYCO001284	17	0	19	
MYCO001285	27	0	64	
MYCO001286	34	0	99	
MYCO001287	19	0	14	
MYCO001288	2293	0	74	
MYCO001289	22	0	40	
MYCO001290	913	1254	70	
MYCO001291	21	0	20	
MYCO001296	262	0	42	
MYCO001300	548	0	43	
MYCO001301	19	0	27	
MYCO001303	13	0	20	
MYCO001304	20	0	41	
MYCO001306	16	0	23	
MYCO001307	61	0	67	
MYCO001312	46	0	22	
MYCO001313	3156	60	40	
MYCO001314	72	0	45	
MYCO001316	57	0	31	
MYCO001317	250	0	88	
MYCO001318	274	0	75	
MYCO001319	4413	0	69	
MYCO001320	298	0	107	
MYCO001322	299	0	21	
MYCO001324	600	0	41	
MYCO001325	3776	0	74	
MYCO001329	698	0	100	
MYCO001330	409	0	75	
MYCO001331	20	0	11	
MYCO001332	19	0	36	
MYCO001333	329	0	53	
MYCO001334	150	0	20	
MYCO001335	138	0	20	
MYCO001336	408	0	41	
MYCO001337	5	0	34	
MYCO001339	22	0	42	
MYCO001341	47	0	27	
MYCO001342	13	0	22	
MYCO001343	30	0	30	
MYCO001344	2	0	16	
MYCO001345	73	0	68	
MYCO001346	17	0	39	
MYCO001347	14	0	39	
MYCO001348	408	0	104	
MYCO001349	165	0	65	
MYCO001350	18	0	38	
MYCO001351	29	0	21	
MYCO001352	23	0	30	
MYCO001353	280	0	40	
MYCO001354	336	0	111	
MYCO001355	907	0	139	
MYCO001356	323	0	50	
MYCO001357	55	0	52	
MYCO001358	1585	0	155	
MYCO001359	81	0	31	
MYCO001360	165	0	43	
MYCO001361	2829	444	451	
MYCO001362	46	0	32	
MYCO001363	498	0	40	
MYCO001364	453	0	91	
MYCO001365	36	0	22	
MYCO001366	367	0	42	
MYCO001367	438	0	67	
MYCO001368	115	0	45	
MYCO001369	5884	0	0	
MYCO001370	717	2	21	
MYCO001371	1427	0	54	
MYCO001372	42	0	71	
MYCO001373	130	0	54	
MYCO001374	8	0	32	
MYCO001375	322	0	80	
MYCO001376	503	0	68	
MYCO001377	13	0	27	
MYCO001378	781	0	76	
MYCO001379	64	0	23	
MYCO001382	176	0	34	
MYCO001386	174	0	25	
MYCO001387	2213	0	62	
MYCO001389	116	0	40	
MYCO001393	163	0	64	
MYCO001394	48	0	76	
MYCO001395	44	0	63	
MYCO001396	4037	0	56	
MYCO001397	20	0	23	
MYCO001398	8	0	16	
MYCO001399	166	0	60	
MYCO001400	185	0	49	
MYCO001401	215	0	41	
MYCO001403	330	0	42	
MYCO001404	12	0	22	
MYCO001405	33	0	51	
MYCO001406	434	0	46	
MYCO001409	757	0	34	
MYCO001411	12	0	42	
MYCO001413	27	0	35	
MYCO001414	21	0	25	
MYCO001417	11	0	30	
MYCO001418	23	0	34	
MYCO001419	20	0	32	
MYCO001422	314	0	45	
MYCO001423	388	0	53	
MYCO001424	71	0	48	
MYCO001425	44	0	66	
MYCO001426	106	0	80	
MYCO001427	277	0	73	
MYCO001428	10	0	48	
MYCO001429	255	0	72	
MYCO001430	688	0	69	
MYCO001431	68	0	112	
MYCO001432	576	0	52	
MYCO001433	13	0	39	
MYCO001434	30	0	9	
MYCO001435	1227	0	40	
MYCO001439	13	1552	23	
MYCO001441	3226	0	116	
MYCO001442	315	0	148	
MYCO001443	47	0	25	
MYCO001444	60	0	30	
MYCO001446	863	0	54	
MYCO001450	5877	0	5	
MYCO001452	5507	0	97	
MYCO001453	114	0	75	
MYCO001454	45	0	58	
MYCO001455	144	0	52	
MYCO001456	166	0	56	
MYCO001459	502	0	89	
MYCO001460	908	0	30	
MYCO001461	100	0	119	
MYCO001468	3004	0	44	
MYCO001469	496	0	91	
MYCO001470	16	0	17	
MYCO001471	35	0	18	
MYCO001472	63	0	60	
MYCO001476	5	0	32	
MYCO001477	148	0	62	
MYCO001478	70	0	28	
MYCO001482	53	0	47	
MYCO001486	39	0	47	
MYCO001487	14	0	23	
MYCO001488	76	0	44	
MYCO001489	17	0	21	
MYCO001490	62	0	86	
MYCO001491	11	0	47	
MYCO001492	685	0	82	
MYCO001494	12	0	13	
MYCO001495	12	0	24	
MYCO001496	60	0	50	
MYCO001497	193	0	74	
MYCO001498	81	0	43	
MYCO001499	48	0	22	
MYCO001500	105	0	67	
MYCO001501	69	0	41	
MYCO001502	129	0	65	
MYCO001503	5884	0	0	
MYCO001504	1566	0	22	
MYCO001505	76	0	52	
MYCO001506	153	0	34	
MYCO001507	127	0	44	
MYCO001508	260	157	102	
MYCO001509	514	0	42	
MYCO001510	27	3202	51	
MYCO001511	114	0	59	
MYCO001512	77	0	56	
MYCO001513	86	0	30	
MYCO001514	58	0	38	
MYCO001515	80	0	49	
MYCO001516	340	0	52	
MYCO001517	52	0	34	
MYCO001518	187	0	50	
MYCO001519	871	0	15	
MYCO001520	906	0	54	
MYCO001521	195	0	79	
MYCO001522	557	0	174	
MYCO001523	116	0	52	
MYCO001524	662	0	58	
MYCO001525	755	0	45	
MYCO001526	644	0	65	
MYCO001527	1454	0	311	
MYCO001528	54	0	22	
MYCO001529	109	0	97	
MYCO001530	86	0	72	
MYCO001531	25	0	27	
MYCO001532	100	0	25	
MYCO001533	201	0	45	
MYCO001534	35	0	35	
MYCO001535	6	0	11	
MYCO001537	196	0	76	
MYCO001538	431	0	52	
MYCO001539	30	0	32	
MYCO001541	46	0	28	
MYCO001542	23	22	21	
MYCO001543	22	0	50	
MYCO001544	117	0	45	
MYCO001545	33	0	15	
MYCO001546	99	0	35	
MYCO001548	231	0	117	
MYCO001549	5829	0	2	
MYCO001550	710	0	72	
MYCO001551	1424	0	80	
MYCO001552	179	0	98	
MYCO001553	224	0	27	
MYCO001554	11	0	18	
MYCO001555	13	0	20	
MYCO001556	35	0	41	
MYCO001558	31	0	18	
MYCO001560	5	0	8	
MYCO001561	11	0	26	
MYCO001562	635	0	79	
MYCO001563	447	0	118	
MYCO001565	739	0	89	
MYCO001566	264	0	44	
MYCO001567	8	0	27	
MYCO001570	679	0	32	
MYCO001571	582	0	26	
MYCO001572	4149	0	12	
MYCO001573	3766	0	12	
MYCO001574	3934	0	19	
MYCO001575	5878	0	3	
MYCO001576	1147	717	150	
MYCO001577	3587	0	20	
MYCO001578	3600	0	26	
MYCO001579	3566	0	20	
MYCO001580	3602	0	14	
MYCO001581	4361	0	10	
MYCO001582	3594	0	51	
MYCO001583	470	999	30	
MYCO001584	3768	0	10	
MYCO001585	4014	0	21	
MYCO001586	3705	0	47	
MYCO001587	5829	0	12	
MYCO001588	5667	6	60	
MYCO001590	18	0	11	
MYCO001591	44	0	46	
MYCO001592	29	0	82	
MYCO001596	19	0	30	
MYCO001597	54	0	41	
MYCO001598	59	0	14	
MYCO001602	16	0	33	
MYCO001604	43	0	42	
MYCO001606	29	0	25	
MYCO001607	81	0	38	
MYCO001608	3	0	18	
MYCO001610	718	0	36	
MYCO001613	17	0	45	
MYCO001614	78	0	65	
MYCO001615	7	0	33	
MYCO001616	17	0	21	
MYCO001618	32	0	32	
MYCO001619	307	0	64	
MYCO001620	931	0	61	
MYCO001621	792	0	65	
MYCO001622	27	0	56	
MYCO001623	16	0	68	
MYCO001624	25	0	39	
MYCO001625	276	0	80	
MYCO001628	95	0	19	
MYCO001631	90	0	59	
MYCO001632	100	0	23	
MYCO001634	99	0	67	
MYCO001635	91	0	76	
MYCO001636	4	0	26	
MYCO001637	348	0	47	
MYCO001639	1209	1826	69	
MYCO001640	143	0	168	
MYCO001644	419	0	42	
MYCO001645	622	0	62	
MYCO001646	559	0	55	
MYCO001647	1527	0	38	
MYCO001648	20	0	47	
MYCO001650	903	0	133	
MYCO001651	3308	0	130	
MYCO001660	973	0	59	
MYCO001661	1696	0	302	
MYCO001662	1447	0	279	
MYCO001663	191	0	98	
MYCO001664	486	0	169	
MYCO001665	287	0	67	
MYCO001666	212	0	64	
MYCO001667	92	0	31	
MYCO001668	5749	0	3	
MYCO001669	173	0	18	
MYCO001670	46	0	21	
MYCO001671	16	0	29	
MYCO001672	508	0	69	
MYCO001673	439	0	55	
MYCO001674	477	0	32	
MYCO001675	376	0	45	
MYCO001676	20	0	61	
MYCO001677	25	0	35	
MYCO001678	728	0	53	
MYCO001679	73	0	50	
MYCO001680	91	0	49	
MYCO001681	64	0	54	
MYCO001682	477	0	45	
MYCO001683	886	0	112	
MYCO001684	46	0	14	
MYCO001685	23	0	34	
MYCO001686	32	0	41	
MYCO001687	30	0	52	
MYCO001688	192	0	42	
MYCO001690	25	0	17	
MYCO001691	333	0	50	
MYCO001692	657	0	43	
MYCO001693	15	0	11	
MYCO001696	52	0	77	
MYCO001698	572	0	35	
MYCO001700	11	0	37	
MYCO001702	645	0	79	
MYCO001703	19	0	30	
MYCO001704	44	0	98	
MYCO001705	1265	0	51	
MYCO001706	469	0	55	
MYCO001707	94	0	80	
MYCO001710	13	0	36	
MYCO001714	769	0	46	
MYCO001715	646	0	54	
MYCO001716	19	0	56	
MYCO001717	1158	0	25	
MYCO001718	118	0	59	
MYCO001719	187	0	60	
MYCO001720	94	0	20	
MYCO001721	7	0	9	
MYCO001722	607	0	80	
MYCO001723	314	0	73	
MYCO001724	94	0	16	
MYCO001725	315	0	46	
MYCO001726	400	0	103	
MYCO001727	76	0	36	
MYCO001728	18	0	41	
MYCO001729	44	0	48	
MYCO001730	1096	0	98	
MYCO001731	440	0	76	
MYCO001732	357	0	20	
MYCO001733	13	0	41	
MYCO001734	11	0	13	
MYCO001735	41	0	33	
MYCO001736	937	2453	117	
MYCO001737	963	0	53	
MYCO001738	73	0	25	
MYCO001739	339	0	87	
MYCO001740	12	0	13	
MYCO001741	7	1828	17	
MYCO001742	182	0	42	
MYCO001743	640	0	70	
MYCO001744	905	0	24	
MYCO001745	47	0	38	
MYCO001746	300	0	77	
MYCO001747	416	0	101	
MYCO001748	31	0	45	
MYCO001749	45	0	37	
MYCO001750	234	0	83	
MYCO001751	154	0	68	
MYCO001752	30	0	31	
MYCO001753	5843	0	24	
MYCO001754	2567	0	53	
MYCO001755	5884	0	0	
MYCO001756	5884	0	0	
MYCO001757	717	2	21	
MYCO001758	4039	0	36	
MYCO001759	5554	0	39	
MYCO001760	3118	0	56	
MYCO001761	3073	0	21	
MYCO001762	3129	0	25	
MYCO001763	717	2	21	
MYCO001764	5884	0	0	
MYCO001765	5876	0	2	
MYCO001766	23	0	10	
MYCO001767	16	0	19	
MYCO001768	2827	0	77	
MYCO001769	373	0	63	
MYCO001770	357	0	73	
MYCO001771	12	0	69	
MYCO001772	19	0	16	
MYCO001773	29	0	42	
MYCO001774	98	0	93	
MYCO001775	1579	0	33	
MYCO001776	40	0	36	
MYCO001777	364	0	84	
MYCO001778	645	0	19	
MYCO001779	539	0	113	
MYCO001780	15	0	25	
MYCO001781	629	0	121	
MYCO001782	146	0	58	
MYCO001783	322	0	139	
MYCO001785	29	0	51	
MYCO001786	3	0	14	
MYCO001787	5144	0	42	
MYCO001788	18	16	25	
MYCO001789	616	0	70	
MYCO001790	2485	0	70	
MYCO001791	26	0	12	
MYCO001792	5884	0	0	
MYCO001793	514	2242	111	
MYCO001794	8	0	40	
MYCO001795	586	0	71	
MYCO001796	279	0	86	
MYCO001797	23	0	71	
MYCO001798	33	0	69	
MYCO001799	483	0	17	
MYCO001800	226	0	112	
MYCO001801	1611	0	84	
MYCO001802	1086	0	65	
MYCO001803	1716	0	88	
MYCO001804	38	0	21	
MYCO001805	6	0	32	
MYCO001806	16	0	19	
MYCO001807	5884	0	0	
MYCO001808	424	0	63	
MYCO001809	282	0	56	
MYCO001810	5	0	19	
MYCO001811	50	0	51	
MYCO001812	302	0	70	
MYCO001813	23	0	28	
MYCO001814	276	0	72	
MYCO001815	836	0	58	
MYCO001816	810	1651	26	
MYCO001817	648	0	85	
MYCO001818	3873	0	65	
MYCO001819	204	0	67	
MYCO001820	197	0	76	
MYCO001822	26	0	36	
MYCO001823	164	0	52	
MYCO001824	25	0	22	
MYCO001825	26	0	44	
MYCO001826	2	0	13	
MYCO001828	25	0	34	
MYCO001831	53	0	14	
MYCO001833	31	0	49	
MYCO001834	56	0	37	
MYCO001835	318	0	110	
MYCO001836	374	0	103	
MYCO001838	19	0	19	
MYCO001839	3	0	9	
MYCO001840	2846	0	70	
MYCO001841	82	0	60	
MYCO001845	1076	0	38	
MYCO001846	48	0	34	
MYCO001847	69	0	36	
MYCO001848	83	0	21	
MYCO001849	5	0	11	
MYCO001850	332	0	89	
MYCO001851	585	0	38	
MYCO001852	120	0	28	
MYCO001853	38	0	34	
MYCO001855	84	0	54	
MYCO001856	831	0	39	
MYCO001857	12	0	37	
MYCO001858	33	0	24	
MYCO001859	106	0	52	
MYCO001860	909	0	63	
MYCO001861	5	0	23	
MYCO001862	58	0	54	
MYCO001863	47	0	44	
MYCO001864	21	0	40	
MYCO001865	17	0	43	
MYCO001866	136	0	119	
MYCO001867	303	0	82	
MYCO001868	485	0	116	
MYCO001869	227	0	44	
MYCO001870	678	0	35	
MYCO001871	205	0	29	
MYCO001872	56	0	86	
MYCO001873	73	0	31	
MYCO001874	33	0	48	
MYCO001875	36	0	32	
MYCO001876	76	0	29	
MYCO001877	270	0	109	
MYCO001878	415	0	66	
MYCO001879	263	0	54	
MYCO001880	81	0	71	
MYCO001881	62	0	28	
MYCO001882	25	0	45	
MYCO001883	45	0	30	
MYCO001884	24	0	29	
MYCO001885	42	0	47	
MYCO001887	310	0	73	
MYCO001888	4920	0	6	
MYCO001889	37	0	17	
MYCO001890	33	0	34	
MYCO001891	15	0	33	
MYCO001892	31	0	16	
MYCO001893	15	0	17	
MYCO001895	1672	0	39	
MYCO001896	383	0	65	
MYCO001897	50	0	28	
MYCO001898	23	0	17	
MYCO001899	2163	0	58	
MYCO001900	161	0	91	
MYCO001901	206	0	78	
MYCO001902	179	0	71	
MYCO001903	28	0	27	
MYCO001904	20	0	28	
MYCO001905	72	0	57	
MYCO001906	20	0	28	
MYCO001907	4171	0	38	
MYCO001908	206	0	187	
MYCO001909	22	0	32	
MYCO001910	196	0	38	
MYCO001911	219	0	30	
MYCO001912	1760	0	37	
MYCO001913	35	0	40	
MYCO001914	17	0	30	
MYCO001915	3671	0	23	
MYCO001916	86	0	50	
MYCO001917	5859	0	12	
MYCO001918	1145	0	169	
MYCO001919	13	0	24	
MYCO001920	22	0	60	
MYCO001921	931	0	66	
MYCO001922	97	0	56	
MYCO001923	122	0	89	
MYCO001924	26	0	24	
MYCO001925	68	0	74	
MYCO001926	18	0	25	
MYCO001927	167	0	55	
MYCO001928	1029	0	40	
MYCO001929	1154	0	51	
MYCO001930	217	0	38	
MYCO001931	66	0	45	
MYCO001932	62	0	31	
MYCO001933	874	0	59	
MYCO001934	564	0	69	
MYCO001935	60	0	60	
MYCO001936	39	0	67	
MYCO001937	617	0	123	
MYCO001938	92	0	67	
MYCO001939	535	0	35	
MYCO001940	4847	0	20	
MYCO001941	95	0	44	
MYCO001942	4	0	19	
MYCO001943	20	0	22	
MYCO001944	45	0	43	
MYCO001945	5524	69	44	
MYCO001946	64	0	26	
MYCO001947	110	0	22	
MYCO001948	176	0	33	
MYCO001949	5884	0	0	
MYCO001950	25	0	9	
MYCO001951	269	0	17	
MYCO001952	20	0	11	
MYCO001953	25	0	29	
MYCO001954	56	0	30	
MYCO001955	45	0	19	
MYCO001956	68	0	37	
MYCO001957	31	0	31	
MYCO001958	80	0	48	
MYCO001959	5	0	14	
MYCO001960	6	0	12	
MYCO001961	155	0	38	
MYCO001962	14	0	25	
MYCO001963	149	0	48	
MYCO001964	208	0	35	
MYCO001965	207	0	44	
MYCO001966	171	0	69	
MYCO001967	165	0	73	
MYCO001968	1895	0	65	
MYCO001969	262	0	68	
MYCO001970	133	0	60	
MYCO001971	554	0	81	
MYCO001972	116	0	32	
MYCO001973	255	0	25	
MYCO001974	87	0	27	
MYCO001975	724	0	35	
MYCO001976	158	0	21	
MYCO001977	759	0	40	
MYCO001978	1082	0	45	
MYCO001979	150	0	73	
MYCO001980	39	0	38	
MYCO001982	42	0	34	
MYCO001983	1621	0	76	
MYCO001984	282	0	41	
MYCO001985	169	0	40	
MYCO001986	65	0	43	
MYCO001987	53	0	27	
MYCO001988	159	0	31	
MYCO001989	47	0	29	
MYCO001990	4	0	16	
MYCO001991	6	0	18	
MYCO001992	1880	0	97	
MYCO001993	1132	0	22	
MYCO001994	788	0	21	
MYCO001995	1096	0	40	
MYCO001996	1076	0	41	
MYCO001997	2599	0	116	
MYCO001998	70	0	47	
MYCO001999	437	0	79	
MYCO002000	145	0	99	
MYCO002001	33	0	55	
MYCO002002	56	0	36	
MYCO002003	132	0	59	
MYCO002004	217	0	71	
MYCO002005	24	0	39	
MYCO002006	302	0	216	
MYCO002007	10	0	12	
MYCO002008	37	0	76	
MYCO002009	8	0	12	
MYCO002010	27	0	17	
MYCO002011	4	0	26	
MYCO002012	16	0	39	
MYCO002013	567	0	24	
MYCO002014	136	0	36	
MYCO002015	1621	0	82	
MYCO002016	1402	0	27	
MYCO002017	115	0	57	
MYCO002018	164	0	24	
MYCO002019	530	0	21	
MYCO002020	220	0	18	
MYCO002021	129	0	18	
MYCO002022	162	0	48	
MYCO002023	398	0	16	
MYCO002024	5416	0	18	
MYCO002025	139	0	58	
MYCO002026	43	0	50	
MYCO002027	1377	0	54	
MYCO002028	265	0	37	
MYCO002029	206	0	55	
MYCO002030	380	0	113	
MYCO002031	16	0	26	
MYCO002032	242	0	56	
MYCO002033	809	0	50	
MYCO002034	294	0	18	
MYCO002035	10	0	29	
MYCO002036	23	0	34	
MYCO002037	70	0	69	
MYCO002038	12	0	48	
MYCO002039	9	0	34	
MYCO002040	16	0	30	
MYCO002041	30	0	63	
MYCO002042	137	0	49	
MYCO002043	235	0	184	
MYCO002044	880	0	18	
MYCO002045	75	0	89	
MYCO002046	237	0	46	
MYCO002047	319	0	113	
MYCO002048	5825	0	35	
MYCO002049	32	0	11	
MYCO002051	372	0	117	
MYCO002052	880	0	95	
MYCO002053	27	0	41	
MYCO002054	50	0	48	
MYCO002059	365	0	107	
MYCO002060	283	0	29	
MYCO002061	40	0	28	
MYCO002062	1181	0	185	
MYCO002063	4	0	15	
MYCO002064	897	0	51	
MYCO002065	993	0	29	
MYCO002066	725	0	97	
MYCO002067	67	0	59	
MYCO002068	26	0	50	
MYCO002069	145	0	23	
MYCO002070	2243	0	32	
MYCO002071	83	0	59	
MYCO002072	366	0	57	
MYCO002073	304	0	37	
MYCO002074	127	0	19	
MYCO002075	316	0	83	
MYCO002076	8	0	10	
MYCO002077	120	0	57	
MYCO002078	12	0	27	
MYCO002079	1400	0	78	
MYCO002080	37	0	42	
MYCO002081	3450	0	30	
MYCO002082	2801	0	131	
MYCO002083	429	0	57	
MYCO002084	2950	0	20	
MYCO002085	36	0	20	
MYCO002086	19	0	32	
MYCO002087	15	0	17	
MYCO002088	1849	0	66	
MYCO002091	76	0	39	
MYCO002094	1	0	14	
MYCO002095	718	0	48	
MYCO002098	5884	0	0	
MYCO002099	5884	0	0	
MYCO002100	1239	0	82	
MYCO002101	1189	0	139	
MYCO002102	319	0	34	
MYCO002103	64	0	29	
MYCO002104	4	0	19	
MYCO002105	717	2	21	
MYCO002106	5884	0	0	
MYCO002107	103	0	25	
MYCO002108	190	0	41	
MYCO002113	129	0	67	
MYCO002114	84	0	35	
MYCO002116	69	0	32	
MYCO002117	57	0	12	
MYCO002120	456	0	26	
MYCO002123	3498	0	41	
MYCO002124	445	0	169	
MYCO002126	2837	0	37	
MYCO002127	233	0	86	
MYCO002128	3	0	14	
MYCO002129	92	0	53	
MYCO002131	72	0	41	
MYCO002132	52	0	15	
MYCO002133	67	0	37	
MYCO002135	837	0	28	
MYCO002136	93	0	39	
MYCO002137	34	0	23	
MYCO002138	108	0	52	
MYCO002142	16	0	21	
MYCO002143	132	0	66	
MYCO002144	60	0	20	
MYCO002146	3	0	14	
MYCO002147	1061	0	34	
MYCO002148	1060	0	31	
MYCO002149	96	0	23	
MYCO002152	483	0	75	
MYCO002158	1680	0	80	
MYCO002159	1133	0	61	
MYCO002160	3140	0	14	
MYCO002161	794	1691	52	
MYCO002162	4294	0	69	
MYCO002164	577	0	61	
MYCO002165	41	0	66	
MYCO002167	5884	0	0	
MYCO002168	717	2	21	
MYCO002169	26	0	23	
MYCO002171	22	0	37	
MYCO002172	21	0	45	
MYCO002173	305	0	54	
MYCO002174	90	0	70	
MYCO002175	6	0	22	
MYCO002177	3050	188	45	
MYCO002180	1109	0	47	
MYCO002181	57	0	55	
MYCO002183	4	0	17	
MYCO002184	24	0	56	
MYCO002185	4	0	24	
MYCO002189	685	0	39	
MYCO002190	874	0	46	
MYCO002191	550	0	94	
MYCO002197	140	0	36	
MYCO002198	769	0	57	
MYCO002203	285	0	37	
MYCO002204	6	0	22	
MYCO002205	738	0	63	
MYCO002206	24	0	40	
MYCO002207	1068	0	45	
MYCO002208	434	0	50	
MYCO002209	411	0	75	
MYCO002212	72	0	69	
MYCO002214	89	0	84	
MYCO002215	858	0	81	
MYCO002223	310	0	80	
MYCO002224	62	0	70	
MYCO002226	768	0	78	
MYCO002227	736	0	28	
MYCO002229	32	0	29	
MYCO002231	148	0	52	
MYCO002232	230	0	44	
MYCO002234	23	0	25	
MYCO002236	1029	0	50	
MYCO002237	7	0	43	
MYCO002238	5	0	11	
MYCO002240	46	0	33	
MYCO002248	153	0	27	
MYCO002249	753	0	67	
MYCO002250	23	0	23	
MYCO002251	5880	0	1	
MYCO002252	29	0	56	
MYCO002253	50	0	33	
MYCO002254	32	0	32	
MYCO002255	32	0	17	
MYCO002256	7	0	22	
MYCO002258	574	0	59	
MYCO002260	16	0	34	
MYCO002261	46	0	24	
MYCO002262	5829	0	3	
MYCO002263	1283	0	47	
MYCO002264	2782	0	73	
MYCO002265	611	0	52	
MYCO002266	25	0	74	
MYCO002267	77	0	58	
MYCO002268	342	0	82	
MYCO002269	23	0	29	
MYCO002270	246	0	34	
MYCO002271	222	0	14	
MYCO002272	224	0	15	
MYCO002273	246	0	21	
MYCO002274	259	0	35	
MYCO002275	767	0	41	
MYCO002276	261	0	67	
MYCO002277	255	5464	50	
MYCO002278	717	2	21	
MYCO002279	5884	0	0	
MYCO002280	394	0	71	
MYCO002281	46	0	90	
MYCO002282	781	1928	42	
MYCO002283	38	0	13	
MYCO002284	283	0	41	
MYCO002285	531	0	59	
MYCO002286	581	1584	40	
MYCO002287	164	0	77	
MYCO002288	13	0	28	
MYCO002289	129	0	40	
MYCO002290	48	0	38	
MYCO002291	66	0	43	
MYCO002292	25	0	7	
MYCO002293	2875	0	17	
MYCO002294	49	0	75	
MYCO002295	28	0	40	
MYCO002296	141	0	48	
MYCO002297	16	0	29	
MYCO002298	30	0	53	
MYCO002299	79	0	81	
MYCO002300	99	0	54	
MYCO002301	83	0	45	
MYCO002302	8	0	16	
MYCO002303	25	0	64	
MYCO002304	13	0	9	
MYCO002305	477	0	76	
MYCO002307	409	0	50	
MYCO002308	186	0	49	
MYCO002309	26	0	28	
MYCO002310	115	0	27	
MYCO002311	78	0	25	
MYCO002312	6	0	11	
MYCO002313	84	0	51	
MYCO002314	186	0	66	
MYCO002316	16	0	42	
MYCO002317	19	0	29	
MYCO002318	1196	0	51	
MYCO002319	2298	0	42	
MYCO002320	67	0	68	
MYCO002321	13	0	32	
MYCO002322	21	0	34	
MYCO002323	33	0	61	
MYCO002324	13	0	34	
MYCO002325	370	0	40	
MYCO002326	513	0	88	
MYCO002327	110	0	21	
MYCO002328	70	0	57	
MYCO002329	315	0	92	
MYCO002330	21	0	31	
MYCO002331	10	0	25	
MYCO002332	63	0	71	
MYCO002333	903	0	50	
MYCO002334	115	0	49	
MYCO002335	168	0	43	
MYCO002336	357	0	56	
MYCO002337	192	0	55	
MYCO002338	649	0	54	
MYCO002339	1551	0	129	
MYCO002340	707	0	70	
MYCO002341	118	0	25	
MYCO002342	31	0	18	
MYCO002345	521	0	97	
MYCO002346	514	2613	127	
MYCO002347	3293	650	117	
MYCO002348	39	0	21	
MYCO002349	619	0	88	
MYCO002350	718	2198	48	
MYCO002351	725	2236	54	
MYCO002352	1377	44	66	
MYCO002353	5752	0	5	
MYCO002354	717	2	21	
MYCO002355	5884	0	0	
MYCO002356	4355	0	48	
MYCO002358	17	0	20	
MYCO002359	3	0	50	
MYCO002360	15	0	28	
MYCO002363	1606	0	40	
MYCO002365	613	0	11	
MYCO002369	54	0	20	
MYCO002370	72	0	73	
MYCO002371	254	0	9	
MYCO002372	215	0	41	
MYCO002375	10	0	15	
MYCO002376	100	0	29	
MYCO002377	25	0	12	
MYCO002378	110	0	50	
MYCO002379	499	0	147	
MYCO002380	1036	0	210	
MYCO002381	439	0	118	
MYCO002382	231	0	55	
MYCO002383	912	696	193	
MYCO002384	481	0	61	
MYCO002385	118	0	65	
MYCO002386	201	0	59	
MYCO002387	26	0	59	
MYCO002388	185	0	57	
MYCO002389	16	0	24	
MYCO002390	75	0	31	
MYCO002391	26	0	75	
MYCO002392	134	0	38	
MYCO002393	214	3614	40	
MYCO002394	181	0	112	
MYCO002395	471	0	87	
MYCO002396	3304	0	54	
MYCO002397	136	0	57	
MYCO002398	7	0	39	
MYCO002401	6	0	16	
MYCO002403	100	0	31	
MYCO002405	45	0	34	
MYCO002406	198	0	19	
MYCO002407	300	0	53	
MYCO002408	407	0	33	
MYCO002414	477	0	82	
MYCO002415	124	0	43	
MYCO002416	154	0	76	
MYCO002417	1085	0	40	
MYCO002418	244	0	38	
MYCO002419	151	0	35	
MYCO002422	23	0	16	
MYCO002423	43	0	56	
MYCO002424	5636	0	25	
MYCO002428	99	0	34	
MYCO002429	20	0	19	
MYCO002430	43	0	30	
MYCO002431	18	2102	16	
MYCO002432	46	0	21	
MYCO002433	17	0	15	
MYCO002434	1145	0	71	
MYCO002435	201	0	105	
MYCO002436	418	0	47	
MYCO002437	1362	0	17	
MYCO002438	96	0	87	
MYCO002443	50	0	87	
MYCO002444	507	0	127	
MYCO002446	14	0	19	
MYCO002449	634	0	65	
MYCO002450	429	0	47	
MYCO002451	63	0	23	
MYCO002452	0	0	15	
MYCO002453	64	0	33	
MYCO002456	88	0	54	
MYCO002458	46	0	40	
MYCO002459	74	0	75	
MYCO002463	22	0	44	
MYCO002464	155	0	59	
MYCO002468	48	0	27	
MYCO002469	71	0	38	
MYCO002471	93	0	89	
MYCO002472	8	0	15	
MYCO002473	120	0	40	
MYCO002474	209	0	36	
MYCO002475	9	0	18	
MYCO002476	1281	0	172	
MYCO002478	449	0	26	
MYCO002479	5884	0	0	
MYCO002480	717	2	21	
MYCO002481	274	0	23	
MYCO002482	287	0	130	
MYCO002483	77	0	78	
MYCO002484	50	0	98	
MYCO002485	153	0	80	
MYCO002486	285	0	33	
MYCO002487	3455	0	91	
MYCO002488	1207	0	156	
MYCO002489	110	0	19	
MYCO002490	5689	0	35	
MYCO002491	115	0	46	
MYCO002492	138	0	59	
MYCO002493	17	0	10	
MYCO002494	16	0	24	
MYCO002495	246	0	63	
MYCO002496	36	0	46	
MYCO002497	54	0	43	
MYCO002498	77	0	47	
MYCO002499	13	0	30	
MYCO002501	556	0	105	
MYCO002503	42	0	42	
MYCO002504	50	0	46	
MYCO002505	196	0	92	
MYCO002506	66	0	28	
MYCO002507	377	0	51	
MYCO002508	132	0	70	
MYCO002510	201	0	90	
MYCO002512	5727	47	9	
MYCO002513	28	0	28	
MYCO002514	55	0	32	
MYCO002515	37	0	62	
MYCO002516	22	0	33	
MYCO002517	46	0	9	
MYCO002519	791	0	85	
MYCO002520	1	0	15	
MYCO002522	561	0	83	
MYCO002525	326	0	28	
MYCO002526	1719	0	8	
MYCO002527	32	0	23	
MYCO002528	24	0	45	
MYCO002529	533	0	87	
MYCO002530	17	0	26	
MYCO002531	147	0	146	
MYCO002532	42	0	20	
MYCO002535	342	0	39	
MYCO002536	41	0	28	
MYCO002537	14	0	20	
MYCO002539	616	0	21	
MYCO002541	2444	0	16	
MYCO002542	667	0	75	
MYCO002543	2126	1654	58	
MYCO002544	2131	1676	75	
MYCO002545	1341	0	19	
MYCO002546	5	0	23	
MYCO002547	29	0	21	
MYCO002548	44	0	22	
MYCO002549	93	0	22	
MYCO002550	4	0	15	
MYCO002551	397	0	18	
MYCO002552	426	0	44	
MYCO002553	196	0	67	
MYCO002554	153	0	19	
MYCO002556	12	0	21	
MYCO002557	34	0	40	
MYCO002558	51	0	29	
MYCO002560	180	0	57	
MYCO002561	5804	0	7	
MYCO002562	6	0	35	
MYCO002563	128	0	62	
MYCO002564	48	2153	46	
MYCO002565	141	0	90	
MYCO002566	1627	0	134	
MYCO002567	159	0	114	
MYCO002569	65	0	36	
MYCO002570	750	0	28	
MYCO002571	190	0	77	
MYCO002573	152	0	52	
MYCO002574	50	0	37	
MYCO002576	79	0	31	
MYCO002577	62	0	75	
MYCO002578	190	0	51	
MYCO002579	110	0	41	
MYCO002581	5	0	25	
MYCO002584	58	0	39	
MYCO002585	318	0	86	
MYCO002586	767	0	75	
MYCO002588	3	0	20	
MYCO002590	254	0	164	
MYCO002591	2744	0	94	
MYCO002595	47	0	12	
MYCO002596	15	0	31	
MYCO002597	53	0	35	
MYCO002598	56	0	27	
MYCO002599	320	0	28	
MYCO002600	51	0	22	
MYCO002601	501	0	70	
MYCO002602	12	0	23	
MYCO002604	78	0	28	
MYCO002605	120	0	40	
MYCO002607	14	0	28	
MYCO002608	971	0	68	
MYCO002609	325	0	49	
MYCO002615	5468	0	87	
MYCO002616	80	0	33	
MYCO002617	5	0	22	
MYCO002618	335	0	30	
MYCO002619	6	0	12	
MYCO002620	10	0	18	
MYCO002621	457	0	47	
MYCO002622	95	0	45	
MYCO002623	159	0	37	
MYCO002624	315	0	53	
MYCO002625	56	0	51	
MYCO002626	14	0	23	
MYCO002627	73	0	82	
MYCO002628	101	0	37	
MYCO002629	524	0	48	
MYCO002630	16	0	36	
MYCO002631	109	0	69	
MYCO002632	7	0	13	
MYCO002633	12	0	35	
MYCO002634	3298	0	91	
MYCO002635	12	0	19	
MYCO002636	59	0	51	
MYCO002637	293	1845	38	
MYCO002638	115	0	29	
MYCO002639	46	0	18	
MYCO002640	70	0	21	
MYCO002641	19	0	29	
MYCO002642	34	0	24	
MYCO002643	293	0	100	
MYCO002644	42	0	20	
MYCO002645	1462	0	18	
MYCO002646	993	0	59	
MYCO002647	680	0	15	
MYCO002648	717	2	21	
MYCO002649	5884	0	0	
MYCO002650	1147	636	148	
MYCO002651	235	1172	43	
MYCO002652	681	0	58	
MYCO002653	582	0	32	
MYCO002654	3066	0	13	
MYCO002655	1711	0	59	
MYCO002656	470	931	30	
MYCO002657	696	0	19	
MYCO002658	551	0	15	
MYCO002659	591	0	43	
MYCO002660	14	0	16	
MYCO002661	27	0	19	
MYCO002662	11	0	16	
MYCO002663	4	0	17	
MYCO002664	25	0	15	
MYCO002665	367	0	20	
MYCO002666	5749	0	10	
MYCO002667	54	0	26	
MYCO002668	556	0	25	
MYCO002669	36	0	26	
MYCO002671	96	0	33	
MYCO002672	379	0	76	
MYCO002674	5	0	20	
MYCO002675	27	0	58	
MYCO002677	1697	0	50	
MYCO002679	158	0	46	
MYCO002680	624	0	42	
MYCO002681	763	0	57	
MYCO002683	8	0	30	
MYCO002684	41	458	65	
MYCO002685	426	0	54	
MYCO002686	39	0	35	
MYCO002687	57	0	43	
MYCO002688	115	0	55	
MYCO002689	189	0	62	
MYCO002690	128	0	57	
MYCO002691	14	0	34	
MYCO002692	41	0	30	
MYCO002693	19	0	28	
MYCO002694	13	0	35	
MYCO002695	543	0	29	
MYCO002698	9	0	25	
MYCO002700	3642	0	23	
MYCO002701	57	0	57	
MYCO002704	16	0	20	
MYCO002705	13	0	21	
MYCO002706	112	0	15	
MYCO002707	42	0	42	
MYCO002709	537	0	37	
MYCO002712	355	0	73	
MYCO002713	116	0	82	
MYCO002716	24	0	31	
MYCO002717	224	0	22	
MYCO002718	16	0	18	
MYCO002719	528	0	40	
MYCO002721	1268	0	99	
MYCO002722	9	0	19	
MYCO002723	43	0	65	
MYCO002728	98	0	34	
MYCO002729	58	0	50	
MYCO002730	10	0	26	
MYCO002732	94	0	45	
MYCO002734	28	0	41	
MYCO002735	840	0	45	
MYCO002736	166	0	30	
MYCO002737	24	0	92	
MYCO002738	395	0	11	
MYCO002739	1578	0	31	
MYCO002740	21	0	29	
MYCO002741	3917	0	73	
MYCO002742	247	0	36	
MYCO002743	446	0	45	
MYCO002745	7	0	28	
MYCO002746	230	0	27	
MYCO002747	33	0	21	
MYCO002749	33	0	15	
MYCO002751	39	0	42	
MYCO002752	129	0	133	
MYCO002755	15	0	12	
MYCO002756	64	0	85	
MYCO002757	64	0	26	
MYCO002758	10	0	14	
MYCO002759	51	0	22	
MYCO002760	151	0	19	
MYCO002761	35	0	71	
MYCO002762	369	0	35	
MYCO002763	45	0	19	
MYCO002765	343	0	37	
MYCO002766	70	0	34	
MYCO002767	21	0	28	
MYCO002768	513	0	70	
MYCO002769	1018	0	46	
MYCO002770	224	0	66	
MYCO002771	34	0	24	
MYCO002772	57	0	27	
MYCO002774	1044	0	17	
MYCO002775	133	0	25	
MYCO002776	30	0	41	
MYCO002777	603	0	48	
MYCO002778	21	0	27	
MYCO002779	56	0	38	
MYCO002780	199	0	54	
MYCO002781	907	0	61	
MYCO002784	13	0	23	
MYCO002786	11	0	46	
MYCO002787	347	0	109	
MYCO002789	71	0	60	
MYCO002790	435	0	64	
MYCO002791	127	2937	62	
MYCO002792	121	0	35	
MYCO002793	592	0	33	
MYCO002796	54	0	39	
MYCO002797	316	0	66	
MYCO002798	8	0	19	
MYCO002799	137	0	46	
MYCO002800	1099	0	85	
MYCO002801	77	0	16	
MYCO002802	1129	0	60	
MYCO002803	58	0	23	
MYCO002804	132	0	35	
MYCO002805	87	0	22	
MYCO002806	40	0	8	
MYCO002807	1556	0	52	
MYCO002808	330	0	10	
MYCO002809	85	0	16	
MYCO002810	5884	0	0	
MYCO002811	1044	0	34	
MYCO002812	725	0	84	
MYCO002813	533	0	39	
MYCO002814	5884	0	0	
MYCO002815	717	2	21	
MYCO002816	1399	0	16	
MYCO002817	1493	0	43	
MYCO002818	1661	0	35	
MYCO002819	1496	0	50	
MYCO002820	1390	0	44	
MYCO002821	72	0	35	
MYCO002822	24	0	21	
MYCO002823	112	0	113	
MYCO002824	45	0	52	
MYCO002825	4527	0	31	
MYCO002826	64	0	38	
MYCO002827	32	0	31	
MYCO002829	158	0	22	
MYCO002830	7	0	15	
MYCO002831	246	0	38	
MYCO002832	184	0	72	
MYCO002833	344	0	73	
MYCO002834	43	0	45	
MYCO002835	31	0	51	
MYCO002836	361	0	72	
MYCO002837	156	0	38	
MYCO002840	7	0	21	
MYCO002842	5	0	25	
MYCO002843	240	0	18	
MYCO002844	27	0	25	
MYCO002845	254	0	65	
MYCO002848	1487	0	50	
MYCO002849	55	0	42	
MYCO002850	1801	0	103	
MYCO002851	28	0	22	
MYCO002852	147	0	75	
MYCO002853	2550	0	108	
MYCO002854	48	0	54	
MYCO002855	276	0	59	
MYCO002856	47	0	41	
MYCO002857	17	0	30	
MYCO002858	586	0	82	
MYCO002859	1800	0	56	
MYCO002860	43	0	59	
MYCO002862	21	0	27	
MYCO002863	10	0	15	
MYCO002865	11	0	12	
MYCO002866	12	0	12	
MYCO002867	685	0	47	
MYCO002869	39	0	58	
MYCO002871	1036	0	11	
MYCO002872	97	0	29	
MYCO002873	13	0	25	
MYCO002874	298	0	107	
MYCO002875	161	0	26	
MYCO002876	3	0	27	
MYCO002877	181	0	53	
MYCO002878	20	0	23	
MYCO002879	5884	0	0	
MYCO002880	5451	0	8	
MYCO002881	12	0	36	
MYCO002884	147	0	38	
MYCO002885	252	1012	81	
MYCO002886	148	0	45	
MYCO002887	34	0	19	
MYCO002888	501	0	64	
MYCO002891	1027	0	41	
MYCO002892	323	0	64	
MYCO002893	79	0	66	
MYCO002895	247	0	43	
MYCO002896	456	0	65	
MYCO002897	366	0	90	
MYCO002898	22	0	30	
MYCO002899	12	0	37	
MYCO002900	62	0	94	
MYCO002903	78	0	45	
MYCO002905	47	0	61	
MYCO002906	23	0	23	
MYCO002907	125	0	23	
MYCO002908	51	0	9	
MYCO002910	9	0	27	
MYCO002911	142	0	42	
MYCO002912	31	0	22	
MYCO002913	128	0	101	
MYCO002914	379	0	74	
MYCO002920	137	0	89	
MYCO002922	1071	0	122	
MYCO002923	60	0	25	
MYCO002924	91	0	38	
MYCO002925	27	0	27	
MYCO002926	10	0	35	
MYCO002928	24	0	33	
MYCO002929	24	0	21	
MYCO002930	57	0	65	
MYCO002931	5290	0	106	
MYCO002932	1630	0	182	
MYCO002933	1509	0	191	
MYCO002934	1703	0	193	
MYCO002935	825	0	173	
MYCO002936	40	0	44	
MYCO002937	17	0	31	
MYCO002938	15	0	33	
MYCO002939	27	2767	51	
MYCO002940	313	0	252	
MYCO002941	42	0	86	
MYCO002942	150	0	145	
MYCO002943	219	0	76	
MYCO002944	34	0	49	
MYCO002945	3	0	33	
MYCO002946	1112	0	210	
MYCO002947	2986	0	30	
MYCO002948	114	0	114	
MYCO002949	125	0	40	
MYCO002950	232	0	92	
MYCO002951	162	0	52	
MYCO002952	23	0	36	
MYCO002953	62	0	62	
MYCO002954	49	0	39	
MYCO002955	222	0	61	
MYCO002956	37	0	48	
MYCO002957	67	0	45	
MYCO002958	254	0	73	
MYCO002959	751	0	45	
MYCO002960	25	0	20	
MYCO002961	20	0	14	
MYCO002962	657	0	56	
MYCO002963	744	0	51	
MYCO002964	75	0	45	
MYCO002966	214	0	19	
MYCO002968	25	0	20	
MYCO002969	54	0	33	
MYCO002970	92	0	50	
MYCO002971	120	0	40	
MYCO002972	26	0	41	
MYCO002973	235	0	70	
MYCO002974	718	0	81	
MYCO002975	2861	0	8	
MYCO002977	368	0	33	
MYCO002978	126	2534	61	
MYCO002979	32	0	30	
MYCO002980	505	0	29	
MYCO002983	671	0	35	
MYCO002985	77	0	60	
MYCO002986	79	0	31	
MYCO002987	29	0	18	
MYCO002989	569	0	36	
MYCO002990	33	0	42	
MYCO002991	41	0	23	
MYCO002994	642	0	59	
MYCO002997	558	0	59	
MYCO002998	10	0	18	
MYCO002999	42	0	60	
MYCO003000	49	0	30	
MYCO003002	4	0	21	
MYCO003004	34	0	19	
MYCO003005	47	0	27	
MYCO003007	551	0	29	
MYCO003008	57	0	38	
MYCO003012	12	0	12	
MYCO003013	513	0	31	
MYCO003015	333	0	53	
MYCO003016	36	0	26	
MYCO003017	628	0	23	
MYCO003018	4478	0	34	
MYCO003019	1	106	31	
MYCO003020	23	21	22	
MYCO003021	5856	0	10	
MYCO003022	5884	0	0	
MYCO003023	5727	46	8	
MYCO003026	95	0	53	
MYCO003030	152	0	39	
MYCO003033	14	0	30	
MYCO003035	278	0	42	
MYCO003036	19	0	38	
MYCO003037	364	0	63	
MYCO003039	156	0	37	
MYCO003040	297	0	46	
MYCO003041	21	0	35	
MYCO003044	407	0	68	
MYCO003046	20	0	19	
MYCO003047	170	0	24	
MYCO003050	28	0	45	
MYCO003055	39	1835	35	
MYCO003056	55	0	67	
MYCO003058	9	0	29	
MYCO003059	70	0	59	
MYCO003060	1003	0	93	
MYCO003061	586	0	103	
MYCO003062	1597	0	75	
MYCO003063	217	0	144	
MYCO003064	114	0	28	
MYCO003065	162	0	17	
MYCO003066	270	0	33	
MYCO003067	25	0	28	
MYCO003068	87	0	81	
MYCO003069	6	0	20	
MYCO003070	8	0	15	
MYCO003071	160	0	64	
MYCO003072	29	0	38	
MYCO003073	20	0	26	
MYCO003074	1780	2085	59	
MYCO003075	33	0	34	
MYCO003076	16	0	22	
MYCO003077	390	0	110	
MYCO003078	39	0	22	
MYCO003079	548	0	26	
MYCO003080	678	0	166	
MYCO003081	204	0	53	
MYCO003082	38	0	49	
MYCO003083	345	0	100	
MYCO003084	720	0	46	
MYCO003086	183	0	38	
MYCO003087	353	0	90	
MYCO003088	198	0	78	
MYCO003089	240	0	73	
MYCO003090	201	1428	59	
MYCO003091	284	0	81	
MYCO003092	613	0	51	
MYCO003093	1435	0	41	
MYCO003094	634	0	62	
MYCO003095	6	0	27	
MYCO003096	54	0	64	
MYCO003097	111	0	76	
MYCO003098	32	0	29	
MYCO003099	111	0	48	
MYCO003103	30	0	27	
MYCO003104	35	0	44	
MYCO003106	84	0	67	
MYCO003107	105	0	83	
MYCO003108	35	0	30	
MYCO003109	102	0	78	
MYCO003110	24	0	15	
MYCO003111	37	0	43	
MYCO003112	38	0	18	
MYCO003113	1271	0	39	
MYCO003114	97	0	28	
MYCO003115	5727	46	8	
MYCO003116	165	0	65	
MYCO003119	52	0	30	
MYCO003120	62	0	36	
MYCO003121	152	0	66	
MYCO003122	60	0	23	
MYCO003123	33	0	25	
MYCO003124	114	0	50	
MYCO003125	866	0	50	
MYCO003126	32	0	17	
MYCO003127	48	0	62	
MYCO003128	5884	0	0	
MYCO003129	553	0	10	
MYCO003130	71	0	75	
MYCO003131	73	0	39	
MYCO003132	150	0	81	
MYCO003133	10	0	17	
MYCO003134	50	0	46	
MYCO003135	3641	0	11	
MYCO003136	113	0	51	
MYCO003137	39	0	39	
MYCO003138	75	0	70	
MYCO003141	252	0	42	
MYCO003142	797	0	29	
MYCO003143	9	0	15	
MYCO003144	990	0	62	
MYCO003145	23	0	14	
MYCO003146	4	0	24	
MYCO003147	43	0	13	
MYCO003148	37	0	54	
MYCO003149	58	0	32	
MYCO003150	541	0	43	
MYCO003151	1205	0	93	
MYCO003152	10	0	49	
MYCO003153	114	0	31	
MYCO003154	12	0	42	
MYCO003155	7	0	15	
MYCO003156	79	0	75	
MYCO003157	142	0	85	
MYCO003158	26	0	74	
MYCO003159	3005	0	87	
MYCO003160	20	0	24	
MYCO003161	441	0	80	
MYCO003162	76	0	18	
MYCO003163	29	0	52	
MYCO003164	29	0	29	
MYCO003165	117	0	21	
MYCO003166	628	0	49	
MYCO003167	56	0	40	
MYCO003168	215	0	74	
MYCO003169	755	0	61	
MYCO003170	614	0	57	
MYCO003171	46	0	66	
MYCO003172	11	0	29	
MYCO003173	14	0	36	
MYCO003174	22	0	57	
MYCO003175	1610	0	67	
MYCO003176	141	0	55	
MYCO003177	44	0	37	
MYCO003178	56	0	21	
MYCO003179	461	0	63	
MYCO003180	37	0	27	
MYCO003181	165	0	21	
MYCO003182	29	0	12	
MYCO003183	241	0	17	
MYCO003184	717	2	21	
MYCO003185	5884	0	0	
MYCO003186	717	2	21	
MYCO003187	5884	0	0	
MYCO003188	31	0	18	
MYCO003189	62	0	28	
MYCO003190	199	0	61	
MYCO003191	68	0	54	
MYCO003192	73	0	35	
MYCO003196	100	0	52	
MYCO003199	499	0	53	
MYCO003200	30	0	62	
MYCO003201	1016	0	129	
MYCO003202	815	0	158	
MYCO003203	40	0	44	
MYCO003204	1	0	20	
MYCO003209	16	0	34	
MYCO003210	17	0	29	
MYCO003212	693	0	62	
MYCO003215	37	0	62	
MYCO003216	5884	0	0	
MYCO003217	374	0	22	
MYCO003218	31	0	49	
MYCO003222	79	0	23	
MYCO003224	302	0	46	
MYCO003225	105	0	70	
MYCO003226	49	0	39	
MYCO003227	316	0	67	
MYCO003230	148	0	58	
MYCO003231	72	0	23	
MYCO003232	16	0	40	
MYCO003233	7	0	37	
MYCO003234	2921	0	28	
MYCO003235	446	0	39	
MYCO003236	344	0	60	
MYCO003237	11	0	30	
MYCO003238	22	0	38	
MYCO003239	2993	0	101	
MYCO003242	107	0	38	
MYCO003243	88	0	39	
MYCO003244	453	0	68	
MYCO003247	70	0	28	
MYCO003249	221	0	32	
MYCO003250	5	0	9	
MYCO003251	8	0	9	
MYCO003253	73	0	64	
MYCO003254	133	0	69	
MYCO003256	764	0	56	
MYCO003259	32	0	10	
MYCO003260	2	0	15	
MYCO003263	221	0	72	
MYCO003266	171	0	43	
MYCO003268	153	0	43	
MYCO003269	17	0	11	
MYCO003270	374	0	92	
MYCO003271	35	0	36	
MYCO003272	116	0	69	
MYCO003273	24	0	102	
MYCO003278	16	0	23	
MYCO003279	20	0	40	
MYCO003281	5653	0	10	
MYCO003282	23	0	47	
MYCO003283	24	0	50	
MYCO003284	56	0	22	
MYCO003286	605	0	45	
MYCO003287	16	0	13	
MYCO003288	6	0	18	
MYCO003289	43	0	27	
MYCO003291	30	0	16	
MYCO003292	276	0	66	
MYCO003293	736	0	65	
MYCO003294	21	0	40	
MYCO003295	32	0	31	
MYCO003297	111	0	48	
MYCO003298	320	0	32	
MYCO003299	905	0	169	
MYCO003300	80	0	46	
MYCO003301	28	0	43	
MYCO003307	184	0	45	
MYCO003308	703	0	78	
MYCO003309	26	0	26	
MYCO003310	35	0	47	
MYCO003311	55	0	59	
MYCO003312	36	0	42	
MYCO003314	140	0	51	
MYCO003315	17	0	25	
MYCO003316	4	0	11	
MYCO003320	57	0	22	
MYCO003321	2	0	7	
MYCO003322	23	0	34	
MYCO003323	319	0	41	
MYCO003324	308	0	27	
MYCO003325	717	2	21	
MYCO003326	5884	0	0	
MYCO003327	5817	0	7	
MYCO003331	520	0	73	
MYCO003332	488	0	71	
MYCO003333	1431	0	40	
MYCO003334	11	0	28	
MYCO003335	114	0	38	
MYCO003337	670	0	22	
MYCO003338	60	0	41	
MYCO003339	79	0	56	
MYCO003342	428	0	22	
MYCO003343	5868	0	15	
MYCO003344	5884	0	0	
MYCO003345	5855	0	12	
MYCO003346	1825	1	20	
MYCO003347	4560	0	237	
MYCO003348	154	6	31	
MYCO003349	3067	0	30	
MYCO003350	4868	0	244	
MYCO003351	770	0	40	
MYCO003352	746	0	15	
MYCO003353	721	0	12	
MYCO003354	720	0	19	
MYCO003355	730	1	19	
MYCO003357	15	0	16	
MYCO003358	7	0	11	
MYCO003359	347	0	43	
MYCO003360	859	0	17	
MYCO003361	74	0	35	
MYCO003362	68	0	40	
MYCO003363	339	0	21	
MYCO003364	81	0	21	
MYCO003365	5311	0	27	
MYCO003366	61	0	28	
MYCO003367	2701	0	90	
MYCO003368	143	0	34	
MYCO003369	198	0	18	
MYCO003370	1255	0	126	
MYCO003371	542	0	79	
MYCO003372	356	0	59	
MYCO003373	707	0	28	
MYCO003374	8	0	14	
MYCO003375	247	0	78	
MYCO003376	26	0	34	
MYCO003377	417	0	83	
MYCO003378	149	0	66	
MYCO003379	94	0	92	
MYCO003380	5884	0	0	
MYCO003381	717	2	21	
MYCO003382	216	0	42	
MYCO003383	1277	0	77	
MYCO003384	66	0	22	
MYCO003385	125	0	11	
MYCO003386	283	0	44	
MYCO003387	23	0	40	
MYCO003388	4402	0	66	
MYCO003389	465	0	65	
MYCO003390	33	0	53	
MYCO003391	356	0	112	
MYCO003393	110	0	39	
MYCO003394	1708	0	61	
MYCO003395	147	0	41	
MYCO003397	27	0	35	
MYCO003398	141	0	68	
MYCO003399	47	0	48	
MYCO003400	176	0	30	
MYCO003401	642	0	113	
MYCO003402	175	0	55	
MYCO003403	87	0	99	
MYCO003404	47	0	44	
MYCO003405	9	0	28	
MYCO003406	192	0	50	
MYCO003407	16	0	8	
MYCO003408	5	0	17	
MYCO003413	507	0	36	
MYCO003414	30	0	37	
MYCO003415	476	0	51	
MYCO003416	54	0	13	
MYCO003420	117	0	24	
MYCO003421	1436	0	46	
MYCO003423	60	0	79	
MYCO003424	374	4	30	
MYCO003425	265	1570	58	
MYCO003426	5756	0	4	
MYCO003427	1645	0	31	
MYCO003428	5581	0	7	
MYCO003429	265	1310	56	
MYCO003430	406	0	97	
MYCO003431	78	0	42	
MYCO003434	266	0	54	
MYCO003435	26	0	67	
MYCO003437	242	0	31	
MYCO003438	77	0	48	
MYCO003439	1037	0	71	
MYCO003440	67	0	27	
MYCO003444	21	0	20	
MYCO003445	35	0	20	
MYCO003446	1090	0	80	
MYCO003447	514	0	183	
MYCO003448	288	0	74	
MYCO003449	224	0	83	
MYCO003450	873	0	86	
MYCO003451	95	0	56	
MYCO003452	683	0	42	
MYCO003453	3640	0	5	
MYCO003454	97	0	72	
MYCO003463	170	0	41	
MYCO003465	10	0	27	
MYCO003466	5667	59	53	
MYCO003467	5701	84	30	
MYCO003468	92	0	64	
MYCO003469	33	0	60	
MYCO003470	294	0	97	
MYCO003471	44	0	25	
MYCO003472	36	0	36	
MYCO003473	41	0	53	
MYCO003474	717	2	21	
MYCO003475	5884	0	0	
MYCO003476	69	0	73	
MYCO003477	139	0	16	
MYCO003478	2917	322	395	
MYCO003479	305	0	168	
MYCO003480	314	0	86	
MYCO003481	74	0	30	
MYCO003482	46	0	40	
MYCO003483	1305	0	38	
MYCO003484	148	0	71	
MYCO003485	779	0	50	
MYCO003486	357	0	21	
MYCO003487	1249	0	46	
MYCO003488	178	0	13	
MYCO003489	4	0	8	
MYCO003491	18	0	37	
MYCO003492	2	0	26	
MYCO003493	459	0	33	
MYCO003494	1245	0	63	
MYCO003495	41	0	49	
MYCO003496	384	0	50	
MYCO003497	18	0	56	
MYCO003498	133	0	48	
MYCO003499	17	0	51	
MYCO003502	46	0	38	
MYCO003503	0	0	9	
MYCO003505	186	0	52	
MYCO003506	118	0	100	
MYCO003507	5502	0	94	
MYCO003508	5880	0	3	
MYCO003509	597	0	87	
MYCO003510	197	0	44	
MYCO003511	5870	0	6	
MYCO003512	5884	0	0	
MYCO003513	5597	0	16	
MYCO003514	5882	0	1	
MYCO003515	5274	0	31	
MYCO003516	867	0	34	
MYCO003517	1280	0	39	
MYCO003518	174	0	50	
MYCO003519	30	0	38	
MYCO003521	46	0	47	
MYCO003522	16	0	55	
MYCO003523	548	0	44	
MYCO003524	78	0	71	
MYCO003525	349	0	25	
MYCO003526	15	0	43	
MYCO003527	9	0	29	
MYCO003528	82	0	60	
MYCO003529	690	0	69	
MYCO003530	38	2145	43	
MYCO003531	122	0	69	
MYCO003532	473	0	69	
MYCO003533	1799	0	98	
MYCO003534	86	0	44	
MYCO003535	1472	0	38	
MYCO003536	22	0	41	
MYCO003537	37	0	68	
MYCO003538	10	0	39	
MYCO003539	735	0	71	
MYCO003540	500	0	51	
MYCO003541	3	0	22	
MYCO003542	144	0	42	
MYCO003543	133	0	46	
MYCO003544	65	0	49	
MYCO003545	38	0	84	
MYCO003546	129	0	48	
MYCO003547	65	0	36	
MYCO003548	33	0	29	
MYCO003549	195	0	42	
MYCO003550	86	0	37	
MYCO003551	86	0	36	
MYCO003552	13	0	29	
MYCO003553	605	0	39	
MYCO003554	112	0	123	
MYCO003555	868	0	41	
MYCO003556	175	0	41	
MYCO003557	1	0	31	
MYCO003558	1384	0	79	
MYCO003559	356	0	39	
MYCO003560	183	0	57	
MYCO003561	916	0	73	
MYCO003562	98	0	59	
MYCO003563	228	0	48	
MYCO003564	815	0	32	
MYCO003565	121	0	72	
MYCO003566	189	0	50	
MYCO003567	57	0	23	
MYCO003568	663	0	35	
MYCO003569	508	0	38	
MYCO003572	47	0	28	
MYCO003573	602	0	91	
MYCO003574	93	0	26	
MYCO003575	161	0	43	
MYCO003576	96	0	45	
MYCO003577	100	0	35	
MYCO003578	465	0	79	
MYCO003581	17	0	24	
MYCO003582	44	0	38	
MYCO003584	19	0	25	
MYCO003585	68	0	74	
MYCO003586	27	0	52	
MYCO003587	283	0	44	
MYCO003588	81	0	16	
MYCO003590	4073	0	63	
MYCO003591	37	0	52	
MYCO003593	4	0	78	
MYCO003594	100	0	53	
MYCO003595	2650	0	68	
MYCO003597	382	0	15	
MYCO003599	255	0	6	
MYCO003602	906	0	50	
MYCO003603	314	0	49	
MYCO003604	1248	0	69	
MYCO003605	412	0	22	
MYCO003606	22	0	28	
MYCO003607	222	0	19	
MYCO003608	67	0	43	
MYCO003611	5827	0	6	
MYCO003612	61	0	21	
MYCO003613	4	0	8	
MYCO003614	9	0	47	
MYCO003615	9	0	13	
MYCO003616	90	0	75	
MYCO003617	144	0	51	
MYCO003618	134	0	51	
MYCO003619	514	2759	140	
MYCO003620	3292	663	114	
MYCO003621	864	0	57	
MYCO003622	159	0	16	
MYCO003623	326	0	40	
MYCO003625	363	0	47	
MYCO003626	480	0	51	
MYCO003627	81	0	82	
MYCO003629	54	0	63	
MYCO003630	27	1419	64	
MYCO003631	14	0	31	
MYCO003632	6	0	10	
MYCO003633	94	0	59	
MYCO003634	175	0	37	
MYCO003635	213	0	93	
MYCO003636	17	0	24	
MYCO003637	99	0	34	
MYCO003638	24	0	46	
MYCO003639	541	0	38	
MYCO003640	229	0	66	
MYCO003641	20	0	33	
MYCO003642	9	0	15	
MYCO003643	6	0	12	
MYCO003645	1225	0	71	
MYCO003649	882	0	129	
MYCO003650	126	0	18	
MYCO003651	560	0	53	
MYCO003652	1336	0	21	
MYCO003653	3470	0	36	
MYCO003654	731	0	26	
MYCO003655	5879	0	2	
MYCO003656	27	0	14	
MYCO003657	1798	1398	30	
MYCO003658	653	0	45	
MYCO003659	1171	0	56	
MYCO003660	263	0	72	
MYCO003661	89	0	33	
MYCO003662	1622	0	49	
MYCO003663	605	0	90	
MYCO003664	22	0	50	
MYCO003665	16	0	55	
MYCO003666	158	1572	69	
MYCO003667	447	0	109	
MYCO003669	11	0	29	
MYCO003671	28	0	64	
MYCO003672	87	0	43	
MYCO003673	214	0	36	
MYCO003675	2	0	22	
MYCO003678	18	0	26	
MYCO003681	27	0	29	
MYCO003685	163	0	81	
MYCO003686	112	0	18	
MYCO003687	25	0	23	
MYCO003688	40	0	33	
MYCO003689	300	0	104	
MYCO003690	556	0	26	
MYCO003691	120	0	64	
MYCO003692	97	0	52	
MYCO003693	2030	0	65	
MYCO003694	17	0	52	
MYCO003697	48	0	29	
MYCO003698	245	0	93	
MYCO003699	56	0	42	
MYCO003700	903	0	60	
MYCO003701	202	0	51	
MYCO003702	48	0	46	
MYCO003703	103	0	84	
MYCO003704	103	0	69	
MYCO003706	281	0	19	
MYCO003714	98	0	58	
MYCO003716	411	0	24	
MYCO003723	35	0	40	
MYCO003725	2867	0	25	
MYCO003726	452	0	65	
MYCO003727	372	0	107	
MYCO003728	3749	0	102	
MYCO003729	547	0	136	
MYCO003730	17	0	62	
MYCO003731	21	0	66	
MYCO003732	154	0	63	
MYCO003733	21	0	31	
MYCO003734	103	0	81	
MYCO003735	25	0	33	
MYCO003736	112	0	74	
MYCO003737	1087	0	84	
MYCO003738	2030	0	48	
MYCO003739	1415	0	16	
MYCO003740	175	0	76	
MYCO003741	36	0	50	
MYCO003742	16	0	31	
MYCO003743	246	0	127	
MYCO003744	7	0	28	
MYCO003745	22	1844	13	
MYCO003746	17	0	26	
MYCO003747	36	0	17	
MYCO003748	30	0	22	
MYCO003749	42	0	29	
MYCO003750	21	0	21	
MYCO003751	22	0	15	
MYCO003752	462	0	15	
MYCO003753	687	0	21	
MYCO003754	353	0	47	
MYCO003755	22	0	30	
MYCO003756	31	0	45	
MYCO003757	229	0	49	
MYCO003758	70	0	50	
MYCO003759	42	0	75	
MYCO003760	40	0	12	
MYCO003761	236	0	45	
MYCO003762	36	0	114	
MYCO003763	48	0	32	
MYCO003764	65	0	69	
MYCO003766	168	0	46	
MYCO003767	161	0	54	
MYCO003768	151	0	18	
MYCO003769	139	0	23	
MYCO003770	168	0	33	
MYCO003771	59	0	30	
MYCO003772	87	0	56	
MYCO003773	151	0	34	
MYCO003776	1112	0	95	
MYCO003779	679	0	106	
MYCO003784	347	0	70	
MYCO003785	2558	0	45	
MYCO003786	482	0	66	
MYCO003787	138	0	63	
MYCO003788	19	0	25	
MYCO003789	6	0	20	
MYCO003792	314	0	123	
MYCO003796	41	0	75	
MYCO003797	294	0	114	
MYCO003798	3156	62	40	
MYCO003800	1269	0	228	
MYCO003803	99	0	56	
MYCO003805	51	0	94	
MYCO003807	230	0	24	
MYCO003810	1640	0	39	
MYCO003811	262	0	85	
MYCO003812	2265	0	70	
MYCO003813	161	0	40	
MYCO003814	65	0	34	
MYCO003815	188	0	43	
MYCO003817	487	0	46	
MYCO003818	87	0	72	
MYCO003819	47	0	25	
MYCO003820	265	0	92	
MYCO003821	25	0	47	
MYCO003822	106	0	89	
MYCO003823	80	0	190	
MYCO003824	110	0	114	
MYCO003825	339	0	358	
MYCO003826	112	0	116	
MYCO003827	257	0	101	
MYCO003828	5	2248	25	
MYCO003829	1231	0	107	
MYCO003830	1375	0	49	
MYCO003831	25	0	45	
MYCO003832	170	0	45	
MYCO003833	734	0	57	
MYCO003836	670	0	32	
MYCO003837	55	0	54	
MYCO003838	189	0	65	
MYCO003839	15	0	53	
MYCO003840	94	0	43	
MYCO003841	15	0	39	
MYCO003843	511	0	61	
MYCO003844	154	6	31	
MYCO003845	4306	0	12	
MYCO003846	15	0	35	
MYCO003848	140	0	77	
MYCO003850	92	0	44	
MYCO003851	83	0	18	
MYCO003852	72	0	24	
MYCO003853	8	0	23	
MYCO003854	280	0	170	
MYCO003855	11	0	48	
MYCO003856	130	0	77	
MYCO003857	14	0	8	
MYCO003860	683	0	105	
MYCO003861	173	0	37	
MYCO003862	90	0	87	
MYCO003863	275	0	76	
MYCO003864	178	0	92	
MYCO003865	72	0	21	
MYCO003866	186	0	47	
MYCO003867	136	0	37	
MYCO003868	278	0	92	
MYCO003869	770	0	108	
MYCO003870	73	0	159	
MYCO003871	449	0	126	
MYCO003872	279	0	18	
MYCO003873	303	0	68	
MYCO003874	57	0	16	
MYCO003875	15	0	21	
MYCO003876	2646	0	108	
MYCO003877	72	0	132	
MYCO003878	719	0	59	
MYCO003879	2554	0	166	
MYCO003880	7	0	23	
MYCO003881	646	0	132	
MYCO003882	737	0	132	
MYCO003883	72	0	107	
MYCO003884	331	0	121	
MYCO003885	211	0	139	
MYCO003886	2015	0	90	
MYCO003887	607	0	108	
MYCO003888	162	0	106	
MYCO003889	414	0	84	
MYCO003890	118	0	23	
MYCO003891	29	0	37	
MYCO003892	1357	0	96	
MYCO003893	113	0	24	
MYCO003894	1680	0	270	
MYCO003895	1595	0	92	
MYCO003896	342	0	81	
MYCO003897	5833	0	2	
MYCO003898	2878	0	11	
MYCO003899	1676	0	84	
MYCO003900	919	0	113	
MYCO003901	107	0	41	
MYCO003902	30	0	46	
MYCO003903	1871	0	167	
MYCO003904	18	0	32	
MYCO003905	43	0	29	
MYCO003906	75	0	49	
MYCO003909	311	0	174	
MYCO003910	399	0	318	
MYCO003911	5873	0	5	
MYCO003912	278	0	91	
MYCO003914	8	0	26	
MYCO003916	5	0	74	
MYCO003919	325	0	242	
MYCO003922	5	0	41	
MYCO003923	11	0	42	
MYCO010064	17	0	13	
MYCO010078	15	0	47	
MYCO010157	2	0	9	
MYCO010186	55	0	9	
MYCO010192	1343	0	19	
MYCO010236	47	0	6	
MYCO010277	5884	0	0	
MYCO010397	7	2884	15	
MYCO010456	15	0	19	
MYCO010470	825	0	18	
MYCO010492	55	0	14	
MYCO010500	276	0	7	
MYCO010530	15	0	10	
MYCO010590	37	0	8	
MYCO010609	24	0	13	
MYCO010616	2	0	20	
MYCO010634	12	0	14	
MYCO010691	3	0	10	
MYCO010724	5884	0	0	
MYCO010749	13	0	10	
MYCO010755	105	0	6	
MYCO010787	50	0	8	
MYCO010959	8	0	9	
MYCO011028	4	0	8	
MYCO011087	44	0	8	
MYCO011089	8	0	10	
MYCO011116	24	0	11	
MYCO011135	4	0	22	
MYCO011159	9	0	14	
MYCO011290	53	0	16	
MYCO011322	17	0	33	
MYCO011366	24	0	14	
MYCO011473	44	0	15	
MYCO011489	163	0	10	
MYCO011498	89	0	15	
MYCO011507	109	0	40	
MYCO011508	52	0	14	
MYCO011638	389	0	15	
MYCO011706	9	0	10	
MYCO011765	49	0	16	
MYCO011888	2	0	17	
MYCO011954	25	0	12	
MYCO011962	1	3464	17	
MYCO011982	16	0	8	
MYCO011990	61	0	20	
MYCO011991	1	0	9	
MYCO012023	55	0	59	
MYCO012063	159	0	21	
MYCO012077	186	0	18	
MYCO012142	3	0	13	
MYCO012160	3182	0	14	
MYCO012219	8	0	23	
MYCO012231	45	0	30	
MYCO012237	37	0	12	
MYCO012250	5880	0	1	
MYCO012274	228	0	16	
MYCO012306	50	0	34	
MYCO012307	10	0	6	
MYCO012309	8	0	21	
MYCO012331	5	0	13	
MYCO012395	24	0	14	
MYCO012401	31	0	6	
MYCO012427	5884	0	0	
MYCO012438	10	0	19	
MYCO012468	1	0	13	
MYCO012530	4	0	15	
MYCO012548	13	0	16	
MYCO012601	6	0	13	
MYCO012614	681	0	16	
MYCO012737	17	0	11	
MYCO012801	5	0	11	
MYCO012828	1073	0	17	
MYCO012862	5884	0	0	
MYCO012922	23	0	17	
MYCO012943	27	0	36	
MYCO012970	28	0	6	
MYCO012998	6	0	18	
MYCO013018	2206	3	9	
MYCO013022	935	0	16	
MYCO013032	30	0	20	
MYCO013098	21	0	20	
MYCO013136	7	0	27	
MYCO013190	224	0	11	
MYCO013196	5	0	7	
MYCO013197	63	0	15	
MYCO013198	9	0	16	
MYCO013208	10	0	16	
MYCO013221	3	0	16	
MYCO013224	23	0	18	
MYCO013312	74	0	23	
MYCO013324	5884	0	0	
MYCO013395	229	0	29	
MYCO013566	6	0	19	
MYCO013697	64	0	15	
MYCO013705	48	0	29	
MYCO013724	659	0	11	
MYCO013770	7	0	11	
MYCO020078	3	0	21	
MYCO020456	5884	0	0	
MYCO020500	1	0	5	
MYCO022231	4205	0	18	
MYCO022306	89	0	23	
MYCO022307	67	0	29	
MYCO022395	58	0	17	
MYCO023224	39	0	11	
MYCO023724	694	0	29	
MYCO023770	10	0	13	
MYCO032307	0	0	10	
