GbGDiv simplified results table from 'accumulate-5.txt' records table.
Isolate records read from table: 1280

Locus	Missing	Paralogous	CountNuc
id	0	0	1280	
isolate	0	0	1280	
rMLST_database_accession	0	0	1280	
BACT000001	3	0	35	
BACT000002	35	0	14	
BACT000003	120	0	19	
BACT000004	12	0	10	
BACT000005	25	0	11	
BACT000006	0	0	8	
BACT000007	4	0	10	
BACT000008	5	0	8	
BACT000009	2	0	15	
BACT000010	0	0	4	
BACT000011	10	0	8	
BACT000012	0	0	11	
BACT000013	2	0	9	
BACT000014	1	1163	2	
BACT000015	1	0	5	
BACT000016	12	0	15	
BACT000017	8	0	12	
BACT000018	0	1001	3	
BACT000019	0	0	5	
BACT000020	1	0	8	
BACT000021	1280	0	0	
BACT000030	8	332	14	
BACT000031	1	0	12	
BACT000032	3	0	11	
BACT000033	35	0	14	
BACT000034	4	0	14	
BACT000035	2	0	9	
BACT000036	73	0	11	
BACT000038	2	0	11	
BACT000039	5	0	12	
BACT000040	147	0	6	
BACT000042	1	0	12	
BACT000043	0	0	11	
BACT000044	9	0	6	
BACT000045	1	0	9	
BACT000046	1	0	18	
BACT000047	15	0	6	
BACT000048	0	0	11	
BACT000049	1	0	11	
BACT000050	5	0	7	
BACT000051	35	0	12	
BACT000052	1	0	5	
BACT000053	2	0	5	
BACT000056	0	0	5	
BACT000057	1	1239	3	
BACT000058	0	0	6	
BACT000059	0	0	4	
BACT000060	2	0	2	
BACT000061	1	0	8	
BACT000062	0	1075	5	
BACT000063	1	0	5	
BACT000064	0	0	6	
BACT000065	1	0	1	
MYCO000001	11	0	53	
MYCO000005	7	0	64	
MYCO000006	9	0	98	
MYCO000009	4	0	13	
MYCO000011	0	0	10	
MYCO000013	0	0	28	
MYCO000015	271	0	34	
MYCO000016	19	0	35	
MYCO000017	12	0	32	
MYCO000019	1	0	20	
MYCO000038	85	0	13	
MYCO000046	2	0	25	
MYCO000047	4	0	16	
MYCO000049	9	0	16	
MYCO000050	143	0	74	
MYCO000051	113	0	48	
MYCO000054	49	0	16	
MYCO000066	7	0	63	
MYCO000068	34	0	39	
MYCO000129	12	0	20	
MYCO000183	61	0	21	
MYCO000184	58	0	15	
MYCO000189	160	0	30	
MYCO000198	8	0	57	
MYCO000204	38	0	26	
MYCO000207	3	0	21	
MYCO000211	14	0	53	
MYCO000223	124	0	33	
MYCO000225	6	0	19	
MYCO000227	133	0	35	
MYCO000228	20	0	30	
MYCO000236	287	0	70	
MYCO000237	35	0	34	
MYCO000238	2	0	15	
MYCO000241	6	0	26	
MYCO000242	219	0	28	
MYCO000243	102	0	28	
MYCO000244	23	635	40	
MYCO000247	3	0	15	
MYCO000248	3	0	26	
MYCO000270	12	0	51	
MYCO000274	81	0	19	
MYCO000321	2	0	9	
MYCO000322	11	0	23	
MYCO000334	2	0	13	
MYCO000337	12	0	21	
MYCO000350	21	0	27	
MYCO000352	137	0	22	
MYCO000357	4	0	22	
MYCO000360	56	0	16	
MYCO000383	241	0	14	
MYCO000384	165	0	36	
MYCO000407	58	0	19	
MYCO000410	41	0	46	
MYCO000411	25	0	20	
MYCO000414	277	0	14	
MYCO000415	278	0	22	
MYCO000417	82	301	17	
MYCO000423	10	0	25	
MYCO000429	4	0	11	
MYCO000432	0	0	13	
MYCO000433	6	0	18	
MYCO000439	47	0	18	
MYCO000440	16	0	20	
MYCO000462	4	0	20	
MYCO000465	14	0	36	
MYCO000466	7	0	13	
MYCO000467	3	0	20	
MYCO000468	17	0	11	
MYCO000472	3	0	12	
MYCO000475	36	0	15	
MYCO000483	18	0	22	
MYCO000484	12	0	21	
MYCO000486	65	0	24	
MYCO000489	194	0	14	
MYCO000490	14	0	25	
MYCO000491	1	0	9	
MYCO000495	3	0	19	
MYCO000496	17	0	20	
MYCO000498	18	0	23	
MYCO000501	11	0	24	
MYCO000502	11	0	14	
MYCO000505	299	0	16	
MYCO000509	27	0	36	
MYCO000510	20	0	17	
MYCO000512	29	0	20	
MYCO000524	103	0	18	
MYCO000527	32	0	14	
MYCO000528	183	0	26	
MYCO000529	36	0	26	
MYCO000548	10	0	9	
MYCO000551	47	0	35	
MYCO000553	113	0	17	
MYCO000555	125	0	18	
MYCO000557	16	0	34	
MYCO000558	60	0	11	
MYCO000562	4	0	24	
MYCO000563	27	0	24	
MYCO000564	15	0	27	
MYCO000566	2	0	13	
MYCO000636	3	0	13	
MYCO000639	54	0	13	
MYCO000647	49	0	26	
MYCO000655	8	0	24	
MYCO000667	76	0	118	
MYCO000668	49	0	115	
MYCO000672	51	0	39	
MYCO000684	21	0	45	
MYCO000685	6	0	12	
MYCO000693	115	0	20	
MYCO000696	25	0	29	
MYCO000732	2	0	26	
MYCO000733	1	0	9	
MYCO000734	127	0	9	
MYCO000757	3	0	16	
MYCO000758	27	0	55	
MYCO000772	39	0	28	
MYCO000777	13	0	17	
MYCO000780	4	0	17	
MYCO000782	1247	0	3	
MYCO000788	34	0	10	
MYCO000803	27	0	43	
MYCO000808	25	0	31	
MYCO000809	2	0	19	
MYCO000810	0	0	5	
MYCO000814	252	5	12	
MYCO000815	22	3	16	
MYCO000820	3	0	12	
MYCO000821	6	0	10	
MYCO000823	24	0	25	
MYCO000824	3	0	16	
MYCO000859	21	0	35	
MYCO000860	91	0	40	
MYCO000861	7	0	37	
MYCO000871	5	0	6	
MYCO000876	0	0	34	
MYCO000884	4	0	24	
MYCO000885	18	0	18	
MYCO000886	288	0	23	
MYCO000889	254	0	26	
MYCO000896	20	0	24	
MYCO000902	10	0	12	
MYCO000903	5	0	6	
MYCO000906	320	0	20	
MYCO000926	6	0	32	
MYCO000927	51	0	14	
MYCO000929	113	0	14	
MYCO000946	13	0	32	
MYCO000949	54	0	45	
MYCO000951	10	0	22	
MYCO000952	25	0	18	
MYCO000953	97	0	22	
MYCO000957	134	0	25	
MYCO000981	11	0	17	
MYCO000983	156	0	34	
MYCO000993	42	0	14	
MYCO000994	80	0	28	
MYCO000995	6	0	14	
MYCO001001	8	0	32	
MYCO001002	15	0	29	
MYCO001007	4	0	25	
MYCO001008	64	0	18	
MYCO001009	70	0	15	
MYCO001010	25	0	19	
MYCO001011	6	0	17	
MYCO001013	14	0	24	
MYCO001014	6	0	16	
MYCO001015	7	0	14	
MYCO001017	1	0	17	
MYCO001018	8	0	32	
MYCO001020	147	0	63	
MYCO001022	62	0	14	
MYCO001023	46	0	24	
MYCO001026	89	0	21	
MYCO001070	2	0	13	
MYCO001071	4	0	27	
MYCO001072	2	0	14	
MYCO001077	19	0	30	
MYCO001079	23	0	17	
MYCO001080	69	0	7	
MYCO001082	5	0	17	
MYCO001086	19	0	17	
MYCO001092	34	0	17	
MYCO001094	22	0	9	
MYCO001095	38	0	21	
MYCO001098	22	0	18	
MYCO001099	66	0	17	
MYCO001108	17	0	25	
MYCO001110	2	0	19	
MYCO001112	155	0	23	
MYCO001165	51	0	46	
MYCO001173	66	0	38	
MYCO001177	5	0	4	
MYCO001178	50	0	26	
MYCO001193	123	0	24	
MYCO001201	73	0	26	
MYCO001202	57	0	16	
MYCO001207	80	0	25	
MYCO001208	6	0	15	
MYCO001213	62	0	25	
MYCO001220	68	0	7	
MYCO001221	0	0	16	
MYCO001223	199	0	31	
MYCO001229	26	0	24	
MYCO001238	13	0	16	
MYCO001239	2	0	18	
MYCO001245	31	0	23	
MYCO001248	138	0	63	
MYCO001253	60	0	41	
MYCO001272	102	0	33	
MYCO001273	5	0	32	
MYCO001277	139	0	23	
MYCO001292	9	0	25	
MYCO001293	17	0	20	
MYCO001294	22	0	21	
MYCO001295	18	0	24	
MYCO001297	105	0	31	
MYCO001299	8	0	14	
MYCO001302	7	0	16	
MYCO001305	4	0	4	
MYCO001308	18	0	24	
MYCO001309	3	0	22	
MYCO001310	4	0	17	
MYCO001311	7	0	9	
MYCO001315	4	0	18	
MYCO001321	22	0	17	
MYCO001323	30	0	24	
MYCO001326	9	0	38	
MYCO001327	21	0	28	
MYCO001328	46	0	54	
MYCO001338	31	0	14	
MYCO001340	19	0	13	
MYCO001380	19	0	22	
MYCO001381	134	0	25	
MYCO001383	8	0	21	
MYCO001384	113	0	71	
MYCO001385	200	0	15	
MYCO001388	2	0	12	
MYCO001390	1	0	7	
MYCO001391	223	0	31	
MYCO001392	125	0	38	
MYCO001402	527	0	31	
MYCO001407	172	0	34	
MYCO001408	33	0	12	
MYCO001410	2	0	24	
MYCO001412	7	0	15	
MYCO001415	4	0	21	
MYCO001416	2	0	13	
MYCO001420	8	0	35	
MYCO001421	9	0	15	
MYCO001436	1	0	19	
MYCO001437	13	0	18	
MYCO001438	4	0	14	
MYCO001440	6	0	5	
MYCO001445	68	0	20	
MYCO001447	157	0	35	
MYCO001448	13	0	19	
MYCO001449	67	0	39	
MYCO001451	27	0	27	
MYCO001457	3	0	13	
MYCO001458	9	0	25	
MYCO001462	14	0	28	
MYCO001463	3	0	17	
MYCO001464	62	0	24	
MYCO001465	4	0	7	
MYCO001466	1	0	6	
MYCO001467	23	639	31	
MYCO001473	10	0	27	
MYCO001474	37	0	11	
MYCO001475	6	0	36	
MYCO001479	30	0	19	
MYCO001480	43	0	24	
MYCO001481	7	0	20	
MYCO001483	33	0	7	
MYCO001484	6	0	19	
MYCO001485	32	0	16	
MYCO001493	207	0	35	
MYCO001536	40	0	62	
MYCO001540	4	0	17	
MYCO001547	50	0	54	
MYCO001557	219	0	31	
MYCO001559	268	0	29	
MYCO001564	17	0	39	
MYCO001568	71	0	27	
MYCO001569	245	0	17	
MYCO001589	3	0	14	
MYCO001593	3	0	11	
MYCO001594	15	0	21	
MYCO001595	132	0	30	
MYCO001599	111	0	21	
MYCO001600	2	0	18	
MYCO001601	0	0	12	
MYCO001603	2	0	11	
MYCO001605	1	0	15	
MYCO001609	29	0	30	
MYCO001611	22	0	10	
MYCO001612	2	0	25	
MYCO001617	21	0	30	
MYCO001626	8	0	11	
MYCO001627	42	0	15	
MYCO001629	43	0	54	
MYCO001633	159	0	51	
MYCO001638	63	0	53	
MYCO001641	1280	0	0	
MYCO001649	105	0	14	
MYCO001652	63	0	19	
MYCO001653	224	0	16	
MYCO001654	35	0	13	
MYCO001655	133	0	20	
MYCO001656	99	0	14	
MYCO001657	121	0	12	
MYCO001658	35	0	27	
MYCO001659	119	0	25	
MYCO001689	7	0	21	
MYCO001694	35	0	14	
MYCO001695	2	0	17	
MYCO001697	3	0	11	
MYCO001699	4	0	48	
MYCO001701	14	0	13	
MYCO001708	6	0	14	
MYCO001709	0	0	26	
MYCO001711	0	0	16	
MYCO001712	9	0	20	
MYCO001713	49	0	25	
MYCO001821	14	0	44	
MYCO001827	3	0	7	
MYCO001829	13	0	13	
MYCO001830	3	0	23	
MYCO001832	40	0	49	
MYCO001837	34	0	32	
MYCO001842	26	0	34	
MYCO001843	31	0	26	
MYCO001844	18	0	40	
MYCO001854	15	0	23	
MYCO001886	23	0	23	
MYCO001894	56	0	33	
MYCO001981	4	0	8	
MYCO002050	1	0	5	
MYCO002089	92	0	26	
MYCO002090	1254	0	4	
MYCO002092	148	0	56	
MYCO002093	17	0	22	
MYCO002096	8	0	24	
MYCO002097	27	0	20	
MYCO002109	8	0	18	
MYCO002110	11	0	21	
MYCO002111	33	0	7	
MYCO002112	558	0	27	
MYCO002115	14	0	40	
MYCO002118	1	0	12	
MYCO002119	5	0	24	
MYCO002121	14	0	15	
MYCO002122	1	0	9	
MYCO002125	13	0	13	
MYCO002130	154	0	13	
MYCO002134	6	0	11	
MYCO002139	23	0	22	
MYCO002140	0	0	12	
MYCO002141	27	0	25	
MYCO002145	19	0	12	
MYCO002150	90	0	17	
MYCO002151	78	0	11	
MYCO002153	251	0	22	
MYCO002154	256	0	18	
MYCO002155	209	0	37	
MYCO002156	4	0	25	
MYCO002157	539	0	21	
MYCO002163	59	0	32	
MYCO002166	5	0	8	
MYCO002170	148	0	13	
MYCO002176	39	0	23	
MYCO002178	7	0	19	
MYCO002179	27	0	8	
MYCO002182	11	0	12	
MYCO002186	1	0	5	
MYCO002187	368	0	27	
MYCO002188	11	0	30	
MYCO002192	33	0	22	
MYCO002193	3	0	8	
MYCO002194	10	0	21	
MYCO002195	7	0	15	
MYCO002196	6	0	28	
MYCO002199	0	0	7	
MYCO002200	10	0	15	
MYCO002201	42	0	23	
MYCO002202	58	0	21	
MYCO002210	27	0	27	
MYCO002211	31	0	24	
MYCO002213	63	0	36	
MYCO002216	13	0	27	
MYCO002217	57	0	23	
MYCO002218	53	0	21	
MYCO002219	33	0	12	
MYCO002220	10	0	28	
MYCO002221	277	0	54	
MYCO002222	14	0	27	
MYCO002225	40	0	26	
MYCO002228	15	0	25	
MYCO002230	72	0	27	
MYCO002235	23	0	17	
MYCO002239	1	0	8	
MYCO002241	172	0	36	
MYCO002242	51	0	19	
MYCO002243	138	0	20	
MYCO002244	2	0	2	
MYCO002245	27	0	21	
MYCO002246	12	0	15	
MYCO002247	63	0	24	
MYCO002257	11	0	21	
MYCO002259	58	0	20	
MYCO002315	221	0	28	
MYCO002343	57	0	35	
MYCO002344	191	0	23	
MYCO002357	6	0	20	
MYCO002361	3	0	11	
MYCO002362	29	0	16	
MYCO002364	5	0	17	
MYCO002366	3	0	25	
MYCO002367	1	0	13	
MYCO002368	20	0	19	
MYCO002373	20	0	22	
MYCO002374	34	0	26	
MYCO002399	17	0	16	
MYCO002400	16	0	23	
MYCO002402	18	0	48	
MYCO002404	10	0	40	
MYCO002409	3	0	13	
MYCO002410	3	0	14	
MYCO002411	30	0	29	
MYCO002413	50	0	19	
MYCO002420	56	0	15	
MYCO002421	0	0	9	
MYCO002425	96	0	19	
MYCO002426	375	0	26	
MYCO002427	105	0	20	
MYCO002439	189	0	21	
MYCO002440	31	0	34	
MYCO002445	6	0	6	
MYCO002447	16	0	33	
MYCO002448	60	0	48	
MYCO002454	7	0	21	
MYCO002455	26	0	22	
MYCO002457	11	0	16	
MYCO002460	1	0	12	
MYCO002461	3	0	9	
MYCO002462	91	0	21	
MYCO002465	16	0	7	
MYCO002466	10	0	18	
MYCO002467	27	0	47	
MYCO002470	4	0	11	
MYCO002477	7	0	29	
MYCO002500	4	0	21	
MYCO002502	17	0	34	
MYCO002509	5	0	22	
MYCO002511	6	0	9	
MYCO002518	156	0	15	
MYCO002521	1	0	11	
MYCO002523	11	0	7	
MYCO002524	356	0	115	
MYCO002533	6	0	9	
MYCO002534	0	0	10	
MYCO002538	59	0	21	
MYCO002540	294	0	19	
MYCO002555	23	0	39	
MYCO002559	97	0	22	
MYCO002568	13	0	28	
MYCO002572	35	0	28	
MYCO002575	25	0	22	
MYCO002580	49	0	25	
MYCO002582	11	0	15	
MYCO002583	35	0	35	
MYCO002587	192	0	30	
MYCO002589	31	0	26	
MYCO002592	49	0	18	
MYCO002593	26	0	10	
MYCO002594	0	0	9	
MYCO002603	1	0	14	
MYCO002606	8	0	15	
MYCO002610	35	0	25	
MYCO002611	21	0	21	
MYCO002612	2	0	17	
MYCO002613	1	0	8	
MYCO002614	19	0	34	
MYCO002670	5	0	15	
MYCO002673	152	300	20	
MYCO002676	7	0	12	
MYCO002678	106	0	17	
MYCO002682	25	0	25	
MYCO002696	32	0	18	
MYCO002697	2	0	11	
MYCO002699	0	0	6	
MYCO002702	2	0	24	
MYCO002703	31	0	27	
MYCO002708	3	0	5	
MYCO002710	21	0	16	
MYCO002711	10	0	14	
MYCO002714	6	0	22	
MYCO002715	185	0	15	
MYCO002720	6	0	20	
MYCO002724	23	0	38	
MYCO002725	39	0	22	
MYCO002726	15	0	14	
MYCO002727	80	0	26	
MYCO002731	136	0	22	
MYCO002733	288	0	23	
MYCO002744	35	0	16	
MYCO002748	113	0	43	
MYCO002750	21	0	19	
MYCO002753	7	0	26	
MYCO002754	7	0	15	
MYCO002764	24	0	20	
MYCO002773	6	0	12	
MYCO002782	91	0	26	
MYCO002783	41	0	31	
MYCO002788	131	0	9	
MYCO002794	6	0	19	
MYCO002795	27	0	23	
MYCO002828	575	162	24	
MYCO002838	20	0	10	
MYCO002839	478	0	36	
MYCO002841	11	0	23	
MYCO002846	2	0	27	
MYCO002847	28	0	28	
MYCO002861	8	0	15	
MYCO002864	19	0	25	
MYCO002868	3	0	20	
MYCO002870	25	0	13	
MYCO002882	3	0	18	
MYCO002883	2	0	14	
MYCO002889	29	0	14	
MYCO002894	156	0	12	
MYCO002901	1	0	6	
MYCO002902	69	0	16	
MYCO002915	25	0	22	
MYCO002916	92	0	24	
MYCO002917	191	0	33	
MYCO002918	82	0	46	
MYCO002919	1	0	8	
MYCO002921	34	0	17	
MYCO002927	8	0	16	
MYCO002965	2	0	7	
MYCO002967	73	0	44	
MYCO002976	22	0	16	
MYCO002981	57	0	26	
MYCO002982	7	0	24	
MYCO002984	15	0	31	
MYCO002988	28	0	23	
MYCO002992	42	0	32	
MYCO002993	2	0	12	
MYCO002995	52	0	25	
MYCO002996	76	0	38	
MYCO003001	6	0	18	
MYCO003003	54	0	30	
MYCO003006	42	0	13	
MYCO003009	6	0	27	
MYCO003010	125	0	15	
MYCO003011	235	0	13	
MYCO003014	109	0	36	
MYCO003024	61	0	23	
MYCO003025	32	0	21	
MYCO003027	14	0	21	
MYCO003028	161	0	17	
MYCO003029	6	0	15	
MYCO003031	60	0	30	
MYCO003032	130	0	18	
MYCO003034	3	0	12	
MYCO003038	4	0	17	
MYCO003042	18	0	16	
MYCO003043	3	0	23	
MYCO003045	2	0	18	
MYCO003048	6	0	16	
MYCO003049	32	0	33	
MYCO003051	11	0	25	
MYCO003052	7	0	6	
MYCO003053	1	0	3	
MYCO003054	52	0	14	
MYCO003057	4	0	19	
MYCO003085	67	0	18	
MYCO003100	3	0	13	
MYCO003101	5	0	17	
MYCO003102	1	0	17	
MYCO003105	51	0	19	
MYCO003117	22	3	16	
MYCO003118	252	5	12	
MYCO003139	7	0	33	
MYCO003140	5	0	29	
MYCO003193	26	0	49	
MYCO003194	0	0	19	
MYCO003195	114	0	34	
MYCO003197	7	0	25	
MYCO003198	82	0	35	
MYCO003205	10	0	17	
MYCO003206	4	0	27	
MYCO003207	9	0	18	
MYCO003208	18	0	16	
MYCO003211	90	0	39	
MYCO003213	5	0	18	
MYCO003214	6	0	19	
MYCO003219	2	0	5	
MYCO003220	8	0	26	
MYCO003221	0	0	9	
MYCO003223	0	0	16	
MYCO003228	115	0	18	
MYCO003229	10	0	32	
MYCO003240	131	0	47	
MYCO003241	66	0	15	
MYCO003245	3	0	29	
MYCO003246	6	0	7	
MYCO003248	10	0	25	
MYCO003252	61	0	24	
MYCO003255	30	0	21	
MYCO003257	65	0	22	
MYCO003258	78	0	4	
MYCO003261	4	0	20	
MYCO003262	67	0	17	
MYCO003264	7	0	18	
MYCO003265	36	0	19	
MYCO003267	92	0	20	
MYCO003274	0	0	21	
MYCO003275	32	0	14	
MYCO003276	28	0	23	
MYCO003277	3	0	14	
MYCO003280	11	0	29	
MYCO003285	43	0	26	
MYCO003290	7	0	20	
MYCO003296	377	0	83	
MYCO003302	22	0	24	
MYCO003303	1270	0	2	
MYCO003304	12	0	4	
MYCO003305	25	0	26	
MYCO003306	92	0	33	
MYCO003313	9	0	13	
MYCO003317	5	0	16	
MYCO003318	55	0	27	
MYCO003319	21	0	18	
MYCO003328	91	0	25	
MYCO003329	12	0	33	
MYCO003330	126	0	22	
MYCO003336	7	0	16	
MYCO003340	10	0	26	
MYCO003341	164	0	25	
MYCO003356	4	0	16	
MYCO003392	15	963	12	
MYCO003396	19	0	27	
MYCO003409	34	0	32	
MYCO003410	226	0	15	
MYCO003411	55	0	30	
MYCO003412	0	0	10	
MYCO003417	2	734	27	
MYCO003418	0	0	5	
MYCO003419	58	0	19	
MYCO003422	2	0	11	
MYCO003432	7	0	17	
MYCO003433	427	0	11	
MYCO003436	304	0	33	
MYCO003441	143	0	33	
MYCO003455	54	0	12	
MYCO003457	10	0	24	
MYCO003462	5	0	10	
MYCO003464	3	0	21	
MYCO003490	18	0	36	
MYCO003500	8	0	21	
MYCO003501	7	0	14	
MYCO003504	8	0	22	
MYCO003520	14	0	26	
MYCO003570	4	0	16	
MYCO003571	14	0	19	
MYCO003579	189	0	32	
MYCO003580	23	0	20	
MYCO003583	1	0	6	
MYCO003589	290	0	15	
MYCO003592	3	0	9	
MYCO003596	101	0	42	
MYCO003598	9	0	22	
MYCO003600	7	0	16	
MYCO003601	11	0	11	
MYCO003609	2	0	9	
MYCO003610	126	0	34	
MYCO003624	4	0	15	
MYCO003628	3	0	14	
MYCO003644	58	0	24	
MYCO003646	199	0	50	
MYCO003647	20	0	12	
MYCO003648	3	0	10	
MYCO003668	2	0	14	
MYCO003670	55	0	14	
MYCO003674	2	0	14	
MYCO003676	1	0	14	
MYCO003677	16	0	21	
MYCO003679	5	0	24	
MYCO003680	30	0	17	
MYCO003682	36	0	44	
MYCO003683	24	0	20	
MYCO003684	13	0	8	
MYCO003695	7	0	23	
MYCO003696	55	0	41	
MYCO003705	1	0	15	
MYCO003707	37	0	22	
MYCO003708	35	0	21	
MYCO003709	30	0	20	
MYCO003710	522	0	17	
MYCO003711	12	0	33	
MYCO003712	166	0	16	
MYCO003713	13	0	12	
MYCO003715	1	0	13	
MYCO003717	1	0	14	
MYCO003718	1	0	7	
MYCO003719	8	0	32	
MYCO003720	35	0	26	
MYCO003721	110	0	33	
MYCO003722	6	0	26	
MYCO003765	143	0	23	
MYCO003774	2	0	24	
MYCO003775	18	0	44	
MYCO003777	63	0	26	
MYCO003778	11	0	26	
MYCO003780	124	0	12	
MYCO003781	4	0	9	
MYCO003782	13	0	18	
MYCO003783	13	0	18	
MYCO003790	9	0	23	
MYCO003791	16	0	26	
MYCO003793	221	0	67	
MYCO003794	62	0	89	
MYCO003795	57	0	115	
MYCO003799	7	0	29	
MYCO003801	7	0	31	
MYCO003802	23	0	20	
MYCO003804	15	0	25	
MYCO003806	2	0	31	
MYCO003808	80	0	35	
MYCO003809	1	0	19	
MYCO003816	83	0	21	
MYCO003834	35	0	20	
MYCO003835	168	0	23	
MYCO003842	32	0	37	
MYCO003847	491	0	14	
MYCO003849	2	0	5	
MYCO003858	12	0	28	
MYCO003859	132	0	75	
MYCO003907	8	0	38	
MYCO003908	43	0	18	
MYCO003913	27	0	46	
MYCO003915	4	0	33	
MYCO003917	2	0	39	
MYCO003918	5	0	34	
MYCO003920	3	0	23	
MYCO003921	8	0	38	
MYCO013678	0	0	11	
MYCO000002	13	0	46	
MYCO000003	9	0	35	
MYCO000004	3	0	30	
MYCO000007	133	0	52	
MYCO000008	5	0	23	
MYCO000010	5	0	38	
MYCO000012	8	0	33	
MYCO000014	4	0	52	
MYCO000018	58	0	42	
MYCO000020	68	0	72	
MYCO000021	186	0	32	
MYCO000022	15	0	22	
MYCO000023	12	0	30	
MYCO000024	379	0	21	
MYCO000025	131	0	16	
MYCO000026	38	0	49	
MYCO000027	8	0	10	
MYCO000028	3	0	10	
MYCO000029	100	0	45	
MYCO000030	268	0	17	
MYCO000031	12	0	10	
MYCO000032	384	0	54	
MYCO000033	2	0	9	
MYCO000034	3	0	14	
MYCO000035	18	0	61	
MYCO000036	24	0	28	
MYCO000037	17	0	38	
MYCO000039	46	0	12	
MYCO000040	24	0	29	
MYCO000041	126	0	80	
MYCO000042	88	0	30	
MYCO000043	10	0	21	
MYCO000044	158	0	22	
MYCO000045	574	0	26	
MYCO000048	3	0	34	
MYCO000052	40	6	22	
MYCO000057	8	768	22	
MYCO000058	21	0	57	
MYCO000059	5	0	22	
MYCO000060	3	0	23	
MYCO000061	285	0	13	
MYCO000062	52	0	37	
MYCO000063	90	0	55	
MYCO000064	525	0	67	
MYCO000065	3	0	7	
MYCO000067	3	0	18	
MYCO000069	31	0	44	
MYCO000070	5	735	29	
MYCO000071	346	0	33	
MYCO000072	295	0	24	
MYCO000073	7	550	29	
MYCO000074	497	0	24	
MYCO000075	60	0	29	
MYCO000076	5	0	9	
MYCO000077	17	0	19	
MYCO000078	16	0	13	
MYCO000079	17	0	21	
MYCO000080	23	0	21	
MYCO000081	2	0	19	
MYCO000082	323	0	14	
MYCO000083	448	0	34	
MYCO000084	7	0	20	
MYCO000085	72	0	26	
MYCO000086	95	0	36	
MYCO000087	90	0	28	
MYCO000088	6	0	20	
MYCO000089	12	0	23	
MYCO000090	21	0	24	
MYCO000091	23	0	18	
MYCO000092	65	0	64	
MYCO000093	41	0	27	
MYCO000094	1237	21	18	
MYCO000095	553	0	89	
MYCO000096	129	0	39	
MYCO000097	4	0	12	
MYCO000098	4	0	14	
MYCO000099	376	0	33	
MYCO000100	3	0	6	
MYCO000101	50	0	157	
MYCO000102	38	0	44	
MYCO000103	59	0	46	
MYCO000104	395	0	40	
MYCO000106	23	0	26	
MYCO000107	1269	0	3	
MYCO000108	6	0	7	
MYCO000109	395	0	31	
MYCO000110	5	0	15	
MYCO000111	40	0	53	
MYCO000112	16	0	34	
MYCO000113	67	0	25	
MYCO000114	63	0	18	
MYCO000115	169	0	33	
MYCO000116	7	0	23	
MYCO000117	5	0	26	
MYCO000118	46	0	44	
MYCO000119	31	0	48	
MYCO000120	28	0	57	
MYCO000121	36	0	19	
MYCO000122	4	0	5	
MYCO000123	1	0	9	
MYCO000124	1242	0	2	
MYCO000125	61	0	27	
MYCO000126	12	0	40	
MYCO000127	10	0	29	
MYCO000128	14	0	15	
MYCO000130	3	0	16	
MYCO000131	9	0	33	
MYCO000132	50	0	22	
MYCO000133	149	0	23	
MYCO000134	421	0	15	
MYCO000135	2	0	10	
MYCO000136	129	0	42	
MYCO000137	154	0	12	
MYCO000138	141	0	17	
MYCO000139	6	0	27	
MYCO000140	2	0	10	
MYCO000141	4	0	14	
MYCO000142	203	0	22	
MYCO000143	84	0	46	
MYCO000144	82	0	19	
MYCO000145	68	0	24	
MYCO000146	235	0	25	
MYCO000147	48	0	37	
MYCO000148	13	0	13	
MYCO000149	249	0	24	
MYCO000150	11	0	11	
MYCO000151	89	0	45	
MYCO000152	19	0	47	
MYCO000153	25	0	20	
MYCO000154	13	0	19	
MYCO000155	35	0	17	
MYCO000156	1	0	11	
MYCO000157	96	0	28	
MYCO000158	4	0	20	
MYCO000159	100	0	37	
MYCO000160	12	0	35	
MYCO000161	35	0	38	
MYCO000162	63	0	25	
MYCO000163	1	0	14	
MYCO000164	3	0	13	
MYCO000165	639	0	6	
MYCO000166	20	0	47	
MYCO000167	2	631	17	
MYCO000168	24	0	26	
MYCO000169	32	0	45	
MYCO000170	4	0	20	
MYCO000171	331	0	33	
MYCO000172	65	0	36	
MYCO000173	4	0	24	
MYCO000174	22	0	37	
MYCO000175	18	0	29	
MYCO000176	39	0	28	
MYCO000177	1	0	10	
MYCO000178	3	0	22	
MYCO000179	67	0	27	
MYCO000180	151	0	44	
MYCO000181	2	0	21	
MYCO000182	107	0	38	
MYCO000185	18	0	10	
MYCO000186	70	0	51	
MYCO000187	17	0	20	
MYCO000188	5	0	13	
MYCO000190	0	0	8	
MYCO000191	117	0	18	
MYCO000192	296	0	19	
MYCO000193	18	0	50	
MYCO000194	95	0	87	
MYCO000195	222	0	15	
MYCO000196	16	0	13	
MYCO000197	1280	0	0	
MYCO000199	2	0	17	
MYCO000200	17	0	12	
MYCO000201	85	0	7	
MYCO000202	42	0	68	
MYCO000203	56	0	14	
MYCO000205	173	0	23	
MYCO000206	68	0	50	
MYCO000208	10	0	11	
MYCO000209	97	0	28	
MYCO000210	115	0	23	
MYCO000212	19	0	23	
MYCO000213	10	0	32	
MYCO000214	25	0	47	
MYCO000215	147	0	22	
MYCO000216	16	0	19	
MYCO000217	113	0	20	
MYCO000218	362	0	30	
MYCO000219	0	0	21	
MYCO000220	50	0	26	
MYCO000221	137	0	25	
MYCO000222	25	0	21	
MYCO000224	20	0	10	
MYCO000226	61	0	44	
MYCO000229	3	0	21	
MYCO000230	4	0	37	
MYCO000231	15	0	32	
MYCO000232	5	0	20	
MYCO000233	117	0	14	
MYCO000234	71	0	30	
MYCO000235	23	0	48	
MYCO000239	4	0	7	
MYCO000240	3	0	15	
MYCO000245	6	0	13	
MYCO000246	58	0	37	
MYCO000249	5	0	19	
MYCO000250	3	0	6	
MYCO000251	2	0	17	
MYCO000252	19	0	61	
MYCO000253	11	0	11	
MYCO000254	14	0	9	
MYCO000255	115	0	34	
MYCO000256	332	0	35	
MYCO000257	160	0	13	
MYCO000258	14	0	15	
MYCO000259	2	0	19	
MYCO000260	21	0	28	
MYCO000261	21	0	38	
MYCO000262	5	0	11	
MYCO000263	119	0	17	
MYCO000264	32	0	16	
MYCO000265	6	0	29	
MYCO000266	331	0	67	
MYCO000267	130	0	30	
MYCO000268	10	0	12	
MYCO000269	27	0	22	
MYCO000271	50	0	52	
MYCO000272	19	0	30	
MYCO000273	13	0	20	
MYCO000275	129	0	28	
MYCO000276	59	332	18	
MYCO000277	39	508	36	
MYCO000278	1278	0	1	
MYCO000279	1202	0	33	
MYCO000280	538	0	42	
MYCO000281	57	0	18	
MYCO000282	18	0	43	
MYCO000283	103	0	35	
MYCO000284	230	0	79	
MYCO000285	33	0	8	
MYCO000286	358	0	35	
MYCO000287	5	5	5	
MYCO000288	0	0	12	
MYCO000289	25	0	21	
MYCO000290	199	0	35	
MYCO000291	177	0	26	
MYCO000292	10	0	22	
MYCO000293	35	0	28	
MYCO000294	30	0	27	
MYCO000295	8	0	13	
MYCO000296	20	0	26	
MYCO000297	672	0	52	
MYCO000298	3	0	9	
MYCO000299	1	0	12	
MYCO000300	2	0	7	
MYCO000301	0	0	11	
MYCO000302	24	0	19	
MYCO000303	10	0	21	
MYCO000304	177	0	178	
MYCO000305	1255	0	6	
MYCO000306	6	0	17	
MYCO000307	6	0	17	
MYCO000308	2	0	21	
MYCO000309	6	0	9	
MYCO000310	1	0	10	
MYCO000311	9	0	33	
MYCO000312	100	0	38	
MYCO000313	1	0	13	
MYCO000314	46	0	20	
MYCO000315	298	0	20	
MYCO000316	106	0	16	
MYCO000317	16	0	20	
MYCO000318	10	0	15	
MYCO000319	15	0	16	
MYCO000320	3	0	15	
MYCO000323	134	0	15	
MYCO000324	4	0	16	
MYCO000325	628	0	3	
MYCO000326	68	0	15	
MYCO000327	78	0	31	
MYCO000328	5	0	8	
MYCO000329	36	0	18	
MYCO000330	9	0	24	
MYCO000331	78	0	35	
MYCO000332	11	0	21	
MYCO000333	1	0	11	
MYCO000335	167	0	9	
MYCO000336	1109	148	10	
MYCO000338	240	0	41	
MYCO000339	181	0	58	
MYCO000340	2	0	16	
MYCO000341	378	0	27	
MYCO000342	29	0	38	
MYCO000343	48	0	36	
MYCO000344	5	0	14	
MYCO000345	2	0	12	
MYCO000346	61	0	23	
MYCO000347	3	6	17	
MYCO000348	4	0	9	
MYCO000349	8	0	17	
MYCO000351	31	0	13	
MYCO000353	2	0	11	
MYCO000354	1279	0	1	
MYCO000355	779	0	142	
MYCO000356	96	0	20	
MYCO000358	336	0	13	
MYCO000359	16	0	23	
MYCO000361	2	0	17	
MYCO000362	8	0	39	
MYCO000363	12	0	26	
MYCO000364	4	0	22	
MYCO000365	36	0	23	
MYCO000366	19	0	15	
MYCO000367	5	0	10	
MYCO000368	53	0	32	
MYCO000369	3	0	11	
MYCO000370	7	0	26	
MYCO000371	8	0	12	
MYCO000372	29	0	23	
MYCO000373	50	0	60	
MYCO000374	5	0	16	
MYCO000375	120	0	19	
MYCO000376	99	0	30	
MYCO000377	95	0	26	
MYCO000378	168	0	6	
MYCO000379	5	0	8	
MYCO000380	22	0	16	
MYCO000381	14	0	19	
MYCO000382	4	0	7	
MYCO000385	2	0	17	
MYCO000386	117	0	70	
MYCO000387	448	0	9	
MYCO000388	1279	0	1	
MYCO000389	167	0	30	
MYCO000390	2	0	8	
MYCO000391	25	0	17	
MYCO000392	68	0	41	
MYCO000393	393	0	46	
MYCO000394	14	0	20	
MYCO000395	221	0	9	
MYCO000396	7	0	14	
MYCO000397	187	430	40	
MYCO000398	73	0	15	
MYCO000399	20	0	40	
MYCO000400	26	0	19	
MYCO000401	60	0	7	
MYCO000402	243	0	52	
MYCO000403	286	0	10	
MYCO000404	40	0	66	
MYCO000405	622	0	85	
MYCO000406	13	0	17	
MYCO000408	7	0	46	
MYCO000409	9	0	30	
MYCO000412	10	0	33	
MYCO000413	31	0	16	
MYCO000416	1	0	7	
MYCO000418	7	0	35	
MYCO000419	22	0	32	
MYCO000420	3	0	18	
MYCO000421	7	0	15	
MYCO000422	1	0	16	
MYCO000424	1	0	8	
MYCO000425	297	0	81	
MYCO000426	26	0	11	
MYCO000427	14	0	23	
MYCO000428	57	0	21	
MYCO000430	15	0	6	
MYCO000431	7	0	10	
MYCO000434	8	0	18	
MYCO000435	78	0	54	
MYCO000436	84	0	17	
MYCO000437	60	0	10	
MYCO000438	21	0	22	
MYCO000441	86	0	14	
MYCO000442	26	0	32	
MYCO000443	43	0	12	
MYCO000444	200	0	20	
MYCO000445	2	0	14	
MYCO000446	286	0	15	
MYCO000447	53	0	31	
MYCO000448	23	0	11	
MYCO000449	12	0	16	
MYCO000450	16	0	51	
MYCO000451	3	0	9	
MYCO000452	1	0	11	
MYCO000453	315	0	22	
MYCO000454	4	0	5	
MYCO000455	1	0	11	
MYCO000456	9	0	29	
MYCO000457	151	0	32	
MYCO000458	93	0	35	
MYCO000459	39	0	21	
MYCO000460	2	0	6	
MYCO000461	17	0	16	
MYCO000463	19	0	8	
MYCO000464	1	0	13	
MYCO000469	31	0	34	
MYCO000470	12	0	13	
MYCO000471	22	0	21	
MYCO000473	10	0	20	
MYCO000474	3	0	12	
MYCO000476	5	0	7	
MYCO000477	18	0	6	
MYCO000478	6	0	16	
MYCO000479	137	0	19	
MYCO000480	41	0	15	
MYCO000481	8	0	9	
MYCO000482	8	0	21	
MYCO000485	20	0	21	
MYCO000487	40	0	18	
MYCO000488	7	0	19	
MYCO000492	166	0	40	
MYCO000493	35	0	26	
MYCO000494	31	0	15	
MYCO000497	163	0	17	
MYCO000499	29	0	15	
MYCO000500	116	0	16	
MYCO000503	4	0	10	
MYCO000504	0	0	10	
MYCO000506	11	0	5	
MYCO000507	111	0	77	
MYCO000508	0	0	3	
MYCO000511	197	0	30	
MYCO000513	12	0	10	
MYCO000514	10	0	13	
MYCO000515	1109	83	11	
MYCO000516	1	0	7	
MYCO000517	32	0	25	
MYCO000518	2	0	15	
MYCO000519	135	0	16	
MYCO000520	10	0	9	
MYCO000521	1	0	10	
MYCO000522	4	0	25	
MYCO000523	69	0	11	
MYCO000525	109	0	21	
MYCO000526	10	0	11	
MYCO000530	114	0	32	
MYCO000531	152	0	8	
MYCO000532	1201	0	4	
MYCO000533	29	0	15	
MYCO000534	39	0	21	
MYCO000535	14	0	17	
MYCO000536	192	0	17	
MYCO000537	99	0	35	
MYCO000538	297	0	51	
MYCO000539	503	0	7	
MYCO000540	98	0	5	
MYCO000541	47	0	30	
MYCO000542	165	0	19	
MYCO000543	0	0	4	
MYCO000544	109	0	8	
MYCO000545	40	0	25	
MYCO000546	3	0	10	
MYCO000547	77	0	24	
MYCO000549	18	0	14	
MYCO000550	4	0	5	
MYCO000552	285	0	25	
MYCO000554	89	0	17	
MYCO000556	3	0	11	
MYCO000559	22	0	6	
MYCO000560	2	0	14	
MYCO000561	70	0	17	
MYCO000565	55	0	39	
MYCO000567	15	0	22	
MYCO000568	44	0	28	
MYCO000569	3	0	7	
MYCO000570	79	0	44	
MYCO000571	116	0	28	
MYCO000572	9	0	9	
MYCO000573	68	0	38	
MYCO000574	74	0	21	
MYCO000575	85	0	27	
MYCO000576	93	0	27	
MYCO000577	94	0	18	
MYCO000578	957	0	53	
MYCO000579	69	0	20	
MYCO000580	8	0	16	
MYCO000581	41	0	9	
MYCO000582	5	0	9	
MYCO000583	30	0	17	
MYCO000584	15	0	54	
MYCO000585	38	0	48	
MYCO000586	5	371	16	
MYCO000587	37	0	30	
MYCO000588	58	0	22	
MYCO000589	12	0	29	
MYCO000590	633	0	11	
MYCO000591	92	0	36	
MYCO000592	217	0	26	
MYCO000593	16	0	30	
MYCO000594	77	0	43	
MYCO000595	6	0	10	
MYCO000596	9	0	5	
MYCO000597	6	0	20	
MYCO000598	4	0	13	
MYCO000599	2	697	8	
MYCO000600	51	0	11	
MYCO000601	47	0	17	
MYCO000602	159	0	19	
MYCO000603	227	0	6	
MYCO000604	48	0	26	
MYCO000605	5	0	12	
MYCO000606	23	0	22	
MYCO000607	1	0	7	
MYCO000608	1	0	5	
MYCO000609	8	0	10	
MYCO000610	149	0	16	
MYCO000611	3	0	9	
MYCO000612	165	0	11	
MYCO000613	341	0	39	
MYCO000614	42	0	19	
MYCO000615	10	0	7	
MYCO000616	10	0	8	
MYCO000617	2	0	15	
MYCO000618	158	0	10	
MYCO000619	1280	0	0	
MYCO000620	340	0	25	
MYCO000621	167	0	15	
MYCO000622	4	0	25	
MYCO000623	1	0	4	
MYCO000624	1	0	14	
MYCO000625	86	0	18	
MYCO000626	8	0	8	
MYCO000627	9	0	5	
MYCO000628	105	602	30	
MYCO000629	223	0	32	
MYCO000630	320	0	46	
MYCO000631	331	0	57	
MYCO000632	0	0	13	
MYCO000633	13	0	25	
MYCO000634	2	0	10	
MYCO000635	5	0	16	
MYCO000637	4	0	18	
MYCO000638	18	0	14	
MYCO000642	8	0	21	
MYCO000643	37	0	16	
MYCO000644	2	5	20	
MYCO000645	3	0	19	
MYCO000646	16	0	13	
MYCO000648	422	0	67	
MYCO000649	482	0	13	
MYCO000650	336	0	17	
MYCO000653	10	0	11	
MYCO000654	138	0	34	
MYCO000656	11	0	14	
MYCO000657	3	0	4	
MYCO000658	8	0	19	
MYCO000659	3	0	10	
MYCO000660	11	0	9	
MYCO000661	18	0	6	
MYCO000662	10	0	6	
MYCO000663	112	0	42	
MYCO000664	3	0	6	
MYCO000665	16	0	10	
MYCO000666	2	0	8	
MYCO000669	110	0	43	
MYCO000670	242	0	12	
MYCO000671	27	0	21	
MYCO000673	170	0	19	
MYCO000674	14	0	7	
MYCO000675	54	0	15	
MYCO000676	4	547	57	
MYCO000677	1	0	14	
MYCO000678	5	0	8	
MYCO000679	21	0	11	
MYCO000680	2	0	8	
MYCO000681	2	0	14	
MYCO000686	200	0	10	
MYCO000687	14	0	15	
MYCO000688	13	0	21	
MYCO000689	55	0	6	
MYCO000690	12	0	12	
MYCO000691	0	0	21	
MYCO000692	0	0	4	
MYCO000694	54	0	22	
MYCO000695	6	0	19	
MYCO000697	10	0	29	
MYCO000698	232	0	21	
MYCO000699	0	0	6	
MYCO000711	95	0	38	
MYCO000712	4	0	13	
MYCO000713	6	0	27	
MYCO000724	127	0	42	
MYCO000725	16	0	16	
MYCO000726	36	0	24	
MYCO000727	66	0	22	
MYCO000728	35	0	26	
MYCO000729	196	0	33	
MYCO000730	32	0	17	
MYCO000731	110	0	16	
MYCO000735	4	0	15	
MYCO000736	23	0	19	
MYCO000737	4	0	12	
MYCO000738	155	0	12	
MYCO000739	651	0	6	
MYCO000740	313	0	22	
MYCO000741	8	140	12	
MYCO000742	1280	0	0	
MYCO000743	4	0	11	
MYCO000744	61	0	16	
MYCO000745	164	0	18	
MYCO000746	1157	0	11	
MYCO000747	1164	0	19	
MYCO000748	121	0	11	
MYCO000749	39	593	33	
MYCO000750	291	464	19	
MYCO000751	45	0	17	
MYCO000752	32	0	28	
MYCO000753	70	0	30	
MYCO000754	336	0	36	
MYCO000755	151	0	57	
MYCO000756	37	0	20	
MYCO000759	0	0	5	
MYCO000760	48	0	9	
MYCO000761	9	0	17	
MYCO000762	4	0	12	
MYCO000763	2	0	7	
MYCO000764	5	0	33	
MYCO000765	30	0	13	
MYCO000766	319	0	22	
MYCO000767	89	0	14	
MYCO000768	19	0	28	
MYCO000769	4	0	14	
MYCO000770	76	0	18	
MYCO000771	19	0	11	
MYCO000773	24	0	41	
MYCO000774	47	0	25	
MYCO000775	15	0	17	
MYCO000776	59	0	14	
MYCO000778	64	0	21	
MYCO000779	399	0	9	
MYCO000781	1247	0	1	
MYCO000783	8	0	39	
MYCO000784	37	0	14	
MYCO000785	45	0	30	
MYCO000786	51	0	10	
MYCO000787	181	0	22	
MYCO000789	2	0	9	
MYCO000790	12	0	23	
MYCO000791	32	0	32	
MYCO000792	5	0	22	
MYCO000793	3	0	7	
MYCO000794	15	0	27	
MYCO000795	151	0	10	
MYCO000796	1280	0	0	
MYCO000797	1262	0	3	
MYCO000798	10	0	10	
MYCO000799	2	0	19	
MYCO000800	15	0	31	
MYCO000801	3	0	9	
MYCO000802	26	0	20	
MYCO000804	224	0	11	
MYCO000805	3	0	28	
MYCO000806	9	0	27	
MYCO000807	4	0	4	
MYCO000811	70	0	17	
MYCO000812	9	0	16	
MYCO000813	78	0	19	
MYCO000816	2	0	12	
MYCO000817	2	0	19	
MYCO000818	26	0	15	
MYCO000819	18	0	22	
MYCO000822	212	0	33	
MYCO000825	13	0	25	
MYCO000826	73	0	16	
MYCO000827	91	0	13	
MYCO000828	27	0	12	
MYCO000829	34	391	21	
MYCO000830	10	0	25	
MYCO000831	5	0	17	
MYCO000832	288	0	7	
MYCO000833	1011	0	27	
MYCO000834	762	0	43	
MYCO000835	106	0	21	
MYCO000836	644	0	9	
MYCO000837	37	0	22	
MYCO000838	14	0	15	
MYCO000839	18	0	12	
MYCO000840	18	0	16	
MYCO000841	13	0	10	
MYCO000842	62	0	28	
MYCO000843	5	0	26	
MYCO000844	25	0	20	
MYCO000845	17	0	31	
MYCO000846	53	0	29	
MYCO000847	160	0	11	
MYCO000848	20	0	27	
MYCO000849	177	0	30	
MYCO000850	6	0	2	
MYCO000851	82	0	18	
MYCO000852	9	0	22	
MYCO000853	46	0	37	
MYCO000854	4	0	15	
MYCO000855	39	0	24	
MYCO000856	3	0	10	
MYCO000857	6	0	10	
MYCO000858	66	0	31	
MYCO000862	106	0	52	
MYCO000863	3	0	4	
MYCO000864	8	0	9	
MYCO000865	10	0	7	
MYCO000866	103	0	11	
MYCO000867	626	0	44	
MYCO000868	10	0	7	
MYCO000869	85	0	24	
MYCO000870	5	0	12	
MYCO000872	560	0	36	
MYCO000873	23	0	25	
MYCO000874	106	608	28	
MYCO000875	8	0	12	
MYCO000877	6	0	17	
MYCO000878	929	0	24	
MYCO000879	38	0	9	
MYCO000880	20	0	9	
MYCO000881	7	0	20	
MYCO000882	11	0	9	
MYCO000883	32	0	15	
MYCO000887	5	0	7	
MYCO000888	283	0	32	
MYCO000890	52	0	66	
MYCO000891	40	0	16	
MYCO000892	11	0	50	
MYCO000893	10	0	35	
MYCO000894	18	0	36	
MYCO000895	34	0	26	
MYCO000897	269	0	35	
MYCO000898	0	0	3	
MYCO000899	1	0	19	
MYCO000900	2	0	4	
MYCO000901	61	0	19	
MYCO000904	196	0	25	
MYCO000905	8	0	14	
MYCO000907	1279	0	1	
MYCO000908	9	0	45	
MYCO000909	11	0	6	
MYCO000910	3	0	11	
MYCO000911	78	0	22	
MYCO000912	2	0	12	
MYCO000913	43	0	26	
MYCO000914	40	0	42	
MYCO000915	199	0	30	
MYCO000916	4	0	11	
MYCO000917	32	0	31	
MYCO000918	14	0	16	
MYCO000919	0	0	12	
MYCO000920	18	0	28	
MYCO000921	10	0	16	
MYCO000922	44	0	38	
MYCO000923	2	0	32	
MYCO000924	102	0	21	
MYCO000925	18	0	14	
MYCO000928	22	0	14	
MYCO000930	20	0	9	
MYCO000931	50	0	53	
MYCO000932	20	0	31	
MYCO000933	10	0	20	
MYCO000934	167	0	21	
MYCO000935	16	0	27	
MYCO000936	15	0	13	
MYCO000937	1	0	13	
MYCO000938	9	0	48	
MYCO000939	25	0	43	
MYCO000940	3	0	18	
MYCO000941	7	0	22	
MYCO000942	3	0	6	
MYCO000943	15	0	23	
MYCO000944	11	0	17	
MYCO000945	27	0	21	
MYCO000947	6	0	11	
MYCO000948	0	0	8	
MYCO000950	41	0	28	
MYCO000954	35	0	29	
MYCO000955	252	0	21	
MYCO000956	121	0	17	
MYCO000958	159	0	28	
MYCO000959	209	0	45	
MYCO000960	12	0	8	
MYCO000961	12	790	6	
MYCO000962	62	0	16	
MYCO000963	78	0	17	
MYCO000964	8	0	8	
MYCO000965	5	0	12	
MYCO000966	137	0	16	
MYCO000967	10	0	7	
MYCO000968	10	0	11	
MYCO000969	290	0	51	
MYCO000970	2	0	14	
MYCO000971	122	0	16	
MYCO000972	15	0	37	
MYCO000973	87	0	51	
MYCO000974	47	0	38	
MYCO000975	115	0	22	
MYCO000976	158	0	32	
MYCO000977	745	0	45	
MYCO000978	1178	0	35	
MYCO000979	5	0	7	
MYCO000980	1230	0	27	
MYCO000982	48	0	28	
MYCO000984	11	0	6	
MYCO000985	1	0	15	
MYCO000986	40	0	22	
MYCO000987	78	0	86	
MYCO000988	37	0	40	
MYCO000989	18	0	38	
MYCO000990	33	0	19	
MYCO000991	1	0	7	
MYCO000992	53	0	18	
MYCO000996	6	0	28	
MYCO000997	1	0	13	
MYCO000998	33	0	16	
MYCO000999	17	0	12	
MYCO001000	11	0	9	
MYCO001003	67	0	17	
MYCO001004	469	0	31	
MYCO001005	314	0	11	
MYCO001006	25	0	35	
MYCO001012	147	0	7	
MYCO001016	6	0	8	
MYCO001019	1	0	10	
MYCO001021	8	0	14	
MYCO001024	90	0	14	
MYCO001025	19	0	8	
MYCO001027	6	0	12	
MYCO001028	351	0	43	
MYCO001029	14	0	45	
MYCO001030	14	0	50	
MYCO001031	22	0	10	
MYCO001032	22	0	31	
MYCO001033	11	0	15	
MYCO001034	172	0	11	
MYCO001035	195	0	18	
MYCO001036	28	0	10	
MYCO001037	109	593	95	
MYCO001038	717	121	68	
MYCO001039	265	0	19	
MYCO001040	131	0	17	
MYCO001041	50	9	28	
MYCO001042	21	1	17	
MYCO001043	5	0	23	
MYCO001044	0	0	11	
MYCO001045	258	0	15	
MYCO001046	1279	0	1	
MYCO001047	1247	12	7	
MYCO001048	4	0	39	
MYCO001049	9	0	15	
MYCO001050	47	0	17	
MYCO001051	10	0	24	
MYCO001052	8	0	11	
MYCO001053	3	0	8	
MYCO001054	2	0	7	
MYCO001055	0	0	3	
MYCO001056	9	35	18	
MYCO001057	9	0	31	
MYCO001058	36	0	24	
MYCO001059	16	0	29	
MYCO001060	4	0	12	
MYCO001061	3	0	18	
MYCO001062	71	0	16	
MYCO001063	24	0	32	
MYCO001064	76	0	9	
MYCO001065	30	0	14	
MYCO001066	144	0	5	
MYCO001067	1273	0	6	
MYCO001068	1236	0	8	
MYCO001069	34	0	39	
MYCO001073	30	0	25	
MYCO001074	27	0	23	
MYCO001075	42	0	33	
MYCO001076	16	0	23	
MYCO001078	304	0	10	
MYCO001081	15	0	13	
MYCO001083	1	0	3	
MYCO001084	436	0	19	
MYCO001085	9	0	17	
MYCO001087	1069	0	36	
MYCO001088	107	0	15	
MYCO001089	1280	0	0	
MYCO001090	15	0	10	
MYCO001091	1169	0	34	
MYCO001093	20	0	26	
MYCO001096	24	0	15	
MYCO001097	6	0	24	
MYCO001100	7	0	16	
MYCO001101	37	0	20	
MYCO001102	5	0	6	
MYCO001103	2	0	5	
MYCO001104	2	0	21	
MYCO001105	10	0	10	
MYCO001106	30	0	15	
MYCO001107	0	0	7	
MYCO001109	3	0	14	
MYCO001111	12	0	25	
MYCO001113	0	0	2	
MYCO001114	1	0	9	
MYCO001115	19	0	29	
MYCO001116	5	0	4	
MYCO001117	2	0	7	
MYCO001118	71	0	21	
MYCO001119	6	0	3	
MYCO001120	7	0	12	
MYCO001121	30	0	33	
MYCO001122	117	0	19	
MYCO001123	14	0	22	
MYCO001124	26	0	22	
MYCO001125	146	0	28	
MYCO001126	5	0	13	
MYCO001127	8	0	29	
MYCO001128	413	0	27	
MYCO001129	8	0	45	
MYCO001130	14	0	34	
MYCO001131	3	0	24	
MYCO001132	208	0	29	
MYCO001133	169	0	28	
MYCO001134	79	0	8	
MYCO001135	379	0	41	
MYCO001136	1	0	5	
MYCO001137	10	0	9	
MYCO001138	19	0	18	
MYCO001139	111	0	18	
MYCO001140	2	0	13	
MYCO001141	9	652	20	
MYCO001142	9	739	15	
MYCO001143	18	0	21	
MYCO001144	19	0	16	
MYCO001145	640	0	7	
MYCO001146	15	0	23	
MYCO001147	5	0	12	
MYCO001148	1241	6	15	
MYCO001149	21	1	17	
MYCO001150	1280	0	0	
MYCO001151	9	0	9	
MYCO001152	7	0	8	
MYCO001153	22	0	20	
MYCO001154	1	0	10	
MYCO001155	10	0	10	
MYCO001156	11	0	12	
MYCO001157	533	0	15	
MYCO001158	280	0	13	
MYCO001159	3	0	27	
MYCO001160	24	0	13	
MYCO001161	46	0	69	
MYCO001162	16	0	28	
MYCO001163	10	0	8	
MYCO001164	6	0	13	
MYCO001166	45	0	27	
MYCO001167	8	0	10	
MYCO001168	186	0	22	
MYCO001169	7	0	8	
MYCO001170	12	0	19	
MYCO001171	2	0	12	
MYCO001172	159	0	23	
MYCO001174	2	0	12	
MYCO001175	485	0	42	
MYCO001176	64	0	10	
MYCO001179	233	0	59	
MYCO001180	1278	0	1	
MYCO001181	70	0	86	
MYCO001182	9	0	21	
MYCO001183	11	0	62	
MYCO001184	7	0	24	
MYCO001185	17	0	30	
MYCO001186	96	0	38	
MYCO001187	137	0	27	
MYCO001188	65	0	28	
MYCO001189	26	0	18	
MYCO001190	157	0	16	
MYCO001191	217	0	17	
MYCO001192	138	0	11	
MYCO001194	14	0	27	
MYCO001195	3	0	5	
MYCO001196	619	91	180	
MYCO001197	717	134	70	
MYCO001198	109	598	94	
MYCO001199	1247	12	7	
MYCO001200	90	0	33	
MYCO001203	77	0	15	
MYCO001204	88	0	42	
MYCO001205	21	0	11	
MYCO001206	20	0	27	
MYCO001209	11	0	8	
MYCO001210	5	0	5	
MYCO001211	1	0	5	
MYCO001212	15	0	21	
MYCO001214	43	0	9	
MYCO001215	180	0	50	
MYCO001216	27	0	15	
MYCO001217	214	0	40	
MYCO001218	5	0	28	
MYCO001219	13	0	16	
MYCO001222	3	0	12	
MYCO001224	4	0	19	
MYCO001225	314	0	21	
MYCO001226	167	0	33	
MYCO001227	9	0	11	
MYCO001228	4	0	21	
MYCO001230	95	0	45	
MYCO001231	40	0	11	
MYCO001232	25	0	34	
MYCO001233	54	0	23	
MYCO001234	9	0	13	
MYCO001235	5	0	23	
MYCO001236	16	0	17	
MYCO001237	3	0	7	
MYCO001240	24	0	26	
MYCO001241	13	0	8	
MYCO001242	9	0	9	
MYCO001243	822	0	22	
MYCO001244	193	0	26	
MYCO001246	2	0	11	
MYCO001247	5	0	3	
MYCO001249	18	0	23	
MYCO001250	150	0	29	
MYCO001251	363	0	53	
MYCO001252	3	0	11	
MYCO001254	119	0	23	
MYCO001255	14	0	20	
MYCO001256	32	0	25	
MYCO001257	9	0	40	
MYCO001258	291	0	30	
MYCO001259	43	0	14	
MYCO001260	127	0	17	
MYCO001261	10	0	12	
MYCO001262	11	0	11	
MYCO001263	131	0	26	
MYCO001264	42	0	28	
MYCO001265	27	0	7	
MYCO001266	273	0	32	
MYCO001267	9	0	24	
MYCO001268	80	0	21	
MYCO001269	250	0	8	
MYCO001270	67	0	19	
MYCO001271	4	0	7	
MYCO001274	129	0	6	
MYCO001275	2	0	11	
MYCO001276	69	0	13	
MYCO001278	245	0	40	
MYCO001279	17	0	29	
MYCO001280	8	0	32	
MYCO001281	23	0	36	
MYCO001282	2	0	9	
MYCO001283	35	0	15	
MYCO001284	2	0	10	
MYCO001285	3	0	25	
MYCO001286	5	0	46	
MYCO001287	1	0	7	
MYCO001288	516	0	33	
MYCO001289	4	0	15	
MYCO001290	200	258	30	
MYCO001291	6	0	10	
MYCO001296	43	0	21	
MYCO001300	132	0	11	
MYCO001301	5	0	14	
MYCO001303	2	0	7	
MYCO001304	3	0	18	
MYCO001306	2	0	10	
MYCO001307	10	0	30	
MYCO001312	11	0	16	
MYCO001313	691	16	17	
MYCO001314	14	0	15	
MYCO001316	14	0	15	
MYCO001317	55	0	34	
MYCO001318	56	0	35	
MYCO001319	960	0	30	
MYCO001320	50	0	47	
MYCO001322	59	0	6	
MYCO001324	129	0	21	
MYCO001325	811	0	35	
MYCO001329	150	0	32	
MYCO001330	81	0	37	
MYCO001331	5	0	5	
MYCO001332	2	0	12	
MYCO001333	58	0	20	
MYCO001334	40	0	11	
MYCO001335	33	0	10	
MYCO001336	104	0	16	
MYCO001337	2	0	13	
MYCO001339	6	0	18	
MYCO001341	12	0	10	
MYCO001342	6	0	6	
MYCO001343	7	0	13	
MYCO001344	0	0	7	
MYCO001345	16	0	38	
MYCO001346	3	0	12	
MYCO001347	1	0	20	
MYCO001348	79	0	42	
MYCO001349	35	0	34	
MYCO001350	5	0	12	
MYCO001351	6	0	11	
MYCO001352	3	0	15	
MYCO001353	45	0	16	
MYCO001354	64	0	48	
MYCO001355	196	0	59	
MYCO001356	58	0	23	
MYCO001357	12	0	20	
MYCO001358	383	0	53	
MYCO001359	23	0	16	
MYCO001360	39	0	16	
MYCO001361	599	92	187	
MYCO001362	9	0	15	
MYCO001363	98	0	21	
MYCO001364	102	0	27	
MYCO001365	9	0	10	
MYCO001366	87	0	14	
MYCO001367	94	0	33	
MYCO001368	35	0	24	
MYCO001369	1280	0	0	
MYCO001370	151	0	10	
MYCO001371	300	0	27	
MYCO001372	8	0	30	
MYCO001373	20	0	21	
MYCO001374	1	0	16	
MYCO001375	74	0	26	
MYCO001376	98	0	27	
MYCO001377	4	0	15	
MYCO001378	163	0	36	
MYCO001379	13	0	13	
MYCO001382	36	0	15	
MYCO001386	37	0	9	
MYCO001387	467	0	27	
MYCO001389	24	0	27	
MYCO001393	38	0	18	
MYCO001394	7	0	28	
MYCO001395	5	0	31	
MYCO001396	876	0	32	
MYCO001397	8	0	10	
MYCO001398	2	0	6	
MYCO001399	24	0	29	
MYCO001400	50	0	20	
MYCO001401	41	0	19	
MYCO001403	87	0	20	
MYCO001404	1	0	8	
MYCO001405	4	0	20	
MYCO001406	102	0	23	
MYCO001409	161	0	17	
MYCO001411	1	0	15	
MYCO001413	3	0	15	
MYCO001414	2	0	14	
MYCO001417	4	0	14	
MYCO001418	5	0	12	
MYCO001419	4	0	15	
MYCO001422	63	0	16	
MYCO001423	70	0	23	
MYCO001424	15	0	19	
MYCO001425	8	0	33	
MYCO001426	21	0	32	
MYCO001427	59	0	31	
MYCO001428	1	0	19	
MYCO001429	62	0	34	
MYCO001430	150	0	28	
MYCO001431	13	0	47	
MYCO001432	129	0	19	
MYCO001433	4	0	14	
MYCO001434	7	0	3	
MYCO001435	265	0	19	
MYCO001439	2	327	11	
MYCO001441	681	0	46	
MYCO001442	71	0	59	
MYCO001443	8	0	13	
MYCO001444	9	0	10	
MYCO001446	188	0	27	
MYCO001450	1279	0	1	
MYCO001452	1189	0	33	
MYCO001453	26	0	30	
MYCO001454	10	0	25	
MYCO001455	38	0	16	
MYCO001456	43	0	23	
MYCO001459	111	0	28	
MYCO001460	184	0	13	
MYCO001461	25	0	51	
MYCO001468	638	0	22	
MYCO001469	105	0	43	
MYCO001470	1	0	6	
MYCO001471	9	0	5	
MYCO001472	16	0	30	
MYCO001476	0	0	14	
MYCO001477	35	0	33	
MYCO001478	17	0	15	
MYCO001482	6	0	21	
MYCO001486	8	0	24	
MYCO001487	4	0	11	
MYCO001488	18	0	15	
MYCO001489	4	0	13	
MYCO001490	13	0	40	
MYCO001491	2	0	16	
MYCO001492	133	0	37	
MYCO001494	2	0	7	
MYCO001495	2	0	7	
MYCO001496	9	0	22	
MYCO001497	39	0	29	
MYCO001498	16	0	24	
MYCO001499	8	0	9	
MYCO001500	23	0	28	
MYCO001501	15	0	19	
MYCO001502	27	0	28	
MYCO001503	1280	0	0	
MYCO001504	353	0	8	
MYCO001505	13	0	26	
MYCO001506	32	0	11	
MYCO001507	29	0	20	
MYCO001508	63	29	40	
MYCO001509	113	0	17	
MYCO001510	2	688	23	
MYCO001511	24	0	21	
MYCO001512	16	0	22	
MYCO001513	20	0	9	
MYCO001514	14	0	16	
MYCO001515	17	0	23	
MYCO001516	67	0	23	
MYCO001517	14	0	16	
MYCO001518	51	0	21	
MYCO001519	208	0	6	
MYCO001520	217	0	27	
MYCO001521	47	0	29	
MYCO001522	115	0	71	
MYCO001523	27	0	23	
MYCO001524	148	0	25	
MYCO001525	157	0	18	
MYCO001526	130	0	27	
MYCO001527	311	0	120	
MYCO001528	13	0	6	
MYCO001529	28	0	44	
MYCO001530	16	0	29	
MYCO001531	5	0	11	
MYCO001532	22	0	11	
MYCO001533	35	0	17	
MYCO001534	9	0	16	
MYCO001535	3	0	3	
MYCO001537	48	0	35	
MYCO001538	81	0	22	
MYCO001539	10	0	9	
MYCO001541	10	0	12	
MYCO001542	4	6	9	
MYCO001543	6	0	18	
MYCO001544	23	0	16	
MYCO001545	7	0	8	
MYCO001546	19	0	16	
MYCO001548	50	0	49	
MYCO001549	1269	0	2	
MYCO001550	151	0	26	
MYCO001551	297	0	36	
MYCO001552	38	0	49	
MYCO001553	53	0	13	
MYCO001554	3	0	12	
MYCO001555	4	0	7	
MYCO001556	7	0	17	
MYCO001558	8	0	9	
MYCO001560	1	0	4	
MYCO001561	4	0	10	
MYCO001562	132	0	34	
MYCO001563	89	0	31	
MYCO001565	178	0	32	
MYCO001566	42	0	25	
MYCO001567	1	0	11	
MYCO001570	139	0	11	
MYCO001571	121	0	7	
MYCO001572	901	0	6	
MYCO001573	830	0	5	
MYCO001574	882	0	10	
MYCO001575	1279	0	1	
MYCO001576	253	155	62	
MYCO001577	797	0	6	
MYCO001578	800	0	9	
MYCO001579	790	0	4	
MYCO001580	802	0	5	
MYCO001581	976	0	3	
MYCO001582	798	0	13	
MYCO001583	91	209	14	
MYCO001584	833	0	3	
MYCO001585	897	0	13	
MYCO001586	816	0	18	
MYCO001587	1269	0	6	
MYCO001588	1233	1	23	
MYCO001590	3	0	6	
MYCO001591	6	0	25	
MYCO001592	7	0	31	
MYCO001596	7	0	14	
MYCO001597	12	0	16	
MYCO001598	8	0	6	
MYCO001602	2	0	14	
MYCO001604	4	0	19	
MYCO001606	6	0	9	
MYCO001607	19	0	15	
MYCO001608	1	0	5	
MYCO001610	151	0	15	
MYCO001613	3	0	19	
MYCO001614	10	0	28	
MYCO001615	2	0	11	
MYCO001616	3	0	7	
MYCO001618	3	0	18	
MYCO001619	59	0	28	
MYCO001620	194	0	19	
MYCO001621	171	0	26	
MYCO001622	8	0	28	
MYCO001623	6	0	36	
MYCO001624	4	0	20	
MYCO001625	59	0	26	
MYCO001628	17	0	9	
MYCO001631	23	0	28	
MYCO001632	15	0	11	
MYCO001634	17	0	29	
MYCO001635	20	0	33	
MYCO001636	2	0	9	
MYCO001637	64	0	16	
MYCO001639	248	404	30	
MYCO001640	27	0	75	
MYCO001644	101	0	19	
MYCO001645	137	0	21	
MYCO001646	118	0	18	
MYCO001647	341	0	17	
MYCO001648	7	0	18	
MYCO001650	208	0	54	
MYCO001651	699	0	58	
MYCO001660	195	0	20	
MYCO001661	363	0	101	
MYCO001662	329	0	100	
MYCO001663	37	0	42	
MYCO001664	84	0	60	
MYCO001665	53	0	23	
MYCO001666	43	0	20	
MYCO001667	18	0	17	
MYCO001668	1247	0	3	
MYCO001669	44	0	8	
MYCO001670	16	0	9	
MYCO001671	3	0	12	
MYCO001672	108	0	23	
MYCO001673	93	0	22	
MYCO001674	106	0	10	
MYCO001675	90	0	23	
MYCO001676	4	0	25	
MYCO001677	7	0	13	
MYCO001678	144	0	23	
MYCO001679	12	0	24	
MYCO001680	17	0	24	
MYCO001681	8	0	20	
MYCO001682	111	0	22	
MYCO001683	193	0	38	
MYCO001684	11	0	5	
MYCO001685	4	0	10	
MYCO001686	8	0	17	
MYCO001687	5	0	18	
MYCO001688	34	0	15	
MYCO001690	3	0	6	
MYCO001691	71	0	19	
MYCO001692	149	0	17	
MYCO001693	4	0	5	
MYCO001696	8	0	31	
MYCO001698	110	0	15	
MYCO001700	2	0	16	
MYCO001702	135	0	30	
MYCO001703	1	0	13	
MYCO001704	9	0	38	
MYCO001705	283	0	19	
MYCO001706	99	0	20	
MYCO001707	23	0	32	
MYCO001710	3	0	16	
MYCO001714	164	0	22	
MYCO001715	150	0	23	
MYCO001716	5	0	29	
MYCO001717	273	0	10	
MYCO001718	23	0	31	
MYCO001719	29	0	29	
MYCO001720	24	0	6	
MYCO001721	1	0	4	
MYCO001722	127	0	32	
MYCO001723	64	0	20	
MYCO001724	27	0	7	
MYCO001725	69	0	21	
MYCO001726	72	0	41	
MYCO001727	8	0	14	
MYCO001728	6	0	20	
MYCO001729	9	0	19	
MYCO001730	233	0	46	
MYCO001731	94	0	29	
MYCO001732	69	0	11	
MYCO001733	1	0	21	
MYCO001734	2	0	8	
MYCO001735	9	0	14	
MYCO001736	211	534	52	
MYCO001737	204	0	21	
MYCO001738	14	0	11	
MYCO001739	66	0	34	
MYCO001740	0	0	7	
MYCO001741	1	369	7	
MYCO001742	38	0	19	
MYCO001743	141	0	27	
MYCO001744	192	0	13	
MYCO001745	7	0	19	
MYCO001746	52	0	28	
MYCO001747	92	0	41	
MYCO001748	5	0	13	
MYCO001749	11	0	18	
MYCO001750	60	0	27	
MYCO001751	27	0	25	
MYCO001752	8	0	15	
MYCO001753	1269	0	10	
MYCO001754	555	0	26	
MYCO001755	1280	0	0	
MYCO001756	1280	0	0	
MYCO001757	151	0	10	
MYCO001758	879	0	17	
MYCO001759	1194	0	20	
MYCO001760	671	0	27	
MYCO001761	662	0	12	
MYCO001762	673	0	15	
MYCO001763	151	0	10	
MYCO001764	1280	0	0	
MYCO001765	1278	0	1	
MYCO001766	4	0	5	
MYCO001767	5	0	8	
MYCO001768	606	0	34	
MYCO001769	99	0	31	
MYCO001770	73	0	30	
MYCO001771	2	0	34	
MYCO001772	7	0	5	
MYCO001773	4	0	22	
MYCO001774	28	0	39	
MYCO001775	346	0	13	
MYCO001776	8	0	16	
MYCO001777	92	0	35	
MYCO001778	138	0	9	
MYCO001779	118	0	48	
MYCO001780	6	0	12	
MYCO001781	143	0	51	
MYCO001782	32	0	23	
MYCO001783	63	0	60	
MYCO001785	6	0	19	
MYCO001786	1	0	4	
MYCO001787	1120	0	19	
MYCO001788	3	5	8	
MYCO001789	122	0	26	
MYCO001790	551	0	34	
MYCO001791	6	0	4	
MYCO001792	1280	0	0	
MYCO001793	109	464	73	
MYCO001794	1	0	14	
MYCO001795	130	0	30	
MYCO001796	48	0	46	
MYCO001797	4	0	33	
MYCO001798	12	0	25	
MYCO001799	109	0	5	
MYCO001800	54	0	54	
MYCO001801	340	0	27	
MYCO001802	236	0	33	
MYCO001803	353	0	36	
MYCO001804	5	0	11	
MYCO001805	1	0	12	
MYCO001806	4	0	8	
MYCO001807	1280	0	0	
MYCO001808	86	0	29	
MYCO001809	61	0	29	
MYCO001810	0	0	10	
MYCO001811	7	0	26	
MYCO001812	64	0	24	
MYCO001813	5	0	12	
MYCO001814	65	0	26	
MYCO001815	191	0	25	
MYCO001816	189	331	13	
MYCO001817	140	0	40	
MYCO001818	849	0	30	
MYCO001819	49	0	24	
MYCO001820	32	0	33	
MYCO001822	5	0	12	
MYCO001823	30	0	20	
MYCO001824	0	0	12	
MYCO001825	3	0	21	
MYCO001826	1	0	9	
MYCO001828	3	0	8	
MYCO001831	12	0	7	
MYCO001833	6	0	20	
MYCO001834	11	0	15	
MYCO001835	59	0	45	
MYCO001836	83	0	44	
MYCO001838	4	0	10	
MYCO001839	1	0	7	
MYCO001840	596	0	29	
MYCO001841	21	0	22	
MYCO001845	230	0	16	
MYCO001846	12	0	14	
MYCO001847	14	0	19	
MYCO001848	22	0	6	
MYCO001849	1	0	4	
MYCO001850	82	0	43	
MYCO001851	115	0	19	
MYCO001852	24	0	10	
MYCO001853	7	0	16	
MYCO001855	14	0	21	
MYCO001856	187	0	19	
MYCO001857	5	0	17	
MYCO001858	7	0	11	
MYCO001859	21	0	26	
MYCO001860	196	0	25	
MYCO001861	1	0	12	
MYCO001862	8	0	20	
MYCO001863	11	0	21	
MYCO001864	6	0	11	
MYCO001865	4	0	15	
MYCO001866	32	0	48	
MYCO001867	63	0	31	
MYCO001868	92	0	50	
MYCO001869	54	0	19	
MYCO001870	146	0	13	
MYCO001871	51	0	12	
MYCO001872	11	0	33	
MYCO001873	17	0	17	
MYCO001874	9	0	22	
MYCO001875	9	0	12	
MYCO001876	15	0	14	
MYCO001877	57	0	48	
MYCO001878	77	0	25	
MYCO001879	55	0	26	
MYCO001880	14	0	41	
MYCO001881	12	0	14	
MYCO001882	5	0	24	
MYCO001883	8	0	16	
MYCO001884	4	0	11	
MYCO001885	8	0	22	
MYCO001887	62	0	27	
MYCO001888	1077	0	3	
MYCO001889	7	0	9	
MYCO001890	7	0	7	
MYCO001891	4	0	21	
MYCO001892	7	0	4	
MYCO001893	3	0	7	
MYCO001895	380	0	12	
MYCO001896	87	0	32	
MYCO001897	8	0	13	
MYCO001898	5	0	5	
MYCO001899	456	0	24	
MYCO001900	31	0	41	
MYCO001901	54	0	31	
MYCO001902	40	0	31	
MYCO001903	5	0	15	
MYCO001904	4	0	9	
MYCO001905	16	0	22	
MYCO001906	2	0	11	
MYCO001907	908	0	21	
MYCO001908	41	0	69	
MYCO001909	2	0	10	
MYCO001910	38	0	14	
MYCO001911	40	0	14	
MYCO001912	394	0	12	
MYCO001913	4	0	18	
MYCO001914	1	0	11	
MYCO001915	790	0	12	
MYCO001916	24	0	16	
MYCO001917	1275	0	4	
MYCO001918	245	0	78	
MYCO001919	3	0	8	
MYCO001920	4	0	31	
MYCO001921	216	0	29	
MYCO001922	24	0	26	
MYCO001923	27	0	34	
MYCO001924	4	0	11	
MYCO001925	12	0	29	
MYCO001926	3	0	11	
MYCO001927	41	0	14	
MYCO001928	212	0	17	
MYCO001929	252	0	26	
MYCO001930	46	0	11	
MYCO001931	18	0	16	
MYCO001932	17	0	18	
MYCO001933	182	0	25	
MYCO001934	115	0	27	
MYCO001935	17	0	29	
MYCO001936	9	0	25	
MYCO001937	118	0	54	
MYCO001938	20	0	33	
MYCO001939	123	0	13	
MYCO001940	1045	0	7	
MYCO001941	19	0	15	
MYCO001942	3	0	4	
MYCO001943	6	0	11	
MYCO001944	8	0	23	
MYCO001945	1209	11	18	
MYCO001946	11	0	12	
MYCO001947	19	0	13	
MYCO001948	41	0	19	
MYCO001949	1280	0	0	
MYCO001950	3	0	5	
MYCO001951	57	0	5	
MYCO001952	4	0	5	
MYCO001953	3	0	12	
MYCO001954	16	0	15	
MYCO001955	9	0	9	
MYCO001956	12	0	16	
MYCO001957	7	0	16	
MYCO001958	16	0	20	
MYCO001959	0	0	8	
MYCO001960	1	0	7	
MYCO001961	17	0	17	
MYCO001962	3	0	10	
MYCO001963	27	0	14	
MYCO001964	52	0	12	
MYCO001965	53	0	26	
MYCO001966	38	0	29	
MYCO001967	34	0	30	
MYCO001968	385	0	27	
MYCO001969	44	0	29	
MYCO001970	25	0	20	
MYCO001971	116	0	32	
MYCO001972	26	0	17	
MYCO001973	49	0	9	
MYCO001974	23	0	12	
MYCO001975	163	0	18	
MYCO001976	37	0	13	
MYCO001977	158	0	16	
MYCO001978	259	0	15	
MYCO001979	39	0	33	
MYCO001980	11	0	19	
MYCO001982	5	0	13	
MYCO001983	329	0	36	
MYCO001984	59	0	17	
MYCO001985	41	0	16	
MYCO001986	15	0	21	
MYCO001987	12	0	10	
MYCO001988	27	0	16	
MYCO001989	12	0	15	
MYCO001990	0	0	6	
MYCO001991	1	0	6	
MYCO001992	427	0	40	
MYCO001993	251	0	10	
MYCO001994	186	0	9	
MYCO001995	254	0	19	
MYCO001996	245	0	20	
MYCO001997	565	0	34	
MYCO001998	16	0	16	
MYCO001999	106	0	32	
MYCO002000	31	0	35	
MYCO002001	6	0	19	
MYCO002002	13	0	15	
MYCO002003	28	0	24	
MYCO002004	47	0	32	
MYCO002005	9	0	19	
MYCO002006	68	0	80	
MYCO002007	1	0	2	
MYCO002008	8	0	31	
MYCO002009	3	0	4	
MYCO002010	6	0	11	
MYCO002011	0	0	10	
MYCO002012	4	0	20	
MYCO002013	121	0	10	
MYCO002014	29	0	15	
MYCO002015	347	0	40	
MYCO002016	298	0	13	
MYCO002017	25	0	23	
MYCO002018	33	0	10	
MYCO002019	112	0	8	
MYCO002020	53	0	6	
MYCO002021	35	0	6	
MYCO002022	45	0	19	
MYCO002023	77	0	7	
MYCO002024	1179	0	9	
MYCO002025	21	0	27	
MYCO002026	4	0	24	
MYCO002027	280	0	27	
MYCO002028	59	0	17	
MYCO002029	51	0	32	
MYCO002030	70	0	40	
MYCO002031	3	0	6	
MYCO002032	52	0	23	
MYCO002033	173	0	24	
MYCO002034	55	0	5	
MYCO002035	0	0	18	
MYCO002036	3	0	13	
MYCO002037	10	0	34	
MYCO002038	3	0	22	
MYCO002039	3	0	15	
MYCO002040	7	0	15	
MYCO002041	8	0	28	
MYCO002042	23	0	22	
MYCO002043	49	0	84	
MYCO002044	213	0	9	
MYCO002045	16	0	40	
MYCO002046	42	0	20	
MYCO002047	58	0	45	
MYCO002048	1266	0	8	
MYCO002049	5	0	5	
MYCO002051	90	0	48	
MYCO002052	193	0	30	
MYCO002053	4	0	19	
MYCO002054	15	0	17	
MYCO002059	83	0	45	
MYCO002060	65	0	12	
MYCO002061	9	0	13	
MYCO002062	253	0	66	
MYCO002063	1	0	5	
MYCO002064	192	0	20	
MYCO002065	198	0	14	
MYCO002066	152	0	39	
MYCO002067	21	0	31	
MYCO002068	4	0	23	
MYCO002069	36	0	16	
MYCO002070	474	0	13	
MYCO002071	18	0	33	
MYCO002072	72	0	24	
MYCO002073	55	0	17	
MYCO002074	30	0	8	
MYCO002075	65	0	30	
MYCO002076	1	0	6	
MYCO002077	31	0	23	
MYCO002078	3	0	16	
MYCO002079	295	0	33	
MYCO002080	7	0	15	
MYCO002081	765	0	9	
MYCO002082	615	0	54	
MYCO002083	98	0	22	
MYCO002084	655	0	11	
MYCO002085	7	0	6	
MYCO002086	2	0	14	
MYCO002087	5	0	4	
MYCO002088	406	0	28	
MYCO002091	14	0	16	
MYCO002094	1	0	8	
MYCO002095	154	0	25	
MYCO002098	1280	0	0	
MYCO002099	1280	0	0	
MYCO002100	253	0	35	
MYCO002101	253	0	55	
MYCO002102	56	0	12	
MYCO002103	17	0	11	
MYCO002104	2	0	8	
MYCO002105	151	0	10	
MYCO002106	1280	0	0	
MYCO002107	23	0	11	
MYCO002108	38	0	13	
MYCO002113	30	0	26	
MYCO002114	18	0	14	
MYCO002116	17	0	13	
MYCO002117	17	0	4	
MYCO002120	110	0	10	
MYCO002123	783	0	23	
MYCO002124	91	0	65	
MYCO002126	594	0	13	
MYCO002127	50	0	38	
MYCO002128	3	0	4	
MYCO002129	21	0	22	
MYCO002131	15	0	21	
MYCO002132	13	0	3	
MYCO002133	12	0	14	
MYCO002135	180	0	10	
MYCO002136	18	0	16	
MYCO002137	9	0	11	
MYCO002138	21	0	26	
MYCO002142	3	0	6	
MYCO002143	28	0	25	
MYCO002144	18	0	8	
MYCO002146	1	0	9	
MYCO002147	221	0	15	
MYCO002148	218	0	16	
MYCO002149	15	0	9	
MYCO002152	117	0	26	
MYCO002158	367	0	36	
MYCO002159	236	0	25	
MYCO002160	692	0	7	
MYCO002161	168	355	27	
MYCO002162	909	0	29	
MYCO002164	125	0	29	
MYCO002165	6	0	27	
MYCO002167	1280	0	0	
MYCO002168	151	0	10	
MYCO002169	6	0	11	
MYCO002171	1	0	17	
MYCO002172	3	0	15	
MYCO002173	55	0	17	
MYCO002174	16	0	27	
MYCO002175	1	0	17	
MYCO002177	657	36	14	
MYCO002180	230	0	13	
MYCO002181	16	0	25	
MYCO002183	1	0	4	
MYCO002184	7	0	21	
MYCO002185	2	0	10	
MYCO002189	149	0	17	
MYCO002190	184	0	27	
MYCO002191	113	0	35	
MYCO002197	30	0	16	
MYCO002198	154	0	20	
MYCO002203	56	0	19	
MYCO002204	1	0	6	
MYCO002205	151	0	31	
MYCO002206	11	0	14	
MYCO002207	229	0	15	
MYCO002208	82	0	17	
MYCO002209	77	0	35	
MYCO002212	18	0	36	
MYCO002214	24	0	40	
MYCO002215	185	0	34	
MYCO002223	63	0	33	
MYCO002224	11	0	33	
MYCO002226	183	0	27	
MYCO002227	157	0	11	
MYCO002229	8	0	9	
MYCO002231	31	0	21	
MYCO002232	44	0	15	
MYCO002234	7	0	13	
MYCO002236	217	0	18	
MYCO002237	0	0	18	
MYCO002238	1	0	4	
MYCO002240	12	0	16	
MYCO002248	37	0	11	
MYCO002249	157	0	38	
MYCO002250	2	0	8	
MYCO002251	1279	0	1	
MYCO002252	3	0	26	
MYCO002253	9	0	15	
MYCO002254	10	0	14	
MYCO002255	5	0	9	
MYCO002256	2	0	7	
MYCO002258	112	0	27	
MYCO002260	3	0	13	
MYCO002261	8	0	12	
MYCO002262	1268	0	2	
MYCO002263	275	0	22	
MYCO002264	611	0	30	
MYCO002265	126	0	22	
MYCO002266	6	0	30	
MYCO002267	15	0	27	
MYCO002268	62	0	31	
MYCO002269	3	0	12	
MYCO002270	45	0	23	
MYCO002271	40	0	8	
MYCO002272	42	0	6	
MYCO002273	46	0	10	
MYCO002274	47	0	15	
MYCO002275	156	0	17	
MYCO002276	53	0	24	
MYCO002277	47	1203	19	
MYCO002278	151	0	10	
MYCO002279	1280	0	0	
MYCO002280	84	0	31	
MYCO002281	11	0	35	
MYCO002282	180	384	18	
MYCO002283	8	0	6	
MYCO002284	62	0	19	
MYCO002285	124	0	30	
MYCO002286	136	311	18	
MYCO002287	30	0	25	
MYCO002288	4	0	15	
MYCO002289	33	0	14	
MYCO002290	10	0	16	
MYCO002291	16	0	16	
MYCO002292	5	0	5	
MYCO002293	634	0	8	
MYCO002294	11	0	33	
MYCO002295	5	0	13	
MYCO002296	37	0	18	
MYCO002297	5	0	11	
MYCO002298	8	0	23	
MYCO002299	21	0	25	
MYCO002300	27	0	27	
MYCO002301	23	0	18	
MYCO002302	2	0	9	
MYCO002303	8	0	20	
MYCO002304	4	0	4	
MYCO002305	86	0	33	
MYCO002307	81	0	20	
MYCO002308	40	0	22	
MYCO002309	3	0	14	
MYCO002310	29	0	12	
MYCO002311	17	0	11	
MYCO002312	0	0	4	
MYCO002313	25	0	24	
MYCO002314	45	0	31	
MYCO002316	5	0	19	
MYCO002317	2	0	12	
MYCO002318	257	0	31	
MYCO002319	497	0	19	
MYCO002320	20	0	30	
MYCO002321	2	0	13	
MYCO002322	3	0	16	
MYCO002323	7	0	27	
MYCO002324	3	0	13	
MYCO002325	70	0	16	
MYCO002326	123	0	33	
MYCO002327	20	0	7	
MYCO002328	9	0	27	
MYCO002329	78	0	44	
MYCO002330	10	0	14	
MYCO002331	0	0	11	
MYCO002332	15	0	32	
MYCO002333	199	0	20	
MYCO002334	21	0	24	
MYCO002335	38	0	17	
MYCO002336	72	0	26	
MYCO002337	45	0	24	
MYCO002338	140	0	25	
MYCO002339	322	0	60	
MYCO002340	148	0	25	
MYCO002341	27	0	12	
MYCO002342	4	0	10	
MYCO002345	111	0	38	
MYCO002346	109	554	86	
MYCO002347	717	127	69	
MYCO002348	9	0	9	
MYCO002349	128	0	37	
MYCO002350	157	461	27	
MYCO002351	157	481	28	
MYCO002352	282	8	23	
MYCO002353	1252	0	3	
MYCO002354	151	0	10	
MYCO002355	1280	0	0	
MYCO002356	953	0	23	
MYCO002358	0	0	8	
MYCO002359	2	0	22	
MYCO002360	1	0	14	
MYCO002363	334	0	11	
MYCO002365	120	0	6	
MYCO002369	8	0	9	
MYCO002370	10	0	37	
MYCO002371	39	0	4	
MYCO002372	41	0	17	
MYCO002375	2	0	6	
MYCO002376	24	0	21	
MYCO002377	5	0	5	
MYCO002378	25	0	20	
MYCO002379	109	0	57	
MYCO002380	225	0	90	
MYCO002381	90	0	49	
MYCO002382	43	0	26	
MYCO002383	189	150	69	
MYCO002384	94	0	24	
MYCO002385	24	0	21	
MYCO002386	44	0	31	
MYCO002387	3	0	24	
MYCO002388	35	0	23	
MYCO002389	5	0	11	
MYCO002390	15	0	12	
MYCO002391	3	0	30	
MYCO002392	24	0	15	
MYCO002393	42	797	18	
MYCO002394	38	0	48	
MYCO002395	117	0	36	
MYCO002396	707	0	22	
MYCO002397	27	0	21	
MYCO002398	1	0	19	
MYCO002401	2	0	9	
MYCO002403	18	0	7	
MYCO002405	6	0	15	
MYCO002406	36	0	12	
MYCO002407	66	0	18	
MYCO002408	77	0	14	
MYCO002414	95	0	34	
MYCO002415	28	0	22	
MYCO002416	34	0	19	
MYCO002417	221	0	17	
MYCO002418	60	0	12	
MYCO002419	32	0	18	
MYCO002422	6	0	6	
MYCO002423	8	0	26	
MYCO002424	1232	0	10	
MYCO002428	28	0	20	
MYCO002429	7	0	11	
MYCO002430	9	0	12	
MYCO002431	7	436	3	
MYCO002432	11	0	9	
MYCO002433	3	0	7	
MYCO002434	240	0	32	
MYCO002435	38	0	45	
MYCO002436	82	0	23	
MYCO002437	282	0	4	
MYCO002438	24	0	25	
MYCO002443	13	0	39	
MYCO002444	98	0	47	
MYCO002446	1	0	8	
MYCO002449	132	0	27	
MYCO002450	89	0	25	
MYCO002451	13	0	11	
MYCO002452	0	0	7	
MYCO002453	6	0	19	
MYCO002456	14	0	23	
MYCO002458	7	0	19	
MYCO002459	13	0	23	
MYCO002463	3	0	17	
MYCO002464	35	0	19	
MYCO002468	8	0	12	
MYCO002469	14	0	22	
MYCO002471	16	0	41	
MYCO002472	2	0	8	
MYCO002473	24	0	17	
MYCO002474	47	0	16	
MYCO002475	1	0	11	
MYCO002476	280	0	71	
MYCO002478	100	0	8	
MYCO002479	1280	0	0	
MYCO002480	151	0	10	
MYCO002481	49	0	11	
MYCO002482	62	0	51	
MYCO002483	16	0	29	
MYCO002484	9	0	38	
MYCO002485	27	0	31	
MYCO002486	46	0	12	
MYCO002487	733	0	45	
MYCO002488	258	0	64	
MYCO002489	26	0	6	
MYCO002490	1234	0	12	
MYCO002491	30	0	15	
MYCO002492	28	0	26	
MYCO002493	2	0	6	
MYCO002494	4	0	12	
MYCO002495	40	0	25	
MYCO002496	5	0	20	
MYCO002497	12	0	14	
MYCO002498	14	0	19	
MYCO002499	2	0	17	
MYCO002501	109	0	52	
MYCO002503	13	0	20	
MYCO002504	13	0	18	
MYCO002505	38	0	40	
MYCO002506	16	0	10	
MYCO002507	75	0	17	
MYCO002508	20	0	29	
MYCO002510	41	0	45	
MYCO002512	1247	12	7	
MYCO002513	7	0	6	
MYCO002514	12	0	14	
MYCO002515	7	0	23	
MYCO002516	4	0	17	
MYCO002517	11	0	3	
MYCO002519	163	0	39	
MYCO002520	1	0	7	
MYCO002522	110	0	41	
MYCO002525	74	0	14	
MYCO002526	361	0	3	
MYCO002527	5	0	12	
MYCO002528	6	0	21	
MYCO002529	112	0	23	
MYCO002530	2	0	10	
MYCO002531	34	0	62	
MYCO002532	6	0	16	
MYCO002535	61	0	15	
MYCO002536	5	0	14	
MYCO002537	2	0	8	
MYCO002539	129	0	5	
MYCO002541	526	0	5	
MYCO002542	141	0	34	
MYCO002543	452	344	31	
MYCO002544	452	352	41	
MYCO002545	278	0	8	
MYCO002546	3	0	11	
MYCO002547	4	0	12	
MYCO002548	5	0	12	
MYCO002549	18	0	9	
MYCO002550	0	0	7	
MYCO002551	80	0	9	
MYCO002552	71	0	28	
MYCO002553	43	0	25	
MYCO002554	30	0	5	
MYCO002556	1	0	8	
MYCO002557	5	0	22	
MYCO002558	10	0	12	
MYCO002560	32	0	25	
MYCO002561	1260	0	5	
MYCO002562	1	0	19	
MYCO002563	26	0	24	
MYCO002564	8	452	23	
MYCO002565	27	0	37	
MYCO002566	346	0	54	
MYCO002567	39	0	41	
MYCO002569	11	0	20	
MYCO002570	171	0	16	
MYCO002571	32	0	29	
MYCO002573	25	0	21	
MYCO002574	8	0	14	
MYCO002576	15	0	18	
MYCO002577	10	0	31	
MYCO002578	42	0	24	
MYCO002579	22	0	21	
MYCO002581	0	0	9	
MYCO002584	10	0	20	
MYCO002585	64	0	38	
MYCO002586	167	0	32	
MYCO002588	2	0	10	
MYCO002590	58	0	61	
MYCO002591	577	0	45	
MYCO002595	11	0	7	
MYCO002596	2	0	14	
MYCO002597	12	0	18	
MYCO002598	9	0	12	
MYCO002599	71	0	15	
MYCO002600	8	0	5	
MYCO002601	107	0	29	
MYCO002602	3	0	6	
MYCO002604	12	0	12	
MYCO002605	23	0	16	
MYCO002607	7	0	14	
MYCO002608	208	0	27	
MYCO002609	60	0	15	
MYCO002615	1191	0	36	
MYCO002616	11	0	16	
MYCO002617	0	0	9	
MYCO002618	67	0	14	
MYCO002619	1	0	5	
MYCO002620	1	0	7	
MYCO002621	82	0	20	
MYCO002622	9	0	21	
MYCO002623	25	0	20	
MYCO002624	68	0	23	
MYCO002625	13	0	23	
MYCO002626	3	0	5	
MYCO002627	18	0	32	
MYCO002628	23	0	21	
MYCO002629	122	0	13	
MYCO002630	5	0	17	
MYCO002631	24	0	31	
MYCO002632	1	0	6	
MYCO002633	3	0	16	
MYCO002634	696	0	33	
MYCO002635	3	0	6	
MYCO002636	9	0	20	
MYCO002637	71	380	16	
MYCO002638	23	0	13	
MYCO002639	12	0	6	
MYCO002640	12	0	10	
MYCO002641	5	0	9	
MYCO002642	6	0	8	
MYCO002643	66	0	42	
MYCO002644	13	0	8	
MYCO002645	307	0	8	
MYCO002646	208	0	22	
MYCO002647	139	0	8	
MYCO002648	151	0	10	
MYCO002649	1280	0	0	
MYCO002650	253	141	57	
MYCO002651	52	248	15	
MYCO002652	143	0	31	
MYCO002653	121	0	17	
MYCO002654	657	0	6	
MYCO002655	378	0	28	
MYCO002656	91	200	15	
MYCO002657	142	0	9	
MYCO002658	114	0	5	
MYCO002659	113	0	18	
MYCO002660	1	0	8	
MYCO002661	5	0	8	
MYCO002662	2	0	9	
MYCO002663	0	0	8	
MYCO002664	4	0	8	
MYCO002665	70	0	12	
MYCO002666	1252	0	6	
MYCO002667	12	0	6	
MYCO002668	110	0	10	
MYCO002669	6	0	7	
MYCO002671	22	0	16	
MYCO002672	72	0	32	
MYCO002674	0	0	8	
MYCO002675	5	0	22	
MYCO002677	360	0	17	
MYCO002679	26	0	13	
MYCO002680	134	0	14	
MYCO002681	167	0	19	
MYCO002683	3	0	14	
MYCO002684	7	81	32	
MYCO002685	86	0	26	
MYCO002686	7	0	12	
MYCO002687	11	0	15	
MYCO002688	24	0	23	
MYCO002689	33	0	25	
MYCO002690	33	0	26	
MYCO002691	3	0	17	
MYCO002692	8	0	12	
MYCO002693	6	0	12	
MYCO002694	1	0	13	
MYCO002695	113	0	9	
MYCO002698	3	0	8	
MYCO002700	797	0	11	
MYCO002701	5	0	21	
MYCO002704	2	0	8	
MYCO002705	3	0	7	
MYCO002706	24	0	4	
MYCO002707	7	0	19	
MYCO002709	113	0	20	
MYCO002712	76	0	27	
MYCO002713	29	0	35	
MYCO002716	1	0	16	
MYCO002717	47	0	11	
MYCO002718	2	0	7	
MYCO002719	110	0	19	
MYCO002721	277	0	38	
MYCO002722	2	0	9	
MYCO002723	15	0	24	
MYCO002728	19	0	16	
MYCO002729	14	0	21	
MYCO002730	2	0	14	
MYCO002732	19	0	21	
MYCO002734	7	0	20	
MYCO002735	202	0	25	
MYCO002736	45	0	15	
MYCO002737	2	0	36	
MYCO002738	79	0	5	
MYCO002739	340	0	16	
MYCO002740	5	0	17	
MYCO002741	834	0	36	
MYCO002742	57	0	18	
MYCO002743	91	0	18	
MYCO002745	2	0	9	
MYCO002746	35	0	16	
MYCO002747	10	0	8	
MYCO002749	7	0	8	
MYCO002751	7	0	20	
MYCO002752	29	0	57	
MYCO002755	4	0	5	
MYCO002756	11	0	44	
MYCO002757	15	0	11	
MYCO002758	2	0	9	
MYCO002759	9	0	7	
MYCO002760	24	0	7	
MYCO002761	6	0	30	
MYCO002762	71	0	10	
MYCO002763	8	0	6	
MYCO002765	73	0	21	
MYCO002766	14	0	19	
MYCO002767	3	0	9	
MYCO002768	118	0	34	
MYCO002769	209	0	27	
MYCO002770	44	0	28	
MYCO002771	7	0	10	
MYCO002772	7	0	12	
MYCO002774	241	0	5	
MYCO002775	25	0	11	
MYCO002776	10	0	22	
MYCO002777	123	0	16	
MYCO002778	9	0	14	
MYCO002779	5	0	19	
MYCO002780	42	0	16	
MYCO002781	186	0	22	
MYCO002784	1	0	9	
MYCO002786	3	0	17	
MYCO002787	78	0	44	
MYCO002789	10	0	21	
MYCO002790	98	0	25	
MYCO002791	25	638	30	
MYCO002792	30	0	18	
MYCO002793	125	0	16	
MYCO002796	13	0	17	
MYCO002797	61	0	24	
MYCO002798	2	0	7	
MYCO002799	19	0	23	
MYCO002800	240	0	28	
MYCO002801	7	0	7	
MYCO002802	249	0	23	
MYCO002803	11	0	14	
MYCO002804	18	0	16	
MYCO002805	15	0	12	
MYCO002806	11	0	5	
MYCO002807	350	0	19	
MYCO002808	70	0	5	
MYCO002809	16	0	8	
MYCO002810	1280	0	0	
MYCO002811	217	0	11	
MYCO002812	154	0	30	
MYCO002813	118	0	18	
MYCO002814	1280	0	0	
MYCO002815	151	0	10	
MYCO002816	299	0	6	
MYCO002817	323	0	21	
MYCO002818	343	0	15	
MYCO002819	316	0	17	
MYCO002820	293	0	21	
MYCO002821	19	0	14	
MYCO002822	5	0	8	
MYCO002823	23	0	46	
MYCO002824	8	0	27	
MYCO002825	980	0	15	
MYCO002826	18	0	16	
MYCO002827	5	0	9	
MYCO002829	33	0	10	
MYCO002830	1	0	6	
MYCO002831	48	0	18	
MYCO002832	38	0	28	
MYCO002833	63	0	30	
MYCO002834	5	0	19	
MYCO002835	5	0	24	
MYCO002836	73	0	26	
MYCO002837	21	0	14	
MYCO002840	1	0	8	
MYCO002842	0	0	7	
MYCO002843	48	0	8	
MYCO002844	6	0	9	
MYCO002845	59	0	32	
MYCO002848	311	0	22	
MYCO002849	11	0	19	
MYCO002850	379	0	39	
MYCO002851	5	0	11	
MYCO002852	27	0	46	
MYCO002853	532	0	47	
MYCO002854	11	0	20	
MYCO002855	53	0	23	
MYCO002856	7	0	16	
MYCO002857	5	0	11	
MYCO002858	116	0	30	
MYCO002859	406	0	29	
MYCO002860	8	0	31	
MYCO002862	4	0	9	
MYCO002863	2	0	11	
MYCO002865	0	0	7	
MYCO002866	1	0	5	
MYCO002867	161	0	21	
MYCO002869	5	0	26	
MYCO002871	240	0	7	
MYCO002872	23	0	9	
MYCO002873	5	0	9	
MYCO002874	70	0	44	
MYCO002875	33	0	13	
MYCO002876	0	0	16	
MYCO002877	43	0	15	
MYCO002878	3	0	13	
MYCO002879	1280	0	0	
MYCO002880	1185	0	3	
MYCO002881	2	0	11	
MYCO002884	23	0	18	
MYCO002885	50	216	31	
MYCO002886	30	0	19	
MYCO002887	5	0	12	
MYCO002888	121	0	23	
MYCO002891	234	0	16	
MYCO002892	65	0	25	
MYCO002893	13	0	30	
MYCO002895	54	0	22	
MYCO002896	97	0	28	
MYCO002897	70	0	39	
MYCO002898	1	0	12	
MYCO002899	3	0	13	
MYCO002900	13	0	44	
MYCO002903	19	0	21	
MYCO002905	8	0	27	
MYCO002906	0	0	7	
MYCO002907	28	0	11	
MYCO002908	13	0	3	
MYCO002910	2	0	15	
MYCO002911	24	0	17	
MYCO002912	4	0	9	
MYCO002913	29	0	46	
MYCO002914	75	0	28	
MYCO002920	29	0	39	
MYCO002922	218	0	52	
MYCO002923	15	0	8	
MYCO002924	16	0	22	
MYCO002925	6	0	14	
MYCO002926	2	0	15	
MYCO002928	7	0	14	
MYCO002929	10	0	11	
MYCO002930	11	0	33	
MYCO002931	1147	0	47	
MYCO002932	355	0	68	
MYCO002933	305	0	67	
MYCO002934	344	0	68	
MYCO002935	174	0	58	
MYCO002936	10	0	15	
MYCO002937	3	0	16	
MYCO002938	3	0	16	
MYCO002939	6	593	19	
MYCO002940	65	0	95	
MYCO002941	10	0	31	
MYCO002942	30	0	46	
MYCO002943	46	0	22	
MYCO002944	10	0	18	
MYCO002945	1	0	11	
MYCO002946	231	0	79	
MYCO002947	651	0	17	
MYCO002948	28	0	45	
MYCO002949	26	0	22	
MYCO002950	43	0	39	
MYCO002951	39	0	20	
MYCO002952	7	0	17	
MYCO002953	12	0	24	
MYCO002954	7	0	23	
MYCO002955	38	0	30	
MYCO002956	9	0	22	
MYCO002957	19	0	21	
MYCO002958	45	0	27	
MYCO002959	175	0	20	
MYCO002960	4	0	12	
MYCO002961	6	0	7	
MYCO002962	147	0	23	
MYCO002963	166	0	21	
MYCO002964	22	0	23	
MYCO002966	38	0	6	
MYCO002968	4	0	9	
MYCO002969	8	0	13	
MYCO002970	24	0	20	
MYCO002971	25	0	17	
MYCO002972	9	0	18	
MYCO002973	50	0	20	
MYCO002974	149	0	31	
MYCO002975	630	0	6	
MYCO002977	73	0	17	
MYCO002978	25	545	31	
MYCO002979	5	0	14	
MYCO002980	110	0	16	
MYCO002983	140	0	19	
MYCO002985	13	0	27	
MYCO002986	13	0	13	
MYCO002987	3	0	9	
MYCO002989	114	0	13	
MYCO002990	6	0	18	
MYCO002991	7	0	12	
MYCO002994	136	0	26	
MYCO002997	114	0	23	
MYCO002998	1	0	11	
MYCO002999	7	0	21	
MYCO003000	8	0	12	
MYCO003002	1	0	3	
MYCO003004	7	0	9	
MYCO003005	9	0	10	
MYCO003007	114	0	8	
MYCO003008	13	0	18	
MYCO003012	2	0	6	
MYCO003013	94	0	9	
MYCO003015	66	0	26	
MYCO003016	7	0	14	
MYCO003017	136	0	7	
MYCO003018	973	0	13	
MYCO003019	0	17	13	
MYCO003020	5	5	10	
MYCO003021	1275	0	2	
MYCO003022	1280	0	0	
MYCO003023	1247	12	7	
MYCO003026	18	0	23	
MYCO003030	32	0	14	
MYCO003033	6	0	11	
MYCO003035	58	0	13	
MYCO003036	2	0	13	
MYCO003037	66	0	24	
MYCO003039	25	0	16	
MYCO003040	57	0	13	
MYCO003041	4	0	14	
MYCO003044	88	0	32	
MYCO003046	5	0	6	
MYCO003047	36	0	10	
MYCO003050	6	0	15	
MYCO003055	4	371	12	
MYCO003056	12	0	27	
MYCO003058	1	0	9	
MYCO003059	18	0	29	
MYCO003060	216	0	39	
MYCO003061	136	0	38	
MYCO003062	346	0	30	
MYCO003063	43	0	59	
MYCO003064	25	0	9	
MYCO003065	40	0	6	
MYCO003066	56	0	15	
MYCO003067	6	0	15	
MYCO003068	19	0	31	
MYCO003069	1	0	7	
MYCO003070	3	0	4	
MYCO003071	35	0	21	
MYCO003072	3	0	18	
MYCO003073	2	0	15	
MYCO003074	382	440	24	
MYCO003075	6	0	17	
MYCO003076	2	0	11	
MYCO003077	81	0	45	
MYCO003078	8	0	11	
MYCO003079	114	0	13	
MYCO003080	137	0	56	
MYCO003081	43	0	18	
MYCO003082	7	0	21	
MYCO003083	64	0	34	
MYCO003084	158	0	20	
MYCO003086	34	0	13	
MYCO003087	68	0	31	
MYCO003088	37	0	36	
MYCO003089	56	0	28	
MYCO003090	45	270	28	
MYCO003091	54	0	30	
MYCO003092	135	0	33	
MYCO003093	297	0	13	
MYCO003094	129	0	26	
MYCO003095	1	0	10	
MYCO003096	11	0	25	
MYCO003097	24	0	33	
MYCO003098	6	0	13	
MYCO003099	25	0	20	
MYCO003103	5	0	9	
MYCO003104	8	0	22	
MYCO003106	19	0	25	
MYCO003107	16	0	34	
MYCO003108	7	0	16	
MYCO003109	26	0	28	
MYCO003110	6	0	8	
MYCO003111	11	0	26	
MYCO003112	11	0	7	
MYCO003113	305	0	22	
MYCO003114	26	0	14	
MYCO003115	1247	12	7	
MYCO003116	45	0	16	
MYCO003119	11	0	16	
MYCO003120	11	0	21	
MYCO003121	40	0	29	
MYCO003122	14	0	10	
MYCO003123	9	0	9	
MYCO003124	31	0	20	
MYCO003125	185	0	27	
MYCO003126	9	0	8	
MYCO003127	12	0	28	
MYCO003128	1280	0	0	
MYCO003129	114	0	6	
MYCO003130	20	0	35	
MYCO003131	15	0	15	
MYCO003132	36	0	35	
MYCO003133	2	0	8	
MYCO003134	9	0	23	
MYCO003135	785	0	3	
MYCO003136	26	0	21	
MYCO003137	4	0	21	
MYCO003138	20	0	32	
MYCO003141	51	0	20	
MYCO003142	187	0	7	
MYCO003143	1	0	7	
MYCO003144	205	0	31	
MYCO003145	4	0	5	
MYCO003146	1	0	13	
MYCO003147	9	0	6	
MYCO003148	6	0	19	
MYCO003149	14	0	16	
MYCO003150	130	0	22	
MYCO003151	252	0	35	
MYCO003152	3	0	18	
MYCO003153	24	0	21	
MYCO003154	4	0	15	
MYCO003155	2	0	7	
MYCO003156	16	0	28	
MYCO003157	24	0	35	
MYCO003158	5	0	35	
MYCO003159	661	0	31	
MYCO003160	2	0	11	
MYCO003161	92	0	37	
MYCO003162	15	0	5	
MYCO003163	7	0	21	
MYCO003164	12	0	14	
MYCO003165	30	0	7	
MYCO003166	128	0	19	
MYCO003167	7	0	16	
MYCO003168	52	0	37	
MYCO003169	164	0	23	
MYCO003170	123	0	24	
MYCO003171	6	0	29	
MYCO003172	1	0	19	
MYCO003173	2	0	18	
MYCO003174	6	0	28	
MYCO003175	339	0	29	
MYCO003176	21	0	27	
MYCO003177	16	0	13	
MYCO003178	11	0	10	
MYCO003179	101	0	31	
MYCO003180	9	0	11	
MYCO003181	33	0	11	
MYCO003182	9	0	3	
MYCO003183	45	0	10	
MYCO003184	151	0	10	
MYCO003185	1280	0	0	
MYCO003186	151	0	10	
MYCO003187	1280	0	0	
MYCO003188	8	0	8	
MYCO003189	15	0	16	
MYCO003190	37	0	27	
MYCO003191	13	0	22	
MYCO003192	17	0	12	
MYCO003196	17	0	25	
MYCO003199	104	0	21	
MYCO003200	5	0	28	
MYCO003201	221	0	62	
MYCO003202	169	0	55	
MYCO003203	6	0	18	
MYCO003204	0	0	11	
MYCO003209	2	0	11	
MYCO003210	4	0	15	
MYCO003212	153	0	28	
MYCO003215	2	0	24	
MYCO003216	1280	0	0	
MYCO003217	82	0	9	
MYCO003218	4	0	19	
MYCO003222	13	0	10	
MYCO003224	63	0	20	
MYCO003225	15	0	28	
MYCO003226	7	0	15	
MYCO003227	52	0	27	
MYCO003230	39	0	29	
MYCO003231	13	0	14	
MYCO003232	4	0	14	
MYCO003233	2	0	18	
MYCO003234	642	0	12	
MYCO003235	92	0	15	
MYCO003236	83	0	28	
MYCO003237	6	0	11	
MYCO003238	2	0	13	
MYCO003239	625	0	34	
MYCO003242	18	0	15	
MYCO003243	23	0	18	
MYCO003244	93	0	27	
MYCO003247	14	0	10	
MYCO003249	48	0	15	
MYCO003250	3	0	8	
MYCO003251	2	0	5	
MYCO003253	16	0	26	
MYCO003254	31	0	29	
MYCO003256	165	0	24	
MYCO003259	4	0	5	
MYCO003260	0	0	8	
MYCO003263	54	0	29	
MYCO003266	32	0	24	
MYCO003268	35	0	16	
MYCO003269	6	0	4	
MYCO003270	76	0	35	
MYCO003271	6	0	14	
MYCO003272	23	0	23	
MYCO003273	0	0	50	
MYCO003278	3	0	12	
MYCO003279	6	0	20	
MYCO003281	1224	0	4	
MYCO003282	3	0	23	
MYCO003283	6	0	23	
MYCO003284	9	0	17	
MYCO003286	145	0	12	
MYCO003287	4	0	6	
MYCO003288	2	0	8	
MYCO003289	11	0	11	
MYCO003291	5	0	11	
MYCO003292	63	0	26	
MYCO003293	158	0	24	
MYCO003294	4	0	17	
MYCO003295	5	0	13	
MYCO003297	23	0	19	
MYCO003298	76	0	10	
MYCO003299	209	0	64	
MYCO003300	9	0	21	
MYCO003301	6	0	16	
MYCO003307	46	0	20	
MYCO003308	147	0	32	
MYCO003309	4	0	12	
MYCO003310	8	0	15	
MYCO003311	16	0	30	
MYCO003312	8	0	23	
MYCO003314	32	0	21	
MYCO003315	3	0	12	
MYCO003316	1	0	4	
MYCO003320	12	0	9	
MYCO003321	2	0	4	
MYCO003322	3	0	14	
MYCO003323	75	0	13	
MYCO003324	78	0	12	
MYCO003325	151	0	10	
MYCO003326	1280	0	0	
MYCO003327	1270	0	3	
MYCO003331	122	0	30	
MYCO003332	88	0	33	
MYCO003333	308	0	13	
MYCO003334	2	0	9	
MYCO003335	23	0	24	
MYCO003337	144	0	12	
MYCO003338	13	0	22	
MYCO003339	29	0	22	
MYCO003342	88	0	10	
MYCO003343	1278	0	2	
MYCO003344	1280	0	0	
MYCO003345	1277	0	2	
MYCO003346	412	0	7	
MYCO003347	982	0	93	
MYCO003348	33	0	14	
MYCO003349	666	0	18	
MYCO003350	1058	0	85	
MYCO003351	181	0	14	
MYCO003352	175	0	6	
MYCO003353	168	0	3	
MYCO003354	167	0	6	
MYCO003355	160	0	11	
MYCO003357	1	0	7	
MYCO003358	0	0	7	
MYCO003359	73	0	16	
MYCO003360	204	0	5	
MYCO003361	16	0	13	
MYCO003362	16	0	15	
MYCO003363	72	0	7	
MYCO003364	19	0	6	
MYCO003365	1160	0	12	
MYCO003366	13	0	16	
MYCO003367	558	0	31	
MYCO003368	31	0	14	
MYCO003369	42	0	10	
MYCO003370	278	0	43	
MYCO003371	112	0	34	
MYCO003372	68	0	22	
MYCO003373	148	0	10	
MYCO003374	2	0	7	
MYCO003375	49	0	42	
MYCO003376	5	0	19	
MYCO003377	92	0	36	
MYCO003378	42	0	26	
MYCO003379	17	0	35	
MYCO003380	1280	0	0	
MYCO003381	151	0	10	
MYCO003382	49	0	10	
MYCO003383	268	0	36	
MYCO003384	16	0	9	
MYCO003385	18	0	9	
MYCO003386	57	0	18	
MYCO003387	6	0	15	
MYCO003388	949	0	26	
MYCO003389	89	0	23	
MYCO003390	8	0	26	
MYCO003391	72	0	44	
MYCO003393	25	0	23	
MYCO003394	365	0	24	
MYCO003395	26	0	15	
MYCO003397	10	0	16	
MYCO003398	33	0	30	
MYCO003399	14	0	15	
MYCO003400	33	0	12	
MYCO003401	143	0	49	
MYCO003402	43	0	28	
MYCO003403	23	0	46	
MYCO003404	15	0	20	
MYCO003405	0	0	16	
MYCO003406	39	0	21	
MYCO003407	5	0	4	
MYCO003408	0	0	6	
MYCO003413	95	0	15	
MYCO003414	5	0	12	
MYCO003415	91	0	20	
MYCO003416	13	0	11	
MYCO003420	21	0	12	
MYCO003421	299	0	21	
MYCO003423	8	0	30	
MYCO003424	91	0	14	
MYCO003425	64	335	32	
MYCO003426	1246	0	1	
MYCO003427	367	0	11	
MYCO003428	1212	0	4	
MYCO003429	64	273	30	
MYCO003430	87	0	43	
MYCO003431	19	0	17	
MYCO003434	65	0	24	
MYCO003435	3	0	20	
MYCO003437	54	0	13	
MYCO003438	16	0	24	
MYCO003439	216	0	32	
MYCO003440	13	0	11	
MYCO003444	5	0	12	
MYCO003445	10	0	9	
MYCO003446	223	0	27	
MYCO003447	113	0	65	
MYCO003448	52	0	35	
MYCO003449	47	0	28	
MYCO003450	184	0	34	
MYCO003451	23	0	25	
MYCO003452	160	0	12	
MYCO003453	782	0	3	
MYCO003454	14	0	32	
MYCO003463	32	0	16	
MYCO003465	2	0	14	
MYCO003466	1233	14	22	
MYCO003467	1241	21	14	
MYCO003468	17	0	25	
MYCO003469	13	0	21	
MYCO003470	59	0	47	
MYCO003471	5	0	13	
MYCO003472	10	0	15	
MYCO003473	12	0	17	
MYCO003474	151	0	10	
MYCO003475	1280	0	0	
MYCO003476	16	0	32	
MYCO003477	33	0	7	
MYCO003478	619	64	160	
MYCO003479	66	0	77	
MYCO003480	73	0	35	
MYCO003481	16	0	13	
MYCO003482	10	0	18	
MYCO003483	272	0	15	
MYCO003484	31	0	28	
MYCO003485	183	0	20	
MYCO003486	79	0	9	
MYCO003487	295	0	24	
MYCO003488	43	0	8	
MYCO003489	3	0	6	
MYCO003491	5	0	13	
MYCO003492	1	0	12	
MYCO003493	95	0	14	
MYCO003494	262	0	27	
MYCO003495	7	0	20	
MYCO003496	69	0	22	
MYCO003497	2	0	21	
MYCO003498	33	0	23	
MYCO003499	3	0	16	
MYCO003502	8	0	21	
MYCO003503	0	0	5	
MYCO003505	38	0	19	
MYCO003506	22	0	36	
MYCO003507	1182	0	41	
MYCO003508	1280	0	0	
MYCO003509	125	0	36	
MYCO003510	46	0	18	
MYCO003511	1278	0	2	
MYCO003512	1280	0	0	
MYCO003513	1207	0	8	
MYCO003514	1280	0	0	
MYCO003515	1137	0	14	
MYCO003516	206	0	14	
MYCO003517	282	0	16	
MYCO003518	36	0	21	
MYCO003519	5	0	21	
MYCO003521	10	0	18	
MYCO003522	2	0	24	
MYCO003523	99	0	15	
MYCO003524	11	0	27	
MYCO003525	73	0	11	
MYCO003526	2	0	17	
MYCO003527	0	0	16	
MYCO003528	19	0	26	
MYCO003529	146	0	26	
MYCO003530	11	452	16	
MYCO003531	29	0	32	
MYCO003532	113	0	29	
MYCO003533	373	0	38	
MYCO003534	16	0	15	
MYCO003535	312	0	14	
MYCO003536	3	0	20	
MYCO003537	8	0	29	
MYCO003538	0	0	18	
MYCO003539	165	0	26	
MYCO003540	110	0	21	
MYCO003541	0	0	9	
MYCO003542	38	0	16	
MYCO003543	31	0	20	
MYCO003544	10	0	19	
MYCO003545	11	0	40	
MYCO003546	24	0	22	
MYCO003547	14	0	18	
MYCO003548	5	0	14	
MYCO003549	45	0	17	
MYCO003550	15	0	11	
MYCO003551	15	0	15	
MYCO003552	1	0	10	
MYCO003553	126	0	14	
MYCO003554	21	0	48	
MYCO003555	182	0	15	
MYCO003556	33	0	15	
MYCO003557	0	0	8	
MYCO003558	304	0	30	
MYCO003559	68	0	18	
MYCO003560	43	0	24	
MYCO003561	185	0	29	
MYCO003562	16	0	31	
MYCO003563	40	0	28	
MYCO003564	167	0	16	
MYCO003565	25	0	35	
MYCO003566	41	0	18	
MYCO003567	15	0	10	
MYCO003568	146	0	10	
MYCO003569	102	0	20	
MYCO003572	12	0	13	
MYCO003573	118	0	38	
MYCO003574	21	0	14	
MYCO003575	35	0	20	
MYCO003576	19	0	17	
MYCO003577	16	0	16	
MYCO003578	90	0	34	
MYCO003581	4	0	10	
MYCO003582	7	0	16	
MYCO003584	6	0	8	
MYCO003585	13	0	33	
MYCO003586	3	0	23	
MYCO003587	52	0	21	
MYCO003588	16	0	8	
MYCO003590	892	0	22	
MYCO003591	7	0	13	
MYCO003593	3	0	35	
MYCO003594	24	0	21	
MYCO003595	552	0	30	
MYCO003597	81	0	4	
MYCO003599	60	0	4	
MYCO003602	184	0	20	
MYCO003603	57	0	18	
MYCO003604	261	0	30	
MYCO003605	90	0	10	
MYCO003606	3	0	8	
MYCO003607	45	0	7	
MYCO003608	12	0	20	
MYCO003611	1268	0	3	
MYCO003612	15	0	8	
MYCO003613	2	0	4	
MYCO003614	4	0	21	
MYCO003615	4	0	7	
MYCO003616	16	0	35	
MYCO003617	27	0	20	
MYCO003618	27	0	23	
MYCO003619	109	593	95	
MYCO003620	717	133	68	
MYCO003621	188	0	26	
MYCO003622	35	0	4	
MYCO003623	61	0	16	
MYCO003625	72	0	19	
MYCO003626	103	0	28	
MYCO003627	10	0	37	
MYCO003629	11	0	24	
MYCO003630	2	286	30	
MYCO003631	2	0	12	
MYCO003632	1	0	4	
MYCO003633	22	0	21	
MYCO003634	42	0	16	
MYCO003635	43	0	39	
MYCO003636	2	0	10	
MYCO003637	19	0	19	
MYCO003638	4	0	14	
MYCO003639	127	0	20	
MYCO003640	51	0	26	
MYCO003641	5	0	16	
MYCO003642	2	0	6	
MYCO003643	1	0	6	
MYCO003645	251	0	33	
MYCO003649	190	0	55	
MYCO003650	25	0	8	
MYCO003651	116	0	22	
MYCO003652	308	0	10	
MYCO003653	743	0	17	
MYCO003654	155	0	12	
MYCO003655	1279	0	1	
MYCO003656	5	0	7	
MYCO003657	391	298	15	
MYCO003658	134	0	19	
MYCO003659	254	0	26	
MYCO003660	45	0	27	
MYCO003661	23	0	12	
MYCO003662	325	0	18	
MYCO003663	113	0	34	
MYCO003664	1	0	22	
MYCO003665	2	0	24	
MYCO003666	35	312	28	
MYCO003667	107	0	37	
MYCO003669	4	0	16	
MYCO003671	11	0	26	
MYCO003672	26	0	18	
MYCO003673	40	0	17	
MYCO003675	0	0	11	
MYCO003678	2	0	8	
MYCO003681	5	0	14	
MYCO003685	36	0	34	
MYCO003686	23	0	7	
MYCO003687	6	0	11	
MYCO003688	10	0	10	
MYCO003689	53	0	44	
MYCO003690	130	0	15	
MYCO003691	23	0	30	
MYCO003692	18	0	22	
MYCO003693	423	0	26	
MYCO003694	3	0	18	
MYCO003697	8	0	13	
MYCO003698	46	0	32	
MYCO003699	13	0	14	
MYCO003700	188	0	23	
MYCO003701	47	0	22	
MYCO003702	9	0	20	
MYCO003703	17	0	35	
MYCO003704	16	0	34	
MYCO003706	49	0	7	
MYCO003714	13	0	24	
MYCO003716	79	0	9	
MYCO003723	9	0	21	
MYCO003725	631	0	10	
MYCO003726	106	0	22	
MYCO003727	90	0	48	
MYCO003728	792	0	39	
MYCO003729	114	0	53	
MYCO003730	3	0	29	
MYCO003731	2	0	28	
MYCO003732	31	0	25	
MYCO003733	4	0	16	
MYCO003734	21	0	31	
MYCO003735	9	0	14	
MYCO003736	21	0	34	
MYCO003737	249	0	38	
MYCO003738	428	0	23	
MYCO003739	321	0	9	
MYCO003740	38	0	33	
MYCO003741	6	0	22	
MYCO003742	3	0	10	
MYCO003743	54	0	55	
MYCO003744	1	0	11	
MYCO003745	5	373	6	
MYCO003746	2	0	11	
MYCO003747	5	0	4	
MYCO003748	5	0	8	
MYCO003749	14	0	10	
MYCO003750	5	0	7	
MYCO003751	3	0	9	
MYCO003752	91	0	8	
MYCO003753	149	0	9	
MYCO003754	61	0	20	
MYCO003755	5	0	12	
MYCO003756	6	0	19	
MYCO003757	40	0	24	
MYCO003758	12	0	25	
MYCO003759	10	0	34	
MYCO003760	5	0	7	
MYCO003761	52	0	20	
MYCO003762	2	0	51	
MYCO003763	7	0	15	
MYCO003764	11	0	28	
MYCO003766	33	0	23	
MYCO003767	29	0	25	
MYCO003768	32	0	8	
MYCO003769	28	0	9	
MYCO003770	39	0	15	
MYCO003771	9	0	14	
MYCO003772	18	0	20	
MYCO003773	26	0	16	
MYCO003776	230	0	47	
MYCO003779	141	0	41	
MYCO003784	76	0	35	
MYCO003785	570	0	22	
MYCO003786	93	0	29	
MYCO003787	28	0	25	
MYCO003788	2	0	14	
MYCO003789	4	0	8	
MYCO003792	66	0	53	
MYCO003796	8	0	34	
MYCO003797	71	0	44	
MYCO003798	691	16	17	
MYCO003800	276	0	88	
MYCO003803	24	0	21	
MYCO003805	11	0	34	
MYCO003807	47	0	16	
MYCO003810	342	0	18	
MYCO003811	49	0	31	
MYCO003812	511	0	32	
MYCO003813	24	0	11	
MYCO003814	19	0	15	
MYCO003815	30	0	13	
MYCO003817	99	0	21	
MYCO003818	16	0	29	
MYCO003819	11	0	9	
MYCO003820	56	0	38	
MYCO003821	5	0	20	
MYCO003822	16	0	41	
MYCO003823	17	0	79	
MYCO003824	24	0	45	
MYCO003825	84	0	138	
MYCO003826	26	0	48	
MYCO003827	53	0	41	
MYCO003828	0	466	10	
MYCO003829	256	0	51	
MYCO003830	290	0	22	
MYCO003831	6	0	20	
MYCO003832	37	0	24	
MYCO003833	165	0	29	
MYCO003836	140	0	15	
MYCO003837	14	0	30	
MYCO003838	43	0	26	
MYCO003839	3	0	23	
MYCO003840	12	0	16	
MYCO003841	2	0	19	
MYCO003843	102	0	28	
MYCO003844	33	0	14	
MYCO003845	943	0	4	
MYCO003846	4	0	14	
MYCO003848	31	0	29	
MYCO003850	20	0	23	
MYCO003851	23	0	8	
MYCO003852	10	0	11	
MYCO003853	1	0	10	
MYCO003854	56	0	71	
MYCO003855	5	0	26	
MYCO003856	23	0	25	
MYCO003857	6	0	3	
MYCO003860	139	0	42	
MYCO003861	40	0	16	
MYCO003862	14	0	35	
MYCO003863	52	0	35	
MYCO003864	35	0	39	
MYCO003865	14	0	8	
MYCO003866	45	0	18	
MYCO003867	30	0	10	
MYCO003868	72	0	30	
MYCO003869	167	0	47	
MYCO003870	15	0	75	
MYCO003871	99	0	47	
MYCO003872	59	0	5	
MYCO003873	54	0	24	
MYCO003874	10	0	8	
MYCO003875	4	0	7	
MYCO003876	565	0	43	
MYCO003877	16	0	52	
MYCO003878	133	0	21	
MYCO003879	520	0	58	
MYCO003880	0	0	11	
MYCO003881	134	0	57	
MYCO003882	162	0	59	
MYCO003883	17	0	39	
MYCO003884	60	0	50	
MYCO003885	44	0	56	
MYCO003886	421	0	33	
MYCO003887	129	0	44	
MYCO003888	46	0	48	
MYCO003889	89	0	41	
MYCO003890	28	0	8	
MYCO003891	7	0	17	
MYCO003892	282	0	34	
MYCO003893	33	0	12	
MYCO003894	357	0	100	
MYCO003895	344	0	43	
MYCO003896	75	0	33	
MYCO003897	1270	0	2	
MYCO003898	629	0	5	
MYCO003899	341	0	39	
MYCO003900	203	0	52	
MYCO003901	25	0	19	
MYCO003902	6	0	16	
MYCO003903	392	0	60	
MYCO003904	5	0	16	
MYCO003905	10	0	10	
MYCO003906	16	0	19	
MYCO003909	68	0	60	
MYCO003910	69	0	140	
MYCO003911	1277	0	3	
MYCO003912	40	0	31	
MYCO003914	0	0	10	
MYCO003916	1	0	33	
MYCO003919	63	0	105	
MYCO003922	1	0	18	
MYCO003923	2	0	18	
MYCO010064	1	0	6	
MYCO010078	6	0	20	
MYCO010157	2	0	3	
MYCO010186	13	0	5	
MYCO010192	289	0	3	
MYCO010236	10	0	2	
MYCO010277	1280	0	0	
MYCO010397	1	602	9	
MYCO010456	4	0	6	
MYCO010470	191	0	8	
MYCO010492	6	0	6	
MYCO010500	64	0	3	
MYCO010530	1	0	6	
MYCO010590	11	0	4	
MYCO010609	6	0	7	
MYCO010616	0	0	8	
MYCO010634	3	0	4	
MYCO010691	1	0	5	
MYCO010724	1280	0	0	
MYCO010749	6	0	6	
MYCO010755	21	0	4	
MYCO010787	14	0	2	
MYCO010959	2	0	3	
MYCO011028	0	0	4	
MYCO011087	10	0	6	
MYCO011089	1	0	6	
MYCO011116	7	0	5	
MYCO011135	1	0	15	
MYCO011159	0	0	5	
MYCO011290	9	0	5	
MYCO011322	2	0	12	
MYCO011366	6	0	5	
MYCO011473	6	0	6	
MYCO011489	32	0	4	
MYCO011498	21	0	9	
MYCO011507	26	0	18	
MYCO011508	13	0	6	
MYCO011638	89	0	7	
MYCO011706	1	0	5	
MYCO011765	14	0	7	
MYCO011888	1	0	6	
MYCO011954	4	0	5	
MYCO011962	0	757	11	
MYCO011982	3	0	3	
MYCO011990	18	0	13	
MYCO011991	1	0	3	
MYCO012023	16	0	21	
MYCO012063	29	0	8	
MYCO012077	44	0	8	
MYCO012142	0	0	7	
MYCO012160	702	0	5	
MYCO012219	2	0	8	
MYCO012231	13	0	10	
MYCO012237	8	0	6	
MYCO012250	1279	0	1	
MYCO012274	42	0	6	
MYCO012306	7	0	14	
MYCO012307	5	0	4	
MYCO012309	2	0	10	
MYCO012331	1	0	6	
MYCO012395	6	0	4	
MYCO012401	3	0	2	
MYCO012427	1280	0	0	
MYCO012438	1	0	6	
MYCO012468	0	0	6	
MYCO012530	2	0	9	
MYCO012548	0	0	9	
MYCO012601	0	0	5	
MYCO012614	156	0	8	
MYCO012737	3	0	5	
MYCO012801	0	0	2	
MYCO012828	230	0	7	
MYCO012862	1280	0	0	
MYCO012922	2	0	6	
MYCO012943	8	0	10	
MYCO012970	8	0	2	
MYCO012998	0	0	9	
MYCO013018	483	0	4	
MYCO013022	201	0	7	
MYCO013032	6	0	8	
MYCO013098	5	0	11	
MYCO013136	1	0	12	
MYCO013190	46	0	3	
MYCO013196	0	0	3	
MYCO013197	11	0	6	
MYCO013198	3	0	6	
MYCO013208	2	0	5	
MYCO013221	1	0	8	
MYCO013224	5	0	11	
MYCO013312	14	0	13	
MYCO013324	1280	0	0	
MYCO013395	44	0	12	
MYCO013566	1	0	8	
MYCO013697	14	0	9	
MYCO013705	11	0	15	
MYCO013724	144	0	4	
MYCO013770	1	0	3	
MYCO020078	1	0	9	
MYCO020456	1280	0	0	
MYCO020500	0	0	3	
MYCO022231	929	0	8	
MYCO022306	22	0	7	
MYCO022307	24	0	13	
MYCO022395	13	0	7	
MYCO023224	8	0	5	
MYCO023724	153	0	14	
MYCO023770	1	0	7	
MYCO032307	0	0	6	
