GbGDiv simplified results table from 'accumulate-2.txt' records table.
Isolate records read from table: 512

Locus	Missing	Paralogous	CountNuc
id	0	0	512	
isolate	0	0	512	
rMLST_database_accession	0	0	512	
BACT000001	3	0	24	
BACT000002	20	0	7	
BACT000003	59	0	13	
BACT000004	4	0	5	
BACT000005	11	0	7	
BACT000006	0	0	4	
BACT000007	3	0	8	
BACT000008	2	0	5	
BACT000009	2	0	10	
BACT000010	0	0	3	
BACT000011	5	0	6	
BACT000012	0	0	8	
BACT000013	1	0	7	
BACT000014	1	471	2	
BACT000015	1	0	5	
BACT000016	9	0	8	
BACT000017	5	0	5	
BACT000018	0	395	3	
BACT000019	0	0	2	
BACT000020	1	0	5	
BACT000021	512	0	0	
BACT000030	3	146	9	
BACT000031	1	0	6	
BACT000032	1	0	7	
BACT000033	17	0	9	
BACT000034	3	0	8	
BACT000035	1	0	5	
BACT000036	36	0	8	
BACT000038	1	0	5	
BACT000039	4	0	8	
BACT000040	69	0	5	
BACT000042	1	0	8	
BACT000043	0	0	7	
BACT000044	6	0	5	
BACT000045	0	0	5	
BACT000046	1	0	12	
BACT000047	5	0	4	
BACT000048	0	0	4	
BACT000049	1	0	9	
BACT000050	2	0	4	
BACT000051	20	0	7	
BACT000052	0	0	2	
BACT000053	2	0	4	
BACT000056	0	0	3	
BACT000057	1	491	3	
BACT000058	0	0	4	
BACT000059	0	0	4	
BACT000060	1	0	1	
BACT000061	1	0	5	
BACT000062	0	433	5	
BACT000063	1	0	4	
BACT000064	0	0	5	
BACT000065	1	0	1	
MYCO000001	8	0	23	
MYCO000005	6	0	35	
MYCO000006	6	0	67	
MYCO000009	2	0	8	
MYCO000011	0	0	7	
MYCO000013	0	0	15	
MYCO000015	122	0	16	
MYCO000016	10	0	15	
MYCO000017	5	0	16	
MYCO000019	1	0	11	
MYCO000038	38	0	7	
MYCO000046	2	0	12	
MYCO000047	2	0	10	
MYCO000049	6	0	10	
MYCO000050	60	0	46	
MYCO000051	49	0	28	
MYCO000054	16	0	9	
MYCO000066	4	0	35	
MYCO000068	13	0	23	
MYCO000129	2	0	13	
MYCO000183	17	0	9	
MYCO000184	26	0	9	
MYCO000189	71	0	20	
MYCO000198	5	0	29	
MYCO000204	15	0	9	
MYCO000207	2	0	8	
MYCO000211	11	0	25	
MYCO000223	54	0	14	
MYCO000225	5	0	9	
MYCO000227	60	0	22	
MYCO000228	11	0	14	
MYCO000236	122	0	41	
MYCO000237	16	0	20	
MYCO000238	0	0	8	
MYCO000241	4	0	15	
MYCO000242	104	0	16	
MYCO000243	42	0	17	
MYCO000244	11	253	29	
MYCO000247	3	0	8	
MYCO000248	3	0	13	
MYCO000270	6	0	29	
MYCO000274	32	0	10	
MYCO000321	1	0	7	
MYCO000322	5	0	13	
MYCO000334	2	0	6	
MYCO000337	9	0	12	
MYCO000350	10	0	17	
MYCO000352	59	0	19	
MYCO000357	0	0	10	
MYCO000360	21	0	9	
MYCO000383	110	0	6	
MYCO000384	71	0	15	
MYCO000407	28	0	10	
MYCO000410	13	0	24	
MYCO000411	14	0	12	
MYCO000414	117	0	7	
MYCO000415	118	0	12	
MYCO000417	42	129	9	
MYCO000423	6	0	12	
MYCO000429	1	0	6	
MYCO000432	0	0	6	
MYCO000433	4	0	9	
MYCO000439	22	0	9	
MYCO000440	8	0	11	
MYCO000462	3	0	12	
MYCO000465	5	0	22	
MYCO000466	2	0	7	
MYCO000467	2	0	13	
MYCO000468	9	0	6	
MYCO000472	1	0	7	
MYCO000475	18	0	10	
MYCO000483	8	0	14	
MYCO000484	3	0	11	
MYCO000486	28	0	13	
MYCO000489	80	0	10	
MYCO000490	6	0	14	
MYCO000491	0	0	5	
MYCO000495	2	0	12	
MYCO000496	9	0	12	
MYCO000498	7	0	12	
MYCO000501	6	0	10	
MYCO000502	6	0	4	
MYCO000505	132	0	9	
MYCO000509	12	0	15	
MYCO000510	12	0	10	
MYCO000512	11	0	12	
MYCO000524	48	0	11	
MYCO000527	15	0	6	
MYCO000528	86	0	15	
MYCO000529	18	0	14	
MYCO000548	5	0	7	
MYCO000551	15	0	21	
MYCO000553	51	0	8	
MYCO000555	58	0	7	
MYCO000557	7	0	19	
MYCO000558	27	0	7	
MYCO000562	1	0	16	
MYCO000563	15	0	16	
MYCO000564	5	0	20	
MYCO000566	2	0	7	
MYCO000636	3	0	7	
MYCO000639	25	0	11	
MYCO000647	23	0	15	
MYCO000655	4	0	18	
MYCO000667	29	0	59	
MYCO000668	22	0	66	
MYCO000672	25	0	18	
MYCO000684	14	0	26	
MYCO000685	4	0	5	
MYCO000693	47	0	9	
MYCO000696	16	0	17	
MYCO000732	2	0	14	
MYCO000733	1	0	3	
MYCO000734	51	0	6	
MYCO000757	2	0	9	
MYCO000758	13	0	30	
MYCO000772	15	0	12	
MYCO000777	5	0	8	
MYCO000780	2	0	10	
MYCO000782	499	0	3	
MYCO000788	19	0	5	
MYCO000803	13	0	29	
MYCO000808	4	0	22	
MYCO000809	1	0	13	
MYCO000810	0	0	4	
MYCO000814	102	0	7	
MYCO000815	8	0	9	
MYCO000820	1	0	7	
MYCO000821	3	0	6	
MYCO000823	11	0	19	
MYCO000824	2	0	12	
MYCO000859	10	0	24	
MYCO000860	42	0	23	
MYCO000861	3	0	27	
MYCO000871	1	0	5	
MYCO000876	0	0	18	
MYCO000884	1	0	8	
MYCO000885	8	0	9	
MYCO000886	115	0	14	
MYCO000889	110	0	13	
MYCO000896	8	0	9	
MYCO000902	6	0	8	
MYCO000903	3	0	4	
MYCO000906	132	0	12	
MYCO000926	4	0	16	
MYCO000927	25	0	7	
MYCO000929	52	0	8	
MYCO000946	9	0	16	
MYCO000949	24	0	29	
MYCO000951	4	0	10	
MYCO000952	13	0	14	
MYCO000953	37	0	10	
MYCO000957	59	0	10	
MYCO000981	6	0	8	
MYCO000983	70	0	19	
MYCO000993	21	0	9	
MYCO000994	40	0	16	
MYCO000995	3	0	10	
MYCO001001	4	0	13	
MYCO001002	9	0	13	
MYCO001007	3	0	17	
MYCO001008	30	0	14	
MYCO001009	31	0	8	
MYCO001010	12	0	14	
MYCO001011	4	0	10	
MYCO001013	5	0	14	
MYCO001014	4	0	10	
MYCO001015	5	0	9	
MYCO001017	1	0	9	
MYCO001018	5	0	18	
MYCO001020	60	0	37	
MYCO001022	28	0	8	
MYCO001023	21	0	18	
MYCO001026	33	0	15	
MYCO001070	2	0	6	
MYCO001071	3	0	16	
MYCO001072	2	0	12	
MYCO001077	10	0	17	
MYCO001079	8	0	12	
MYCO001080	23	0	3	
MYCO001082	3	0	10	
MYCO001086	8	0	12	
MYCO001092	18	0	10	
MYCO001094	12	0	6	
MYCO001095	16	0	11	
MYCO001098	8	0	13	
MYCO001099	36	0	9	
MYCO001108	7	0	15	
MYCO001110	1	0	13	
MYCO001112	66	0	10	
MYCO001165	22	0	20	
MYCO001173	33	0	21	
MYCO001177	4	0	1	
MYCO001178	19	0	14	
MYCO001193	50	0	12	
MYCO001201	24	0	18	
MYCO001202	28	0	11	
MYCO001207	40	0	15	
MYCO001208	4	0	9	
MYCO001213	29	0	16	
MYCO001220	28	0	1	
MYCO001221	0	0	10	
MYCO001223	93	0	15	
MYCO001229	12	0	9	
MYCO001238	9	0	10	
MYCO001239	2	0	8	
MYCO001245	18	0	13	
MYCO001248	75	0	35	
MYCO001253	25	0	22	
MYCO001272	43	0	11	
MYCO001273	4	0	17	
MYCO001277	62	0	10	
MYCO001292	7	0	15	
MYCO001293	12	0	6	
MYCO001294	15	0	12	
MYCO001295	7	0	15	
MYCO001297	47	0	17	
MYCO001299	4	0	7	
MYCO001302	3	0	8	
MYCO001305	3	0	3	
MYCO001308	11	0	11	
MYCO001309	2	0	9	
MYCO001310	4	0	10	
MYCO001311	4	0	4	
MYCO001315	1	0	9	
MYCO001321	8	0	9	
MYCO001323	12	0	14	
MYCO001326	5	0	20	
MYCO001327	13	0	16	
MYCO001328	22	0	29	
MYCO001338	15	0	9	
MYCO001340	8	0	8	
MYCO001380	11	0	13	
MYCO001381	56	0	18	
MYCO001383	3	0	15	
MYCO001384	46	0	39	
MYCO001385	88	0	9	
MYCO001388	1	0	8	
MYCO001390	1	0	5	
MYCO001391	94	0	12	
MYCO001392	54	0	29	
MYCO001402	223	0	17	
MYCO001407	70	0	24	
MYCO001408	16	0	6	
MYCO001410	1	0	12	
MYCO001412	1	0	12	
MYCO001415	3	0	12	
MYCO001416	1	0	5	
MYCO001420	5	0	19	
MYCO001421	3	0	8	
MYCO001436	1	0	16	
MYCO001437	10	0	9	
MYCO001438	3	0	7	
MYCO001440	3	0	3	
MYCO001445	28	0	14	
MYCO001447	70	0	19	
MYCO001448	7	0	10	
MYCO001449	23	0	19	
MYCO001451	9	0	19	
MYCO001457	2	0	7	
MYCO001458	5	0	15	
MYCO001462	7	0	19	
MYCO001463	1	0	12	
MYCO001464	27	0	18	
MYCO001465	1	0	6	
MYCO001466	0	0	5	
MYCO001467	11	255	21	
MYCO001473	5	0	11	
MYCO001474	20	0	6	
MYCO001475	5	0	21	
MYCO001479	14	0	10	
MYCO001480	15	0	11	
MYCO001481	3	0	8	
MYCO001483	15	0	6	
MYCO001484	2	0	12	
MYCO001485	16	0	13	
MYCO001493	91	0	16	
MYCO001536	17	0	39	
MYCO001540	4	0	9	
MYCO001547	25	0	33	
MYCO001557	90	0	16	
MYCO001559	120	0	15	
MYCO001564	7	0	20	
MYCO001568	34	0	15	
MYCO001569	99	0	11	
MYCO001589	2	0	9	
MYCO001593	0	0	5	
MYCO001594	7	0	12	
MYCO001595	60	0	17	
MYCO001599	46	0	15	
MYCO001600	0	0	7	
MYCO001601	0	0	8	
MYCO001603	0	0	5	
MYCO001605	0	0	11	
MYCO001609	9	0	10	
MYCO001611	7	0	6	
MYCO001612	1	0	13	
MYCO001617	8	0	13	
MYCO001626	2	0	6	
MYCO001627	21	0	13	
MYCO001629	17	0	29	
MYCO001633	65	0	31	
MYCO001638	27	0	30	
MYCO001641	512	0	0	
MYCO001649	49	0	10	
MYCO001652	24	0	13	
MYCO001653	94	0	8	
MYCO001654	16	0	11	
MYCO001655	63	0	11	
MYCO001656	40	0	6	
MYCO001657	52	0	5	
MYCO001658	16	0	12	
MYCO001659	54	0	17	
MYCO001689	3	0	11	
MYCO001694	17	0	8	
MYCO001695	1	0	11	
MYCO001697	2	0	8	
MYCO001699	3	0	24	
MYCO001701	9	0	9	
MYCO001708	3	0	8	
MYCO001709	0	0	12	
MYCO001711	0	0	12	
MYCO001712	2	0	9	
MYCO001713	21	0	13	
MYCO001821	5	0	29	
MYCO001827	2	0	6	
MYCO001829	7	0	6	
MYCO001830	0	0	15	
MYCO001832	18	0	24	
MYCO001837	17	0	15	
MYCO001842	12	0	18	
MYCO001843	15	0	15	
MYCO001844	7	0	23	
MYCO001854	7	0	14	
MYCO001886	13	0	14	
MYCO001894	24	0	17	
MYCO001981	2	0	5	
MYCO002050	0	0	1	
MYCO002089	38	0	16	
MYCO002090	508	0	2	
MYCO002092	61	0	34	
MYCO002093	8	0	13	
MYCO002096	4	0	12	
MYCO002097	13	0	14	
MYCO002109	5	0	14	
MYCO002110	6	0	10	
MYCO002111	17	0	5	
MYCO002112	231	0	15	
MYCO002115	7	0	24	
MYCO002118	1	0	6	
MYCO002119	2	0	11	
MYCO002121	9	0	6	
MYCO002122	1	0	6	
MYCO002125	5	0	9	
MYCO002130	61	0	8	
MYCO002134	4	0	8	
MYCO002139	13	0	12	
MYCO002140	0	0	7	
MYCO002141	13	0	9	
MYCO002145	9	0	9	
MYCO002150	34	0	11	
MYCO002151	30	0	6	
MYCO002153	110	0	11	
MYCO002154	110	0	8	
MYCO002155	94	0	24	
MYCO002156	2	0	14	
MYCO002157	235	0	13	
MYCO002163	36	0	19	
MYCO002166	4	0	6	
MYCO002170	63	0	5	
MYCO002176	18	0	11	
MYCO002178	3	0	9	
MYCO002179	12	0	2	
MYCO002182	4	0	7	
MYCO002186	1	0	3	
MYCO002187	145	0	16	
MYCO002188	4	0	20	
MYCO002192	15	0	9	
MYCO002193	1	0	5	
MYCO002194	4	0	12	
MYCO002195	5	0	10	
MYCO002196	5	0	13	
MYCO002199	0	0	6	
MYCO002200	3	0	9	
MYCO002201	25	0	12	
MYCO002202	26	0	14	
MYCO002210	13	0	13	
MYCO002211	16	0	12	
MYCO002213	28	0	20	
MYCO002216	5	0	17	
MYCO002217	27	0	13	
MYCO002218	29	0	12	
MYCO002219	17	0	8	
MYCO002220	6	0	12	
MYCO002221	127	0	29	
MYCO002222	6	0	18	
MYCO002225	19	0	12	
MYCO002228	8	0	14	
MYCO002230	30	0	15	
MYCO002235	11	0	12	
MYCO002239	0	0	7	
MYCO002241	74	0	24	
MYCO002242	20	0	9	
MYCO002243	55	0	11	
MYCO002244	1	0	2	
MYCO002245	19	0	12	
MYCO002246	5	0	11	
MYCO002247	29	0	15	
MYCO002257	7	0	10	
MYCO002259	25	0	12	
MYCO002315	90	0	9	
MYCO002343	28	0	20	
MYCO002344	83	0	14	
MYCO002357	5	0	14	
MYCO002361	2	0	7	
MYCO002362	11	0	8	
MYCO002364	3	0	8	
MYCO002366	1	0	14	
MYCO002367	0	0	9	
MYCO002368	9	0	9	
MYCO002373	9	0	11	
MYCO002374	16	0	18	
MYCO002399	6	0	9	
MYCO002400	7	0	14	
MYCO002402	7	0	22	
MYCO002404	6	0	19	
MYCO002409	2	0	8	
MYCO002410	1	0	6	
MYCO002411	10	0	16	
MYCO002413	18	0	14	
MYCO002420	26	0	6	
MYCO002421	0	0	5	
MYCO002425	43	0	11	
MYCO002426	167	0	12	
MYCO002427	48	0	10	
MYCO002439	84	0	11	
MYCO002440	10	0	21	
MYCO002445	3	0	4	
MYCO002447	7	0	15	
MYCO002448	29	0	21	
MYCO002454	3	0	15	
MYCO002455	12	0	14	
MYCO002457	6	0	8	
MYCO002460	1	0	7	
MYCO002461	3	0	6	
MYCO002462	41	0	14	
MYCO002465	12	0	3	
MYCO002466	4	0	8	
MYCO002467	17	0	25	
MYCO002470	2	0	6	
MYCO002477	2	0	18	
MYCO002500	0	0	11	
MYCO002502	9	0	22	
MYCO002509	2	0	14	
MYCO002511	4	0	7	
MYCO002518	63	0	8	
MYCO002521	0	0	6	
MYCO002523	8	0	6	
MYCO002524	159	0	56	
MYCO002533	4	0	4	
MYCO002534	0	0	8	
MYCO002538	25	0	10	
MYCO002540	128	0	6	
MYCO002555	10	0	25	
MYCO002559	46	0	11	
MYCO002568	6	0	22	
MYCO002572	20	0	21	
MYCO002575	12	0	11	
MYCO002580	25	0	17	
MYCO002582	6	0	12	
MYCO002583	14	0	20	
MYCO002587	86	0	15	
MYCO002589	16	0	10	
MYCO002592	23	0	13	
MYCO002593	11	0	5	
MYCO002594	0	0	3	
MYCO002603	0	0	8	
MYCO002606	3	0	10	
MYCO002610	15	0	13	
MYCO002611	9	0	8	
MYCO002612	1	0	5	
MYCO002613	1	0	7	
MYCO002614	10	0	16	
MYCO002670	1	0	10	
MYCO002673	66	132	10	
MYCO002676	5	0	7	
MYCO002678	52	0	14	
MYCO002682	17	0	10	
MYCO002696	13	0	10	
MYCO002697	2	0	7	
MYCO002699	0	0	5	
MYCO002702	0	0	17	
MYCO002703	21	0	14	
MYCO002708	2	0	3	
MYCO002710	8	0	10	
MYCO002711	3	0	8	
MYCO002714	4	0	16	
MYCO002715	74	0	8	
MYCO002720	4	0	13	
MYCO002724	10	0	19	
MYCO002725	17	0	13	
MYCO002726	9	0	5	
MYCO002727	36	0	13	
MYCO002731	58	0	10	
MYCO002733	131	0	9	
MYCO002744	19	0	10	
MYCO002748	56	0	26	
MYCO002750	8	0	10	
MYCO002753	3	0	12	
MYCO002754	3	0	7	
MYCO002764	10	0	12	
MYCO002773	2	0	5	
MYCO002782	47	0	13	
MYCO002783	18	0	16	
MYCO002788	54	0	7	
MYCO002794	2	0	8	
MYCO002795	11	0	12	
MYCO002828	233	69	16	
MYCO002838	9	0	6	
MYCO002839	207	0	22	
MYCO002841	3	0	16	
MYCO002846	2	0	12	
MYCO002847	12	0	21	
MYCO002861	5	0	11	
MYCO002864	8	0	17	
MYCO002868	2	0	11	
MYCO002870	16	0	6	
MYCO002882	2	0	8	
MYCO002883	0	0	7	
MYCO002889	13	0	9	
MYCO002894	67	0	5	
MYCO002901	1	0	4	
MYCO002902	34	0	7	
MYCO002915	12	0	14	
MYCO002916	35	0	19	
MYCO002917	85	0	20	
MYCO002918	29	0	24	
MYCO002919	1	0	5	
MYCO002921	15	0	10	
MYCO002927	3	0	12	
MYCO002965	2	0	1	
MYCO002967	38	0	21	
MYCO002976	8	0	12	
MYCO002981	24	0	19	
MYCO002982	2	0	15	
MYCO002984	10	0	17	
MYCO002988	14	0	15	
MYCO002992	19	0	21	
MYCO002993	1	0	6	
MYCO002995	23	0	15	
MYCO002996	32	0	22	
MYCO003001	3	0	7	
MYCO003003	25	0	13	
MYCO003006	22	0	7	
MYCO003009	5	0	9	
MYCO003010	54	0	9	
MYCO003011	102	0	9	
MYCO003014	45	0	18	
MYCO003024	26	0	16	
MYCO003025	19	0	12	
MYCO003027	7	0	13	
MYCO003028	66	0	9	
MYCO003029	5	0	11	
MYCO003031	25	0	21	
MYCO003032	55	0	12	
MYCO003034	3	0	8	
MYCO003038	3	0	9	
MYCO003042	7	0	11	
MYCO003043	2	0	11	
MYCO003045	1	0	8	
MYCO003048	4	0	6	
MYCO003049	17	0	17	
MYCO003051	9	0	11	
MYCO003052	5	0	2	
MYCO003053	1	0	2	
MYCO003054	26	0	7	
MYCO003057	2	0	12	
MYCO003085	27	0	9	
MYCO003100	2	0	7	
MYCO003101	3	0	9	
MYCO003102	1	0	9	
MYCO003105	27	0	9	
MYCO003117	8	0	9	
MYCO003118	102	0	7	
MYCO003139	6	0	17	
MYCO003140	4	0	17	
MYCO003193	18	0	30	
MYCO003194	0	0	10	
MYCO003195	50	0	16	
MYCO003197	3	0	18	
MYCO003198	27	0	19	
MYCO003205	5	0	8	
MYCO003206	2	0	16	
MYCO003207	5	0	11	
MYCO003208	9	0	13	
MYCO003211	38	0	19	
MYCO003213	1	0	10	
MYCO003214	4	0	7	
MYCO003219	0	0	4	
MYCO003220	5	0	16	
MYCO003221	0	0	7	
MYCO003223	0	0	8	
MYCO003228	47	0	12	
MYCO003229	5	0	19	
MYCO003240	54	0	20	
MYCO003241	28	0	11	
MYCO003245	2	0	19	
MYCO003246	4	0	3	
MYCO003248	5	0	15	
MYCO003252	29	0	11	
MYCO003255	13	0	9	
MYCO003257	24	0	9	
MYCO003258	31	0	2	
MYCO003261	2	0	12	
MYCO003262	27	0	9	
MYCO003264	3	0	12	
MYCO003265	18	0	8	
MYCO003267	42	0	11	
MYCO003274	0	0	14	
MYCO003275	19	0	11	
MYCO003276	14	0	15	
MYCO003277	2	0	9	
MYCO003280	6	0	17	
MYCO003285	20	0	18	
MYCO003290	2	0	13	
MYCO003296	158	0	46	
MYCO003302	10	0	15	
MYCO003303	506	0	1	
MYCO003304	6	0	2	
MYCO003305	12	0	15	
MYCO003306	41	0	17	
MYCO003313	5	0	11	
MYCO003317	1	0	14	
MYCO003318	26	0	14	
MYCO003319	7	0	10	
MYCO003328	34	0	13	
MYCO003329	6	0	20	
MYCO003330	53	0	10	
MYCO003336	4	0	10	
MYCO003340	4	0	15	
MYCO003341	69	0	9	
MYCO003356	2	0	11	
MYCO003392	5	393	11	
MYCO003396	11	0	16	
MYCO003409	14	0	15	
MYCO003410	97	0	9	
MYCO003411	26	0	17	
MYCO003412	0	0	5	
MYCO003417	1	297	12	
MYCO003418	0	0	3	
MYCO003419	23	0	12	
MYCO003422	1	0	5	
MYCO003432	1	0	9	
MYCO003433	177	0	6	
MYCO003436	125	0	15	
MYCO003441	63	0	22	
MYCO003455	19	0	6	
MYCO003457	5	0	13	
MYCO003462	4	0	8	
MYCO003464	2	0	13	
MYCO003490	10	0	21	
MYCO003500	6	0	15	
MYCO003501	3	0	10	
MYCO003504	5	0	12	
MYCO003520	8	0	16	
MYCO003570	1	0	13	
MYCO003571	7	0	10	
MYCO003579	81	0	20	
MYCO003580	12	0	13	
MYCO003583	1	0	3	
MYCO003589	124	0	9	
MYCO003592	2	0	6	
MYCO003596	39	0	25	
MYCO003598	6	0	15	
MYCO003600	3	0	10	
MYCO003601	7	0	9	
MYCO003609	2	0	7	
MYCO003610	59	0	21	
MYCO003624	1	0	8	
MYCO003628	3	0	7	
MYCO003644	21	0	13	
MYCO003646	87	0	30	
MYCO003647	12	0	8	
MYCO003648	2	0	6	
MYCO003668	2	0	7	
MYCO003670	24	0	10	
MYCO003674	2	0	10	
MYCO003676	0	0	10	
MYCO003677	6	0	11	
MYCO003679	5	0	16	
MYCO003680	14	0	13	
MYCO003682	17	0	22	
MYCO003683	10	0	12	
MYCO003684	7	0	5	
MYCO003695	4	0	17	
MYCO003696	26	0	24	
MYCO003705	0	0	11	
MYCO003707	19	0	10	
MYCO003708	17	0	11	
MYCO003709	17	0	15	
MYCO003710	209	0	13	
MYCO003711	6	0	18	
MYCO003712	69	0	9	
MYCO003713	5	0	8	
MYCO003715	0	0	8	
MYCO003717	0	0	9	
MYCO003718	0	0	6	
MYCO003719	6	0	15	
MYCO003720	16	0	16	
MYCO003721	47	0	17	
MYCO003722	4	0	14	
MYCO003765	60	0	13	
MYCO003774	1	0	14	
MYCO003775	11	0	28	
MYCO003777	30	0	12	
MYCO003778	3	0	13	
MYCO003780	53	0	9	
MYCO003781	3	0	3	
MYCO003782	7	0	12	
MYCO003783	8	0	10	
MYCO003790	5	0	13	
MYCO003791	5	0	16	
MYCO003793	93	0	38	
MYCO003794	32	0	55	
MYCO003795	33	0	68	
MYCO003799	3	0	18	
MYCO003801	4	0	20	
MYCO003802	15	0	10	
MYCO003804	8	0	18	
MYCO003806	0	0	19	
MYCO003808	33	0	19	
MYCO003809	0	0	14	
MYCO003816	40	0	7	
MYCO003834	20	0	12	
MYCO003835	78	0	14	
MYCO003842	17	0	23	
MYCO003847	206	0	7	
MYCO003849	0	0	2	
MYCO003858	5	0	18	
MYCO003859	57	0	36	
MYCO003907	5	0	17	
MYCO003908	19	0	11	
MYCO003913	8	0	27	
MYCO003915	2	0	16	
MYCO003917	1	0	23	
MYCO003918	3	0	17	
MYCO003920	2	0	16	
MYCO003921	5	0	23	
MYCO013678	0	0	6	
MYCO000002	8	0	32	
MYCO000003	3	0	21	
MYCO000004	3	0	21	
MYCO000007	58	0	26	
MYCO000008	1	0	14	
MYCO000010	2	0	26	
MYCO000012	4	0	21	
MYCO000014	2	0	31	
MYCO000018	30	0	25	
MYCO000020	30	0	41	
MYCO000021	79	0	21	
MYCO000022	8	0	12	
MYCO000023	7	0	19	
MYCO000024	153	0	13	
MYCO000025	57	0	9	
MYCO000026	20	0	39	
MYCO000027	2	0	9	
MYCO000028	1	0	7	
MYCO000029	41	0	28	
MYCO000030	102	0	8	
MYCO000031	4	0	5	
MYCO000032	164	0	30	
MYCO000033	1	0	5	
MYCO000034	1	0	8	
MYCO000035	8	0	34	
MYCO000036	15	0	19	
MYCO000037	8	0	26	
MYCO000039	21	0	8	
MYCO000040	13	0	21	
MYCO000041	54	0	46	
MYCO000042	35	0	14	
MYCO000043	4	0	16	
MYCO000044	69	0	14	
MYCO000045	233	0	15	
MYCO000048	1	0	20	
MYCO000052	17	4	10	
MYCO000057	1	314	10	
MYCO000058	11	0	26	
MYCO000059	3	0	14	
MYCO000060	2	0	10	
MYCO000061	113	0	7	
MYCO000062	24	0	23	
MYCO000063	36	0	32	
MYCO000064	224	0	38	
MYCO000065	1	0	5	
MYCO000067	2	0	12	
MYCO000069	16	0	26	
MYCO000070	4	288	18	
MYCO000071	137	0	18	
MYCO000072	119	0	9	
MYCO000073	4	219	20	
MYCO000074	199	0	13	
MYCO000075	28	0	15	
MYCO000076	0	0	4	
MYCO000077	7	0	7	
MYCO000078	11	0	10	
MYCO000079	9	0	14	
MYCO000080	11	0	17	
MYCO000081	1	0	14	
MYCO000082	127	0	9	
MYCO000083	188	0	15	
MYCO000084	2	0	9	
MYCO000085	32	0	11	
MYCO000086	42	0	20	
MYCO000087	33	0	15	
MYCO000088	3	0	14	
MYCO000089	5	0	13	
MYCO000090	13	0	12	
MYCO000091	8	0	9	
MYCO000092	36	0	36	
MYCO000093	14	0	15	
MYCO000094	498	6	11	
MYCO000095	223	0	52	
MYCO000096	54	0	24	
MYCO000097	3	0	8	
MYCO000098	4	0	11	
MYCO000099	160	0	13	
MYCO000100	2	0	3	
MYCO000101	26	0	76	
MYCO000102	17	0	27	
MYCO000103	25	0	28	
MYCO000104	160	0	23	
MYCO000106	11	0	17	
MYCO000107	506	0	1	
MYCO000108	2	0	2	
MYCO000109	174	0	19	
MYCO000110	1	0	10	
MYCO000111	18	0	32	
MYCO000112	9	0	21	
MYCO000113	26	0	15	
MYCO000114	28	0	11	
MYCO000115	66	0	19	
MYCO000116	3	0	11	
MYCO000117	1	0	15	
MYCO000118	16	0	29	
MYCO000119	16	0	28	
MYCO000120	13	0	32	
MYCO000121	15	0	15	
MYCO000122	3	0	4	
MYCO000123	1	0	5	
MYCO000124	497	0	1	
MYCO000125	34	0	10	
MYCO000126	9	0	23	
MYCO000127	5	0	21	
MYCO000128	8	0	9	
MYCO000130	1	0	8	
MYCO000131	4	0	20	
MYCO000132	26	0	16	
MYCO000133	53	0	10	
MYCO000134	171	0	10	
MYCO000135	1	0	5	
MYCO000136	54	0	26	
MYCO000137	68	0	9	
MYCO000138	59	0	11	
MYCO000139	5	0	15	
MYCO000140	1	0	6	
MYCO000141	3	0	11	
MYCO000142	88	0	15	
MYCO000143	41	0	22	
MYCO000144	38	0	9	
MYCO000145	23	0	11	
MYCO000146	102	0	10	
MYCO000147	20	0	14	
MYCO000148	7	0	6	
MYCO000149	106	0	13	
MYCO000150	7	0	3	
MYCO000151	36	0	27	
MYCO000152	8	0	25	
MYCO000153	12	0	13	
MYCO000154	6	0	11	
MYCO000155	19	0	11	
MYCO000156	1	0	7	
MYCO000157	40	0	17	
MYCO000158	2	0	15	
MYCO000159	39	0	21	
MYCO000160	7	0	26	
MYCO000161	15	0	23	
MYCO000162	29	0	14	
MYCO000163	0	0	10	
MYCO000164	1	0	9	
MYCO000165	264	0	3	
MYCO000166	5	0	21	
MYCO000167	1	261	11	
MYCO000168	11	0	17	
MYCO000169	16	0	23	
MYCO000170	3	0	9	
MYCO000171	146	0	13	
MYCO000172	29	0	27	
MYCO000173	3	0	14	
MYCO000174	12	0	18	
MYCO000175	8	0	21	
MYCO000176	17	0	13	
MYCO000177	0	0	7	
MYCO000178	0	0	8	
MYCO000179	28	0	13	
MYCO000180	61	0	26	
MYCO000181	0	0	11	
MYCO000182	41	0	23	
MYCO000185	8	0	8	
MYCO000186	33	0	26	
MYCO000187	10	0	9	
MYCO000188	2	0	8	
MYCO000190	0	0	7	
MYCO000191	50	0	12	
MYCO000192	135	0	11	
MYCO000193	10	0	30	
MYCO000194	38	0	54	
MYCO000195	96	0	9	
MYCO000196	5	0	10	
MYCO000197	512	0	0	
MYCO000199	1	0	11	
MYCO000200	8	0	7	
MYCO000201	41	0	5	
MYCO000202	21	0	31	
MYCO000203	30	0	6	
MYCO000205	74	0	11	
MYCO000206	32	0	26	
MYCO000208	5	0	6	
MYCO000209	38	0	12	
MYCO000210	47	0	13	
MYCO000212	11	0	16	
MYCO000213	7	0	19	
MYCO000214	14	0	27	
MYCO000215	63	0	14	
MYCO000216	7	0	10	
MYCO000217	53	0	12	
MYCO000218	156	0	13	
MYCO000219	0	0	12	
MYCO000220	19	0	14	
MYCO000221	59	0	14	
MYCO000222	15	0	8	
MYCO000224	13	0	5	
MYCO000226	29	0	15	
MYCO000229	1	0	11	
MYCO000230	2	0	22	
MYCO000231	8	0	16	
MYCO000232	3	0	7	
MYCO000233	48	0	6	
MYCO000234	30	0	17	
MYCO000235	7	0	27	
MYCO000239	2	0	3	
MYCO000240	2	0	8	
MYCO000245	3	0	8	
MYCO000246	26	0	16	
MYCO000249	5	0	12	
MYCO000250	1	0	3	
MYCO000251	0	0	4	
MYCO000252	11	0	26	
MYCO000253	3	0	7	
MYCO000254	4	0	6	
MYCO000255	57	0	20	
MYCO000256	146	0	17	
MYCO000257	67	0	8	
MYCO000258	4	0	8	
MYCO000259	2	0	11	
MYCO000260	7	0	15	
MYCO000261	10	0	18	
MYCO000262	3	0	8	
MYCO000263	47	0	11	
MYCO000264	8	0	7	
MYCO000265	4	0	15	
MYCO000266	134	0	42	
MYCO000267	52	0	18	
MYCO000268	8	0	4	
MYCO000269	11	0	10	
MYCO000271	19	0	27	
MYCO000272	14	0	12	
MYCO000273	8	0	11	
MYCO000275	50	0	15	
MYCO000276	29	148	12	
MYCO000277	19	205	25	
MYCO000278	512	0	0	
MYCO000279	480	0	20	
MYCO000280	223	0	21	
MYCO000281	27	0	9	
MYCO000282	8	0	26	
MYCO000283	45	0	18	
MYCO000284	103	0	43	
MYCO000285	16	0	4	
MYCO000286	153	0	14	
MYCO000287	2	3	2	
MYCO000288	0	0	7	
MYCO000289	10	0	15	
MYCO000290	88	0	20	
MYCO000291	70	0	14	
MYCO000292	6	0	12	
MYCO000293	15	0	18	
MYCO000294	12	0	22	
MYCO000295	3	0	6	
MYCO000296	7	0	16	
MYCO000297	274	0	31	
MYCO000298	2	0	5	
MYCO000299	1	0	6	
MYCO000300	2	0	5	
MYCO000301	0	0	7	
MYCO000302	11	0	8	
MYCO000303	7	0	9	
MYCO000304	73	0	92	
MYCO000305	501	0	3	
MYCO000306	3	0	11	
MYCO000307	2	0	10	
MYCO000308	1	0	15	
MYCO000309	3	0	8	
MYCO000310	1	0	6	
MYCO000311	5	0	17	
MYCO000312	46	0	25	
MYCO000313	1	0	5	
MYCO000314	19	0	12	
MYCO000315	131	0	14	
MYCO000316	49	0	10	
MYCO000317	6	0	13	
MYCO000318	5	0	11	
MYCO000319	9	0	10	
MYCO000320	0	0	9	
MYCO000323	58	0	10	
MYCO000324	1	0	10	
MYCO000325	260	0	1	
MYCO000326	30	0	6	
MYCO000327	37	0	16	
MYCO000328	4	0	3	
MYCO000329	15	0	9	
MYCO000330	4	0	14	
MYCO000331	35	0	20	
MYCO000332	8	0	16	
MYCO000333	0	0	7	
MYCO000335	73	0	3	
MYCO000336	449	53	8	
MYCO000338	111	0	26	
MYCO000339	79	0	35	
MYCO000340	1	0	11	
MYCO000341	167	0	13	
MYCO000342	14	0	20	
MYCO000343	21	0	23	
MYCO000344	4	0	8	
MYCO000345	1	0	8	
MYCO000346	24	0	13	
MYCO000347	2	4	10	
MYCO000348	4	0	5	
MYCO000349	6	0	11	
MYCO000351	16	0	8	
MYCO000353	0	0	7	
MYCO000354	512	0	0	
MYCO000355	304	0	66	
MYCO000356	46	0	10	
MYCO000358	145	0	6	
MYCO000359	6	0	15	
MYCO000361	2	0	7	
MYCO000362	3	0	19	
MYCO000363	5	0	18	
MYCO000364	2	0	15	
MYCO000365	15	0	16	
MYCO000366	7	0	8	
MYCO000367	4	0	9	
MYCO000368	21	0	18	
MYCO000369	2	0	7	
MYCO000370	3	0	13	
MYCO000371	5	0	5	
MYCO000372	15	0	10	
MYCO000373	17	0	39	
MYCO000374	1	0	10	
MYCO000375	49	0	10	
MYCO000376	36	0	15	
MYCO000377	39	0	16	
MYCO000378	68	0	4	
MYCO000379	2	0	7	
MYCO000380	8	0	13	
MYCO000381	5	0	12	
MYCO000382	3	0	4	
MYCO000385	0	0	7	
MYCO000386	51	0	35	
MYCO000387	190	0	6	
MYCO000388	512	0	0	
MYCO000389	73	0	19	
MYCO000390	0	0	6	
MYCO000391	11	0	7	
MYCO000392	23	0	25	
MYCO000393	173	0	24	
MYCO000394	7	0	9	
MYCO000395	94	0	6	
MYCO000396	3	0	7	
MYCO000397	86	165	25	
MYCO000398	29	0	10	
MYCO000399	9	0	24	
MYCO000400	13	0	12	
MYCO000401	29	0	1	
MYCO000402	105	0	28	
MYCO000403	115	0	5	
MYCO000404	19	0	39	
MYCO000405	252	0	48	
MYCO000406	5	0	8	
MYCO000408	5	0	22	
MYCO000409	5	0	19	
MYCO000412	4	0	20	
MYCO000413	18	0	9	
MYCO000416	0	0	6	
MYCO000418	4	0	20	
MYCO000419	11	0	18	
MYCO000420	2	0	10	
MYCO000421	3	0	9	
MYCO000422	1	0	11	
MYCO000424	0	0	7	
MYCO000425	125	0	46	
MYCO000426	9	0	6	
MYCO000427	9	0	11	
MYCO000428	26	0	13	
MYCO000430	7	0	4	
MYCO000431	1	0	6	
MYCO000434	2	0	11	
MYCO000435	32	0	30	
MYCO000436	36	0	11	
MYCO000437	27	0	6	
MYCO000438	11	0	14	
MYCO000441	37	0	9	
MYCO000442	7	0	20	
MYCO000443	17	0	6	
MYCO000444	85	0	14	
MYCO000445	1	0	7	
MYCO000446	106	0	8	
MYCO000447	18	0	18	
MYCO000448	12	0	4	
MYCO000449	5	0	9	
MYCO000450	11	0	22	
MYCO000451	2	0	4	
MYCO000452	1	0	8	
MYCO000453	142	0	16	
MYCO000454	3	0	4	
MYCO000455	1	0	7	
MYCO000456	4	0	19	
MYCO000457	66	0	19	
MYCO000458	41	0	18	
MYCO000459	20	0	10	
MYCO000460	1	0	4	
MYCO000461	7	0	8	
MYCO000463	10	0	6	
MYCO000464	0	0	7	
MYCO000469	15	0	16	
MYCO000470	5	0	8	
MYCO000471	10	0	12	
MYCO000473	4	0	11	
MYCO000474	1	0	7	
MYCO000476	2	0	2	
MYCO000477	9	0	3	
MYCO000478	2	0	11	
MYCO000479	58	0	7	
MYCO000480	19	0	11	
MYCO000481	3	0	7	
MYCO000482	6	0	11	
MYCO000485	10	0	16	
MYCO000487	19	0	11	
MYCO000488	2	0	10	
MYCO000492	68	0	26	
MYCO000493	13	0	15	
MYCO000494	14	0	8	
MYCO000497	73	0	10	
MYCO000499	14	0	11	
MYCO000500	52	0	11	
MYCO000503	3	0	8	
MYCO000504	0	0	7	
MYCO000506	3	0	1	
MYCO000507	47	0	44	
MYCO000508	0	0	3	
MYCO000511	86	0	18	
MYCO000513	4	0	5	
MYCO000514	6	0	7	
MYCO000515	449	25	8	
MYCO000516	0	0	4	
MYCO000517	9	0	14	
MYCO000518	1	0	9	
MYCO000519	58	0	11	
MYCO000520	6	0	3	
MYCO000521	0	0	7	
MYCO000522	1	0	16	
MYCO000523	29	0	6	
MYCO000525	50	0	10	
MYCO000526	4	0	8	
MYCO000530	50	0	17	
MYCO000531	68	0	6	
MYCO000532	480	0	2	
MYCO000533	15	0	8	
MYCO000534	18	0	10	
MYCO000535	5	0	7	
MYCO000536	87	0	7	
MYCO000537	40	0	26	
MYCO000538	130	0	28	
MYCO000539	206	0	3	
MYCO000540	44	0	3	
MYCO000541	19	0	18	
MYCO000542	75	0	11	
MYCO000543	0	0	4	
MYCO000544	48	0	5	
MYCO000545	15	0	12	
MYCO000546	1	0	9	
MYCO000547	30	0	14	
MYCO000549	11	0	5	
MYCO000550	3	0	1	
MYCO000552	114	0	15	
MYCO000554	36	0	12	
MYCO000556	2	0	7	
MYCO000559	10	0	6	
MYCO000560	2	0	9	
MYCO000561	31	0	7	
MYCO000565	27	0	19	
MYCO000567	7	0	14	
MYCO000568	18	0	20	
MYCO000569	2	0	3	
MYCO000570	35	0	21	
MYCO000571	46	0	14	
MYCO000572	3	0	4	
MYCO000573	33	0	22	
MYCO000574	35	0	14	
MYCO000575	34	0	16	
MYCO000576	34	0	15	
MYCO000577	39	0	14	
MYCO000578	388	0	33	
MYCO000579	31	0	11	
MYCO000580	1	0	6	
MYCO000581	14	0	5	
MYCO000582	1	0	5	
MYCO000583	14	0	10	
MYCO000584	9	0	32	
MYCO000585	22	0	20	
MYCO000586	1	169	9	
MYCO000587	16	0	15	
MYCO000588	25	0	14	
MYCO000589	7	0	16	
MYCO000590	263	0	7	
MYCO000591	41	0	17	
MYCO000592	97	0	11	
MYCO000593	8	0	14	
MYCO000594	31	0	23	
MYCO000595	2	0	6	
MYCO000596	4	0	4	
MYCO000597	3	0	8	
MYCO000598	3	0	9	
MYCO000599	1	286	4	
MYCO000600	28	0	6	
MYCO000601	24	0	9	
MYCO000602	64	0	8	
MYCO000603	105	0	3	
MYCO000604	24	0	16	
MYCO000605	3	0	7	
MYCO000606	8	0	11	
MYCO000607	0	0	5	
MYCO000608	1	0	2	
MYCO000609	4	0	5	
MYCO000610	58	0	10	
MYCO000611	1	0	5	
MYCO000612	67	0	7	
MYCO000613	143	0	22	
MYCO000614	21	0	13	
MYCO000615	4	0	4	
MYCO000616	4	0	5	
MYCO000617	1	0	10	
MYCO000618	63	0	7	
MYCO000619	512	0	0	
MYCO000620	147	0	10	
MYCO000621	71	0	7	
MYCO000622	3	0	14	
MYCO000623	1	0	2	
MYCO000624	1	0	6	
MYCO000625	35	0	13	
MYCO000626	3	0	6	
MYCO000627	1	0	2	
MYCO000628	46	241	21	
MYCO000629	104	0	17	
MYCO000630	138	0	27	
MYCO000631	138	0	30	
MYCO000632	0	0	6	
MYCO000633	5	0	19	
MYCO000634	2	0	6	
MYCO000635	5	0	11	
MYCO000637	4	0	8	
MYCO000638	9	0	6	
MYCO000642	6	0	12	
MYCO000643	16	0	6	
MYCO000644	0	3	15	
MYCO000645	2	0	13	
MYCO000646	9	0	7	
MYCO000648	182	0	38	
MYCO000649	198	0	3	
MYCO000650	146	0	7	
MYCO000653	7	0	6	
MYCO000654	63	0	16	
MYCO000656	6	0	11	
MYCO000657	2	0	2	
MYCO000658	6	0	13	
MYCO000659	3	0	5	
MYCO000660	4	0	6	
MYCO000661	7	0	3	
MYCO000662	4	0	4	
MYCO000663	42	0	25	
MYCO000664	1	0	3	
MYCO000665	8	0	3	
MYCO000666	1	0	3	
MYCO000669	45	0	20	
MYCO000670	93	0	5	
MYCO000671	11	0	10	
MYCO000673	75	0	13	
MYCO000674	6	0	6	
MYCO000675	26	0	6	
MYCO000676	3	220	35	
MYCO000677	0	0	6	
MYCO000678	1	0	6	
MYCO000679	7	0	6	
MYCO000680	1	0	4	
MYCO000681	1	0	8	
MYCO000686	77	0	5	
MYCO000687	6	0	6	
MYCO000688	8	0	14	
MYCO000689	23	0	3	
MYCO000690	5	0	9	
MYCO000691	0	0	7	
MYCO000692	0	0	2	
MYCO000694	24	0	17	
MYCO000695	2	0	13	
MYCO000697	4	0	15	
MYCO000698	95	0	14	
MYCO000699	0	0	5	
MYCO000711	40	0	22	
MYCO000712	1	0	6	
MYCO000713	2	0	16	
MYCO000724	52	0	18	
MYCO000725	5	0	9	
MYCO000726	15	0	17	
MYCO000727	32	0	13	
MYCO000728	13	0	18	
MYCO000729	83	0	15	
MYCO000730	16	0	9	
MYCO000731	49	0	8	
MYCO000735	2	0	9	
MYCO000736	13	0	16	
MYCO000737	1	0	7	
MYCO000738	74	0	7	
MYCO000739	270	0	4	
MYCO000740	138	0	15	
MYCO000741	4	57	11	
MYCO000742	512	0	0	
MYCO000743	3	0	5	
MYCO000744	25	0	7	
MYCO000745	71	0	9	
MYCO000746	466	0	7	
MYCO000747	473	0	8	
MYCO000748	49	0	7	
MYCO000749	19	232	24	
MYCO000750	123	176	14	
MYCO000751	19	0	9	
MYCO000752	9	0	17	
MYCO000753	29	0	20	
MYCO000754	141	0	21	
MYCO000755	61	0	38	
MYCO000756	16	0	15	
MYCO000759	0	0	3	
MYCO000760	19	0	7	
MYCO000761	6	0	8	
MYCO000762	0	0	4	
MYCO000763	0	0	5	
MYCO000764	2	0	19	
MYCO000765	15	0	7	
MYCO000766	124	0	11	
MYCO000767	42	0	8	
MYCO000768	11	0	18	
MYCO000769	3	0	8	
MYCO000770	29	0	13	
MYCO000771	7	0	6	
MYCO000773	7	0	23	
MYCO000774	21	0	16	
MYCO000775	7	0	11	
MYCO000776	20	0	10	
MYCO000778	23	0	12	
MYCO000779	167	0	6	
MYCO000781	499	0	1	
MYCO000783	6	0	24	
MYCO000784	18	0	7	
MYCO000785	21	0	9	
MYCO000786	24	0	7	
MYCO000787	77	0	13	
MYCO000789	1	0	4	
MYCO000790	1	0	12	
MYCO000791	11	0	21	
MYCO000792	1	0	12	
MYCO000793	2	0	3	
MYCO000794	9	0	12	
MYCO000795	55	0	4	
MYCO000796	512	0	0	
MYCO000797	505	0	2	
MYCO000798	6	0	7	
MYCO000799	0	0	11	
MYCO000800	3	0	18	
MYCO000801	2	0	6	
MYCO000802	13	0	13	
MYCO000804	100	0	7	
MYCO000805	1	0	13	
MYCO000806	5	0	17	
MYCO000807	2	0	3	
MYCO000811	26	0	8	
MYCO000812	5	0	10	
MYCO000813	35	0	9	
MYCO000816	0	0	11	
MYCO000817	1	0	10	
MYCO000818	14	0	12	
MYCO000819	8	0	14	
MYCO000822	93	0	15	
MYCO000825	4	0	14	
MYCO000826	33	0	11	
MYCO000827	46	0	9	
MYCO000828	12	0	7	
MYCO000829	15	154	12	
MYCO000830	6	0	18	
MYCO000831	4	0	10	
MYCO000832	121	0	4	
MYCO000833	406	0	18	
MYCO000834	311	0	23	
MYCO000835	42	0	12	
MYCO000836	267	0	5	
MYCO000837	17	0	14	
MYCO000838	3	0	8	
MYCO000839	6	0	5	
MYCO000840	4	0	13	
MYCO000841	7	0	8	
MYCO000842	28	0	13	
MYCO000843	3	0	16	
MYCO000844	11	0	13	
MYCO000845	7	0	17	
MYCO000846	27	0	16	
MYCO000847	63	0	8	
MYCO000848	10	0	18	
MYCO000849	71	0	15	
MYCO000850	3	0	2	
MYCO000851	32	0	9	
MYCO000852	6	0	10	
MYCO000853	22	0	17	
MYCO000854	2	0	7	
MYCO000855	15	0	15	
MYCO000856	1	0	7	
MYCO000857	3	0	9	
MYCO000858	32	0	22	
MYCO000862	47	0	34	
MYCO000863	2	0	3	
MYCO000864	3	0	7	
MYCO000865	4	0	4	
MYCO000866	44	0	6	
MYCO000867	262	0	17	
MYCO000868	5	0	5	
MYCO000869	31	0	13	
MYCO000870	2	0	8	
MYCO000872	238	0	17	
MYCO000873	12	0	15	
MYCO000874	47	243	15	
MYCO000875	4	0	9	
MYCO000877	3	0	6	
MYCO000878	367	0	17	
MYCO000879	13	0	3	
MYCO000880	6	0	6	
MYCO000881	4	0	6	
MYCO000882	7	0	6	
MYCO000883	15	0	10	
MYCO000887	3	0	3	
MYCO000888	115	0	18	
MYCO000890	28	0	31	
MYCO000891	17	0	9	
MYCO000892	6	0	22	
MYCO000893	7	0	19	
MYCO000894	10	0	17	
MYCO000895	13	0	14	
MYCO000897	125	0	20	
MYCO000898	0	0	1	
MYCO000899	1	0	10	
MYCO000900	1	0	3	
MYCO000901	27	0	11	
MYCO000904	81	0	14	
MYCO000905	4	0	8	
MYCO000907	512	0	0	
MYCO000908	6	0	23	
MYCO000909	5	0	3	
MYCO000910	3	0	4	
MYCO000911	33	0	11	
MYCO000912	1	0	6	
MYCO000913	20	0	15	
MYCO000914	23	0	22	
MYCO000915	89	0	22	
MYCO000916	1	0	8	
MYCO000917	8	0	20	
MYCO000918	6	0	9	
MYCO000919	0	0	6	
MYCO000920	12	0	12	
MYCO000921	8	0	6	
MYCO000922	22	0	24	
MYCO000923	1	0	21	
MYCO000924	41	0	12	
MYCO000925	5	0	7	
MYCO000928	9	0	8	
MYCO000930	8	0	7	
MYCO000931	22	0	28	
MYCO000932	8	0	15	
MYCO000933	5	0	14	
MYCO000934	68	0	9	
MYCO000935	8	0	13	
MYCO000936	8	0	10	
MYCO000937	1	0	7	
MYCO000938	4	0	34	
MYCO000939	11	0	26	
MYCO000940	2	0	10	
MYCO000941	7	0	13	
MYCO000942	1	0	2	
MYCO000943	7	0	14	
MYCO000944	4	0	13	
MYCO000945	17	0	8	
MYCO000947	3	0	4	
MYCO000948	0	0	5	
MYCO000950	22	0	18	
MYCO000954	17	0	19	
MYCO000955	106	0	14	
MYCO000956	52	0	11	
MYCO000958	66	0	18	
MYCO000959	90	0	22	
MYCO000960	6	0	4	
MYCO000961	4	322	3	
MYCO000962	26	0	11	
MYCO000963	33	0	7	
MYCO000964	6	0	3	
MYCO000965	2	0	9	
MYCO000966	58	0	12	
MYCO000967	4	0	3	
MYCO000968	5	0	5	
MYCO000969	126	0	30	
MYCO000970	1	0	6	
MYCO000971	51	0	7	
MYCO000972	2	0	23	
MYCO000973	33	0	29	
MYCO000974	23	0	20	
MYCO000975	51	0	10	
MYCO000976	66	0	16	
MYCO000977	306	0	20	
MYCO000978	472	0	19	
MYCO000979	3	0	4	
MYCO000980	494	0	13	
MYCO000982	19	0	15	
MYCO000984	7	0	3	
MYCO000985	0	0	11	
MYCO000986	15	0	14	
MYCO000987	34	0	45	
MYCO000988	16	0	24	
MYCO000989	5	0	26	
MYCO000990	14	0	9	
MYCO000991	0	0	3	
MYCO000992	30	0	6	
MYCO000996	4	0	16	
MYCO000997	0	0	8	
MYCO000998	14	0	8	
MYCO000999	9	0	7	
MYCO001000	7	0	4	
MYCO001003	29	0	9	
MYCO001004	208	0	20	
MYCO001005	132	0	5	
MYCO001006	13	0	21	
MYCO001012	61	0	6	
MYCO001016	5	0	6	
MYCO001019	0	0	4	
MYCO001021	5	0	7	
MYCO001024	42	0	9	
MYCO001025	6	0	4	
MYCO001027	3	0	9	
MYCO001028	148	0	23	
MYCO001029	5	0	27	
MYCO001030	6	0	27	
MYCO001031	9	0	8	
MYCO001032	13	0	18	
MYCO001033	5	0	8	
MYCO001034	70	0	8	
MYCO001035	90	0	11	
MYCO001036	13	0	5	
MYCO001037	46	238	67	
MYCO001038	294	54	50	
MYCO001039	107	0	9	
MYCO001040	60	0	9	
MYCO001041	24	2	16	
MYCO001042	8	0	9	
MYCO001043	3	0	12	
MYCO001044	0	0	5	
MYCO001045	104	0	10	
MYCO001046	512	0	0	
MYCO001047	503	3	4	
MYCO001048	2	0	21	
MYCO001049	3	0	6	
MYCO001050	23	0	11	
MYCO001051	3	0	13	
MYCO001052	3	0	5	
MYCO001053	1	0	6	
MYCO001054	0	0	6	
MYCO001055	0	0	3	
MYCO001056	5	16	13	
MYCO001057	2	0	15	
MYCO001058	15	0	12	
MYCO001059	8	0	17	
MYCO001060	2	0	7	
MYCO001061	2	0	10	
MYCO001062	30	0	11	
MYCO001063	12	0	20	
MYCO001064	31	0	7	
MYCO001065	14	0	9	
MYCO001066	59	0	3	
MYCO001067	510	0	2	
MYCO001068	499	0	5	
MYCO001069	15	0	21	
MYCO001073	8	0	15	
MYCO001074	10	0	8	
MYCO001075	15	0	17	
MYCO001076	4	0	12	
MYCO001078	133	0	4	
MYCO001081	9	0	7	
MYCO001083	0	0	2	
MYCO001084	181	0	6	
MYCO001085	5	0	10	
MYCO001087	436	0	22	
MYCO001088	44	0	9	
MYCO001089	512	0	0	
MYCO001090	3	0	7	
MYCO001091	464	0	19	
MYCO001093	15	0	16	
MYCO001096	12	0	10	
MYCO001097	5	0	14	
MYCO001100	5	0	8	
MYCO001101	17	0	14	
MYCO001102	2	0	6	
MYCO001103	1	0	3	
MYCO001104	1	0	14	
MYCO001105	6	0	5	
MYCO001106	15	0	9	
MYCO001107	0	0	5	
MYCO001109	2	0	6	
MYCO001111	3	0	17	
MYCO001113	0	0	2	
MYCO001114	1	0	8	
MYCO001115	10	0	18	
MYCO001116	4	0	3	
MYCO001117	1	0	5	
MYCO001118	27	0	12	
MYCO001119	1	0	1	
MYCO001120	2	0	7	
MYCO001121	15	0	18	
MYCO001122	48	0	12	
MYCO001123	5	0	12	
MYCO001124	12	0	12	
MYCO001125	62	0	17	
MYCO001126	3	0	9	
MYCO001127	4	0	16	
MYCO001128	175	0	17	
MYCO001129	2	0	32	
MYCO001130	8	0	16	
MYCO001131	2	0	13	
MYCO001132	84	0	22	
MYCO001133	68	0	18	
MYCO001134	32	0	4	
MYCO001135	151	0	23	
MYCO001136	1	0	3	
MYCO001137	4	0	7	
MYCO001138	9	0	10	
MYCO001139	46	0	9	
MYCO001140	1	0	8	
MYCO001141	2	262	15	
MYCO001142	2	297	12	
MYCO001143	7	0	14	
MYCO001144	8	0	11	
MYCO001145	264	0	4	
MYCO001146	8	0	17	
MYCO001147	2	0	9	
MYCO001148	500	2	10	
MYCO001149	8	0	9	
MYCO001150	512	0	0	
MYCO001151	6	0	5	
MYCO001152	4	0	6	
MYCO001153	11	0	13	
MYCO001154	1	0	7	
MYCO001155	4	0	6	
MYCO001156	4	0	8	
MYCO001157	231	0	8	
MYCO001158	116	0	9	
MYCO001159	1	0	15	
MYCO001160	15	0	9	
MYCO001161	23	0	32	
MYCO001162	8	0	14	
MYCO001163	5	0	6	
MYCO001164	3	0	6	
MYCO001166	22	0	12	
MYCO001167	4	0	6	
MYCO001168	84	0	11	
MYCO001169	4	0	5	
MYCO001170	6	0	10	
MYCO001171	1	0	7	
MYCO001172	79	0	13	
MYCO001174	1	0	7	
MYCO001175	200	0	23	
MYCO001176	25	0	6	
MYCO001179	96	0	37	
MYCO001180	511	0	1	
MYCO001181	37	0	50	
MYCO001182	5	0	13	
MYCO001183	7	0	33	
MYCO001184	5	0	15	
MYCO001185	12	0	17	
MYCO001186	38	0	22	
MYCO001187	62	0	16	
MYCO001188	33	0	15	
MYCO001189	13	0	9	
MYCO001190	67	0	11	
MYCO001191	93	0	14	
MYCO001192	57	0	7	
MYCO001194	4	0	16	
MYCO001195	2	0	2	
MYCO001196	260	33	111	
MYCO001197	294	62	50	
MYCO001198	46	244	67	
MYCO001199	503	3	4	
MYCO001200	34	0	14	
MYCO001203	33	0	6	
MYCO001204	37	0	22	
MYCO001205	9	0	8	
MYCO001206	8	0	15	
MYCO001209	5	0	4	
MYCO001210	2	0	3	
MYCO001211	0	0	4	
MYCO001212	6	0	13	
MYCO001214	18	0	7	
MYCO001215	78	0	25	
MYCO001216	10	0	8	
MYCO001217	93	0	22	
MYCO001218	2	0	15	
MYCO001219	4	0	12	
MYCO001222	1	0	9	
MYCO001224	0	0	11	
MYCO001225	128	0	13	
MYCO001226	87	0	17	
MYCO001227	4	0	7	
MYCO001228	1	0	9	
MYCO001230	50	0	21	
MYCO001231	12	0	9	
MYCO001232	10	0	21	
MYCO001233	23	0	13	
MYCO001234	7	0	10	
MYCO001235	2	0	12	
MYCO001236	6	0	10	
MYCO001237	2	0	5	
MYCO001240	12	0	14	
MYCO001241	6	0	6	
MYCO001242	3	0	5	
MYCO001243	338	0	14	
MYCO001244	75	0	13	
MYCO001246	2	0	7	
MYCO001247	4	0	2	
MYCO001249	8	0	13	
MYCO001250	60	0	16	
MYCO001251	151	0	30	
MYCO001252	1	0	7	
MYCO001254	51	0	13	
MYCO001255	5	0	12	
MYCO001256	13	0	20	
MYCO001257	3	0	17	
MYCO001258	113	0	14	
MYCO001259	19	0	6	
MYCO001260	52	0	13	
MYCO001261	4	0	9	
MYCO001262	5	0	7	
MYCO001263	50	0	10	
MYCO001264	14	0	18	
MYCO001265	13	0	2	
MYCO001266	115	0	19	
MYCO001267	4	0	12	
MYCO001268	35	0	13	
MYCO001269	97	0	3	
MYCO001270	27	0	10	
MYCO001271	2	0	5	
MYCO001274	56	0	4	
MYCO001275	2	0	9	
MYCO001276	33	0	10	
MYCO001278	102	0	22	
MYCO001279	8	0	14	
MYCO001280	5	0	16	
MYCO001281	13	0	20	
MYCO001282	2	0	5	
MYCO001283	15	0	11	
MYCO001284	1	0	5	
MYCO001285	1	0	16	
MYCO001286	4	0	28	
MYCO001287	0	0	5	
MYCO001288	218	0	19	
MYCO001289	2	0	9	
MYCO001290	83	115	18	
MYCO001291	3	0	7	
MYCO001296	18	0	12	
MYCO001300	58	0	6	
MYCO001301	2	0	13	
MYCO001303	2	0	6	
MYCO001304	3	0	11	
MYCO001306	2	0	7	
MYCO001307	6	0	19	
MYCO001312	5	0	11	
MYCO001313	282	5	12	
MYCO001314	3	0	6	
MYCO001316	4	0	6	
MYCO001317	29	0	18	
MYCO001318	21	0	23	
MYCO001319	385	0	17	
MYCO001320	24	0	26	
MYCO001322	28	0	2	
MYCO001324	60	0	16	
MYCO001325	333	0	22	
MYCO001329	67	0	17	
MYCO001330	40	0	20	
MYCO001331	3	0	4	
MYCO001332	0	0	8	
MYCO001333	25	0	16	
MYCO001334	15	0	5	
MYCO001335	13	0	5	
MYCO001336	40	0	9	
MYCO001337	0	0	10	
MYCO001339	5	0	11	
MYCO001341	3	0	8	
MYCO001342	3	0	3	
MYCO001343	5	0	10	
MYCO001344	0	0	6	
MYCO001345	5	0	14	
MYCO001346	1	0	7	
MYCO001347	0	0	12	
MYCO001348	33	0	26	
MYCO001349	17	0	17	
MYCO001350	3	0	7	
MYCO001351	2	0	8	
MYCO001352	1	0	11	
MYCO001353	22	0	12	
MYCO001354	35	0	20	
MYCO001355	80	0	34	
MYCO001356	30	0	12	
MYCO001357	6	0	16	
MYCO001358	149	0	32	
MYCO001359	13	0	10	
MYCO001360	17	0	7	
MYCO001361	250	36	115	
MYCO001362	3	0	11	
MYCO001363	47	0	14	
MYCO001364	38	0	21	
MYCO001365	3	0	7	
MYCO001366	30	0	10	
MYCO001367	38	0	17	
MYCO001368	15	0	16	
MYCO001369	512	0	0	
MYCO001370	55	0	4	
MYCO001371	116	0	14	
MYCO001372	5	0	14	
MYCO001373	10	0	14	
MYCO001374	1	0	10	
MYCO001375	32	0	19	
MYCO001376	44	0	17	
MYCO001377	2	0	11	
MYCO001378	71	0	18	
MYCO001379	7	0	9	
MYCO001382	16	0	8	
MYCO001386	17	0	3	
MYCO001387	203	0	15	
MYCO001389	13	0	16	
MYCO001393	17	0	13	
MYCO001394	6	0	15	
MYCO001395	2	0	15	
MYCO001396	354	0	15	
MYCO001397	4	0	9	
MYCO001398	1	0	3	
MYCO001399	11	0	16	
MYCO001400	16	0	14	
MYCO001401	16	0	9	
MYCO001403	36	0	14	
MYCO001404	1	0	5	
MYCO001405	2	0	11	
MYCO001406	47	0	11	
MYCO001409	65	0	11	
MYCO001411	0	0	10	
MYCO001413	2	0	9	
MYCO001414	1	0	9	
MYCO001417	1	0	11	
MYCO001418	2	0	8	
MYCO001419	1	0	5	
MYCO001422	30	0	10	
MYCO001423	30	0	15	
MYCO001424	9	0	11	
MYCO001425	4	0	23	
MYCO001426	7	0	12	
MYCO001427	29	0	16	
MYCO001428	1	0	12	
MYCO001429	25	0	17	
MYCO001430	61	0	18	
MYCO001431	5	0	27	
MYCO001432	51	0	8	
MYCO001433	2	0	6	
MYCO001434	1	0	2	
MYCO001435	109	0	9	
MYCO001439	0	143	7	
MYCO001441	276	0	28	
MYCO001442	31	0	35	
MYCO001443	4	0	8	
MYCO001444	5	0	5	
MYCO001446	80	0	16	
MYCO001450	512	0	0	
MYCO001452	473	0	15	
MYCO001453	11	0	15	
MYCO001454	7	0	16	
MYCO001455	19	0	9	
MYCO001456	24	0	12	
MYCO001459	42	0	17	
MYCO001460	83	0	8	
MYCO001461	13	0	33	
MYCO001468	273	0	11	
MYCO001469	45	0	21	
MYCO001470	1	0	2	
MYCO001471	3	0	2	
MYCO001472	6	0	21	
MYCO001476	0	0	10	
MYCO001477	17	0	17	
MYCO001478	8	0	8	
MYCO001482	4	0	13	
MYCO001486	3	0	15	
MYCO001487	1	0	6	
MYCO001488	8	0	9	
MYCO001489	1	0	8	
MYCO001490	7	0	21	
MYCO001491	1	0	12	
MYCO001492	52	0	18	
MYCO001494	0	0	6	
MYCO001495	0	0	6	
MYCO001496	6	0	11	
MYCO001497	12	0	14	
MYCO001498	5	0	12	
MYCO001499	3	0	6	
MYCO001500	10	0	15	
MYCO001501	6	0	10	
MYCO001502	12	0	13	
MYCO001503	512	0	0	
MYCO001504	153	0	7	
MYCO001505	6	0	12	
MYCO001506	16	0	5	
MYCO001507	14	0	17	
MYCO001508	24	13	22	
MYCO001509	46	0	7	
MYCO001510	2	277	20	
MYCO001511	12	0	13	
MYCO001512	10	0	9	
MYCO001513	10	0	7	
MYCO001514	8	0	10	
MYCO001515	10	0	8	
MYCO001516	35	0	13	
MYCO001517	9	0	9	
MYCO001518	24	0	12	
MYCO001519	91	0	4	
MYCO001520	97	0	17	
MYCO001521	23	0	13	
MYCO001522	51	0	35	
MYCO001523	14	0	14	
MYCO001524	61	0	20	
MYCO001525	69	0	10	
MYCO001526	53	0	13	
MYCO001527	131	0	55	
MYCO001528	4	0	5	
MYCO001529	13	0	30	
MYCO001530	8	0	17	
MYCO001531	2	0	6	
MYCO001532	12	0	10	
MYCO001533	19	0	13	
MYCO001534	3	0	11	
MYCO001535	3	0	3	
MYCO001537	23	0	14	
MYCO001538	37	0	13	
MYCO001539	4	0	7	
MYCO001541	5	0	7	
MYCO001542	3	4	3	
MYCO001543	4	0	14	
MYCO001544	11	0	13	
MYCO001545	3	0	4	
MYCO001546	10	0	11	
MYCO001548	22	0	28	
MYCO001549	506	0	1	
MYCO001550	64	0	17	
MYCO001551	122	0	22	
MYCO001552	19	0	29	
MYCO001553	25	0	9	
MYCO001554	2	0	9	
MYCO001555	2	0	4	
MYCO001556	2	0	7	
MYCO001558	7	0	3	
MYCO001560	1	0	2	
MYCO001561	3	0	7	
MYCO001562	58	0	21	
MYCO001563	41	0	18	
MYCO001565	79	0	19	
MYCO001566	19	0	17	
MYCO001567	0	0	7	
MYCO001570	59	0	7	
MYCO001571	46	0	6	
MYCO001572	358	0	2	
MYCO001573	326	0	3	
MYCO001574	350	0	6	
MYCO001575	512	0	0	
MYCO001576	111	68	36	
MYCO001577	313	0	3	
MYCO001578	315	0	5	
MYCO001579	310	0	3	
MYCO001580	313	0	3	
MYCO001581	392	0	3	
MYCO001582	316	0	7	
MYCO001583	39	89	10	
MYCO001584	329	0	1	
MYCO001585	358	0	8	
MYCO001586	322	0	7	
MYCO001587	509	0	2	
MYCO001588	496	0	12	
MYCO001590	0	0	4	
MYCO001591	3	0	19	
MYCO001592	4	0	17	
MYCO001596	4	0	9	
MYCO001597	4	0	10	
MYCO001598	6	0	4	
MYCO001602	2	0	6	
MYCO001604	1	0	14	
MYCO001606	4	0	6	
MYCO001607	9	0	12	
MYCO001608	1	0	3	
MYCO001610	66	0	9	
MYCO001613	1	0	13	
MYCO001614	6	0	18	
MYCO001615	0	0	7	
MYCO001616	1	0	4	
MYCO001618	2	0	12	
MYCO001619	25	0	14	
MYCO001620	83	0	8	
MYCO001621	68	0	11	
MYCO001622	5	0	16	
MYCO001623	5	0	16	
MYCO001624	4	0	14	
MYCO001625	28	0	13	
MYCO001628	8	0	5	
MYCO001631	10	0	15	
MYCO001632	8	0	7	
MYCO001634	7	0	17	
MYCO001635	11	0	19	
MYCO001636	2	0	6	
MYCO001637	26	0	11	
MYCO001639	104	168	17	
MYCO001640	17	0	52	
MYCO001644	46	0	11	
MYCO001645	54	0	14	
MYCO001646	55	0	9	
MYCO001647	147	0	10	
MYCO001648	1	0	10	
MYCO001650	88	0	30	
MYCO001651	295	0	31	
MYCO001660	85	0	10	
MYCO001661	165	0	57	
MYCO001662	141	0	58	
MYCO001663	14	0	27	
MYCO001664	41	0	29	
MYCO001665	27	0	15	
MYCO001666	21	0	12	
MYCO001667	7	0	7	
MYCO001668	499	0	1	
MYCO001669	16	0	4	
MYCO001670	3	0	8	
MYCO001671	0	0	9	
MYCO001672	44	0	13	
MYCO001673	35	0	13	
MYCO001674	40	0	6	
MYCO001675	39	0	13	
MYCO001676	1	0	16	
MYCO001677	4	0	10	
MYCO001678	64	0	14	
MYCO001679	7	0	12	
MYCO001680	8	0	13	
MYCO001681	4	0	7	
MYCO001682	43	0	13	
MYCO001683	84	0	17	
MYCO001684	5	0	3	
MYCO001685	3	0	6	
MYCO001686	4	0	14	
MYCO001687	3	0	11	
MYCO001688	17	0	12	
MYCO001690	1	0	4	
MYCO001691	31	0	10	
MYCO001692	66	0	12	
MYCO001693	1	0	2	
MYCO001696	2	0	18	
MYCO001698	52	0	7	
MYCO001700	1	0	12	
MYCO001702	66	0	15	
MYCO001703	1	0	9	
MYCO001704	5	0	23	
MYCO001705	117	0	13	
MYCO001706	43	0	12	
MYCO001707	13	0	21	
MYCO001710	0	0	9	
MYCO001714	69	0	11	
MYCO001715	67	0	10	
MYCO001716	2	0	17	
MYCO001717	103	0	6	
MYCO001718	10	0	17	
MYCO001719	14	0	17	
MYCO001720	12	0	5	
MYCO001721	0	0	4	
MYCO001722	52	0	21	
MYCO001723	31	0	12	
MYCO001724	11	0	3	
MYCO001725	27	0	10	
MYCO001726	34	0	23	
MYCO001727	4	0	4	
MYCO001728	3	0	13	
MYCO001729	6	0	16	
MYCO001730	92	0	25	
MYCO001731	42	0	11	
MYCO001732	31	0	4	
MYCO001733	0	0	13	
MYCO001734	2	0	3	
MYCO001735	4	0	9	
MYCO001736	92	213	25	
MYCO001737	93	0	11	
MYCO001738	7	0	4	
MYCO001739	27	0	19	
MYCO001740	0	0	7	
MYCO001741	1	163	5	
MYCO001742	16	0	11	
MYCO001743	56	0	13	
MYCO001744	89	0	5	
MYCO001745	3	0	13	
MYCO001746	31	0	10	
MYCO001747	32	0	25	
MYCO001748	1	0	10	
MYCO001749	4	0	9	
MYCO001750	24	0	14	
MYCO001751	13	0	20	
MYCO001752	5	0	9	
MYCO001753	510	0	2	
MYCO001754	218	0	14	
MYCO001755	512	0	0	
MYCO001756	512	0	0	
MYCO001757	55	0	4	
MYCO001758	352	0	9	
MYCO001759	477	0	10	
MYCO001760	272	0	17	
MYCO001761	268	0	8	
MYCO001762	273	0	9	
MYCO001763	55	0	4	
MYCO001764	512	0	0	
MYCO001765	511	0	1	
MYCO001766	1	0	2	
MYCO001767	2	0	5	
MYCO001768	252	0	12	
MYCO001769	35	0	16	
MYCO001770	31	0	17	
MYCO001771	2	0	15	
MYCO001772	4	0	5	
MYCO001773	1	0	15	
MYCO001774	13	0	20	
MYCO001775	136	0	9	
MYCO001776	2	0	10	
MYCO001777	32	0	23	
MYCO001778	60	0	6	
MYCO001779	50	0	25	
MYCO001780	2	0	4	
MYCO001781	54	0	29	
MYCO001782	15	0	15	
MYCO001783	26	0	33	
MYCO001785	2	0	12	
MYCO001786	0	0	3	
MYCO001787	451	0	13	
MYCO001788	2	3	3	
MYCO001789	50	0	16	
MYCO001790	214	0	21	
MYCO001791	3	0	3	
MYCO001792	512	0	0	
MYCO001793	46	184	48	
MYCO001794	1	0	7	
MYCO001795	56	0	18	
MYCO001796	26	0	28	
MYCO001797	4	0	19	
MYCO001798	6	0	9	
MYCO001799	45	0	5	
MYCO001800	27	0	28	
MYCO001801	149	0	17	
MYCO001802	99	0	15	
MYCO001803	154	0	14	
MYCO001804	3	0	8	
MYCO001805	1	0	10	
MYCO001806	2	0	6	
MYCO001807	512	0	0	
MYCO001808	37	0	16	
MYCO001809	32	0	18	
MYCO001810	0	0	6	
MYCO001811	4	0	14	
MYCO001812	22	0	16	
MYCO001813	2	0	6	
MYCO001814	29	0	15	
MYCO001815	81	0	17	
MYCO001816	84	143	10	
MYCO001817	65	0	17	
MYCO001818	352	0	15	
MYCO001819	20	0	17	
MYCO001820	16	0	18	
MYCO001822	4	0	8	
MYCO001823	16	0	13	
MYCO001824	0	0	9	
MYCO001825	2	0	11	
MYCO001826	1	0	4	
MYCO001828	1	0	4	
MYCO001831	9	0	2	
MYCO001833	4	0	11	
MYCO001834	2	0	10	
MYCO001835	28	0	27	
MYCO001836	36	0	20	
MYCO001838	2	0	6	
MYCO001839	1	0	4	
MYCO001840	249	0	14	
MYCO001841	8	0	12	
MYCO001845	95	0	10	
MYCO001846	4	0	8	
MYCO001847	5	0	13	
MYCO001848	6	0	4	
MYCO001849	0	0	4	
MYCO001850	31	0	20	
MYCO001851	49	0	9	
MYCO001852	16	0	3	
MYCO001853	3	0	9	
MYCO001855	6	0	12	
MYCO001856	77	0	10	
MYCO001857	3	0	7	
MYCO001858	5	0	5	
MYCO001859	11	0	15	
MYCO001860	84	0	19	
MYCO001861	1	0	7	
MYCO001862	5	0	11	
MYCO001863	4	0	12	
MYCO001864	2	0	4	
MYCO001865	2	0	7	
MYCO001866	16	0	22	
MYCO001867	30	0	17	
MYCO001868	43	0	28	
MYCO001869	19	0	9	
MYCO001870	63	0	7	
MYCO001871	21	0	6	
MYCO001872	5	0	20	
MYCO001873	11	0	8	
MYCO001874	4	0	15	
MYCO001875	8	0	6	
MYCO001876	7	0	5	
MYCO001877	26	0	25	
MYCO001878	33	0	17	
MYCO001879	26	0	15	
MYCO001880	8	0	19	
MYCO001881	6	0	8	
MYCO001882	4	0	13	
MYCO001883	3	0	12	
MYCO001884	2	0	6	
MYCO001885	3	0	13	
MYCO001887	27	0	16	
MYCO001888	433	0	2	
MYCO001889	4	0	8	
MYCO001890	4	0	3	
MYCO001891	1	0	10	
MYCO001892	1	0	2	
MYCO001893	1	0	5	
MYCO001895	162	0	8	
MYCO001896	35	0	19	
MYCO001897	5	0	10	
MYCO001898	2	0	3	
MYCO001899	199	0	11	
MYCO001900	15	0	22	
MYCO001901	24	0	20	
MYCO001902	13	0	16	
MYCO001903	2	0	12	
MYCO001904	2	0	5	
MYCO001905	5	0	12	
MYCO001906	1	0	6	
MYCO001907	362	0	8	
MYCO001908	18	0	39	
MYCO001909	1	0	8	
MYCO001910	18	0	8	
MYCO001911	16	0	10	
MYCO001912	161	0	10	
MYCO001913	3	0	13	
MYCO001914	1	0	10	
MYCO001915	330	0	7	
MYCO001916	9	0	11	
MYCO001917	511	0	1	
MYCO001918	105	0	33	
MYCO001919	1	0	4	
MYCO001920	2	0	20	
MYCO001921	95	0	21	
MYCO001922	12	0	15	
MYCO001923	13	0	22	
MYCO001924	1	0	6	
MYCO001925	7	0	20	
MYCO001926	1	0	9	
MYCO001927	20	0	8	
MYCO001928	89	0	10	
MYCO001929	105	0	12	
MYCO001930	22	0	9	
MYCO001931	11	0	7	
MYCO001932	10	0	13	
MYCO001933	80	0	14	
MYCO001934	51	0	17	
MYCO001935	10	0	16	
MYCO001936	4	0	16	
MYCO001937	55	0	29	
MYCO001938	10	0	22	
MYCO001939	51	0	7	
MYCO001940	425	0	2	
MYCO001941	13	0	7	
MYCO001942	2	0	4	
MYCO001943	3	0	7	
MYCO001944	2	0	14	
MYCO001945	486	2	10	
MYCO001946	6	0	9	
MYCO001947	9	0	7	
MYCO001948	24	0	10	
MYCO001949	512	0	0	
MYCO001950	2	0	2	
MYCO001951	22	0	3	
MYCO001952	3	0	3	
MYCO001953	2	0	7	
MYCO001954	9	0	10	
MYCO001955	5	0	5	
MYCO001956	7	0	9	
MYCO001957	3	0	8	
MYCO001958	10	0	11	
MYCO001959	0	0	6	
MYCO001960	0	0	5	
MYCO001961	11	0	8	
MYCO001962	2	0	4	
MYCO001963	17	0	6	
MYCO001964	24	0	8	
MYCO001965	23	0	16	
MYCO001966	21	0	17	
MYCO001967	14	0	17	
MYCO001968	172	0	13	
MYCO001969	24	0	15	
MYCO001970	13	0	13	
MYCO001971	51	0	25	
MYCO001972	12	0	8	
MYCO001973	24	0	6	
MYCO001974	10	0	8	
MYCO001975	65	0	9	
MYCO001976	19	0	7	
MYCO001977	68	0	8	
MYCO001978	110	0	11	
MYCO001979	16	0	20	
MYCO001980	4	0	13	
MYCO001982	1	0	9	
MYCO001983	145	0	21	
MYCO001984	24	0	10	
MYCO001985	17	0	11	
MYCO001986	7	0	15	
MYCO001987	5	0	4	
MYCO001988	11	0	9	
MYCO001989	3	0	11	
MYCO001990	0	0	5	
MYCO001991	0	0	5	
MYCO001992	177	0	25	
MYCO001993	101	0	5	
MYCO001994	73	0	3	
MYCO001995	103	0	10	
MYCO001996	98	0	10	
MYCO001997	234	0	16	
MYCO001998	6	0	13	
MYCO001999	47	0	13	
MYCO002000	16	0	22	
MYCO002001	3	0	11	
MYCO002002	4	0	11	
MYCO002003	15	0	14	
MYCO002004	22	0	17	
MYCO002005	5	0	11	
MYCO002006	27	0	43	
MYCO002007	1	0	2	
MYCO002008	5	0	18	
MYCO002009	2	0	3	
MYCO002010	3	0	7	
MYCO002011	0	0	5	
MYCO002012	1	0	13	
MYCO002013	56	0	8	
MYCO002014	13	0	10	
MYCO002015	147	0	24	
MYCO002016	121	0	5	
MYCO002017	11	0	14	
MYCO002018	14	0	6	
MYCO002019	41	0	7	
MYCO002020	25	0	4	
MYCO002021	16	0	2	
MYCO002022	20	0	14	
MYCO002023	36	0	3	
MYCO002024	472	0	6	
MYCO002025	11	0	13	
MYCO002026	1	0	11	
MYCO002027	113	0	16	
MYCO002028	24	0	10	
MYCO002029	19	0	19	
MYCO002030	34	0	21	
MYCO002031	3	0	4	
MYCO002032	28	0	17	
MYCO002033	68	0	13	
MYCO002034	25	0	4	
MYCO002035	0	0	12	
MYCO002036	2	0	10	
MYCO002037	4	0	22	
MYCO002038	2	0	13	
MYCO002039	3	0	7	
MYCO002040	4	0	7	
MYCO002041	3	0	15	
MYCO002042	11	0	14	
MYCO002043	20	0	40	
MYCO002044	91	0	5	
MYCO002045	6	0	23	
MYCO002046	21	0	13	
MYCO002047	26	0	21	
MYCO002048	509	0	3	
MYCO002049	3	0	4	
MYCO002051	51	0	24	
MYCO002052	87	0	16	
MYCO002053	3	0	10	
MYCO002054	6	0	10	
MYCO002059	34	0	28	
MYCO002060	25	0	6	
MYCO002061	5	0	9	
MYCO002062	108	0	32	
MYCO002063	1	0	2	
MYCO002064	81	0	12	
MYCO002065	90	0	9	
MYCO002066	63	0	20	
MYCO002067	9	0	22	
MYCO002068	3	0	9	
MYCO002069	17	0	10	
MYCO002070	199	0	9	
MYCO002071	6	0	19	
MYCO002072	33	0	12	
MYCO002073	28	0	7	
MYCO002074	13	0	5	
MYCO002075	30	0	14	
MYCO002076	1	0	3	
MYCO002077	13	0	18	
MYCO002078	1	0	10	
MYCO002079	122	0	22	
MYCO002080	3	0	7	
MYCO002081	322	0	4	
MYCO002082	252	0	32	
MYCO002083	44	0	14	
MYCO002084	272	0	5	
MYCO002085	3	0	2	
MYCO002086	0	0	8	
MYCO002087	4	0	4	
MYCO002088	170	0	15	
MYCO002091	4	0	8	
MYCO002094	1	0	6	
MYCO002095	68	0	11	
MYCO002098	512	0	0	
MYCO002099	512	0	0	
MYCO002100	114	0	16	
MYCO002101	98	0	31	
MYCO002102	28	0	6	
MYCO002103	5	0	7	
MYCO002104	1	0	6	
MYCO002105	55	0	4	
MYCO002106	512	0	0	
MYCO002107	10	0	7	
MYCO002108	21	0	8	
MYCO002113	15	0	14	
MYCO002114	5	0	9	
MYCO002116	7	0	9	
MYCO002117	9	0	1	
MYCO002120	49	0	5	
MYCO002123	317	0	11	
MYCO002124	39	0	35	
MYCO002126	246	0	5	
MYCO002127	25	0	19	
MYCO002128	2	0	2	
MYCO002129	12	0	12	
MYCO002131	8	0	7	
MYCO002132	4	0	1	
MYCO002133	8	0	5	
MYCO002135	83	0	3	
MYCO002136	7	0	13	
MYCO002137	4	0	7	
MYCO002138	10	0	11	
MYCO002142	2	0	3	
MYCO002143	12	0	14	
MYCO002144	7	0	6	
MYCO002146	1	0	8	
MYCO002147	86	0	9	
MYCO002148	85	0	12	
MYCO002149	9	0	4	
MYCO002152	49	0	17	
MYCO002158	156	0	20	
MYCO002159	109	0	15	
MYCO002160	285	0	6	
MYCO002161	71	161	16	
MYCO002162	378	0	18	
MYCO002164	55	0	16	
MYCO002165	4	0	20	
MYCO002167	512	0	0	
MYCO002168	55	0	4	
MYCO002169	4	0	8	
MYCO002171	1	0	8	
MYCO002172	2	0	10	
MYCO002173	29	0	9	
MYCO002174	9	0	15	
MYCO002175	0	0	7	
MYCO002177	271	14	12	
MYCO002180	87	0	12	
MYCO002181	7	0	14	
MYCO002183	1	0	2	
MYCO002184	4	0	16	
MYCO002185	2	0	7	
MYCO002189	64	0	12	
MYCO002190	87	0	14	
MYCO002191	48	0	19	
MYCO002197	13	0	8	
MYCO002198	60	0	11	
MYCO002203	25	0	9	
MYCO002204	1	0	3	
MYCO002205	63	0	20	
MYCO002206	5	0	8	
MYCO002207	95	0	7	
MYCO002208	35	0	9	
MYCO002209	33	0	27	
MYCO002212	10	0	20	
MYCO002214	11	0	18	
MYCO002215	83	0	17	
MYCO002223	32	0	15	
MYCO002224	6	0	15	
MYCO002226	80	0	15	
MYCO002227	63	0	4	
MYCO002229	5	0	8	
MYCO002231	11	0	13	
MYCO002232	20	0	10	
MYCO002234	2	0	9	
MYCO002236	93	0	11	
MYCO002237	0	0	10	
MYCO002238	1	0	2	
MYCO002240	4	0	8	
MYCO002248	12	0	9	
MYCO002249	67	0	19	
MYCO002250	2	0	6	
MYCO002251	512	0	0	
MYCO002252	1	0	14	
MYCO002253	4	0	9	
MYCO002254	3	0	9	
MYCO002255	2	0	5	
MYCO002256	2	0	5	
MYCO002258	44	0	14	
MYCO002260	2	0	7	
MYCO002261	4	0	5	
MYCO002262	505	0	2	
MYCO002263	107	0	12	
MYCO002264	253	0	16	
MYCO002265	57	0	14	
MYCO002266	4	0	13	
MYCO002267	9	0	18	
MYCO002268	28	0	11	
MYCO002269	2	0	8	
MYCO002270	22	0	16	
MYCO002271	20	0	6	
MYCO002272	21	0	5	
MYCO002273	22	0	7	
MYCO002274	24	0	7	
MYCO002275	69	0	10	
MYCO002276	28	0	16	
MYCO002277	22	478	9	
MYCO002278	55	0	4	
MYCO002279	512	0	0	
MYCO002280	39	0	22	
MYCO002281	7	0	22	
MYCO002282	82	169	8	
MYCO002283	2	0	3	
MYCO002284	27	0	7	
MYCO002285	48	0	16	
MYCO002286	50	146	10	
MYCO002287	13	0	15	
MYCO002288	2	0	7	
MYCO002289	13	0	8	
MYCO002290	2	0	8	
MYCO002291	5	0	11	
MYCO002292	3	0	4	
MYCO002293	263	0	4	
MYCO002294	6	0	16	
MYCO002295	4	0	8	
MYCO002296	17	0	12	
MYCO002297	2	0	6	
MYCO002298	2	0	15	
MYCO002299	13	0	11	
MYCO002300	8	0	13	
MYCO002301	11	0	13	
MYCO002302	0	0	6	
MYCO002303	6	0	13	
MYCO002304	2	0	3	
MYCO002305	40	0	16	
MYCO002307	35	0	13	
MYCO002308	18	0	14	
MYCO002309	1	0	9	
MYCO002310	14	0	7	
MYCO002311	4	0	5	
MYCO002312	0	0	2	
MYCO002313	8	0	14	
MYCO002314	16	0	21	
MYCO002316	4	0	12	
MYCO002317	1	0	7	
MYCO002318	107	0	17	
MYCO002319	207	0	10	
MYCO002320	9	0	18	
MYCO002321	0	0	8	
MYCO002322	1	0	12	
MYCO002323	4	0	12	
MYCO002324	2	0	9	
MYCO002325	31	0	8	
MYCO002326	53	0	18	
MYCO002327	8	0	3	
MYCO002328	5	0	14	
MYCO002329	35	0	25	
MYCO002330	8	0	10	
MYCO002331	0	0	3	
MYCO002332	4	0	16	
MYCO002333	84	0	9	
MYCO002334	5	0	17	
MYCO002335	17	0	12	
MYCO002336	33	0	18	
MYCO002337	17	0	10	
MYCO002338	61	0	16	
MYCO002339	132	0	33	
MYCO002340	65	0	15	
MYCO002341	12	0	8	
MYCO002342	2	0	6	
MYCO002345	48	0	20	
MYCO002346	46	210	59	
MYCO002347	294	58	50	
MYCO002348	2	0	6	
MYCO002349	53	0	20	
MYCO002350	62	184	17	
MYCO002351	62	186	22	
MYCO002352	128	3	15	
MYCO002353	494	0	3	
MYCO002354	55	0	4	
MYCO002355	512	0	0	
MYCO002356	377	0	15	
MYCO002358	0	0	2	
MYCO002359	1	0	9	
MYCO002360	0	0	7	
MYCO002363	143	0	7	
MYCO002365	57	0	2	
MYCO002369	7	0	4	
MYCO002370	5	0	23	
MYCO002371	17	0	4	
MYCO002372	20	0	12	
MYCO002375	0	0	3	
MYCO002376	9	0	9	
MYCO002377	0	0	4	
MYCO002378	11	0	8	
MYCO002379	49	0	29	
MYCO002380	96	0	46	
MYCO002381	43	0	26	
MYCO002382	21	0	16	
MYCO002383	81	67	37	
MYCO002384	42	0	15	
MYCO002385	10	0	13	
MYCO002386	16	0	17	
MYCO002387	1	0	16	
MYCO002388	14	0	12	
MYCO002389	2	0	6	
MYCO002390	6	0	10	
MYCO002391	1	0	16	
MYCO002392	14	0	7	
MYCO002393	20	327	9	
MYCO002394	16	0	25	
MYCO002395	49	0	25	
MYCO002396	290	0	10	
MYCO002397	12	0	13	
MYCO002398	1	0	8	
MYCO002401	1	0	7	
MYCO002403	9	0	4	
MYCO002405	4	0	11	
MYCO002406	16	0	5	
MYCO002407	32	0	8	
MYCO002408	36	0	6	
MYCO002414	44	0	15	
MYCO002415	16	0	11	
MYCO002416	13	0	9	
MYCO002417	89	0	6	
MYCO002418	26	0	7	
MYCO002419	14	0	14	
MYCO002422	4	0	6	
MYCO002423	3	0	14	
MYCO002424	494	0	6	
MYCO002428	9	0	9	
MYCO002429	5	0	9	
MYCO002430	7	0	9	
MYCO002431	4	191	3	
MYCO002432	5	0	5	
MYCO002433	0	0	7	
MYCO002434	92	0	19	
MYCO002435	21	0	29	
MYCO002436	35	0	13	
MYCO002437	113	0	2	
MYCO002438	13	0	16	
MYCO002443	5	0	27	
MYCO002444	43	0	26	
MYCO002446	1	0	5	
MYCO002449	54	0	20	
MYCO002450	39	0	14	
MYCO002451	3	0	6	
MYCO002452	0	0	5	
MYCO002453	4	0	12	
MYCO002456	8	0	10	
MYCO002458	3	0	13	
MYCO002459	8	0	13	
MYCO002463	2	0	12	
MYCO002464	10	0	10	
MYCO002468	5	0	4	
MYCO002469	6	0	13	
MYCO002471	6	0	26	
MYCO002472	0	0	7	
MYCO002473	11	0	12	
MYCO002474	15	0	5	
MYCO002475	0	0	6	
MYCO002476	121	0	37	
MYCO002478	42	0	2	
MYCO002479	512	0	0	
MYCO002480	55	0	4	
MYCO002481	23	0	4	
MYCO002482	27	0	26	
MYCO002483	5	0	20	
MYCO002484	5	0	18	
MYCO002485	15	0	17	
MYCO002486	21	0	6	
MYCO002487	306	0	19	
MYCO002488	109	0	36	
MYCO002489	13	0	4	
MYCO002490	493	0	7	
MYCO002491	14	0	9	
MYCO002492	6	0	15	
MYCO002493	0	0	6	
MYCO002494	2	0	8	
MYCO002495	16	0	18	
MYCO002496	2	0	12	
MYCO002497	5	0	6	
MYCO002498	7	0	9	
MYCO002499	0	0	11	
MYCO002501	49	0	32	
MYCO002503	5	0	16	
MYCO002504	9	0	9	
MYCO002505	18	0	23	
MYCO002506	8	0	6	
MYCO002507	33	0	10	
MYCO002508	10	0	19	
MYCO002510	21	0	22	
MYCO002512	503	3	4	
MYCO002513	4	0	4	
MYCO002514	5	0	8	
MYCO002515	4	0	13	
MYCO002516	2	0	12	
MYCO002517	4	0	3	
MYCO002519	70	0	19	
MYCO002520	0	0	6	
MYCO002522	48	0	19	
MYCO002525	28	0	7	
MYCO002526	149	0	2	
MYCO002527	2	0	6	
MYCO002528	3	0	12	
MYCO002529	46	0	17	
MYCO002530	1	0	6	
MYCO002531	19	0	41	
MYCO002532	4	0	7	
MYCO002535	26	0	9	
MYCO002536	2	0	10	
MYCO002537	2	0	5	
MYCO002539	58	0	3	
MYCO002541	218	0	3	
MYCO002542	62	0	19	
MYCO002543	181	142	17	
MYCO002544	182	152	23	
MYCO002545	110	0	4	
MYCO002546	1	0	9	
MYCO002547	2	0	10	
MYCO002548	3	0	7	
MYCO002549	9	0	5	
MYCO002550	0	0	5	
MYCO002551	37	0	3	
MYCO002552	36	0	17	
MYCO002553	20	0	14	
MYCO002554	13	0	4	
MYCO002556	0	0	6	
MYCO002557	2	0	14	
MYCO002558	5	0	2	
MYCO002560	19	0	13	
MYCO002561	503	0	3	
MYCO002562	1	0	7	
MYCO002563	14	0	17	
MYCO002564	5	183	13	
MYCO002565	14	0	22	
MYCO002566	149	0	36	
MYCO002567	17	0	27	
MYCO002569	6	0	11	
MYCO002570	68	0	8	
MYCO002571	16	0	15	
MYCO002573	13	0	12	
MYCO002574	3	0	8	
MYCO002576	8	0	10	
MYCO002577	6	0	15	
MYCO002578	12	0	13	
MYCO002579	9	0	13	
MYCO002581	0	0	8	
MYCO002584	5	0	9	
MYCO002585	31	0	22	
MYCO002586	68	0	20	
MYCO002588	2	0	8	
MYCO002590	25	0	32	
MYCO002591	239	0	31	
MYCO002595	3	0	4	
MYCO002596	1	0	5	
MYCO002597	6	0	11	
MYCO002598	5	0	5	
MYCO002599	30	0	11	
MYCO002600	5	0	4	
MYCO002601	44	0	17	
MYCO002602	1	0	5	
MYCO002604	9	0	7	
MYCO002605	13	0	10	
MYCO002607	4	0	9	
MYCO002608	94	0	17	
MYCO002609	30	0	11	
MYCO002615	479	0	20	
MYCO002616	4	0	14	
MYCO002617	0	0	8	
MYCO002618	29	0	8	
MYCO002619	1	0	3	
MYCO002620	1	0	3	
MYCO002621	32	0	12	
MYCO002622	6	0	13	
MYCO002623	11	0	11	
MYCO002624	28	0	11	
MYCO002625	4	0	12	
MYCO002626	1	0	5	
MYCO002627	9	0	17	
MYCO002628	6	0	16	
MYCO002629	51	0	8	
MYCO002630	3	0	12	
MYCO002631	12	0	22	
MYCO002632	0	0	3	
MYCO002633	2	0	8	
MYCO002634	293	0	21	
MYCO002635	0	0	2	
MYCO002636	5	0	13	
MYCO002637	28	169	13	
MYCO002638	10	0	9	
MYCO002639	8	0	3	
MYCO002640	9	0	7	
MYCO002641	2	0	3	
MYCO002642	2	0	5	
MYCO002643	28	0	23	
MYCO002644	8	0	2	
MYCO002645	128	0	5	
MYCO002646	81	0	14	
MYCO002647	58	0	4	
MYCO002648	55	0	4	
MYCO002649	512	0	0	
MYCO002650	111	59	35	
MYCO002651	21	108	7	
MYCO002652	63	0	19	
MYCO002653	49	0	9	
MYCO002654	274	0	5	
MYCO002655	166	0	17	
MYCO002656	39	85	10	
MYCO002657	65	0	6	
MYCO002658	49	0	4	
MYCO002659	46	0	11	
MYCO002660	1	0	6	
MYCO002661	1	0	4	
MYCO002662	0	0	5	
MYCO002663	0	0	6	
MYCO002664	1	0	5	
MYCO002665	33	0	5	
MYCO002666	505	0	3	
MYCO002667	7	0	6	
MYCO002668	48	0	8	
MYCO002669	4	0	4	
MYCO002671	9	0	3	
MYCO002672	32	0	14	
MYCO002674	0	0	5	
MYCO002675	2	0	15	
MYCO002677	151	0	13	
MYCO002679	12	0	10	
MYCO002680	58	0	9	
MYCO002681	71	0	11	
MYCO002683	1	0	7	
MYCO002684	5	30	19	
MYCO002685	36	0	15	
MYCO002686	3	0	6	
MYCO002687	5	0	6	
MYCO002688	9	0	11	
MYCO002689	12	0	10	
MYCO002690	17	0	15	
MYCO002691	1	0	12	
MYCO002692	4	0	9	
MYCO002693	3	0	11	
MYCO002694	1	0	10	
MYCO002695	50	0	6	
MYCO002698	2	0	6	
MYCO002700	324	0	6	
MYCO002701	4	0	10	
MYCO002704	2	0	5	
MYCO002705	1	0	3	
MYCO002706	10	0	4	
MYCO002707	3	0	10	
MYCO002709	52	0	15	
MYCO002712	34	0	11	
MYCO002713	14	0	23	
MYCO002716	1	0	10	
MYCO002717	19	0	8	
MYCO002718	0	0	6	
MYCO002719	45	0	11	
MYCO002721	112	0	21	
MYCO002722	1	0	5	
MYCO002723	6	0	12	
MYCO002728	10	0	10	
MYCO002729	4	0	10	
MYCO002730	2	0	10	
MYCO002732	9	0	14	
MYCO002734	4	0	12	
MYCO002735	90	0	12	
MYCO002736	17	0	6	
MYCO002737	1	0	22	
MYCO002738	32	0	3	
MYCO002739	147	0	12	
MYCO002740	2	0	10	
MYCO002741	337	0	16	
MYCO002742	25	0	9	
MYCO002743	39	0	13	
MYCO002745	1	0	4	
MYCO002746	17	0	12	
MYCO002747	4	0	6	
MYCO002749	3	0	4	
MYCO002751	4	0	12	
MYCO002752	12	0	30	
MYCO002755	1	0	5	
MYCO002756	6	0	28	
MYCO002757	10	0	4	
MYCO002758	0	0	6	
MYCO002759	3	0	4	
MYCO002760	9	0	5	
MYCO002761	3	0	16	
MYCO002762	34	0	6	
MYCO002763	3	0	4	
MYCO002765	29	0	15	
MYCO002766	5	0	9	
MYCO002767	0	0	4	
MYCO002768	46	0	22	
MYCO002769	83	0	16	
MYCO002770	19	0	17	
MYCO002771	3	0	7	
MYCO002772	3	0	7	
MYCO002774	107	0	3	
MYCO002775	6	0	8	
MYCO002776	5	0	8	
MYCO002777	52	0	7	
MYCO002778	6	0	7	
MYCO002779	0	0	10	
MYCO002780	19	0	10	
MYCO002781	82	0	13	
MYCO002784	1	0	5	
MYCO002786	1	0	7	
MYCO002787	38	0	27	
MYCO002789	5	0	11	
MYCO002790	36	0	14	
MYCO002791	12	256	17	
MYCO002792	10	0	8	
MYCO002793	54	0	10	
MYCO002796	4	0	12	
MYCO002797	29	0	7	
MYCO002798	1	0	3	
MYCO002799	8	0	14	
MYCO002800	92	0	16	
MYCO002801	3	0	5	
MYCO002802	112	0	12	
MYCO002803	8	0	7	
MYCO002804	6	0	9	
MYCO002805	3	0	5	
MYCO002806	3	0	3	
MYCO002807	152	0	9	
MYCO002808	28	0	4	
MYCO002809	7	0	4	
MYCO002810	512	0	0	
MYCO002811	97	0	4	
MYCO002812	71	0	15	
MYCO002813	52	0	12	
MYCO002814	512	0	0	
MYCO002815	55	0	4	
MYCO002816	124	0	3	
MYCO002817	133	0	13	
MYCO002818	144	0	11	
MYCO002819	134	0	9	
MYCO002820	119	0	16	
MYCO002821	9	0	10	
MYCO002822	3	0	4	
MYCO002823	13	0	28	
MYCO002824	3	0	16	
MYCO002825	398	0	13	
MYCO002826	9	0	8	
MYCO002827	3	0	7	
MYCO002829	14	0	4	
MYCO002830	0	0	5	
MYCO002831	20	0	8	
MYCO002832	16	0	18	
MYCO002833	27	0	19	
MYCO002834	4	0	8	
MYCO002835	4	0	16	
MYCO002836	34	0	13	
MYCO002837	10	0	7	
MYCO002840	0	0	6	
MYCO002842	0	0	4	
MYCO002843	28	0	6	
MYCO002844	4	0	5	
MYCO002845	27	0	18	
MYCO002848	122	0	14	
MYCO002849	5	0	15	
MYCO002850	162	0	22	
MYCO002851	2	0	7	
MYCO002852	13	0	26	
MYCO002853	223	0	27	
MYCO002854	6	0	13	
MYCO002855	18	0	12	
MYCO002856	4	0	11	
MYCO002857	2	0	8	
MYCO002858	55	0	22	
MYCO002859	173	0	13	
MYCO002860	2	0	21	
MYCO002862	1	0	5	
MYCO002863	1	0	7	
MYCO002865	0	0	4	
MYCO002866	0	0	4	
MYCO002867	72	0	10	
MYCO002869	3	0	16	
MYCO002871	105	0	6	
MYCO002872	10	0	6	
MYCO002873	2	0	6	
MYCO002874	30	0	23	
MYCO002875	19	0	8	
MYCO002876	0	0	9	
MYCO002877	19	0	9	
MYCO002878	2	0	11	
MYCO002879	512	0	0	
MYCO002880	476	0	2	
MYCO002881	2	0	7	
MYCO002884	13	0	11	
MYCO002885	27	83	16	
MYCO002886	13	0	10	
MYCO002887	2	0	8	
MYCO002888	44	0	15	
MYCO002891	98	0	11	
MYCO002892	29	0	12	
MYCO002893	5	0	18	
MYCO002895	26	0	15	
MYCO002896	42	0	18	
MYCO002897	32	0	23	
MYCO002898	1	0	8	
MYCO002899	3	0	10	
MYCO002900	8	0	23	
MYCO002903	8	0	11	
MYCO002905	5	0	18	
MYCO002906	0	0	2	
MYCO002907	12	0	6	
MYCO002908	5	0	2	
MYCO002910	1	0	8	
MYCO002911	11	0	12	
MYCO002912	3	0	5	
MYCO002913	11	0	26	
MYCO002914	35	0	11	
MYCO002920	11	0	22	
MYCO002922	94	0	24	
MYCO002923	4	0	7	
MYCO002924	10	0	14	
MYCO002925	3	0	6	
MYCO002926	1	0	9	
MYCO002928	3	0	6	
MYCO002929	7	0	6	
MYCO002930	6	0	22	
MYCO002931	466	0	27	
MYCO002932	149	0	37	
MYCO002933	136	0	34	
MYCO002934	143	0	37	
MYCO002935	74	0	32	
MYCO002936	6	0	8	
MYCO002937	3	0	8	
MYCO002938	3	0	9	
MYCO002939	5	239	11	
MYCO002940	31	0	52	
MYCO002941	7	0	21	
MYCO002942	15	0	26	
MYCO002943	18	0	17	
MYCO002944	4	0	12	
MYCO002945	1	0	7	
MYCO002946	95	0	48	
MYCO002947	269	0	9	
MYCO002948	12	0	25	
MYCO002949	12	0	13	
MYCO002950	22	0	31	
MYCO002951	18	0	13	
MYCO002952	6	0	9	
MYCO002953	4	0	10	
MYCO002954	2	0	16	
MYCO002955	17	0	21	
MYCO002956	6	0	12	
MYCO002957	9	0	13	
MYCO002958	21	0	17	
MYCO002959	73	0	7	
MYCO002960	2	0	6	
MYCO002961	6	0	2	
MYCO002962	51	0	14	
MYCO002963	71	0	10	
MYCO002964	12	0	16	
MYCO002966	19	0	2	
MYCO002968	2	0	6	
MYCO002969	4	0	6	
MYCO002970	11	0	14	
MYCO002971	12	0	10	
MYCO002972	3	0	10	
MYCO002973	26	0	9	
MYCO002974	67	0	15	
MYCO002975	260	0	3	
MYCO002977	32	0	9	
MYCO002978	12	221	20	
MYCO002979	1	0	7	
MYCO002980	46	0	7	
MYCO002983	61	0	13	
MYCO002985	7	0	16	
MYCO002986	9	0	8	
MYCO002987	2	0	6	
MYCO002989	52	0	5	
MYCO002990	4	0	11	
MYCO002991	4	0	10	
MYCO002994	58	0	14	
MYCO002997	46	0	15	
MYCO002998	0	0	6	
MYCO002999	3	0	12	
MYCO003000	4	0	9	
MYCO003002	1	0	3	
MYCO003004	3	0	5	
MYCO003005	2	0	5	
MYCO003007	47	0	5	
MYCO003008	5	0	11	
MYCO003012	1	0	4	
MYCO003013	41	0	3	
MYCO003015	30	0	15	
MYCO003016	4	0	9	
MYCO003017	55	0	4	
MYCO003018	393	0	9	
MYCO003019	0	7	5	
MYCO003020	2	3	5	
MYCO003021	511	0	1	
MYCO003022	512	0	0	
MYCO003023	503	3	4	
MYCO003026	7	0	11	
MYCO003030	12	0	10	
MYCO003033	3	0	9	
MYCO003035	31	0	7	
MYCO003036	2	0	10	
MYCO003037	30	0	11	
MYCO003039	12	0	11	
MYCO003040	25	0	10	
MYCO003041	3	0	9	
MYCO003044	36	0	17	
MYCO003046	4	0	5	
MYCO003047	15	0	8	
MYCO003050	4	0	9	
MYCO003055	3	166	5	
MYCO003056	6	0	17	
MYCO003058	1	0	6	
MYCO003059	8	0	18	
MYCO003060	94	0	23	
MYCO003061	52	0	18	
MYCO003062	149	0	20	
MYCO003063	20	0	36	
MYCO003064	9	0	7	
MYCO003065	14	0	4	
MYCO003066	27	0	9	
MYCO003067	4	0	7	
MYCO003068	9	0	18	
MYCO003069	1	0	7	
MYCO003070	3	0	2	
MYCO003071	20	0	13	
MYCO003072	2	0	9	
MYCO003073	1	0	8	
MYCO003074	165	174	10	
MYCO003075	5	0	6	
MYCO003076	1	0	4	
MYCO003077	40	0	27	
MYCO003078	2	0	8	
MYCO003079	46	0	8	
MYCO003080	59	0	32	
MYCO003081	17	0	14	
MYCO003082	1	0	13	
MYCO003083	26	0	20	
MYCO003084	65	0	14	
MYCO003086	16	0	4	
MYCO003087	27	0	19	
MYCO003088	17	0	18	
MYCO003089	21	0	12	
MYCO003090	17	113	21	
MYCO003091	26	0	19	
MYCO003092	60	0	14	
MYCO003093	126	0	7	
MYCO003094	53	0	14	
MYCO003095	0	0	4	
MYCO003096	7	0	12	
MYCO003097	12	0	23	
MYCO003098	1	0	8	
MYCO003099	14	0	12	
MYCO003103	4	0	6	
MYCO003104	4	0	11	
MYCO003106	9	0	18	
MYCO003107	8	0	21	
MYCO003108	4	0	11	
MYCO003109	13	0	20	
MYCO003110	2	0	4	
MYCO003111	4	0	17	
MYCO003112	7	0	3	
MYCO003113	119	0	15	
MYCO003114	18	0	9	
MYCO003115	503	3	4	
MYCO003116	25	0	8	
MYCO003119	7	0	12	
MYCO003120	6	0	11	
MYCO003121	22	0	15	
MYCO003122	6	0	8	
MYCO003123	6	0	4	
MYCO003124	13	0	12	
MYCO003125	74	0	15	
MYCO003126	6	0	4	
MYCO003127	7	0	19	
MYCO003128	512	0	0	
MYCO003129	46	0	3	
MYCO003130	12	0	16	
MYCO003131	9	0	10	
MYCO003132	16	0	21	
MYCO003133	2	0	7	
MYCO003134	6	0	14	
MYCO003135	325	0	2	
MYCO003136	13	0	13	
MYCO003137	2	0	11	
MYCO003138	10	0	22	
MYCO003141	19	0	13	
MYCO003142	82	0	6	
MYCO003143	1	0	3	
MYCO003144	92	0	16	
MYCO003145	1	0	4	
MYCO003146	0	0	8	
MYCO003147	4	0	3	
MYCO003148	3	0	10	
MYCO003149	7	0	12	
MYCO003150	53	0	14	
MYCO003151	108	0	23	
MYCO003152	2	0	10	
MYCO003153	8	0	11	
MYCO003154	1	0	4	
MYCO003155	1	0	3	
MYCO003156	5	0	11	
MYCO003157	11	0	20	
MYCO003158	2	0	21	
MYCO003159	268	0	22	
MYCO003160	1	0	9	
MYCO003161	41	0	22	
MYCO003162	8	0	3	
MYCO003163	4	0	11	
MYCO003164	7	0	10	
MYCO003165	17	0	5	
MYCO003166	55	0	11	
MYCO003167	5	0	9	
MYCO003168	22	0	20	
MYCO003169	64	0	18	
MYCO003170	49	0	12	
MYCO003171	3	0	15	
MYCO003172	1	0	11	
MYCO003173	2	0	8	
MYCO003174	2	0	19	
MYCO003175	145	0	18	
MYCO003176	12	0	16	
MYCO003177	9	0	4	
MYCO003178	8	0	7	
MYCO003179	40	0	18	
MYCO003180	5	0	7	
MYCO003181	15	0	3	
MYCO003182	5	0	1	
MYCO003183	22	0	2	
MYCO003184	55	0	4	
MYCO003185	512	0	0	
MYCO003186	55	0	4	
MYCO003187	512	0	0	
MYCO003188	4	0	5	
MYCO003189	6	0	11	
MYCO003190	17	0	21	
MYCO003191	5	0	14	
MYCO003192	13	0	6	
MYCO003196	6	0	15	
MYCO003199	45	0	14	
MYCO003200	3	0	15	
MYCO003201	91	0	37	
MYCO003202	73	0	30	
MYCO003203	2	0	7	
MYCO003204	0	0	7	
MYCO003209	2	0	9	
MYCO003210	4	0	11	
MYCO003212	62	0	17	
MYCO003215	1	0	13	
MYCO003216	512	0	0	
MYCO003217	34	0	6	
MYCO003218	3	0	16	
MYCO003222	6	0	7	
MYCO003224	25	0	14	
MYCO003225	7	0	13	
MYCO003226	4	0	9	
MYCO003227	25	0	18	
MYCO003230	22	0	15	
MYCO003231	6	0	8	
MYCO003232	2	0	6	
MYCO003233	0	0	9	
MYCO003234	269	0	5	
MYCO003235	36	0	12	
MYCO003236	37	0	18	
MYCO003237	4	0	5	
MYCO003238	2	0	6	
MYCO003239	265	0	18	
MYCO003242	5	0	7	
MYCO003243	13	0	8	
MYCO003244	45	0	15	
MYCO003247	6	0	5	
MYCO003249	21	0	11	
MYCO003250	1	0	4	
MYCO003251	1	0	3	
MYCO003253	8	0	12	
MYCO003254	13	0	18	
MYCO003256	74	0	14	
MYCO003259	3	0	1	
MYCO003260	0	0	4	
MYCO003263	24	0	14	
MYCO003266	13	0	14	
MYCO003268	15	0	10	
MYCO003269	3	0	2	
MYCO003270	31	0	19	
MYCO003271	3	0	10	
MYCO003272	11	0	16	
MYCO003273	0	0	36	
MYCO003278	3	0	8	
MYCO003279	2	0	14	
MYCO003281	492	0	3	
MYCO003282	2	0	12	
MYCO003283	2	0	9	
MYCO003284	1	0	8	
MYCO003286	63	0	6	
MYCO003287	3	0	5	
MYCO003288	2	0	5	
MYCO003289	6	0	5	
MYCO003291	2	0	6	
MYCO003292	31	0	17	
MYCO003293	72	0	13	
MYCO003294	2	0	8	
MYCO003295	2	0	9	
MYCO003297	11	0	13	
MYCO003298	38	0	3	
MYCO003299	93	0	34	
MYCO003300	5	0	12	
MYCO003301	1	0	7	
MYCO003307	22	0	11	
MYCO003308	58	0	15	
MYCO003309	1	0	6	
MYCO003310	6	0	9	
MYCO003311	8	0	14	
MYCO003312	3	0	11	
MYCO003314	14	0	13	
MYCO003315	2	0	6	
MYCO003316	0	0	3	
MYCO003320	7	0	7	
MYCO003321	0	0	2	
MYCO003322	2	0	10	
MYCO003323	36	0	8	
MYCO003324	38	0	5	
MYCO003325	55	0	4	
MYCO003326	512	0	0	
MYCO003327	507	0	3	
MYCO003331	55	0	14	
MYCO003332	40	0	19	
MYCO003333	131	0	9	
MYCO003334	2	0	7	
MYCO003335	10	0	14	
MYCO003337	59	0	8	
MYCO003338	8	0	10	
MYCO003339	17	0	12	
MYCO003342	43	0	4	
MYCO003343	512	0	0	
MYCO003344	512	0	0	
MYCO003345	510	0	2	
MYCO003346	177	0	5	
MYCO003347	397	0	50	
MYCO003348	15	0	9	
MYCO003349	278	0	11	
MYCO003350	438	0	31	
MYCO003351	74	0	7	
MYCO003352	71	0	4	
MYCO003353	68	0	3	
MYCO003354	67	0	4	
MYCO003355	77	0	5	
MYCO003357	1	0	3	
MYCO003358	0	0	4	
MYCO003359	33	0	10	
MYCO003360	88	0	4	
MYCO003361	9	0	6	
MYCO003362	8	0	10	
MYCO003363	31	0	2	
MYCO003364	8	0	3	
MYCO003365	469	0	8	
MYCO003366	7	0	8	
MYCO003367	236	0	20	
MYCO003368	18	0	12	
MYCO003369	20	0	6	
MYCO003370	117	0	27	
MYCO003371	44	0	24	
MYCO003372	25	0	13	
MYCO003373	62	0	8	
MYCO003374	1	0	4	
MYCO003375	28	0	20	
MYCO003376	3	0	14	
MYCO003377	37	0	25	
MYCO003378	18	0	14	
MYCO003379	9	0	19	
MYCO003380	512	0	0	
MYCO003381	55	0	4	
MYCO003382	26	0	6	
MYCO003383	103	0	20	
MYCO003384	7	0	4	
MYCO003385	8	0	6	
MYCO003386	28	0	11	
MYCO003387	3	0	9	
MYCO003388	388	0	11	
MYCO003389	40	0	12	
MYCO003390	1	0	18	
MYCO003391	29	0	28	
MYCO003393	8	0	12	
MYCO003394	154	0	12	
MYCO003395	11	0	10	
MYCO003397	6	0	11	
MYCO003398	15	0	17	
MYCO003399	4	0	13	
MYCO003400	18	0	4	
MYCO003401	64	0	29	
MYCO003402	17	0	16	
MYCO003403	12	0	21	
MYCO003404	7	0	13	
MYCO003405	0	0	7	
MYCO003406	12	0	13	
MYCO003407	2	0	3	
MYCO003408	0	0	5	
MYCO003413	43	0	11	
MYCO003414	1	0	10	
MYCO003415	33	0	12	
MYCO003416	4	0	6	
MYCO003420	9	0	6	
MYCO003421	128	0	9	
MYCO003423	5	0	15	
MYCO003424	42	0	9	
MYCO003425	33	145	21	
MYCO003426	499	0	1	
MYCO003427	133	0	5	
MYCO003428	482	0	3	
MYCO003429	33	117	16	
MYCO003430	43	0	23	
MYCO003431	9	0	12	
MYCO003434	25	0	13	
MYCO003435	0	0	11	
MYCO003437	18	0	8	
MYCO003438	6	0	9	
MYCO003439	96	0	17	
MYCO003440	7	0	10	
MYCO003444	2	0	7	
MYCO003445	7	0	6	
MYCO003446	98	0	13	
MYCO003447	50	0	39	
MYCO003448	25	0	16	
MYCO003449	20	0	15	
MYCO003450	79	0	22	
MYCO003451	7	0	19	
MYCO003452	72	0	8	
MYCO003453	326	0	1	
MYCO003454	9	0	24	
MYCO003463	18	0	12	
MYCO003465	2	0	10	
MYCO003466	496	2	14	
MYCO003467	501	6	8	
MYCO003468	10	0	17	
MYCO003469	6	0	7	
MYCO003470	25	0	23	
MYCO003471	4	0	5	
MYCO003472	8	0	8	
MYCO003473	9	0	8	
MYCO003474	55	0	4	
MYCO003475	512	0	0	
MYCO003476	11	0	17	
MYCO003477	18	0	4	
MYCO003478	260	25	98	
MYCO003479	29	0	39	
MYCO003480	37	0	14	
MYCO003481	8	0	7	
MYCO003482	5	0	9	
MYCO003483	108	0	9	
MYCO003484	14	0	14	
MYCO003485	73	0	14	
MYCO003486	31	0	6	
MYCO003487	123	0	14	
MYCO003488	25	0	5	
MYCO003489	1	0	4	
MYCO003491	4	0	9	
MYCO003492	1	0	8	
MYCO003493	43	0	8	
MYCO003494	116	0	12	
MYCO003495	5	0	13	
MYCO003496	35	0	14	
MYCO003497	2	0	15	
MYCO003498	14	0	10	
MYCO003499	3	0	9	
MYCO003502	3	0	8	
MYCO003503	0	0	3	
MYCO003505	19	0	14	
MYCO003506	7	0	22	
MYCO003507	473	0	25	
MYCO003508	512	0	0	
MYCO003509	57	0	18	
MYCO003510	21	0	9	
MYCO003511	512	0	0	
MYCO003512	512	0	0	
MYCO003513	485	0	6	
MYCO003514	512	0	0	
MYCO003515	452	0	8	
MYCO003516	90	0	6	
MYCO003517	121	0	7	
MYCO003518	18	0	12	
MYCO003519	0	0	9	
MYCO003521	5	0	15	
MYCO003522	2	0	13	
MYCO003523	46	0	11	
MYCO003524	5	0	18	
MYCO003525	27	0	6	
MYCO003526	1	0	13	
MYCO003527	0	0	10	
MYCO003528	9	0	13	
MYCO003529	65	0	13	
MYCO003530	5	201	11	
MYCO003531	12	0	19	
MYCO003532	46	0	16	
MYCO003533	167	0	18	
MYCO003534	8	0	12	
MYCO003535	143	0	6	
MYCO003536	2	0	15	
MYCO003537	5	0	18	
MYCO003538	0	0	12	
MYCO003539	65	0	12	
MYCO003540	49	0	13	
MYCO003541	0	0	6	
MYCO003542	11	0	9	
MYCO003543	16	0	16	
MYCO003544	6	0	14	
MYCO003545	4	0	25	
MYCO003546	12	0	11	
MYCO003547	7	0	9	
MYCO003548	3	0	8	
MYCO003549	19	0	8	
MYCO003550	10	0	7	
MYCO003551	7	0	10	
MYCO003552	1	0	4	
MYCO003553	60	0	7	
MYCO003554	11	0	29	
MYCO003555	80	0	9	
MYCO003556	16	0	11	
MYCO003557	0	0	3	
MYCO003558	128	0	21	
MYCO003559	29	0	10	
MYCO003560	19	0	13	
MYCO003561	82	0	15	
MYCO003562	5	0	17	
MYCO003563	17	0	18	
MYCO003564	69	0	11	
MYCO003565	11	0	21	
MYCO003566	15	0	10	
MYCO003567	8	0	8	
MYCO003568	64	0	2	
MYCO003569	40	0	9	
MYCO003572	6	0	8	
MYCO003573	56	0	20	
MYCO003574	9	0	5	
MYCO003575	18	0	14	
MYCO003576	6	0	13	
MYCO003577	10	0	10	
MYCO003578	38	0	20	
MYCO003581	3	0	6	
MYCO003582	5	0	12	
MYCO003584	4	0	7	
MYCO003585	6	0	17	
MYCO003586	2	0	17	
MYCO003587	23	0	11	
MYCO003588	10	0	5	
MYCO003590	370	0	11	
MYCO003591	2	0	9	
MYCO003593	3	0	23	
MYCO003594	11	0	14	
MYCO003595	231	0	17	
MYCO003597	34	0	2	
MYCO003599	23	0	3	
MYCO003602	85	0	12	
MYCO003603	28	0	10	
MYCO003604	114	0	17	
MYCO003605	40	0	7	
MYCO003606	1	0	5	
MYCO003607	18	0	4	
MYCO003608	5	0	15	
MYCO003611	511	0	1	
MYCO003612	6	0	6	
MYCO003613	2	0	2	
MYCO003614	3	0	14	
MYCO003615	2	0	5	
MYCO003616	10	0	19	
MYCO003617	13	0	11	
MYCO003618	14	0	16	
MYCO003619	46	238	67	
MYCO003620	294	57	50	
MYCO003621	82	0	15	
MYCO003622	19	0	4	
MYCO003623	31	0	11	
MYCO003625	29	0	8	
MYCO003626	45	0	14	
MYCO003627	7	0	25	
MYCO003629	5	0	10	
MYCO003630	2	122	16	
MYCO003631	0	0	6	
MYCO003632	1	0	3	
MYCO003633	11	0	11	
MYCO003634	16	0	7	
MYCO003635	18	0	22	
MYCO003636	1	0	4	
MYCO003637	9	0	14	
MYCO003638	3	0	8	
MYCO003639	53	0	10	
MYCO003640	26	0	16	
MYCO003641	3	0	9	
MYCO003642	2	0	4	
MYCO003643	0	0	2	
MYCO003645	106	0	19	
MYCO003649	89	0	26	
MYCO003650	10	0	5	
MYCO003651	47	0	15	
MYCO003652	120	0	5	
MYCO003653	306	0	10	
MYCO003654	68	0	5	
MYCO003655	512	0	0	
MYCO003656	2	0	4	
MYCO003657	168	127	8	
MYCO003658	60	0	12	
MYCO003659	109	0	15	
MYCO003660	21	0	17	
MYCO003661	10	0	9	
MYCO003662	139	0	11	
MYCO003663	51	0	19	
MYCO003664	1	0	13	
MYCO003665	1	0	16	
MYCO003666	14	143	16	
MYCO003667	43	0	21	
MYCO003669	2	0	9	
MYCO003671	10	0	20	
MYCO003672	14	0	10	
MYCO003673	18	0	10	
MYCO003675	0	0	5	
MYCO003678	2	0	3	
MYCO003681	4	0	10	
MYCO003685	14	0	21	
MYCO003686	10	0	6	
MYCO003687	3	0	5	
MYCO003688	5	0	8	
MYCO003689	27	0	24	
MYCO003690	52	0	11	
MYCO003691	11	0	15	
MYCO003692	7	0	14	
MYCO003693	177	0	14	
MYCO003694	2	0	15	
MYCO003697	5	0	6	
MYCO003698	24	0	15	
MYCO003699	5	0	8	
MYCO003700	77	0	16	
MYCO003701	22	0	15	
MYCO003702	2	0	10	
MYCO003703	11	0	21	
MYCO003704	10	0	23	
MYCO003706	24	0	4	
MYCO003714	8	0	16	
MYCO003716	37	0	5	
MYCO003723	6	0	14	
MYCO003725	263	0	6	
MYCO003726	49	0	10	
MYCO003727	43	0	26	
MYCO003728	326	0	20	
MYCO003729	56	0	38	
MYCO003730	2	0	17	
MYCO003731	1	0	14	
MYCO003732	13	0	15	
MYCO003733	4	0	9	
MYCO003734	10	0	19	
MYCO003735	3	0	9	
MYCO003736	11	0	18	
MYCO003737	108	0	23	
MYCO003738	189	0	15	
MYCO003739	137	0	5	
MYCO003740	18	0	18	
MYCO003741	2	0	14	
MYCO003742	3	0	6	
MYCO003743	22	0	31	
MYCO003744	0	0	7	
MYCO003745	2	164	6	
MYCO003746	1	0	5	
MYCO003747	2	0	3	
MYCO003748	1	0	5	
MYCO003749	5	0	3	
MYCO003750	2	0	6	
MYCO003751	2	0	6	
MYCO003752	40	0	4	
MYCO003753	62	0	6	
MYCO003754	30	0	11	
MYCO003755	3	0	9	
MYCO003756	3	0	10	
MYCO003757	21	0	16	
MYCO003758	6	0	17	
MYCO003759	6	0	18	
MYCO003760	2	0	4	
MYCO003761	20	0	13	
MYCO003762	1	0	26	
MYCO003763	5	0	14	
MYCO003764	7	0	16	
MYCO003766	16	0	10	
MYCO003767	13	0	11	
MYCO003768	14	0	6	
MYCO003769	12	0	5	
MYCO003770	16	0	11	
MYCO003771	6	0	6	
MYCO003772	8	0	6	
MYCO003773	12	0	9	
MYCO003776	99	0	26	
MYCO003779	60	0	24	
MYCO003784	31	0	21	
MYCO003785	235	0	10	
MYCO003786	45	0	16	
MYCO003787	13	0	13	
MYCO003788	2	0	8	
MYCO003789	1	0	6	
MYCO003792	33	0	27	
MYCO003796	3	0	18	
MYCO003797	27	0	19	
MYCO003798	282	5	12	
MYCO003800	114	0	43	
MYCO003803	11	0	10	
MYCO003805	5	0	16	
MYCO003807	20	0	6	
MYCO003810	147	0	10	
MYCO003811	26	0	20	
MYCO003812	214	0	13	
MYCO003813	11	0	10	
MYCO003814	9	0	11	
MYCO003815	13	0	7	
MYCO003817	44	0	14	
MYCO003818	6	0	18	
MYCO003819	5	0	4	
MYCO003820	28	0	28	
MYCO003821	4	0	14	
MYCO003822	8	0	29	
MYCO003823	9	0	37	
MYCO003824	15	0	29	
MYCO003825	38	0	66	
MYCO003826	9	0	28	
MYCO003827	27	0	26	
MYCO003828	0	205	8	
MYCO003829	98	0	34	
MYCO003830	120	0	11	
MYCO003831	3	0	13	
MYCO003832	18	0	12	
MYCO003833	73	0	18	
MYCO003836	58	0	10	
MYCO003837	8	0	12	
MYCO003838	20	0	15	
MYCO003839	1	0	15	
MYCO003840	4	0	7	
MYCO003841	1	0	11	
MYCO003843	47	0	18	
MYCO003844	15	0	9	
MYCO003845	379	0	2	
MYCO003846	2	0	11	
MYCO003848	17	0	14	
MYCO003850	10	0	9	
MYCO003851	10	0	5	
MYCO003852	7	0	3	
MYCO003853	0	0	6	
MYCO003854	25	0	38	
MYCO003855	1	0	14	
MYCO003856	12	0	14	
MYCO003857	1	0	2	
MYCO003860	53	0	28	
MYCO003861	19	0	13	
MYCO003862	5	0	18	
MYCO003863	25	0	21	
MYCO003864	13	0	21	
MYCO003865	8	0	7	
MYCO003866	21	0	11	
MYCO003867	13	0	5	
MYCO003868	30	0	15	
MYCO003869	72	0	23	
MYCO003870	6	0	35	
MYCO003871	45	0	22	
MYCO003872	22	0	5	
MYCO003873	21	0	12	
MYCO003874	4	0	6	
MYCO003875	1	0	4	
MYCO003876	232	0	23	
MYCO003877	7	0	34	
MYCO003878	56	0	11	
MYCO003879	227	0	35	
MYCO003880	0	0	5	
MYCO003881	52	0	27	
MYCO003882	69	0	40	
MYCO003883	8	0	17	
MYCO003884	31	0	23	
MYCO003885	20	0	30	
MYCO003886	188	0	17	
MYCO003887	57	0	26	
MYCO003888	21	0	26	
MYCO003889	39	0	19	
MYCO003890	14	0	6	
MYCO003891	5	0	11	
MYCO003892	123	0	16	
MYCO003893	13	0	7	
MYCO003894	145	0	54	
MYCO003895	141	0	25	
MYCO003896	34	0	16	
MYCO003897	507	0	1	
MYCO003898	261	0	4	
MYCO003899	148	0	21	
MYCO003900	86	0	27	
MYCO003901	14	0	10	
MYCO003902	4	0	10	
MYCO003903	170	0	30	
MYCO003904	3	0	11	
MYCO003905	5	0	8	
MYCO003906	6	0	12	
MYCO003909	28	0	40	
MYCO003910	35	0	80	
MYCO003911	511	0	1	
MYCO003912	19	0	19	
MYCO003914	0	0	6	
MYCO003916	0	0	18	
MYCO003919	25	0	56	
MYCO003922	1	0	10	
MYCO003923	1	0	11	
MYCO010064	0	0	3	
MYCO010078	4	0	9	
MYCO010157	0	0	3	
MYCO010186	6	0	4	
MYCO010192	132	0	2	
MYCO010236	5	0	2	
MYCO010277	512	0	0	
MYCO010397	0	238	7	
MYCO010456	3	0	3	
MYCO010470	85	0	4	
MYCO010492	3	0	5	
MYCO010500	24	0	2	
MYCO010530	0	0	2	
MYCO010590	7	0	4	
MYCO010609	2	0	6	
MYCO010616	0	0	8	
MYCO010634	2	0	4	
MYCO010691	0	0	3	
MYCO010724	512	0	0	
MYCO010749	3	0	5	
MYCO010755	10	0	3	
MYCO010787	5	0	1	
MYCO010959	0	0	3	
MYCO011028	0	0	4	
MYCO011087	5	0	5	
MYCO011089	1	0	5	
MYCO011116	4	0	4	
MYCO011135	1	0	9	
MYCO011159	0	0	3	
MYCO011290	4	0	4	
MYCO011322	1	0	7	
MYCO011366	1	0	3	
MYCO011473	2	0	5	
MYCO011489	16	0	3	
MYCO011498	10	0	3	
MYCO011507	14	0	14	
MYCO011508	8	0	5	
MYCO011638	36	0	5	
MYCO011706	1	0	4	
MYCO011765	4	0	3	
MYCO011888	1	0	5	
MYCO011954	3	0	4	
MYCO011962	0	305	9	
MYCO011982	1	0	2	
MYCO011990	7	0	6	
MYCO011991	0	0	2	
MYCO012023	7	0	12	
MYCO012063	14	0	7	
MYCO012077	20	0	4	
MYCO012142	0	0	3	
MYCO012160	290	0	4	
MYCO012219	2	0	5	
MYCO012231	7	0	6	
MYCO012237	6	0	4	
MYCO012250	512	0	0	
MYCO012274	21	0	5	
MYCO012306	4	0	6	
MYCO012307	4	0	3	
MYCO012309	1	0	7	
MYCO012331	1	0	4	
MYCO012395	3	0	3	
MYCO012401	1	0	2	
MYCO012427	512	0	0	
MYCO012438	0	0	2	
MYCO012468	0	0	3	
MYCO012530	1	0	3	
MYCO012548	0	0	2	
MYCO012601	0	0	3	
MYCO012614	67	0	5	
MYCO012737	2	0	4	
MYCO012801	0	0	2	
MYCO012828	100	0	6	
MYCO012862	512	0	0	
MYCO012922	1	0	5	
MYCO012943	3	0	7	
MYCO012970	3	0	1	
MYCO012998	0	0	5	
MYCO013018	196	0	3	
MYCO013022	85	0	5	
MYCO013032	5	0	4	
MYCO013098	1	0	4	
MYCO013136	1	0	9	
MYCO013190	19	0	2	
MYCO013196	0	0	3	
MYCO013197	4	0	2	
MYCO013198	1	0	4	
MYCO013208	0	0	3	
MYCO013221	0	0	4	
MYCO013224	2	0	6	
MYCO013312	8	0	8	
MYCO013324	512	0	0	
MYCO013395	19	0	8	
MYCO013566	1	0	5	
MYCO013697	5	0	6	
MYCO013705	7	0	8	
MYCO013724	61	0	3	
MYCO013770	1	0	2	
MYCO020078	1	0	7	
MYCO020456	512	0	0	
MYCO020500	0	0	3	
MYCO022231	381	0	3	
MYCO022306	10	0	5	
MYCO022307	14	0	5	
MYCO022395	5	0	4	
MYCO023224	4	0	1	
MYCO023724	66	0	10	
MYCO023770	1	0	3	
MYCO032307	0	0	4	
