GbGDiv simplified results table from 'accumulate-12.txt' records table.
Isolate records read from table: 3072

Locus	Missing	Paralogous	CountNuc
id	0	0	3072	
isolate	0	0	3072	
rMLST_database_accession	0	0	3072	
BACT000001	9	0	64	
BACT000002	95	0	27	
BACT000003	303	0	32	
BACT000004	22	0	18	
BACT000005	52	0	20	
BACT000006	2	0	13	
BACT000007	7	0	17	
BACT000008	14	0	15	
BACT000009	10	0	23	
BACT000010	1	0	8	
BACT000011	26	0	17	
BACT000012	2	0	17	
BACT000013	5	0	14	
BACT000014	2	2799	2	
BACT000015	1	0	9	
BACT000016	30	0	25	
BACT000017	10	0	17	
BACT000018	0	2384	3	
BACT000019	0	0	10	
BACT000020	5	0	13	
BACT000021	3072	0	0	
BACT000030	27	862	23	
BACT000031	2	0	19	
BACT000032	5	0	15	
BACT000033	86	0	24	
BACT000034	6	0	18	
BACT000035	4	0	23	
BACT000036	202	0	17	
BACT000038	14	0	16	
BACT000039	11	0	18	
BACT000040	374	0	14	
BACT000042	5	0	20	
BACT000043	1	0	20	
BACT000044	21	0	14	
BACT000045	16	0	14	
BACT000046	3	0	27	
BACT000047	42	0	10	
BACT000048	0	0	15	
BACT000049	2	0	15	
BACT000050	17	0	13	
BACT000051	94	0	19	
BACT000052	1	0	11	
BACT000053	2	0	9	
BACT000056	5	0	11	
BACT000057	1	2985	3	
BACT000058	1	0	11	
BACT000059	0	0	7	
BACT000060	2	0	6	
BACT000061	8	0	12	
BACT000062	1	2583	7	
BACT000063	1	0	9	
BACT000064	2	0	12	
BACT000065	3	0	1	
MYCO000001	19	0	93	
MYCO000005	22	0	114	
MYCO000006	35	0	166	
MYCO000009	8	0	23	
MYCO000011	8	0	18	
MYCO000013	3	0	44	
MYCO000015	699	0	54	
MYCO000016	50	0	66	
MYCO000017	44	0	61	
MYCO000019	6	0	25	
MYCO000038	210	0	30	
MYCO000046	11	0	52	
MYCO000047	12	0	27	
MYCO000049	16	0	25	
MYCO000050	341	0	121	
MYCO000051	266	0	86	
MYCO000054	129	0	25	
MYCO000066	16	0	91	
MYCO000068	86	0	64	
MYCO000129	28	0	25	
MYCO000183	154	0	38	
MYCO000184	171	0	24	
MYCO000189	398	0	51	
MYCO000198	27	0	86	
MYCO000204	100	0	37	
MYCO000207	12	0	29	
MYCO000211	38	0	90	
MYCO000223	327	0	57	
MYCO000225	23	0	28	
MYCO000227	345	0	47	
MYCO000228	64	0	46	
MYCO000236	713	0	123	
MYCO000237	86	0	58	
MYCO000238	10	0	27	
MYCO000241	22	0	50	
MYCO000242	539	0	48	
MYCO000243	279	0	45	
MYCO000244	63	1541	60	
MYCO000247	7	0	24	
MYCO000248	19	0	50	
MYCO000270	29	0	72	
MYCO000274	194	0	32	
MYCO000321	6	0	16	
MYCO000322	31	0	41	
MYCO000334	4	0	21	
MYCO000337	29	0	39	
MYCO000350	43	0	43	
MYCO000352	329	0	39	
MYCO000357	13	0	39	
MYCO000360	114	0	20	
MYCO000383	587	0	22	
MYCO000384	406	0	71	
MYCO000407	135	0	39	
MYCO000410	94	0	70	
MYCO000411	76	0	34	
MYCO000414	651	0	24	
MYCO000415	680	0	35	
MYCO000417	223	765	25	
MYCO000423	23	0	41	
MYCO000429	8	0	21	
MYCO000432	6	0	24	
MYCO000433	16	0	33	
MYCO000439	120	0	35	
MYCO000440	38	0	43	
MYCO000462	8	0	30	
MYCO000465	30	0	60	
MYCO000466	12	0	20	
MYCO000467	11	0	31	
MYCO000468	28	0	28	
MYCO000472	6	0	22	
MYCO000475	76	0	27	
MYCO000483	38	0	34	
MYCO000484	34	0	32	
MYCO000486	185	0	49	
MYCO000489	458	0	21	
MYCO000490	45	0	33	
MYCO000491	6	0	16	
MYCO000495	11	0	30	
MYCO000496	39	0	36	
MYCO000498	57	0	35	
MYCO000501	19	0	34	
MYCO000502	23	0	25	
MYCO000505	743	0	27	
MYCO000509	72	0	53	
MYCO000510	60	0	30	
MYCO000512	67	0	30	
MYCO000524	255	0	38	
MYCO000527	94	0	25	
MYCO000528	483	0	42	
MYCO000529	109	0	42	
MYCO000548	22	0	23	
MYCO000551	105	0	71	
MYCO000553	296	0	34	
MYCO000555	289	0	36	
MYCO000557	36	0	51	
MYCO000558	155	0	24	
MYCO000562	15	0	38	
MYCO000563	66	0	31	
MYCO000564	38	0	47	
MYCO000566	7	0	19	
MYCO000636	7	0	19	
MYCO000639	126	0	20	
MYCO000647	115	0	47	
MYCO000655	19	0	38	
MYCO000667	159	0	204	
MYCO000668	129	0	190	
MYCO000672	133	0	74	
MYCO000684	47	0	66	
MYCO000685	12	0	22	
MYCO000693	283	0	40	
MYCO000696	54	0	47	
MYCO000732	6	0	45	
MYCO000733	7	0	18	
MYCO000734	333	0	20	
MYCO000757	6	0	23	
MYCO000758	84	0	112	
MYCO000772	96	0	44	
MYCO000777	35	0	31	
MYCO000780	11	0	25	
MYCO000782	3001	0	4	
MYCO000788	90	0	20	
MYCO000803	76	0	66	
MYCO000808	56	0	51	
MYCO000809	6	0	27	
MYCO000810	2	0	6	
MYCO000814	596	12	13	
MYCO000815	44	4	33	
MYCO000820	11	0	24	
MYCO000821	19	0	15	
MYCO000823	60	0	44	
MYCO000824	7	0	21	
MYCO000859	50	0	55	
MYCO000860	196	0	75	
MYCO000861	27	0	48	
MYCO000871	10	0	9	
MYCO000876	3	0	54	
MYCO000884	10	0	41	
MYCO000885	43	0	27	
MYCO000886	714	0	51	
MYCO000889	629	0	41	
MYCO000896	42	0	39	
MYCO000902	25	0	18	
MYCO000903	6	0	10	
MYCO000906	790	0	38	
MYCO000926	15	0	56	
MYCO000927	134	0	24	
MYCO000929	281	0	21	
MYCO000946	35	0	57	
MYCO000949	142	0	83	
MYCO000951	25	0	41	
MYCO000952	57	0	31	
MYCO000953	217	0	43	
MYCO000957	316	0	42	
MYCO000981	35	0	23	
MYCO000983	388	0	49	
MYCO000993	95	0	27	
MYCO000994	205	0	48	
MYCO000995	11	0	23	
MYCO001001	27	0	49	
MYCO001002	47	0	48	
MYCO001007	9	0	45	
MYCO001008	181	0	25	
MYCO001009	159	0	32	
MYCO001010	67	0	37	
MYCO001011	23	0	26	
MYCO001013	41	0	47	
MYCO001014	24	0	28	
MYCO001015	20	0	23	
MYCO001017	3	0	23	
MYCO001018	31	0	53	
MYCO001020	356	0	124	
MYCO001022	151	0	24	
MYCO001023	113	0	48	
MYCO001026	210	0	31	
MYCO001070	13	0	21	
MYCO001071	15	0	48	
MYCO001072	3	0	23	
MYCO001077	51	0	50	
MYCO001079	58	0	30	
MYCO001080	173	0	14	
MYCO001082	25	0	24	
MYCO001086	42	0	32	
MYCO001092	82	0	28	
MYCO001094	54	0	18	
MYCO001095	69	0	38	
MYCO001098	55	0	30	
MYCO001099	186	0	34	
MYCO001108	54	0	45	
MYCO001110	11	0	28	
MYCO001112	386	0	34	
MYCO001165	143	0	70	
MYCO001173	183	0	71	
MYCO001177	11	0	6	
MYCO001178	123	0	40	
MYCO001193	298	0	36	
MYCO001201	183	0	29	
MYCO001202	144	0	30	
MYCO001207	208	0	33	
MYCO001208	22	0	28	
MYCO001213	149	0	49	
MYCO001220	181	0	13	
MYCO001221	2	0	26	
MYCO001223	508	0	53	
MYCO001229	87	0	41	
MYCO001238	37	0	27	
MYCO001239	11	0	32	
MYCO001245	75	0	38	
MYCO001248	355	0	103	
MYCO001253	130	0	68	
MYCO001272	240	0	54	
MYCO001273	16	0	62	
MYCO001277	352	0	36	
MYCO001292	28	0	48	
MYCO001293	43	0	40	
MYCO001294	54	0	36	
MYCO001295	45	0	36	
MYCO001297	253	0	47	
MYCO001299	33	0	23	
MYCO001302	10	0	29	
MYCO001305	7	0	7	
MYCO001308	51	0	41	
MYCO001309	9	0	33	
MYCO001310	14	0	30	
MYCO001311	15	0	19	
MYCO001315	18	0	33	
MYCO001321	52	0	28	
MYCO001323	70	0	38	
MYCO001326	37	0	75	
MYCO001327	53	0	50	
MYCO001328	107	0	90	
MYCO001338	90	0	25	
MYCO001340	41	0	20	
MYCO001380	42	0	28	
MYCO001381	325	0	35	
MYCO001383	27	0	32	
MYCO001384	300	0	122	
MYCO001385	502	0	31	
MYCO001388	3	0	22	
MYCO001390	2	0	10	
MYCO001391	557	0	49	
MYCO001392	312	0	53	
MYCO001402	1262	0	47	
MYCO001407	437	0	58	
MYCO001408	100	0	20	
MYCO001410	9	0	41	
MYCO001412	16	0	23	
MYCO001415	13	0	38	
MYCO001416	6	0	19	
MYCO001420	24	0	52	
MYCO001421	19	0	29	
MYCO001436	5	0	29	
MYCO001437	33	0	37	
MYCO001438	12	0	23	
MYCO001440	16	0	12	
MYCO001445	195	0	30	
MYCO001447	363	0	64	
MYCO001448	35	0	40	
MYCO001449	163	0	64	
MYCO001451	66	0	34	
MYCO001457	7	0	25	
MYCO001458	15	0	34	
MYCO001462	41	0	45	
MYCO001463	10	0	23	
MYCO001464	164	0	43	
MYCO001465	9	0	13	
MYCO001466	4	0	8	
MYCO001467	63	1557	47	
MYCO001473	30	0	42	
MYCO001474	99	0	16	
MYCO001475	16	0	68	
MYCO001479	68	0	32	
MYCO001480	97	0	35	
MYCO001481	17	0	35	
MYCO001483	83	0	18	
MYCO001484	23	0	31	
MYCO001485	93	0	25	
MYCO001493	492	0	55	
MYCO001536	98	0	101	
MYCO001540	18	0	39	
MYCO001547	118	0	85	
MYCO001557	523	0	45	
MYCO001559	673	0	51	
MYCO001564	37	0	67	
MYCO001568	189	0	43	
MYCO001569	604	0	23	
MYCO001589	12	0	28	
MYCO001593	4	0	24	
MYCO001594	44	0	35	
MYCO001595	337	0	53	
MYCO001599	279	0	40	
MYCO001600	6	0	39	
MYCO001601	1	0	19	
MYCO001603	8	0	26	
MYCO001605	15	0	25	
MYCO001609	73	0	58	
MYCO001611	53	0	23	
MYCO001612	9	0	41	
MYCO001617	45	0	47	
MYCO001626	16	0	16	
MYCO001627	99	0	28	
MYCO001629	107	0	97	
MYCO001633	410	0	69	
MYCO001638	139	0	91	
MYCO001641	3072	0	0	
MYCO001649	247	0	27	
MYCO001652	177	0	29	
MYCO001653	553	0	25	
MYCO001654	87	0	21	
MYCO001655	343	0	36	
MYCO001656	259	0	25	
MYCO001657	293	0	16	
MYCO001658	95	0	42	
MYCO001659	282	0	38	
MYCO001689	12	0	34	
MYCO001694	112	0	25	
MYCO001695	4	0	29	
MYCO001697	5	0	25	
MYCO001699	17	0	76	
MYCO001701	46	0	21	
MYCO001708	19	0	22	
MYCO001709	4	0	32	
MYCO001711	1	0	31	
MYCO001712	21	0	28	
MYCO001713	141	0	45	
MYCO001821	32	0	78	
MYCO001827	4	0	17	
MYCO001829	32	0	19	
MYCO001830	14	0	42	
MYCO001832	91	0	105	
MYCO001837	80	0	59	
MYCO001842	70	0	52	
MYCO001843	81	0	57	
MYCO001844	44	0	65	
MYCO001854	31	0	48	
MYCO001886	61	0	42	
MYCO001894	133	0	54	
MYCO001981	15	0	16	
MYCO002050	2	0	9	
MYCO002089	232	0	44	
MYCO002090	2995	0	9	
MYCO002092	369	0	86	
MYCO002093	37	0	26	
MYCO002096	21	0	40	
MYCO002097	66	0	33	
MYCO002109	12	0	28	
MYCO002110	37	0	35	
MYCO002111	85	0	9	
MYCO002112	1344	0	41	
MYCO002115	30	0	63	
MYCO002118	11	0	20	
MYCO002119	24	0	38	
MYCO002121	42	0	21	
MYCO002122	2	0	10	
MYCO002125	34	0	25	
MYCO002130	399	0	30	
MYCO002134	18	0	20	
MYCO002139	64	0	33	
MYCO002140	2	0	20	
MYCO002141	65	0	50	
MYCO002145	50	0	25	
MYCO002150	200	0	28	
MYCO002151	209	0	19	
MYCO002153	618	0	52	
MYCO002154	664	0	29	
MYCO002155	507	0	61	
MYCO002156	15	0	39	
MYCO002157	1342	0	40	
MYCO002163	143	0	51	
MYCO002166	13	0	11	
MYCO002170	364	0	23	
MYCO002176	86	0	37	
MYCO002178	16	0	28	
MYCO002179	59	0	13	
MYCO002182	21	0	19	
MYCO002186	2	0	11	
MYCO002187	874	0	45	
MYCO002188	35	0	45	
MYCO002192	90	0	29	
MYCO002193	6	0	15	
MYCO002194	27	0	30	
MYCO002195	13	0	38	
MYCO002196	13	0	49	
MYCO002199	0	0	16	
MYCO002200	22	0	31	
MYCO002201	125	0	50	
MYCO002202	141	0	36	
MYCO002210	65	0	38	
MYCO002211	90	0	44	
MYCO002213	160	0	66	
MYCO002216	27	0	46	
MYCO002217	166	0	27	
MYCO002218	133	0	35	
MYCO002219	92	0	23	
MYCO002220	22	0	41	
MYCO002221	703	0	81	
MYCO002222	33	0	43	
MYCO002225	106	0	40	
MYCO002228	46	0	39	
MYCO002230	199	0	35	
MYCO002235	63	0	33	
MYCO002239	1	0	11	
MYCO002241	394	0	56	
MYCO002242	140	0	32	
MYCO002243	329	0	31	
MYCO002244	4	0	4	
MYCO002245	60	0	36	
MYCO002246	34	0	33	
MYCO002247	136	0	39	
MYCO002257	36	0	33	
MYCO002259	160	0	31	
MYCO002315	540	0	43	
MYCO002343	160	0	55	
MYCO002344	477	0	34	
MYCO002357	10	0	30	
MYCO002361	7	0	19	
MYCO002362	88	0	24	
MYCO002364	7	0	31	
MYCO002366	11	0	46	
MYCO002367	5	0	17	
MYCO002368	36	0	33	
MYCO002373	50	0	37	
MYCO002374	99	0	40	
MYCO002399	43	0	30	
MYCO002400	40	0	38	
MYCO002402	50	0	84	
MYCO002404	25	0	70	
MYCO002409	13	0	26	
MYCO002410	8	0	24	
MYCO002411	84	0	48	
MYCO002413	124	0	31	
MYCO002420	130	0	19	
MYCO002421	1	0	12	
MYCO002425	247	0	33	
MYCO002426	876	0	40	
MYCO002427	266	0	37	
MYCO002439	484	0	28	
MYCO002440	75	0	61	
MYCO002445	15	0	9	
MYCO002447	55	0	52	
MYCO002448	143	0	81	
MYCO002454	20	0	39	
MYCO002455	58	0	47	
MYCO002457	24	0	31	
MYCO002460	3	0	15	
MYCO002461	5	0	15	
MYCO002462	208	0	37	
MYCO002465	45	0	15	
MYCO002466	32	0	25	
MYCO002467	77	0	81	
MYCO002470	8	0	20	
MYCO002477	17	0	40	
MYCO002500	10	0	35	
MYCO002502	37	0	58	
MYCO002509	10	0	34	
MYCO002511	16	0	14	
MYCO002518	370	0	32	
MYCO002521	2	0	15	
MYCO002523	27	0	10	
MYCO002524	895	0	208	
MYCO002533	14	0	18	
MYCO002534	1	0	16	
MYCO002538	162	0	37	
MYCO002540	704	0	40	
MYCO002555	57	0	62	
MYCO002559	274	0	31	
MYCO002568	35	0	39	
MYCO002572	111	0	47	
MYCO002575	59	0	38	
MYCO002580	141	0	35	
MYCO002582	28	0	32	
MYCO002583	87	0	66	
MYCO002587	481	0	52	
MYCO002589	95	0	46	
MYCO002592	138	0	28	
MYCO002593	65	0	20	
MYCO002594	2	0	13	
MYCO002603	8	0	26	
MYCO002606	29	0	27	
MYCO002610	81	0	34	
MYCO002611	64	0	43	
MYCO002612	6	0	25	
MYCO002613	5	0	11	
MYCO002614	55	0	53	
MYCO002670	15	0	32	
MYCO002673	359	789	39	
MYCO002676	19	0	14	
MYCO002678	277	0	34	
MYCO002682	72	0	47	
MYCO002696	89	0	30	
MYCO002697	5	0	14	
MYCO002699	0	0	8	
MYCO002702	10	0	36	
MYCO002703	109	0	40	
MYCO002708	3	0	10	
MYCO002710	57	0	31	
MYCO002711	23	0	25	
MYCO002714	22	0	32	
MYCO002715	422	0	43	
MYCO002720	13	0	33	
MYCO002724	38	0	61	
MYCO002725	85	0	37	
MYCO002726	42	0	27	
MYCO002727	174	0	35	
MYCO002731	345	0	36	
MYCO002733	721	0	42	
MYCO002744	89	0	30	
MYCO002748	286	0	80	
MYCO002750	52	0	33	
MYCO002753	12	0	38	
MYCO002754	22	0	24	
MYCO002764	57	0	35	
MYCO002773	19	0	22	
MYCO002782	233	0	49	
MYCO002783	110	0	55	
MYCO002788	325	0	15	
MYCO002794	18	0	25	
MYCO002795	62	0	33	
MYCO002828	1386	368	39	
MYCO002838	49	0	16	
MYCO002839	1198	0	66	
MYCO002841	19	0	42	
MYCO002846	6	0	45	
MYCO002847	77	0	40	
MYCO002861	13	0	21	
MYCO002864	41	0	38	
MYCO002868	8	0	31	
MYCO002870	68	0	32	
MYCO002882	10	0	25	
MYCO002883	3	0	25	
MYCO002889	61	0	23	
MYCO002894	390	0	24	
MYCO002901	2	0	8	
MYCO002902	175	0	25	
MYCO002915	64	0	43	
MYCO002916	246	0	40	
MYCO002917	490	0	52	
MYCO002918	196	0	85	
MYCO002919	4	0	11	
MYCO002921	106	0	36	
MYCO002927	19	0	26	
MYCO002965	3	0	8	
MYCO002967	194	0	71	
MYCO002976	51	0	27	
MYCO002981	138	0	40	
MYCO002982	16	0	37	
MYCO002984	40	0	43	
MYCO002988	76	0	32	
MYCO002992	99	0	56	
MYCO002993	9	0	26	
MYCO002995	115	0	36	
MYCO002996	197	0	53	
MYCO003001	17	0	30	
MYCO003003	145	0	53	
MYCO003006	100	0	28	
MYCO003009	18	0	41	
MYCO003010	286	0	28	
MYCO003011	564	0	31	
MYCO003014	288	0	61	
MYCO003024	136	0	42	
MYCO003025	91	0	31	
MYCO003027	30	0	36	
MYCO003028	387	0	30	
MYCO003029	16	0	23	
MYCO003031	165	0	48	
MYCO003032	306	0	28	
MYCO003034	11	0	25	
MYCO003038	8	0	29	
MYCO003042	54	0	32	
MYCO003043	9	0	39	
MYCO003045	3	0	31	
MYCO003048	15	0	32	
MYCO003049	78	0	61	
MYCO003051	24	0	45	
MYCO003052	14	0	9	
MYCO003053	2	0	6	
MYCO003054	112	0	27	
MYCO003057	15	0	31	
MYCO003085	174	0	33	
MYCO003100	8	0	17	
MYCO003101	17	0	25	
MYCO003102	2	0	22	
MYCO003105	142	0	38	
MYCO003117	44	4	33	
MYCO003118	596	12	13	
MYCO003139	17	0	50	
MYCO003140	18	0	46	
MYCO003193	57	0	89	
MYCO003194	1	0	28	
MYCO003195	256	0	53	
MYCO003197	26	0	44	
MYCO003198	215	0	60	
MYCO003205	28	0	29	
MYCO003206	16	0	49	
MYCO003207	14	0	26	
MYCO003208	46	0	21	
MYCO003211	236	0	62	
MYCO003213	10	0	31	
MYCO003214	19	0	34	
MYCO003219	4	0	7	
MYCO003220	19	0	40	
MYCO003221	0	0	11	
MYCO003223	2	0	25	
MYCO003228	293	0	36	
MYCO003229	20	0	58	
MYCO003240	333	0	73	
MYCO003241	149	0	23	
MYCO003245	13	0	50	
MYCO003246	10	0	14	
MYCO003248	29	0	52	
MYCO003252	133	0	33	
MYCO003255	82	0	30	
MYCO003257	161	0	35	
MYCO003258	207	0	10	
MYCO003261	11	0	37	
MYCO003262	172	0	35	
MYCO003264	16	0	30	
MYCO003265	80	0	27	
MYCO003267	223	0	33	
MYCO003274	7	0	33	
MYCO003275	93	0	18	
MYCO003276	76	0	39	
MYCO003277	7	0	25	
MYCO003280	26	0	44	
MYCO003285	110	0	46	
MYCO003290	21	0	35	
MYCO003296	926	0	143	
MYCO003302	56	0	43	
MYCO003303	3043	0	2	
MYCO003304	35	0	11	
MYCO003305	62	0	35	
MYCO003306	204	0	45	
MYCO003313	23	0	21	
MYCO003317	10	0	22	
MYCO003318	155	0	44	
MYCO003319	36	0	35	
MYCO003328	238	0	37	
MYCO003329	38	0	58	
MYCO003330	312	0	36	
MYCO003336	14	0	27	
MYCO003340	17	0	39	
MYCO003341	401	0	39	
MYCO003356	15	0	29	
MYCO003392	33	2320	15	
MYCO003396	59	0	47	
MYCO003409	83	0	50	
MYCO003410	547	0	30	
MYCO003411	131	0	47	
MYCO003412	7	0	17	
MYCO003417	9	1747	39	
MYCO003418	0	0	7	
MYCO003419	123	0	30	
MYCO003422	3	0	19	
MYCO003432	28	0	34	
MYCO003433	1095	0	24	
MYCO003436	759	0	49	
MYCO003441	344	0	47	
MYCO003455	150	0	24	
MYCO003457	14	0	38	
MYCO003462	8	0	11	
MYCO003464	8	0	33	
MYCO003490	34	0	56	
MYCO003500	14	0	31	
MYCO003501	18	0	22	
MYCO003504	23	0	38	
MYCO003520	36	0	41	
MYCO003570	8	0	26	
MYCO003571	42	0	32	
MYCO003579	450	0	44	
MYCO003580	67	0	30	
MYCO003583	3	0	16	
MYCO003589	717	0	23	
MYCO003592	6	0	13	
MYCO003596	247	0	70	
MYCO003598	26	0	38	
MYCO003600	30	0	21	
MYCO003601	26	0	16	
MYCO003609	4	0	15	
MYCO003610	315	0	60	
MYCO003624	7	0	26	
MYCO003628	11	0	18	
MYCO003644	164	0	48	
MYCO003646	475	0	95	
MYCO003647	48	0	20	
MYCO003648	5	0	23	
MYCO003668	9	0	20	
MYCO003670	166	0	30	
MYCO003674	7	0	24	
MYCO003676	6	0	19	
MYCO003677	40	0	32	
MYCO003679	18	0	40	
MYCO003680	77	0	37	
MYCO003682	102	0	73	
MYCO003683	60	0	33	
MYCO003684	47	0	20	
MYCO003695	25	0	37	
MYCO003696	133	0	70	
MYCO003705	5	0	24	
MYCO003707	92	0	38	
MYCO003708	100	0	34	
MYCO003709	65	0	36	
MYCO003710	1234	0	37	
MYCO003711	27	0	47	
MYCO003712	404	0	34	
MYCO003713	32	0	20	
MYCO003715	4	0	18	
MYCO003717	3	0	24	
MYCO003718	2	0	10	
MYCO003719	19	0	48	
MYCO003720	100	0	42	
MYCO003721	274	0	60	
MYCO003722	11	0	46	
MYCO003765	348	0	36	
MYCO003774	16	0	39	
MYCO003775	48	0	61	
MYCO003777	176	0	39	
MYCO003778	38	0	46	
MYCO003780	293	0	19	
MYCO003781	6	0	18	
MYCO003782	31	0	33	
MYCO003783	31	0	27	
MYCO003790	16	0	43	
MYCO003791	37	0	35	
MYCO003793	529	0	118	
MYCO003794	170	0	140	
MYCO003795	150	0	206	
MYCO003799	18	0	49	
MYCO003801	29	0	54	
MYCO003802	55	0	34	
MYCO003804	32	0	39	
MYCO003806	13	0	62	
MYCO003808	197	0	52	
MYCO003809	4	0	33	
MYCO003816	228	0	34	
MYCO003834	89	0	37	
MYCO003835	415	0	47	
MYCO003842	85	0	57	
MYCO003847	1157	0	21	
MYCO003849	4	0	15	
MYCO003858	35	0	40	
MYCO003859	321	0	150	
MYCO003907	27	0	67	
MYCO003908	119	0	32	
MYCO003913	55	0	69	
MYCO003915	11	0	66	
MYCO003917	9	0	71	
MYCO003918	10	0	68	
MYCO003920	8	0	33	
MYCO003921	14	0	68	
MYCO013678	1	0	14	
MYCO000002	35	0	75	
MYCO000003	30	0	64	
MYCO000004	10	0	49	
MYCO000007	329	0	88	
MYCO000008	13	0	31	
MYCO000010	11	0	59	
MYCO000012	25	0	61	
MYCO000014	12	0	88	
MYCO000018	176	0	72	
MYCO000020	159	0	109	
MYCO000021	442	0	54	
MYCO000022	30	0	36	
MYCO000023	32	0	49	
MYCO000024	919	0	43	
MYCO000025	314	0	35	
MYCO000026	96	0	79	
MYCO000027	17	0	15	
MYCO000028	8	0	18	
MYCO000029	230	0	74	
MYCO000030	639	0	25	
MYCO000031	26	0	16	
MYCO000032	949	0	92	
MYCO000033	8	0	12	
MYCO000034	6	0	22	
MYCO000035	41	0	108	
MYCO000036	66	0	50	
MYCO000037	40	0	62	
MYCO000039	134	0	18	
MYCO000040	54	0	48	
MYCO000041	290	0	135	
MYCO000042	203	0	57	
MYCO000043	27	0	40	
MYCO000044	389	0	40	
MYCO000045	1365	0	44	
MYCO000048	20	0	51	
MYCO000052	101	11	41	
MYCO000057	14	1817	49	
MYCO000058	52	0	107	
MYCO000059	15	0	37	
MYCO000060	6	0	39	
MYCO000061	692	0	16	
MYCO000062	154	0	63	
MYCO000063	225	0	89	
MYCO000064	1266	0	107	
MYCO000065	7	0	12	
MYCO000067	11	0	29	
MYCO000069	74	0	55	
MYCO000070	16	1760	42	
MYCO000071	834	0	49	
MYCO000072	711	0	40	
MYCO000073	21	1297	41	
MYCO000074	1174	0	52	
MYCO000075	154	0	53	
MYCO000076	8	0	16	
MYCO000077	37	0	39	
MYCO000078	39	0	22	
MYCO000079	52	0	30	
MYCO000080	64	0	35	
MYCO000081	4	0	27	
MYCO000082	785	0	23	
MYCO000083	1119	0	51	
MYCO000084	25	0	40	
MYCO000085	190	0	36	
MYCO000086	252	0	61	
MYCO000087	212	0	60	
MYCO000088	18	0	31	
MYCO000089	29	0	36	
MYCO000090	44	0	46	
MYCO000091	54	0	26	
MYCO000092	160	0	91	
MYCO000093	97	0	46	
MYCO000094	2967	47	29	
MYCO000095	1330	0	141	
MYCO000096	341	0	65	
MYCO000097	6	0	21	
MYCO000098	6	0	21	
MYCO000099	881	0	56	
MYCO000100	4	0	8	
MYCO000101	123	0	270	
MYCO000102	85	0	85	
MYCO000103	141	0	83	
MYCO000104	962	0	61	
MYCO000106	65	0	39	
MYCO000107	3042	0	4	
MYCO000108	12	0	11	
MYCO000109	984	0	56	
MYCO000110	13	0	26	
MYCO000111	103	0	83	
MYCO000112	25	0	51	
MYCO000113	158	0	43	
MYCO000114	143	0	25	
MYCO000115	413	0	51	
MYCO000116	16	0	38	
MYCO000117	14	0	45	
MYCO000118	99	0	83	
MYCO000119	79	0	69	
MYCO000120	77	0	101	
MYCO000121	94	0	24	
MYCO000122	14	0	9	
MYCO000123	6	0	13	
MYCO000124	2992	0	3	
MYCO000125	173	0	42	
MYCO000126	31	0	68	
MYCO000127	26	0	42	
MYCO000128	33	0	26	
MYCO000130	4	0	32	
MYCO000131	19	0	53	
MYCO000132	128	0	36	
MYCO000133	377	0	37	
MYCO000134	1023	0	24	
MYCO000135	7	0	19	
MYCO000136	328	0	71	
MYCO000137	361	0	24	
MYCO000138	327	0	22	
MYCO000139	31	0	40	
MYCO000140	10	0	18	
MYCO000141	9	0	20	
MYCO000142	484	0	41	
MYCO000143	190	0	73	
MYCO000144	201	0	34	
MYCO000145	161	0	38	
MYCO000146	545	0	42	
MYCO000147	120	0	73	
MYCO000148	33	0	25	
MYCO000149	573	0	39	
MYCO000150	26	0	18	
MYCO000151	209	0	79	
MYCO000152	67	0	79	
MYCO000153	60	0	35	
MYCO000154	30	0	39	
MYCO000155	85	0	37	
MYCO000156	3	0	15	
MYCO000157	244	0	47	
MYCO000158	11	0	23	
MYCO000159	240	0	67	
MYCO000160	34	0	64	
MYCO000161	98	0	56	
MYCO000162	173	0	53	
MYCO000163	1	0	26	
MYCO000164	9	0	17	
MYCO000165	1527	0	10	
MYCO000166	51	0	67	
MYCO000167	3	1533	25	
MYCO000168	47	0	41	
MYCO000169	88	0	66	
MYCO000170	8	0	32	
MYCO000171	810	0	58	
MYCO000172	148	0	63	
MYCO000173	11	0	45	
MYCO000174	56	0	64	
MYCO000175	42	0	38	
MYCO000176	113	0	46	
MYCO000177	2	0	18	
MYCO000178	14	0	37	
MYCO000179	180	0	48	
MYCO000180	368	0	63	
MYCO000181	7	0	29	
MYCO000182	236	0	64	
MYCO000185	61	0	16	
MYCO000186	170	0	86	
MYCO000187	44	0	34	
MYCO000188	12	0	21	
MYCO000190	0	0	11	
MYCO000191	309	0	50	
MYCO000192	724	0	38	
MYCO000193	32	0	82	
MYCO000194	246	0	156	
MYCO000195	508	0	23	
MYCO000196	42	0	22	
MYCO000197	3071	0	1	
MYCO000199	5	0	24	
MYCO000200	48	0	24	
MYCO000201	234	0	13	
MYCO000202	110	0	111	
MYCO000203	141	0	18	
MYCO000205	412	0	40	
MYCO000206	191	0	87	
MYCO000208	24	0	20	
MYCO000209	230	0	44	
MYCO000210	282	0	40	
MYCO000212	44	0	42	
MYCO000213	22	0	52	
MYCO000214	53	0	72	
MYCO000215	361	0	40	
MYCO000216	45	0	35	
MYCO000217	280	0	35	
MYCO000218	911	0	42	
MYCO000219	3	0	28	
MYCO000220	132	0	46	
MYCO000221	338	0	42	
MYCO000222	76	0	32	
MYCO000224	43	0	22	
MYCO000226	190	0	68	
MYCO000229	10	0	30	
MYCO000230	10	0	52	
MYCO000231	44	0	61	
MYCO000232	19	0	34	
MYCO000233	307	0	27	
MYCO000234	169	0	46	
MYCO000235	55	0	82	
MYCO000239	7	0	12	
MYCO000240	8	0	20	
MYCO000245	17	0	21	
MYCO000246	135	0	51	
MYCO000249	15	0	27	
MYCO000250	5	0	10	
MYCO000251	5	0	30	
MYCO000252	54	0	113	
MYCO000253	20	0	15	
MYCO000254	38	0	18	
MYCO000255	283	0	55	
MYCO000256	853	0	55	
MYCO000257	391	0	23	
MYCO000258	34	0	20	
MYCO000259	6	0	30	
MYCO000260	50	0	52	
MYCO000261	43	0	68	
MYCO000262	11	0	19	
MYCO000263	291	0	29	
MYCO000264	68	0	28	
MYCO000265	15	0	50	
MYCO000266	782	0	119	
MYCO000267	338	0	45	
MYCO000268	31	0	23	
MYCO000269	70	0	44	
MYCO000271	107	0	83	
MYCO000272	60	0	51	
MYCO000273	49	0	29	
MYCO000275	307	0	46	
MYCO000276	144	869	34	
MYCO000277	98	1264	60	
MYCO000278	3068	0	3	
MYCO000279	2907	0	56	
MYCO000280	1338	0	62	
MYCO000281	155	0	41	
MYCO000282	46	0	68	
MYCO000283	266	0	57	
MYCO000284	560	0	136	
MYCO000285	107	0	11	
MYCO000286	903	0	58	
MYCO000287	12	10	9	
MYCO000288	3	0	21	
MYCO000289	70	0	48	
MYCO000290	494	0	72	
MYCO000291	419	0	48	
MYCO000292	30	0	36	
MYCO000293	83	0	46	
MYCO000294	75	0	42	
MYCO000295	14	0	22	
MYCO000296	50	0	42	
MYCO000297	1631	0	84	
MYCO000298	5	0	13	
MYCO000299	6	0	17	
MYCO000300	3	0	11	
MYCO000301	3	0	17	
MYCO000302	52	0	31	
MYCO000303	33	0	47	
MYCO000304	429	0	313	
MYCO000305	3027	0	7	
MYCO000306	11	0	28	
MYCO000307	11	0	21	
MYCO000308	5	0	34	
MYCO000309	25	0	19	
MYCO000310	5	0	14	
MYCO000311	20	0	50	
MYCO000312	261	0	58	
MYCO000313	4	0	20	
MYCO000314	119	0	36	
MYCO000315	747	0	36	
MYCO000316	280	0	27	
MYCO000317	43	0	31	
MYCO000318	23	0	28	
MYCO000319	41	0	30	
MYCO000320	11	0	25	
MYCO000323	336	0	31	
MYCO000324	15	0	30	
MYCO000325	1492	0	4	
MYCO000326	157	0	19	
MYCO000327	183	0	45	
MYCO000328	7	0	18	
MYCO000329	94	0	28	
MYCO000330	24	0	33	
MYCO000331	180	0	60	
MYCO000332	28	0	37	
MYCO000333	3	0	19	
MYCO000335	428	0	17	
MYCO000336	2670	336	19	
MYCO000338	587	0	77	
MYCO000339	460	0	94	
MYCO000340	8	0	24	
MYCO000341	962	0	42	
MYCO000342	91	0	56	
MYCO000343	128	0	65	
MYCO000344	16	0	19	
MYCO000345	6	0	22	
MYCO000346	130	0	43	
MYCO000347	6	11	27	
MYCO000348	5	0	16	
MYCO000349	11	0	26	
MYCO000351	83	0	21	
MYCO000353	4	0	18	
MYCO000354	3070	0	1	
MYCO000355	1869	0	260	
MYCO000356	259	0	33	
MYCO000358	843	0	23	
MYCO000359	50	0	31	
MYCO000361	9	0	30	
MYCO000362	22	0	69	
MYCO000363	30	0	40	
MYCO000364	9	0	29	
MYCO000365	94	0	41	
MYCO000366	50	0	22	
MYCO000367	24	0	15	
MYCO000368	138	0	53	
MYCO000369	10	0	20	
MYCO000370	24	0	48	
MYCO000371	25	0	19	
MYCO000372	76	0	38	
MYCO000373	120	0	107	
MYCO000374	14	0	23	
MYCO000375	324	0	27	
MYCO000376	258	0	48	
MYCO000377	241	0	45	
MYCO000378	433	0	9	
MYCO000379	14	0	15	
MYCO000380	45	0	23	
MYCO000381	42	0	31	
MYCO000382	20	0	12	
MYCO000385	9	0	31	
MYCO000386	272	0	117	
MYCO000387	1121	0	20	
MYCO000388	3069	0	2	
MYCO000389	403	0	46	
MYCO000390	3	0	13	
MYCO000391	57	0	35	
MYCO000392	182	0	61	
MYCO000393	974	0	78	
MYCO000394	32	0	30	
MYCO000395	507	0	14	
MYCO000396	20	0	17	
MYCO000397	474	1032	62	
MYCO000398	185	0	23	
MYCO000399	50	0	57	
MYCO000400	78	0	38	
MYCO000401	156	0	14	
MYCO000402	537	0	91	
MYCO000403	691	0	16	
MYCO000404	95	0	103	
MYCO000405	1475	0	134	
MYCO000406	37	0	31	
MYCO000408	22	0	78	
MYCO000409	24	0	41	
MYCO000412	24	0	48	
MYCO000413	95	0	21	
MYCO000416	1	0	8	
MYCO000418	25	0	51	
MYCO000419	56	0	60	
MYCO000420	4	0	29	
MYCO000421	19	0	25	
MYCO000422	16	0	27	
MYCO000424	1	0	13	
MYCO000425	729	0	128	
MYCO000426	52	0	23	
MYCO000427	38	0	37	
MYCO000428	170	0	31	
MYCO000430	48	0	8	
MYCO000431	19	0	13	
MYCO000434	24	0	26	
MYCO000435	215	0	81	
MYCO000436	219	0	30	
MYCO000437	167	0	19	
MYCO000438	55	0	41	
MYCO000441	197	0	17	
MYCO000442	91	0	54	
MYCO000443	110	0	21	
MYCO000444	485	0	33	
MYCO000445	15	0	18	
MYCO000446	680	0	23	
MYCO000447	140	0	53	
MYCO000448	58	0	20	
MYCO000449	52	0	36	
MYCO000450	43	0	90	
MYCO000451	6	0	20	
MYCO000452	4	0	20	
MYCO000453	791	0	34	
MYCO000454	12	0	13	
MYCO000455	3	0	16	
MYCO000456	33	0	39	
MYCO000457	352	0	62	
MYCO000458	238	0	57	
MYCO000459	89	0	34	
MYCO000460	2	0	11	
MYCO000461	36	0	28	
MYCO000463	53	0	10	
MYCO000464	3	0	18	
MYCO000469	58	0	43	
MYCO000470	24	0	24	
MYCO000471	59	0	30	
MYCO000473	24	0	43	
MYCO000474	4	0	16	
MYCO000476	7	0	11	
MYCO000477	42	0	14	
MYCO000478	18	0	28	
MYCO000479	320	0	24	
MYCO000480	96	0	25	
MYCO000481	19	0	18	
MYCO000482	33	0	34	
MYCO000485	63	0	43	
MYCO000487	97	0	28	
MYCO000488	19	0	25	
MYCO000492	414	0	68	
MYCO000493	111	0	44	
MYCO000494	85	0	26	
MYCO000497	386	0	30	
MYCO000499	79	0	32	
MYCO000500	276	0	27	
MYCO000503	4	0	17	
MYCO000504	2	0	13	
MYCO000506	19	0	9	
MYCO000507	247	0	128	
MYCO000508	0	0	8	
MYCO000511	493	0	50	
MYCO000513	40	0	16	
MYCO000514	25	0	24	
MYCO000515	2670	204	19	
MYCO000516	10	0	15	
MYCO000517	69	0	53	
MYCO000518	9	0	25	
MYCO000519	359	0	31	
MYCO000520	33	0	14	
MYCO000521	4	0	14	
MYCO000522	16	0	37	
MYCO000523	165	0	15	
MYCO000525	292	0	34	
MYCO000526	41	0	23	
MYCO000530	248	0	51	
MYCO000531	400	0	15	
MYCO000532	2885	0	8	
MYCO000533	66	0	26	
MYCO000534	118	0	40	
MYCO000535	51	0	32	
MYCO000536	478	0	28	
MYCO000537	240	0	57	
MYCO000538	753	0	94	
MYCO000539	1216	0	18	
MYCO000540	269	0	19	
MYCO000541	114	0	43	
MYCO000542	402	0	34	
MYCO000543	0	0	7	
MYCO000544	281	0	14	
MYCO000545	105	0	45	
MYCO000546	10	0	15	
MYCO000547	194	0	39	
MYCO000549	41	0	21	
MYCO000550	13	0	10	
MYCO000552	650	0	50	
MYCO000554	209	0	27	
MYCO000556	5	0	15	
MYCO000559	58	0	11	
MYCO000560	17	0	28	
MYCO000561	199	0	26	
MYCO000565	117	0	76	
MYCO000567	51	0	38	
MYCO000568	107	0	49	
MYCO000569	8	0	14	
MYCO000570	182	0	82	
MYCO000571	289	0	45	
MYCO000572	12	0	17	
MYCO000573	181	0	57	
MYCO000574	166	0	36	
MYCO000575	209	0	41	
MYCO000576	231	0	47	
MYCO000577	250	0	32	
MYCO000578	2331	0	98	
MYCO000579	157	0	34	
MYCO000580	21	0	18	
MYCO000581	99	0	12	
MYCO000582	13	0	11	
MYCO000583	78	0	26	
MYCO000584	41	0	107	
MYCO000585	104	0	88	
MYCO000586	16	959	32	
MYCO000587	95	0	48	
MYCO000588	134	0	35	
MYCO000589	32	0	50	
MYCO000590	1497	0	20	
MYCO000591	226	0	63	
MYCO000592	547	0	42	
MYCO000593	39	0	49	
MYCO000594	174	0	73	
MYCO000595	22	0	19	
MYCO000596	27	0	7	
MYCO000597	9	0	39	
MYCO000598	13	0	19	
MYCO000599	6	1707	11	
MYCO000600	146	0	19	
MYCO000601	129	0	30	
MYCO000602	385	0	36	
MYCO000603	582	0	10	
MYCO000604	147	0	44	
MYCO000605	21	0	17	
MYCO000606	67	0	28	
MYCO000607	5	0	12	
MYCO000608	1	0	7	
MYCO000609	17	0	18	
MYCO000610	360	0	33	
MYCO000611	7	0	18	
MYCO000612	387	0	19	
MYCO000613	832	0	75	
MYCO000614	114	0	36	
MYCO000615	42	0	8	
MYCO000616	22	0	15	
MYCO000617	10	0	18	
MYCO000618	399	0	22	
MYCO000619	3072	0	0	
MYCO000620	806	0	43	
MYCO000621	408	0	32	
MYCO000622	9	0	36	
MYCO000623	6	0	9	
MYCO000624	9	0	19	
MYCO000625	216	0	32	
MYCO000626	21	0	11	
MYCO000627	24	0	13	
MYCO000628	262	1412	49	
MYCO000629	552	0	62	
MYCO000630	822	0	88	
MYCO000631	849	0	93	
MYCO000632	2	0	23	
MYCO000633	25	0	38	
MYCO000634	4	0	18	
MYCO000635	7	0	20	
MYCO000637	6	0	27	
MYCO000638	47	0	20	
MYCO000642	20	0	35	
MYCO000643	85	0	29	
MYCO000644	4	10	29	
MYCO000645	4	0	30	
MYCO000646	55	0	28	
MYCO000648	1058	0	117	
MYCO000649	1185	0	30	
MYCO000650	848	0	25	
MYCO000653	22	0	20	
MYCO000654	326	0	59	
MYCO000656	24	0	19	
MYCO000657	5	0	5	
MYCO000658	20	0	35	
MYCO000659	8	0	19	
MYCO000660	31	0	12	
MYCO000661	44	0	14	
MYCO000662	44	0	10	
MYCO000663	258	0	88	
MYCO000664	3	0	8	
MYCO000665	38	0	12	
MYCO000666	6	0	12	
MYCO000669	295	0	70	
MYCO000670	566	0	17	
MYCO000671	66	0	33	
MYCO000673	409	0	30	
MYCO000674	39	0	17	
MYCO000675	151	0	23	
MYCO000676	12	1358	78	
MYCO000677	3	0	18	
MYCO000678	16	0	16	
MYCO000679	52	0	18	
MYCO000680	7	0	20	
MYCO000681	5	0	31	
MYCO000686	462	0	19	
MYCO000687	40	0	27	
MYCO000688	38	0	36	
MYCO000689	147	0	11	
MYCO000690	41	0	26	
MYCO000691	1	0	29	
MYCO000692	3	0	9	
MYCO000694	157	0	35	
MYCO000695	33	0	25	
MYCO000697	18	0	55	
MYCO000698	556	0	26	
MYCO000699	1	0	8	
MYCO000711	229	0	66	
MYCO000712	10	0	24	
MYCO000713	12	0	44	
MYCO000724	299	0	64	
MYCO000725	43	0	25	
MYCO000726	86	0	39	
MYCO000727	174	0	33	
MYCO000728	94	0	37	
MYCO000729	462	0	48	
MYCO000730	89	0	29	
MYCO000731	265	0	31	
MYCO000735	11	0	25	
MYCO000736	69	0	29	
MYCO000737	16	0	17	
MYCO000738	375	0	23	
MYCO000739	1538	0	12	
MYCO000740	765	0	29	
MYCO000741	19	352	19	
MYCO000742	3072	0	0	
MYCO000743	12	0	20	
MYCO000744	156	0	26	
MYCO000745	423	0	29	
MYCO000746	2783	0	21	
MYCO000747	2788	0	30	
MYCO000748	295	0	16	
MYCO000749	98	1436	42	
MYCO000750	711	1123	22	
MYCO000751	121	0	30	
MYCO000752	83	0	44	
MYCO000753	169	0	53	
MYCO000754	854	0	54	
MYCO000755	384	0	93	
MYCO000756	83	0	28	
MYCO000759	0	0	9	
MYCO000760	99	0	14	
MYCO000761	28	0	28	
MYCO000762	11	0	21	
MYCO000763	6	0	8	
MYCO000764	16	0	43	
MYCO000765	70	0	30	
MYCO000766	756	0	38	
MYCO000767	234	0	24	
MYCO000768	34	0	57	
MYCO000769	9	0	26	
MYCO000770	190	0	25	
MYCO000771	46	0	21	
MYCO000773	62	0	66	
MYCO000774	120	0	41	
MYCO000775	50	0	26	
MYCO000776	132	0	28	
MYCO000778	158	0	39	
MYCO000779	966	0	18	
MYCO000781	3001	0	1	
MYCO000783	22	0	68	
MYCO000784	93	0	26	
MYCO000785	100	0	51	
MYCO000786	120	0	19	
MYCO000787	446	0	39	
MYCO000789	6	0	14	
MYCO000790	23	0	37	
MYCO000791	76	0	43	
MYCO000792	17	0	32	
MYCO000793	9	0	12	
MYCO000794	52	0	46	
MYCO000795	379	2	13	
MYCO000796	3072	0	0	
MYCO000797	3033	0	8	
MYCO000798	19	0	22	
MYCO000799	7	0	27	
MYCO000800	39	0	46	
MYCO000801	4	0	15	
MYCO000802	72	0	37	
MYCO000804	556	0	21	
MYCO000805	7	0	40	
MYCO000806	18	0	43	
MYCO000807	11	0	10	
MYCO000811	195	0	31	
MYCO000812	16	0	26	
MYCO000813	220	0	28	
MYCO000816	6	0	21	
MYCO000817	4	0	31	
MYCO000818	70	0	25	
MYCO000819	53	0	35	
MYCO000822	552	0	62	
MYCO000825	36	0	40	
MYCO000826	182	0	29	
MYCO000827	245	0	20	
MYCO000828	65	0	27	
MYCO000829	88	965	26	
MYCO000830	18	0	37	
MYCO000831	19	0	31	
MYCO000832	733	0	12	
MYCO000833	2459	0	49	
MYCO000834	1860	0	63	
MYCO000835	236	0	42	
MYCO000836	1532	0	13	
MYCO000837	94	0	38	
MYCO000838	36	0	24	
MYCO000839	45	0	18	
MYCO000840	52	0	27	
MYCO000841	35	0	12	
MYCO000842	163	0	51	
MYCO000843	13	0	49	
MYCO000844	72	0	34	
MYCO000845	38	0	50	
MYCO000846	138	0	46	
MYCO000847	386	0	13	
MYCO000848	53	0	45	
MYCO000849	421	0	53	
MYCO000850	16	0	8	
MYCO000851	239	0	22	
MYCO000852	23	0	38	
MYCO000853	113	0	53	
MYCO000854	10	0	20	
MYCO000855	85	0	41	
MYCO000856	4	0	13	
MYCO000857	13	0	16	
MYCO000858	161	0	51	
MYCO000862	264	0	89	
MYCO000863	10	0	8	
MYCO000864	16	0	22	
MYCO000865	20	0	11	
MYCO000866	240	0	18	
MYCO000867	1535	0	64	
MYCO000868	20	0	9	
MYCO000869	229	0	42	
MYCO000870	9	0	19	
MYCO000872	1406	0	62	
MYCO000873	48	0	58	
MYCO000874	263	1427	44	
MYCO000875	21	0	21	
MYCO000877	21	0	26	
MYCO000878	2243	0	35	
MYCO000879	77	0	15	
MYCO000880	45	0	16	
MYCO000881	22	0	33	
MYCO000882	34	0	14	
MYCO000883	97	0	22	
MYCO000887	12	0	11	
MYCO000888	689	0	59	
MYCO000890	125	0	112	
MYCO000891	92	0	29	
MYCO000892	24	0	71	
MYCO000893	29	0	53	
MYCO000894	33	0	55	
MYCO000895	98	0	48	
MYCO000897	643	0	56	
MYCO000898	3	0	8	
MYCO000899	8	0	28	
MYCO000900	10	0	7	
MYCO000901	159	0	26	
MYCO000904	489	0	44	
MYCO000905	24	0	26	
MYCO000907	3070	0	1	
MYCO000908	19	0	76	
MYCO000909	29	0	10	
MYCO000910	15	0	18	
MYCO000911	183	0	31	
MYCO000912	4	0	14	
MYCO000913	91	0	49	
MYCO000914	107	0	59	
MYCO000915	497	0	42	
MYCO000916	12	0	18	
MYCO000917	78	0	50	
MYCO000918	39	0	23	
MYCO000919	3	0	20	
MYCO000920	36	0	52	
MYCO000921	21	0	27	
MYCO000922	102	0	72	
MYCO000923	14	0	50	
MYCO000924	259	0	44	
MYCO000925	45	0	27	
MYCO000928	49	0	26	
MYCO000930	49	0	10	
MYCO000931	129	0	84	
MYCO000932	49	0	58	
MYCO000933	27	0	35	
MYCO000934	385	0	38	
MYCO000935	46	0	43	
MYCO000936	55	0	28	
MYCO000937	4	0	24	
MYCO000938	27	0	82	
MYCO000939	76	0	80	
MYCO000940	8	0	29	
MYCO000941	12	0	34	
MYCO000942	14	0	13	
MYCO000943	41	0	40	
MYCO000944	42	0	25	
MYCO000945	79	0	36	
MYCO000947	11	0	14	
MYCO000948	1	0	13	
MYCO000950	114	0	41	
MYCO000954	74	0	48	
MYCO000955	644	0	36	
MYCO000956	288	0	21	
MYCO000958	404	0	44	
MYCO000959	531	0	72	
MYCO000960	25	0	14	
MYCO000961	26	1894	11	
MYCO000962	160	0	22	
MYCO000963	191	0	38	
MYCO000964	23	0	17	
MYCO000965	9	0	24	
MYCO000966	328	0	20	
MYCO000967	23	0	10	
MYCO000968	24	0	15	
MYCO000969	745	0	73	
MYCO000970	8	0	24	
MYCO000971	328	0	26	
MYCO000972	47	0	56	
MYCO000973	205	0	97	
MYCO000974	130	0	72	
MYCO000975	297	0	42	
MYCO000976	379	0	59	
MYCO000977	1855	0	76	
MYCO000978	2856	0	50	
MYCO000979	14	0	11	
MYCO000980	2958	0	43	
MYCO000982	128	0	46	
MYCO000984	23	0	14	
MYCO000985	14	0	24	
MYCO000986	103	0	37	
MYCO000987	160	0	154	
MYCO000988	82	0	76	
MYCO000989	41	0	61	
MYCO000990	100	0	31	
MYCO000991	4	0	12	
MYCO000992	157	0	26	
MYCO000996	15	0	45	
MYCO000997	1	0	23	
MYCO000998	100	0	28	
MYCO000999	38	0	27	
MYCO001000	35	0	17	
MYCO001003	173	0	38	
MYCO001004	1197	0	49	
MYCO001005	795	0	23	
MYCO001006	58	0	57	
MYCO001012	356	0	12	
MYCO001016	18	0	17	
MYCO001019	3	0	14	
MYCO001021	16	0	29	
MYCO001024	244	0	23	
MYCO001025	46	0	15	
MYCO001027	31	0	31	
MYCO001028	827	0	74	
MYCO001029	36	0	68	
MYCO001030	32	0	80	
MYCO001031	44	0	17	
MYCO001032	65	0	61	
MYCO001033	26	0	23	
MYCO001034	401	0	17	
MYCO001035	486	0	26	
MYCO001036	69	0	15	
MYCO001037	259	1409	119	
MYCO001038	1741	321	89	
MYCO001039	642	0	40	
MYCO001040	325	0	31	
MYCO001041	117	21	38	
MYCO001042	40	2	23	
MYCO001043	19	0	40	
MYCO001044	4	0	15	
MYCO001045	614	0	26	
MYCO001046	3070	0	1	
MYCO001047	2987	25	8	
MYCO001048	13	0	60	
MYCO001049	13	0	23	
MYCO001050	132	0	25	
MYCO001051	22	0	42	
MYCO001052	29	0	17	
MYCO001053	13	0	11	
MYCO001054	5	0	12	
MYCO001055	0	0	5	
MYCO001056	31	90	28	
MYCO001057	19	0	50	
MYCO001058	78	0	46	
MYCO001059	52	0	48	
MYCO001060	22	0	16	
MYCO001061	16	0	30	
MYCO001062	192	0	25	
MYCO001063	57	0	46	
MYCO001064	207	0	20	
MYCO001065	59	0	21	
MYCO001066	341	0	13	
MYCO001067	3051	0	13	
MYCO001068	2978	0	16	
MYCO001069	82	0	76	
MYCO001073	72	0	43	
MYCO001074	74	0	37	
MYCO001075	101	0	49	
MYCO001076	28	0	47	
MYCO001078	752	0	21	
MYCO001081	44	0	16	
MYCO001083	7	0	9	
MYCO001084	1090	0	43	
MYCO001085	29	0	25	
MYCO001087	2585	0	65	
MYCO001088	261	0	20	
MYCO001089	3072	0	0	
MYCO001090	35	0	21	
MYCO001091	2813	0	53	
MYCO001093	44	0	42	
MYCO001096	45	0	35	
MYCO001097	17	0	38	
MYCO001100	25	0	27	
MYCO001101	92	0	36	
MYCO001102	17	0	7	
MYCO001103	6	0	7	
MYCO001104	10	0	30	
MYCO001105	22	0	18	
MYCO001106	69	0	24	
MYCO001107	0	0	10	
MYCO001109	11	0	21	
MYCO001111	30	0	32	
MYCO001113	2	0	5	
MYCO001114	5	0	11	
MYCO001115	61	0	40	
MYCO001116	14	0	8	
MYCO001117	3	0	10	
MYCO001118	168	0	31	
MYCO001119	12	0	5	
MYCO001120	14	0	22	
MYCO001121	62	0	54	
MYCO001122	285	0	35	
MYCO001123	34	0	35	
MYCO001124	67	0	32	
MYCO001125	362	0	46	
MYCO001126	12	0	20	
MYCO001127	18	0	47	
MYCO001128	1016	0	42	
MYCO001129	19	0	72	
MYCO001130	46	0	61	
MYCO001131	13	0	36	
MYCO001132	523	0	58	
MYCO001133	406	0	57	
MYCO001134	214	0	11	
MYCO001135	930	0	73	
MYCO001136	3	0	15	
MYCO001137	20	0	14	
MYCO001138	41	0	35	
MYCO001139	232	0	28	
MYCO001140	11	0	19	
MYCO001141	30	1564	25	
MYCO001142	30	1746	19	
MYCO001143	48	0	33	
MYCO001144	44	0	24	
MYCO001145	1518	0	13	
MYCO001146	28	0	49	
MYCO001147	22	0	22	
MYCO001148	2968	21	27	
MYCO001149	40	1	23	
MYCO001150	3072	0	0	
MYCO001151	29	0	24	
MYCO001152	19	0	15	
MYCO001153	65	0	34	
MYCO001154	8	0	27	
MYCO001155	24	0	18	
MYCO001156	27	0	21	
MYCO001157	1301	0	28	
MYCO001158	682	0	25	
MYCO001159	13	0	46	
MYCO001160	45	0	17	
MYCO001161	96	0	116	
MYCO001162	40	0	57	
MYCO001163	33	0	15	
MYCO001164	15	0	22	
MYCO001166	131	0	51	
MYCO001167	23	0	15	
MYCO001168	458	0	39	
MYCO001169	7	0	16	
MYCO001170	34	0	33	
MYCO001171	6	0	17	
MYCO001172	413	0	35	
MYCO001174	3	0	17	
MYCO001175	1174	0	69	
MYCO001176	161	0	20	
MYCO001179	576	0	100	
MYCO001180	3066	0	1	
MYCO001181	179	0	154	
MYCO001182	20	0	33	
MYCO001183	30	0	104	
MYCO001184	23	0	35	
MYCO001185	41	0	53	
MYCO001186	249	0	63	
MYCO001187	333	0	46	
MYCO001188	177	0	44	
MYCO001189	60	0	29	
MYCO001190	389	0	29	
MYCO001191	551	0	32	
MYCO001192	325	0	21	
MYCO001194	46	0	50	
MYCO001195	17	0	10	
MYCO001196	1523	226	297	
MYCO001197	1740	344	94	
MYCO001198	259	1441	117	
MYCO001199	2987	26	9	
MYCO001200	223	0	49	
MYCO001203	225	0	22	
MYCO001204	222	0	52	
MYCO001205	53	0	20	
MYCO001206	55	0	46	
MYCO001209	40	0	13	
MYCO001210	16	0	14	
MYCO001211	10	0	6	
MYCO001212	44	0	40	
MYCO001214	109	0	15	
MYCO001215	426	0	73	
MYCO001216	63	0	26	
MYCO001217	507	0	63	
MYCO001218	10	0	46	
MYCO001219	25	0	30	
MYCO001222	7	0	20	
MYCO001224	13	0	24	
MYCO001225	781	0	36	
MYCO001226	418	0	63	
MYCO001227	18	0	20	
MYCO001228	11	0	33	
MYCO001230	265	0	66	
MYCO001231	98	0	22	
MYCO001232	74	0	55	
MYCO001233	135	0	32	
MYCO001234	27	0	19	
MYCO001235	18	0	33	
MYCO001236	37	0	35	
MYCO001237	9	0	24	
MYCO001240	52	0	39	
MYCO001241	29	0	13	
MYCO001242	28	0	19	
MYCO001243	2003	0	38	
MYCO001244	468	0	40	
MYCO001246	3	0	13	
MYCO001247	6	0	6	
MYCO001249	56	0	40	
MYCO001250	389	0	49	
MYCO001251	855	0	80	
MYCO001252	16	0	21	
MYCO001254	302	0	35	
MYCO001255	33	0	30	
MYCO001256	88	0	37	
MYCO001257	35	0	62	
MYCO001258	714	0	43	
MYCO001259	122	0	26	
MYCO001260	310	0	29	
MYCO001261	16	0	17	
MYCO001262	19	0	19	
MYCO001263	292	0	47	
MYCO001264	102	0	50	
MYCO001265	77	0	19	
MYCO001266	686	0	67	
MYCO001267	26	0	39	
MYCO001268	201	0	32	
MYCO001269	605	0	14	
MYCO001270	158	0	30	
MYCO001271	12	0	13	
MYCO001274	315	0	17	
MYCO001275	7	0	22	
MYCO001276	161	0	19	
MYCO001278	614	0	69	
MYCO001279	53	0	45	
MYCO001280	20	0	60	
MYCO001281	68	0	53	
MYCO001282	3	0	23	
MYCO001283	86	0	26	
MYCO001284	6	0	13	
MYCO001285	9	0	44	
MYCO001286	17	0	71	
MYCO001287	6	0	11	
MYCO001288	1237	0	50	
MYCO001289	14	0	31	
MYCO001290	476	675	52	
MYCO001291	9	0	15	
MYCO001296	130	0	30	
MYCO001300	300	0	22	
MYCO001301	11	0	18	
MYCO001303	6	0	13	
MYCO001304	8	0	29	
MYCO001306	10	0	17	
MYCO001307	29	0	51	
MYCO001312	29	0	20	
MYCO001313	1647	32	27	
MYCO001314	38	0	33	
MYCO001316	32	0	24	
MYCO001317	130	0	59	
MYCO001318	146	0	53	
MYCO001319	2307	0	50	
MYCO001320	149	0	73	
MYCO001322	147	0	15	
MYCO001324	322	0	37	
MYCO001325	1974	0	54	
MYCO001329	371	0	62	
MYCO001330	211	0	62	
MYCO001331	14	0	9	
MYCO001332	11	0	25	
MYCO001333	166	0	37	
MYCO001334	88	0	13	
MYCO001335	80	0	13	
MYCO001336	230	0	30	
MYCO001337	4	0	24	
MYCO001339	14	0	28	
MYCO001341	26	0	18	
MYCO001342	9	0	13	
MYCO001343	16	0	20	
MYCO001344	1	0	13	
MYCO001345	40	0	55	
MYCO001346	11	0	27	
MYCO001347	8	0	29	
MYCO001348	209	0	70	
MYCO001349	89	0	48	
MYCO001350	13	0	24	
MYCO001351	12	0	15	
MYCO001352	10	0	25	
MYCO001353	131	0	32	
MYCO001354	167	0	79	
MYCO001355	467	0	101	
MYCO001356	162	0	34	
MYCO001357	26	0	35	
MYCO001358	868	0	96	
MYCO001359	45	0	25	
MYCO001360	92	0	30	
MYCO001361	1480	228	304	
MYCO001362	23	0	20	
MYCO001363	260	0	30	
MYCO001364	243	0	62	
MYCO001365	19	0	15	
MYCO001366	199	0	26	
MYCO001367	214	0	52	
MYCO001368	64	0	32	
MYCO001369	3072	0	0	
MYCO001370	379	2	13	
MYCO001371	725	0	40	
MYCO001372	23	0	51	
MYCO001373	67	0	37	
MYCO001374	4	0	24	
MYCO001375	175	0	49	
MYCO001376	260	0	49	
MYCO001377	9	0	24	
MYCO001378	409	0	51	
MYCO001379	39	0	17	
MYCO001382	91	0	27	
MYCO001386	91	0	17	
MYCO001387	1164	0	46	
MYCO001389	67	0	33	
MYCO001393	87	0	40	
MYCO001394	26	0	50	
MYCO001395	20	0	46	
MYCO001396	2110	0	42	
MYCO001397	13	0	17	
MYCO001398	2	0	12	
MYCO001399	78	0	43	
MYCO001400	102	0	39	
MYCO001401	110	0	29	
MYCO001403	184	0	29	
MYCO001404	7	0	12	
MYCO001405	21	0	34	
MYCO001406	232	0	33	
MYCO001409	397	0	26	
MYCO001411	4	0	29	
MYCO001413	13	0	26	
MYCO001414	11	0	18	
MYCO001417	8	0	23	
MYCO001418	10	0	19	
MYCO001419	8	0	21	
MYCO001422	158	0	26	
MYCO001423	196	0	36	
MYCO001424	38	0	35	
MYCO001425	23	0	44	
MYCO001426	52	0	55	
MYCO001427	146	0	55	
MYCO001428	4	0	36	
MYCO001429	131	0	51	
MYCO001430	360	0	47	
MYCO001431	38	0	90	
MYCO001432	310	0	33	
MYCO001433	8	0	26	
MYCO001434	20	0	4	
MYCO001435	642	0	28	
MYCO001439	5	821	13	
MYCO001441	1696	0	82	
MYCO001442	176	0	102	
MYCO001443	24	0	20	
MYCO001444	25	0	20	
MYCO001446	458	0	43	
MYCO001450	3069	0	3	
MYCO001452	2870	0	64	
MYCO001453	62	0	45	
MYCO001454	28	0	37	
MYCO001455	85	0	34	
MYCO001456	98	0	41	
MYCO001459	276	0	58	
MYCO001460	488	0	21	
MYCO001461	53	0	86	
MYCO001468	1582	0	32	
MYCO001469	255	0	65	
MYCO001470	5	0	10	
MYCO001471	18	0	8	
MYCO001472	35	0	41	
MYCO001476	2	0	18	
MYCO001477	89	0	48	
MYCO001478	41	0	21	
MYCO001482	29	0	33	
MYCO001486	22	0	34	
MYCO001487	6	0	19	
MYCO001488	36	0	28	
MYCO001489	9	0	17	
MYCO001490	30	0	61	
MYCO001491	5	0	31	
MYCO001492	338	0	65	
MYCO001494	5	0	12	
MYCO001495	6	0	16	
MYCO001496	31	0	35	
MYCO001497	107	0	48	
MYCO001498	37	0	35	
MYCO001499	27	0	17	
MYCO001500	56	0	47	
MYCO001501	34	0	33	
MYCO001502	58	0	45	
MYCO001503	3072	0	0	
MYCO001504	828	0	16	
MYCO001505	41	0	38	
MYCO001506	80	0	26	
MYCO001507	74	0	32	
MYCO001508	145	78	75	
MYCO001509	254	0	26	
MYCO001510	11	1653	35	
MYCO001511	60	0	39	
MYCO001512	43	0	38	
MYCO001513	43	0	21	
MYCO001514	30	0	28	
MYCO001515	41	0	33	
MYCO001516	177	0	37	
MYCO001517	27	0	26	
MYCO001518	102	0	41	
MYCO001519	470	0	13	
MYCO001520	490	0	43	
MYCO001521	104	0	52	
MYCO001522	286	0	123	
MYCO001523	71	0	37	
MYCO001524	348	0	42	
MYCO001525	381	0	34	
MYCO001526	315	0	49	
MYCO001527	748	0	214	
MYCO001528	28	0	12	
MYCO001529	47	0	68	
MYCO001530	47	0	49	
MYCO001531	12	0	15	
MYCO001532	62	0	17	
MYCO001533	95	0	24	
MYCO001534	19	0	26	
MYCO001535	5	0	4	
MYCO001537	109	0	54	
MYCO001538	222	0	39	
MYCO001539	24	0	19	
MYCO001541	25	0	18	
MYCO001542	11	10	16	
MYCO001543	12	0	32	
MYCO001544	60	0	31	
MYCO001545	15	0	12	
MYCO001546	52	0	24	
MYCO001548	121	0	84	
MYCO001549	3042	0	2	
MYCO001550	372	0	51	
MYCO001551	721	0	60	
MYCO001552	103	0	73	
MYCO001553	122	0	18	
MYCO001554	7	0	16	
MYCO001555	7	0	14	
MYCO001556	16	0	33	
MYCO001558	16	0	14	
MYCO001560	4	0	7	
MYCO001561	6	0	18	
MYCO001562	326	0	55	
MYCO001563	222	0	72	
MYCO001565	409	0	57	
MYCO001566	123	0	34	
MYCO001567	4	0	21	
MYCO001570	354	0	21	
MYCO001571	299	0	17	
MYCO001572	2186	0	9	
MYCO001573	1998	0	9	
MYCO001574	2090	0	13	
MYCO001575	3068	0	3	
MYCO001576	615	379	105	
MYCO001577	1910	0	12	
MYCO001578	1914	0	17	
MYCO001579	1897	0	13	
MYCO001580	1920	0	8	
MYCO001581	2331	0	7	
MYCO001582	1909	0	30	
MYCO001583	245	519	20	
MYCO001584	1997	0	7	
MYCO001585	2129	0	18	
MYCO001586	1969	0	33	
MYCO001587	3045	0	9	
MYCO001588	2961	3	42	
MYCO001590	10	0	8	
MYCO001591	20	0	35	
MYCO001592	14	0	58	
MYCO001596	13	0	21	
MYCO001597	29	0	26	
MYCO001598	28	0	11	
MYCO001602	8	0	24	
MYCO001604	20	0	29	
MYCO001606	19	0	19	
MYCO001607	45	0	26	
MYCO001608	1	0	11	
MYCO001610	381	0	23	
MYCO001613	7	0	31	
MYCO001614	39	0	47	
MYCO001615	6	0	23	
MYCO001616	10	0	15	
MYCO001618	13	0	25	
MYCO001619	160	0	43	
MYCO001620	479	0	39	
MYCO001621	425	0	40	
MYCO001622	15	0	36	
MYCO001623	8	0	51	
MYCO001624	13	0	26	
MYCO001625	148	0	56	
MYCO001628	47	0	15	
MYCO001631	46	0	45	
MYCO001632	46	0	15	
MYCO001634	49	0	48	
MYCO001635	49	0	55	
MYCO001636	2	0	18	
MYCO001637	184	0	29	
MYCO001639	631	959	50	
MYCO001640	73	0	124	
MYCO001644	236	0	34	
MYCO001645	334	0	36	
MYCO001646	288	0	35	
MYCO001647	790	0	26	
MYCO001648	13	0	31	
MYCO001650	478	0	93	
MYCO001651	1735	0	95	
MYCO001660	496	0	27	
MYCO001661	892	0	201	
MYCO001662	775	0	189	
MYCO001663	103	0	76	
MYCO001664	242	0	114	
MYCO001665	142	0	44	
MYCO001666	117	0	38	
MYCO001667	53	0	24	
MYCO001668	3000	0	3	
MYCO001669	85	0	13	
MYCO001670	29	0	15	
MYCO001671	7	0	20	
MYCO001672	267	0	44	
MYCO001673	231	0	39	
MYCO001674	251	0	19	
MYCO001675	202	0	35	
MYCO001676	15	0	42	
MYCO001677	17	0	24	
MYCO001678	375	0	35	
MYCO001679	39	0	38	
MYCO001680	46	0	36	
MYCO001681	41	0	34	
MYCO001682	252	0	35	
MYCO001683	476	0	74	
MYCO001684	25	0	10	
MYCO001685	17	0	24	
MYCO001686	21	0	28	
MYCO001687	14	0	34	
MYCO001688	97	0	28	
MYCO001690	12	0	14	
MYCO001691	179	0	34	
MYCO001692	346	0	32	
MYCO001693	10	0	10	
MYCO001696	27	0	51	
MYCO001698	291	0	30	
MYCO001700	8	0	27	
MYCO001702	334	0	55	
MYCO001703	8	0	21	
MYCO001704	22	0	72	
MYCO001705	664	0	32	
MYCO001706	237	0	34	
MYCO001707	53	0	48	
MYCO001710	7	0	24	
MYCO001714	385	0	32	
MYCO001715	348	0	42	
MYCO001716	9	0	42	
MYCO001717	642	0	18	
MYCO001718	54	0	46	
MYCO001719	91	0	45	
MYCO001720	49	0	16	
MYCO001721	6	0	5	
MYCO001722	318	0	55	
MYCO001723	166	0	48	
MYCO001724	50	0	13	
MYCO001725	157	0	29	
MYCO001726	193	0	81	
MYCO001727	35	0	23	
MYCO001728	10	0	30	
MYCO001729	23	0	35	
MYCO001730	550	0	73	
MYCO001731	233	0	49	
MYCO001732	177	0	17	
MYCO001733	5	0	29	
MYCO001734	6	0	10	
MYCO001735	22	0	25	
MYCO001736	513	1267	83	
MYCO001737	502	0	33	
MYCO001738	29	0	20	
MYCO001739	170	0	60	
MYCO001740	6	0	8	
MYCO001741	6	953	9	
MYCO001742	96	0	32	
MYCO001743	337	0	49	
MYCO001744	472	0	19	
MYCO001745	28	0	29	
MYCO001746	157	0	54	
MYCO001747	214	0	77	
MYCO001748	16	0	30	
MYCO001749	29	0	27	
MYCO001750	127	0	52	
MYCO001751	78	0	51	
MYCO001752	14	0	20	
MYCO001753	3049	0	15	
MYCO001754	1349	0	37	
MYCO001755	3072	0	0	
MYCO001756	3072	0	0	
MYCO001757	379	2	13	
MYCO001758	2105	0	27	
MYCO001759	2895	0	28	
MYCO001760	1634	0	38	
MYCO001761	1609	0	15	
MYCO001762	1634	0	21	
MYCO001763	379	2	13	
MYCO001764	3072	0	0	
MYCO001765	3067	0	2	
MYCO001766	15	0	8	
MYCO001767	8	0	15	
MYCO001768	1501	0	50	
MYCO001769	190	0	49	
MYCO001770	189	0	52	
MYCO001771	4	0	47	
MYCO001772	12	0	8	
MYCO001773	11	0	32	
MYCO001774	49	0	67	
MYCO001775	814	0	24	
MYCO001776	18	0	29	
MYCO001777	207	0	61	
MYCO001778	345	0	16	
MYCO001779	284	0	82	
MYCO001780	7	0	16	
MYCO001781	330	0	87	
MYCO001782	77	0	38	
MYCO001783	167	0	96	
MYCO001785	17	0	38	
MYCO001786	1	0	10	
MYCO001787	2676	0	28	
MYCO001788	9	8	19	
MYCO001789	310	0	44	
MYCO001790	1307	0	49	
MYCO001791	14	0	12	
MYCO001792	3072	0	0	
MYCO001793	259	1140	89	
MYCO001794	4	0	28	
MYCO001795	332	0	50	
MYCO001796	136	0	68	
MYCO001797	10	0	49	
MYCO001798	20	0	47	
MYCO001799	249	0	7	
MYCO001800	118	0	87	
MYCO001801	833	0	52	
MYCO001802	566	0	51	
MYCO001803	911	0	59	
MYCO001804	20	0	16	
MYCO001805	1	0	21	
MYCO001806	7	0	13	
MYCO001807	3072	0	0	
MYCO001808	217	0	39	
MYCO001809	140	0	39	
MYCO001810	4	0	12	
MYCO001811	20	0	40	
MYCO001812	159	0	42	
MYCO001813	11	0	21	
MYCO001814	143	0	51	
MYCO001815	450	0	43	
MYCO001816	439	849	17	
MYCO001817	344	0	63	
MYCO001818	2044	0	48	
MYCO001819	107	0	48	
MYCO001820	95	0	48	
MYCO001822	14	0	23	
MYCO001823	89	0	38	
MYCO001824	12	0	16	
MYCO001825	12	0	35	
MYCO001826	2	0	11	
MYCO001828	13	0	19	
MYCO001831	32	0	10	
MYCO001833	15	0	33	
MYCO001834	31	0	26	
MYCO001835	156	0	76	
MYCO001836	205	0	71	
MYCO001838	7	0	14	
MYCO001839	2	0	8	
MYCO001840	1483	0	51	
MYCO001841	44	0	41	
MYCO001845	564	0	28	
MYCO001846	24	0	24	
MYCO001847	36	0	26	
MYCO001848	44	0	12	
MYCO001849	3	0	7	
MYCO001850	193	0	66	
MYCO001851	298	0	28	
MYCO001852	65	0	17	
MYCO001853	15	0	25	
MYCO001855	44	0	39	
MYCO001856	431	0	29	
MYCO001857	7	0	28	
MYCO001858	24	0	19	
MYCO001859	60	0	40	
MYCO001860	477	0	35	
MYCO001861	4	0	17	
MYCO001862	25	0	33	
MYCO001863	28	0	30	
MYCO001864	12	0	25	
MYCO001865	8	0	24	
MYCO001866	74	0	81	
MYCO001867	166	0	55	
MYCO001868	237	0	83	
MYCO001869	114	0	29	
MYCO001870	349	0	26	
MYCO001871	117	0	22	
MYCO001872	27	0	63	
MYCO001873	39	0	27	
MYCO001874	22	0	36	
MYCO001875	20	0	24	
MYCO001876	41	0	21	
MYCO001877	150	0	81	
MYCO001878	201	0	48	
MYCO001879	125	0	36	
MYCO001880	40	0	59	
MYCO001881	27	0	20	
MYCO001882	10	0	34	
MYCO001883	19	0	21	
MYCO001884	14	0	19	
MYCO001885	24	0	34	
MYCO001887	159	0	50	
MYCO001888	2586	0	3	
MYCO001889	19	0	11	
MYCO001890	12	0	22	
MYCO001891	8	0	23	
MYCO001892	12	0	10	
MYCO001893	8	0	11	
MYCO001895	891	0	23	
MYCO001896	202	0	49	
MYCO001897	25	0	23	
MYCO001898	11	0	8	
MYCO001899	1148	0	40	
MYCO001900	90	0	65	
MYCO001901	115	0	52	
MYCO001902	91	0	52	
MYCO001903	10	0	22	
MYCO001904	8	0	15	
MYCO001905	37	0	41	
MYCO001906	10	0	18	
MYCO001907	2167	0	28	
MYCO001908	108	0	118	
MYCO001909	8	0	21	
MYCO001910	101	0	27	
MYCO001911	108	0	23	
MYCO001912	932	0	22	
MYCO001913	16	0	31	
MYCO001914	9	0	20	
MYCO001915	1896	0	15	
MYCO001916	44	0	33	
MYCO001917	3060	0	7	
MYCO001918	598	0	119	
MYCO001919	8	0	18	
MYCO001920	13	0	44	
MYCO001921	501	0	47	
MYCO001922	53	0	40	
MYCO001923	63	0	62	
MYCO001924	13	0	17	
MYCO001925	31	0	52	
MYCO001926	13	0	19	
MYCO001927	86	0	36	
MYCO001928	527	0	28	
MYCO001929	601	0	36	
MYCO001930	109	0	23	
MYCO001931	32	0	29	
MYCO001932	33	0	27	
MYCO001933	438	0	40	
MYCO001934	292	0	49	
MYCO001935	29	0	46	
MYCO001936	20	0	45	
MYCO001937	322	0	82	
MYCO001938	51	0	53	
MYCO001939	289	0	26	
MYCO001940	2519	0	11	
MYCO001941	51	0	31	
MYCO001942	4	0	14	
MYCO001943	14	0	16	
MYCO001944	20	0	36	
MYCO001945	2893	35	30	
MYCO001946	29	0	19	
MYCO001947	58	0	16	
MYCO001948	96	0	26	
MYCO001949	3072	0	0	
MYCO001950	8	0	6	
MYCO001951	142	0	9	
MYCO001952	9	0	7	
MYCO001953	7	0	24	
MYCO001954	29	0	25	
MYCO001955	16	0	15	
MYCO001956	31	0	24	
MYCO001957	14	0	24	
MYCO001958	46	0	33	
MYCO001959	2	0	11	
MYCO001960	1	0	10	
MYCO001961	74	0	26	
MYCO001962	6	0	18	
MYCO001963	77	0	36	
MYCO001964	113	0	23	
MYCO001965	122	0	33	
MYCO001966	94	0	47	
MYCO001967	86	0	47	
MYCO001968	992	0	46	
MYCO001969	135	0	52	
MYCO001970	70	0	41	
MYCO001971	283	0	58	
MYCO001972	60	0	27	
MYCO001973	139	0	16	
MYCO001974	49	0	19	
MYCO001975	384	0	30	
MYCO001976	89	0	14	
MYCO001977	387	0	24	
MYCO001978	584	0	30	
MYCO001979	85	0	44	
MYCO001980	24	0	27	
MYCO001982	22	0	23	
MYCO001983	858	0	54	
MYCO001984	147	0	28	
MYCO001985	98	0	28	
MYCO001986	40	0	33	
MYCO001987	29	0	21	
MYCO001988	87	0	24	
MYCO001989	21	0	18	
MYCO001990	1	0	12	
MYCO001991	3	0	12	
MYCO001992	1026	0	65	
MYCO001993	606	0	17	
MYCO001994	431	0	14	
MYCO001995	586	0	26	
MYCO001996	566	0	29	
MYCO001997	1355	0	77	
MYCO001998	31	0	31	
MYCO001999	222	0	58	
MYCO002000	72	0	66	
MYCO002001	11	0	33	
MYCO002002	28	0	23	
MYCO002003	69	0	40	
MYCO002004	119	0	50	
MYCO002005	12	0	32	
MYCO002006	157	0	156	
MYCO002007	4	0	9	
MYCO002008	16	0	54	
MYCO002009	3	0	8	
MYCO002010	15	0	13	
MYCO002011	0	0	17	
MYCO002012	8	0	30	
MYCO002013	307	0	19	
MYCO002014	77	0	27	
MYCO002015	860	0	58	
MYCO002016	721	0	18	
MYCO002017	60	0	38	
MYCO002018	79	0	18	
MYCO002019	274	0	13	
MYCO002020	116	0	14	
MYCO002021	71	0	9	
MYCO002022	90	0	35	
MYCO002023	204	0	13	
MYCO002024	2841	0	16	
MYCO002025	60	0	41	
MYCO002026	18	0	37	
MYCO002027	698	0	39	
MYCO002028	137	0	30	
MYCO002029	106	0	43	
MYCO002030	188	0	76	
MYCO002031	8	0	17	
MYCO002032	128	0	37	
MYCO002033	432	0	35	
MYCO002034	152	0	9	
MYCO002035	4	0	24	
MYCO002036	11	0	25	
MYCO002037	36	0	50	
MYCO002038	7	0	31	
MYCO002039	6	0	26	
MYCO002040	10	0	21	
MYCO002041	16	0	49	
MYCO002042	75	0	33	
MYCO002043	139	0	143	
MYCO002044	480	0	12	
MYCO002045	39	0	66	
MYCO002046	124	0	28	
MYCO002047	168	0	72	
MYCO002048	3041	0	18	
MYCO002049	16	0	9	
MYCO002051	198	0	77	
MYCO002052	461	0	63	
MYCO002053	16	0	30	
MYCO002054	24	0	30	
MYCO002059	181	0	77	
MYCO002060	143	0	19	
MYCO002061	21	0	19	
MYCO002062	622	0	121	
MYCO002063	2	0	9	
MYCO002064	481	0	34	
MYCO002065	504	0	24	
MYCO002066	382	0	69	
MYCO002067	39	0	39	
MYCO002068	10	0	32	
MYCO002069	75	0	20	
MYCO002070	1178	0	25	
MYCO002071	41	0	49	
MYCO002072	191	0	43	
MYCO002073	158	0	26	
MYCO002074	75	0	12	
MYCO002075	174	0	56	
MYCO002076	2	0	7	
MYCO002077	63	0	40	
MYCO002078	4	0	20	
MYCO002079	718	0	54	
MYCO002080	18	0	26	
MYCO002081	1808	0	21	
MYCO002082	1461	0	90	
MYCO002083	215	0	42	
MYCO002084	1542	0	16	
MYCO002085	18	0	13	
MYCO002086	11	0	23	
MYCO002087	11	0	10	
MYCO002088	980	0	47	
MYCO002091	37	0	30	
MYCO002094	1	0	11	
MYCO002095	374	0	34	
MYCO002098	3072	0	0	
MYCO002099	3072	0	0	
MYCO002100	652	0	55	
MYCO002101	617	0	101	
MYCO002102	158	0	24	
MYCO002103	37	0	21	
MYCO002104	3	0	11	
MYCO002105	379	2	13	
MYCO002106	3072	0	0	
MYCO002107	50	0	16	
MYCO002108	100	0	25	
MYCO002113	64	0	47	
MYCO002114	41	0	22	
MYCO002116	38	0	20	
MYCO002117	37	0	7	
MYCO002120	252	0	21	
MYCO002123	1852	0	33	
MYCO002124	228	0	113	
MYCO002126	1488	0	24	
MYCO002127	130	0	63	
MYCO002128	3	0	10	
MYCO002129	50	0	35	
MYCO002131	38	0	33	
MYCO002132	30	0	12	
MYCO002133	39	0	23	
MYCO002135	449	0	23	
MYCO002136	48	0	26	
MYCO002137	19	0	15	
MYCO002138	57	0	40	
MYCO002142	6	0	15	
MYCO002143	65	0	43	
MYCO002144	36	0	14	
MYCO002146	2	0	10	
MYCO002147	532	0	26	
MYCO002148	530	0	23	
MYCO002149	51	0	14	
MYCO002152	262	0	50	
MYCO002158	886	0	61	
MYCO002159	594	0	46	
MYCO002160	1647	0	9	
MYCO002161	422	880	38	
MYCO002162	2248	0	49	
MYCO002164	306	0	46	
MYCO002165	21	0	45	
MYCO002167	3072	0	0	
MYCO002168	379	2	13	
MYCO002169	18	0	16	
MYCO002171	11	0	31	
MYCO002172	13	0	34	
MYCO002173	154	0	36	
MYCO002174	51	0	46	
MYCO002175	4	0	20	
MYCO002177	1583	89	26	
MYCO002180	555	0	33	
MYCO002181	30	0	44	
MYCO002183	2	0	11	
MYCO002184	13	0	34	
MYCO002185	2	0	12	
MYCO002189	359	0	30	
MYCO002190	468	0	36	
MYCO002191	291	0	63	
MYCO002197	82	0	22	
MYCO002198	400	0	44	
MYCO002203	142	0	28	
MYCO002204	4	0	14	
MYCO002205	377	0	41	
MYCO002206	14	0	27	
MYCO002207	547	0	26	
MYCO002208	218	0	34	
MYCO002209	214	0	55	
MYCO002212	39	0	52	
MYCO002214	53	0	64	
MYCO002215	460	0	57	
MYCO002223	159	0	55	
MYCO002224	32	0	53	
MYCO002226	405	0	53	
MYCO002227	377	0	17	
MYCO002229	18	0	21	
MYCO002231	84	0	30	
MYCO002232	133	0	26	
MYCO002234	12	0	22	
MYCO002236	548	0	30	
MYCO002237	2	0	29	
MYCO002238	4	0	5	
MYCO002240	23	0	21	
MYCO002248	87	0	20	
MYCO002249	394	0	54	
MYCO002250	13	0	16	
MYCO002251	3070	0	1	
MYCO002252	12	0	38	
MYCO002253	28	0	21	
MYCO002254	20	0	24	
MYCO002255	16	0	13	
MYCO002256	2	0	13	
MYCO002258	298	0	43	
MYCO002260	9	0	25	
MYCO002261	26	0	17	
MYCO002262	3042	0	2	
MYCO002263	653	0	33	
MYCO002264	1457	0	42	
MYCO002265	320	0	41	
MYCO002266	17	0	51	
MYCO002267	41	0	49	
MYCO002268	170	0	60	
MYCO002269	15	0	19	
MYCO002270	118	0	27	
MYCO002271	107	0	10	
MYCO002272	109	0	11	
MYCO002273	122	0	16	
MYCO002274	124	0	21	
MYCO002275	379	0	30	
MYCO002276	127	0	45	
MYCO002277	127	2853	35	
MYCO002278	379	2	13	
MYCO002279	3072	0	0	
MYCO002280	206	0	49	
MYCO002281	25	0	60	
MYCO002282	403	1011	29	
MYCO002283	20	0	10	
MYCO002284	146	0	32	
MYCO002285	277	0	45	
MYCO002286	325	808	26	
MYCO002287	83	0	55	
MYCO002288	9	0	21	
MYCO002289	69	0	32	
MYCO002290	26	0	28	
MYCO002291	38	0	30	
MYCO002292	15	0	7	
MYCO002293	1498	0	16	
MYCO002294	27	0	51	
MYCO002295	13	0	23	
MYCO002296	76	0	31	
MYCO002297	8	0	20	
MYCO002298	16	0	35	
MYCO002299	48	0	57	
MYCO002300	57	0	41	
MYCO002301	43	0	35	
MYCO002302	4	0	11	
MYCO002303	15	0	42	
MYCO002304	7	0	9	
MYCO002305	240	0	59	
MYCO002307	222	0	39	
MYCO002308	103	0	33	
MYCO002309	11	0	17	
MYCO002310	63	0	22	
MYCO002311	33	0	22	
MYCO002312	2	0	7	
MYCO002313	42	0	34	
MYCO002314	96	0	45	
MYCO002316	10	0	28	
MYCO002317	7	0	19	
MYCO002318	616	0	37	
MYCO002319	1191	0	28	
MYCO002320	35	0	52	
MYCO002321	8	0	23	
MYCO002322	11	0	25	
MYCO002323	20	0	46	
MYCO002324	7	0	26	
MYCO002325	191	0	30	
MYCO002326	281	0	61	
MYCO002327	55	0	16	
MYCO002328	33	0	38	
MYCO002329	179	0	64	
MYCO002330	11	0	25	
MYCO002331	4	0	18	
MYCO002332	32	0	55	
MYCO002333	463	0	39	
MYCO002334	68	0	31	
MYCO002335	95	0	30	
MYCO002336	181	0	38	
MYCO002337	101	0	41	
MYCO002338	337	0	43	
MYCO002339	796	0	93	
MYCO002340	371	0	41	
MYCO002341	62	0	19	
MYCO002342	16	0	16	
MYCO002345	269	0	68	
MYCO002346	259	1336	106	
MYCO002347	1741	329	92	
MYCO002348	26	0	13	
MYCO002349	320	0	58	
MYCO002350	381	1130	42	
MYCO002351	384	1142	40	
MYCO002352	715	16	43	
MYCO002353	3002	0	4	
MYCO002354	379	2	13	
MYCO002355	3072	0	0	
MYCO002356	2294	0	36	
MYCO002358	5	0	13	
MYCO002359	2	0	35	
MYCO002360	10	0	22	
MYCO002363	819	0	25	
MYCO002365	319	0	10	
MYCO002369	30	0	14	
MYCO002370	30	0	56	
MYCO002371	131	0	5	
MYCO002372	102	0	28	
MYCO002375	5	0	9	
MYCO002376	54	0	26	
MYCO002377	15	0	9	
MYCO002378	56	0	37	
MYCO002379	262	0	102	
MYCO002380	545	0	147	
MYCO002381	228	0	89	
MYCO002382	123	0	42	
MYCO002383	485	372	125	
MYCO002384	251	0	37	
MYCO002385	59	0	47	
MYCO002386	107	0	43	
MYCO002387	14	0	40	
MYCO002388	93	0	42	
MYCO002389	8	0	17	
MYCO002390	41	0	18	
MYCO002391	10	0	50	
MYCO002392	65	0	23	
MYCO002393	109	1878	28	
MYCO002394	101	0	75	
MYCO002395	266	0	60	
MYCO002396	1728	0	36	
MYCO002397	76	0	36	
MYCO002398	2	0	30	
MYCO002401	3	0	13	
MYCO002403	53	0	19	
MYCO002405	24	0	27	
MYCO002406	96	0	14	
MYCO002407	155	0	41	
MYCO002408	206	0	20	
MYCO002414	238	0	63	
MYCO002415	71	0	32	
MYCO002416	76	0	45	
MYCO002417	561	0	25	
MYCO002418	137	0	32	
MYCO002419	85	0	25	
MYCO002422	14	0	10	
MYCO002423	21	0	42	
MYCO002424	2952	0	16	
MYCO002428	57	0	30	
MYCO002429	12	0	18	
MYCO002430	20	0	22	
MYCO002431	10	1105	12	
MYCO002432	28	0	17	
MYCO002433	8	0	13	
MYCO002434	575	0	52	
MYCO002435	94	0	76	
MYCO002436	211	0	37	
MYCO002437	689	0	11	
MYCO002438	58	0	52	
MYCO002443	30	0	59	
MYCO002444	272	0	90	
MYCO002446	7	0	13	
MYCO002449	333	0	45	
MYCO002450	218	0	32	
MYCO002451	34	0	15	
MYCO002452	0	0	11	
MYCO002453	28	0	26	
MYCO002456	45	0	37	
MYCO002458	27	0	26	
MYCO002459	36	0	47	
MYCO002463	10	0	28	
MYCO002464	79	0	44	
MYCO002468	27	0	20	
MYCO002469	33	0	32	
MYCO002471	48	0	70	
MYCO002472	4	0	11	
MYCO002473	63	0	28	
MYCO002474	116	0	29	
MYCO002475	4	0	15	
MYCO002476	669	0	121	
MYCO002478	238	0	19	
MYCO002479	3072	0	0	
MYCO002480	379	2	13	
MYCO002481	134	0	18	
MYCO002482	139	0	85	
MYCO002483	43	0	54	
MYCO002484	28	0	66	
MYCO002485	82	0	59	
MYCO002486	143	0	24	
MYCO002487	1804	0	71	
MYCO002488	631	0	109	
MYCO002489	64	0	12	
MYCO002490	2968	0	21	
MYCO002491	71	0	31	
MYCO002492	75	0	44	
MYCO002493	8	0	9	
MYCO002494	8	0	18	
MYCO002495	122	0	47	
MYCO002496	24	0	33	
MYCO002497	36	0	31	
MYCO002498	39	0	30	
MYCO002499	8	0	23	
MYCO002501	282	0	84	
MYCO002503	22	0	29	
MYCO002504	24	0	35	
MYCO002505	104	0	70	
MYCO002506	32	0	17	
MYCO002507	186	0	32	
MYCO002508	68	0	51	
MYCO002510	102	0	67	
MYCO002512	2987	26	9	
MYCO002513	13	0	19	
MYCO002514	31	0	20	
MYCO002515	20	0	48	
MYCO002516	10	0	22	
MYCO002517	29	0	7	
MYCO002519	400	0	64	
MYCO002520	1	0	14	
MYCO002522	283	0	61	
MYCO002525	175	0	23	
MYCO002526	876	0	4	
MYCO002527	19	0	20	
MYCO002528	15	0	36	
MYCO002529	280	0	56	
MYCO002530	8	0	20	
MYCO002531	69	0	99	
MYCO002532	19	0	19	
MYCO002535	180	0	29	
MYCO002536	16	0	25	
MYCO002537	8	0	12	
MYCO002539	327	0	12	
MYCO002541	1287	0	12	
MYCO002542	349	0	56	
MYCO002543	1103	851	40	
MYCO002544	1105	886	53	
MYCO002545	682	0	14	
MYCO002546	4	0	16	
MYCO002547	12	0	18	
MYCO002548	20	0	19	
MYCO002549	52	0	16	
MYCO002550	1	0	12	
MYCO002551	202	0	14	
MYCO002552	212	0	34	
MYCO002553	99	0	45	
MYCO002554	83	0	12	
MYCO002556	7	0	13	
MYCO002557	16	0	28	
MYCO002558	26	0	19	
MYCO002560	90	0	40	
MYCO002561	3025	0	7	
MYCO002562	4	0	29	
MYCO002563	58	0	45	
MYCO002564	23	1126	37	
MYCO002565	72	0	61	
MYCO002566	840	0	102	
MYCO002567	90	0	80	
MYCO002569	30	0	26	
MYCO002570	406	0	22	
MYCO002571	97	0	48	
MYCO002573	80	0	37	
MYCO002574	26	0	21	
MYCO002576	44	0	23	
MYCO002577	34	0	52	
MYCO002578	93	0	36	
MYCO002579	55	0	30	
MYCO002581	3	0	17	
MYCO002584	35	0	27	
MYCO002585	170	0	65	
MYCO002586	416	0	46	
MYCO002588	2	0	15	
MYCO002590	139	0	116	
MYCO002591	1434	0	67	
MYCO002595	22	0	9	
MYCO002596	7	0	23	
MYCO002597	32	0	24	
MYCO002598	31	0	16	
MYCO002599	177	0	23	
MYCO002600	33	0	13	
MYCO002601	264	0	46	
MYCO002602	7	0	15	
MYCO002604	40	0	22	
MYCO002605	62	0	32	
MYCO002607	9	0	25	
MYCO002608	520	0	45	
MYCO002609	171	0	33	
MYCO002615	2872	0	60	
MYCO002616	32	0	20	
MYCO002617	1	0	13	
MYCO002618	175	0	22	
MYCO002619	4	0	11	
MYCO002620	7	0	14	
MYCO002621	240	0	30	
MYCO002622	42	0	28	
MYCO002623	92	0	31	
MYCO002624	154	0	36	
MYCO002625	29	0	40	
MYCO002626	6	0	17	
MYCO002627	45	0	56	
MYCO002628	48	0	27	
MYCO002629	290	0	29	
MYCO002630	10	0	28	
MYCO002631	65	0	54	
MYCO002632	3	0	9	
MYCO002633	7	0	32	
MYCO002634	1712	0	57	
MYCO002635	7	0	13	
MYCO002636	32	0	29	
MYCO002637	159	969	25	
MYCO002638	51	0	21	
MYCO002639	25	0	12	
MYCO002640	32	0	17	
MYCO002641	6	0	15	
MYCO002642	13	0	18	
MYCO002643	149	0	73	
MYCO002644	25	0	15	
MYCO002645	753	0	13	
MYCO002646	523	0	37	
MYCO002647	351	0	10	
MYCO002648	379	2	13	
MYCO002649	3072	0	0	
MYCO002650	615	334	94	
MYCO002651	131	597	34	
MYCO002652	355	0	38	
MYCO002653	301	0	22	
MYCO002654	1609	0	9	
MYCO002655	895	0	41	
MYCO002656	245	487	19	
MYCO002657	355	0	15	
MYCO002658	282	0	10	
MYCO002659	302	0	30	
MYCO002660	7	0	12	
MYCO002661	15	0	13	
MYCO002662	6	0	13	
MYCO002663	0	0	13	
MYCO002664	17	0	11	
MYCO002665	178	0	16	
MYCO002666	3000	0	9	
MYCO002667	31	0	16	
MYCO002668	280	0	19	
MYCO002669	15	0	17	
MYCO002671	52	0	20	
MYCO002672	187	0	55	
MYCO002674	1	0	13	
MYCO002675	10	0	38	
MYCO002677	895	0	30	
MYCO002679	80	0	29	
MYCO002680	333	0	25	
MYCO002681	402	0	34	
MYCO002683	7	0	22	
MYCO002684	19	239	52	
MYCO002685	216	0	43	
MYCO002686	24	0	26	
MYCO002687	30	0	32	
MYCO002688	59	0	40	
MYCO002689	95	0	38	
MYCO002690	73	0	41	
MYCO002691	8	0	24	
MYCO002692	23	0	19	
MYCO002693	12	0	20	
MYCO002694	4	0	28	
MYCO002695	283	0	21	
MYCO002698	5	0	15	
MYCO002700	1897	0	18	
MYCO002701	26	0	37	
MYCO002704	11	0	11	
MYCO002705	8	0	16	
MYCO002706	60	0	12	
MYCO002707	19	0	31	
MYCO002709	280	0	31	
MYCO002712	184	0	45	
MYCO002713	57	0	66	
MYCO002716	9	0	23	
MYCO002717	121	0	15	
MYCO002718	11	0	13	
MYCO002719	268	0	29	
MYCO002721	677	0	66	
MYCO002722	3	0	12	
MYCO002723	26	0	45	
MYCO002728	51	0	27	
MYCO002729	33	0	33	
MYCO002730	6	0	21	
MYCO002732	55	0	33	
MYCO002734	16	0	29	
MYCO002735	463	0	35	
MYCO002736	101	0	21	
MYCO002737	12	0	67	
MYCO002738	223	0	9	
MYCO002739	839	0	20	
MYCO002740	9	0	25	
MYCO002741	2043	0	52	
MYCO002742	136	0	26	
MYCO002743	240	0	29	
MYCO002745	4	0	19	
MYCO002746	115	0	19	
MYCO002747	18	0	16	
MYCO002749	19	0	14	
MYCO002751	20	0	27	
MYCO002752	61	0	94	
MYCO002755	7	0	8	
MYCO002756	31	0	68	
MYCO002757	32	0	18	
MYCO002758	5	0	12	
MYCO002759	25	0	16	
MYCO002760	76	0	12	
MYCO002761	20	0	46	
MYCO002762	191	0	29	
MYCO002763	19	0	12	
MYCO002765	176	0	28	
MYCO002766	41	0	27	
MYCO002767	14	0	15	
MYCO002768	280	0	53	
MYCO002769	526	0	40	
MYCO002770	119	0	47	
MYCO002771	24	0	16	
MYCO002772	32	0	19	
MYCO002774	565	0	10	
MYCO002775	75	0	20	
MYCO002776	20	0	36	
MYCO002777	307	0	32	
MYCO002778	12	0	19	
MYCO002779	30	0	28	
MYCO002780	106	0	33	
MYCO002781	468	0	38	
MYCO002784	5	0	16	
MYCO002786	6	0	31	
MYCO002787	175	0	78	
MYCO002789	36	0	37	
MYCO002790	218	0	42	
MYCO002791	63	1514	49	
MYCO002792	64	0	26	
MYCO002793	308	0	29	
MYCO002796	32	0	31	
MYCO002797	165	0	44	
MYCO002798	4	0	13	
MYCO002799	66	0	34	
MYCO002800	578	0	57	
MYCO002801	34	0	11	
MYCO002802	604	0	40	
MYCO002803	34	0	19	
MYCO002804	61	0	31	
MYCO002805	38	0	17	
MYCO002806	21	0	6	
MYCO002807	834	0	39	
MYCO002808	160	0	7	
MYCO002809	42	0	13	
MYCO002810	3072	0	0	
MYCO002811	552	0	19	
MYCO002812	388	0	52	
MYCO002813	287	0	28	
MYCO002814	3072	0	0	
MYCO002815	379	2	13	
MYCO002816	724	0	10	
MYCO002817	774	0	30	
MYCO002818	854	0	19	
MYCO002819	765	0	35	
MYCO002820	710	0	33	
MYCO002821	32	0	22	
MYCO002822	11	0	16	
MYCO002823	53	0	84	
MYCO002824	18	0	41	
MYCO002825	2368	0	26	
MYCO002826	38	0	28	
MYCO002827	14	0	21	
MYCO002829	86	0	18	
MYCO002830	4	0	11	
MYCO002831	124	0	27	
MYCO002832	98	0	48	
MYCO002833	179	0	52	
MYCO002834	22	0	34	
MYCO002835	17	0	42	
MYCO002836	177	0	53	
MYCO002837	72	0	22	
MYCO002840	3	0	15	
MYCO002842	1	0	18	
MYCO002843	122	0	12	
MYCO002844	15	0	18	
MYCO002845	143	0	46	
MYCO002848	758	0	38	
MYCO002849	28	0	33	
MYCO002850	944	0	70	
MYCO002851	10	0	19	
MYCO002852	79	0	60	
MYCO002853	1335	0	75	
MYCO002854	26	0	40	
MYCO002855	146	0	42	
MYCO002856	19	0	29	
MYCO002857	9	0	22	
MYCO002858	301	0	55	
MYCO002859	979	0	46	
MYCO002860	23	0	50	
MYCO002862	9	0	18	
MYCO002863	6	0	14	
MYCO002865	4	0	9	
MYCO002866	5	0	6	
MYCO002867	371	0	34	
MYCO002869	16	0	44	
MYCO002871	559	0	9	
MYCO002872	50	0	18	
MYCO002873	5	0	16	
MYCO002874	151	0	76	
MYCO002875	96	0	20	
MYCO002876	2	0	26	
MYCO002877	87	0	33	
MYCO002878	8	0	17	
MYCO002879	3072	0	0	
MYCO002880	2853	0	6	
MYCO002881	7	0	25	
MYCO002884	70	0	29	
MYCO002885	127	522	60	
MYCO002886	74	0	35	
MYCO002887	17	0	17	
MYCO002888	271	0	45	
MYCO002891	546	0	26	
MYCO002892	172	0	45	
MYCO002893	39	0	46	
MYCO002895	131	0	37	
MYCO002896	239	0	48	
MYCO002897	185	0	64	
MYCO002898	8	0	17	
MYCO002899	6	0	24	
MYCO002900	33	0	69	
MYCO002903	39	0	35	
MYCO002905	26	0	44	
MYCO002906	6	0	15	
MYCO002907	71	0	16	
MYCO002908	27	0	5	
MYCO002910	5	0	25	
MYCO002911	77	0	26	
MYCO002912	14	0	17	
MYCO002913	67	0	81	
MYCO002914	194	0	52	
MYCO002920	70	0	61	
MYCO002922	566	0	76	
MYCO002923	39	0	17	
MYCO002924	46	0	30	
MYCO002925	17	0	23	
MYCO002926	4	0	27	
MYCO002928	10	0	26	
MYCO002929	17	0	15	
MYCO002930	28	0	44	
MYCO002931	2755	0	68	
MYCO002932	859	0	117	
MYCO002933	781	0	119	
MYCO002934	888	0	128	
MYCO002935	442	0	122	
MYCO002936	20	0	33	
MYCO002937	8	0	20	
MYCO002938	5	0	22	
MYCO002939	14	1456	32	
MYCO002940	173	0	184	
MYCO002941	21	0	62	
MYCO002942	76	0	94	
MYCO002943	116	0	44	
MYCO002944	21	0	33	
MYCO002945	1	0	24	
MYCO002946	570	0	143	
MYCO002947	1560	0	22	
MYCO002948	66	0	81	
MYCO002949	66	0	33	
MYCO002950	114	0	64	
MYCO002951	83	0	38	
MYCO002952	12	0	29	
MYCO002953	39	0	43	
MYCO002954	25	0	30	
MYCO002955	117	0	48	
MYCO002956	20	0	35	
MYCO002957	38	0	34	
MYCO002958	133	0	49	
MYCO002959	408	0	28	
MYCO002960	15	0	15	
MYCO002961	10	0	9	
MYCO002962	347	0	39	
MYCO002963	396	0	34	
MYCO002964	47	0	33	
MYCO002966	107	0	11	
MYCO002968	13	0	14	
MYCO002969	23	0	21	
MYCO002970	51	0	35	
MYCO002971	64	0	28	
MYCO002972	12	0	31	
MYCO002973	126	0	49	
MYCO002974	370	0	58	
MYCO002975	1495	0	6	
MYCO002977	182	0	24	
MYCO002978	62	1315	48	
MYCO002979	14	0	23	
MYCO002980	279	0	20	
MYCO002983	358	0	27	
MYCO002985	44	0	42	
MYCO002986	44	0	21	
MYCO002987	13	0	16	
MYCO002989	300	0	25	
MYCO002990	21	0	28	
MYCO002991	21	0	17	
MYCO002994	330	0	42	
MYCO002997	280	0	41	
MYCO002998	5	0	16	
MYCO002999	26	0	38	
MYCO003000	25	0	22	
MYCO003002	2	0	13	
MYCO003004	15	0	10	
MYCO003005	24	0	20	
MYCO003007	273	0	17	
MYCO003008	26	0	25	
MYCO003012	7	0	10	
MYCO003013	255	0	16	
MYCO003015	171	0	40	
MYCO003016	23	0	19	
MYCO003017	322	0	16	
MYCO003018	2357	0	26	
MYCO003019	1	47	22	
MYCO003020	12	10	17	
MYCO003021	3058	0	6	
MYCO003022	3072	0	0	
MYCO003023	2987	25	8	
MYCO003026	49	0	41	
MYCO003030	88	0	20	
MYCO003033	7	0	21	
MYCO003035	143	0	25	
MYCO003036	11	0	25	
MYCO003037	189	0	46	
MYCO003039	84	0	28	
MYCO003040	156	0	26	
MYCO003041	10	0	24	
MYCO003044	213	0	48	
MYCO003046	12	0	16	
MYCO003047	90	0	15	
MYCO003050	16	0	28	
MYCO003055	17	960	16	
MYCO003056	26	0	48	
MYCO003058	5	0	19	
MYCO003059	35	0	39	
MYCO003060	533	0	72	
MYCO003061	320	0	69	
MYCO003062	855	0	52	
MYCO003063	119	0	97	
MYCO003064	59	0	17	
MYCO003065	99	0	11	
MYCO003066	142	0	24	
MYCO003067	13	0	24	
MYCO003068	46	0	51	
MYCO003069	1	0	14	
MYCO003070	4	0	11	
MYCO003071	92	0	47	
MYCO003072	10	0	24	
MYCO003073	7	0	22	
MYCO003074	938	1066	40	
MYCO003075	14	0	25	
MYCO003076	9	0	16	
MYCO003077	205	0	82	
MYCO003078	19	0	15	
MYCO003079	275	0	18	
MYCO003080	343	0	121	
MYCO003081	110	0	34	
MYCO003082	25	0	38	
MYCO003083	166	0	61	
MYCO003084	368	0	28	
MYCO003086	100	0	25	
MYCO003087	186	0	57	
MYCO003088	112	0	55	
MYCO003089	129	0	47	
MYCO003090	100	739	42	
MYCO003091	153	0	56	
MYCO003092	333	0	43	
MYCO003093	746	0	28	
MYCO003094	336	0	46	
MYCO003095	4	0	19	
MYCO003096	29	0	45	
MYCO003097	55	0	52	
MYCO003098	16	0	21	
MYCO003099	58	0	34	
MYCO003103	13	0	20	
MYCO003104	19	0	37	
MYCO003106	48	0	45	
MYCO003107	52	0	62	
MYCO003108	19	0	21	
MYCO003109	58	0	48	
MYCO003110	10	0	13	
MYCO003111	18	0	38	
MYCO003112	21	0	15	
MYCO003113	701	0	32	
MYCO003114	54	0	23	
MYCO003115	2987	25	8	
MYCO003116	94	0	36	
MYCO003119	29	0	22	
MYCO003120	33	0	28	
MYCO003121	79	0	44	
MYCO003122	30	0	14	
MYCO003123	19	0	22	
MYCO003124	62	0	38	
MYCO003125	445	0	38	
MYCO003126	22	0	13	
MYCO003127	27	0	45	
MYCO003128	3072	0	0	
MYCO003129	275	0	8	
MYCO003130	39	0	61	
MYCO003131	39	0	31	
MYCO003132	80	0	64	
MYCO003133	4	0	11	
MYCO003134	29	0	33	
MYCO003135	1880	0	6	
MYCO003136	56	0	34	
MYCO003137	16	0	29	
MYCO003138	40	0	57	
MYCO003141	122	0	31	
MYCO003142	432	0	14	
MYCO003143	3	0	10	
MYCO003144	519	0	49	
MYCO003145	13	0	8	
MYCO003146	3	0	18	
MYCO003147	22	0	9	
MYCO003148	16	0	35	
MYCO003149	32	0	28	
MYCO003150	296	0	31	
MYCO003151	626	0	64	
MYCO003152	5	0	33	
MYCO003153	59	0	23	
MYCO003154	7	0	25	
MYCO003155	6	0	10	
MYCO003156	42	0	57	
MYCO003157	71	0	65	
MYCO003158	13	0	56	
MYCO003159	1575	0	57	
MYCO003160	8	0	15	
MYCO003161	231	0	56	
MYCO003162	41	0	12	
MYCO003163	14	0	31	
MYCO003164	19	0	21	
MYCO003165	61	0	15	
MYCO003166	330	0	33	
MYCO003167	30	0	29	
MYCO003168	120	0	55	
MYCO003169	379	0	40	
MYCO003170	308	0	39	
MYCO003171	24	0	47	
MYCO003172	4	0	25	
MYCO003173	7	0	26	
MYCO003174	13	0	42	
MYCO003175	844	0	47	
MYCO003176	67	0	41	
MYCO003177	24	0	26	
MYCO003178	27	0	18	
MYCO003179	238	0	44	
MYCO003180	22	0	16	
MYCO003181	77	0	16	
MYCO003182	17	0	8	
MYCO003183	119	0	14	
MYCO003184	379	2	13	
MYCO003185	3072	0	0	
MYCO003186	379	2	13	
MYCO003187	3072	0	0	
MYCO003188	14	0	13	
MYCO003189	32	0	24	
MYCO003190	94	0	43	
MYCO003191	36	0	39	
MYCO003192	35	0	25	
MYCO003196	49	0	35	
MYCO003199	258	0	42	
MYCO003200	15	0	45	
MYCO003201	549	0	90	
MYCO003202	429	0	99	
MYCO003203	22	0	30	
MYCO003204	0	0	15	
MYCO003209	8	0	20	
MYCO003210	9	0	21	
MYCO003212	367	0	45	
MYCO003215	18	0	45	
MYCO003216	3072	0	0	
MYCO003217	190	0	15	
MYCO003218	13	0	31	
MYCO003222	44	0	17	
MYCO003224	161	0	33	
MYCO003225	49	0	49	
MYCO003226	25	0	29	
MYCO003227	158	0	52	
MYCO003230	84	0	45	
MYCO003231	38	0	19	
MYCO003232	9	0	25	
MYCO003233	4	0	26	
MYCO003234	1526	0	18	
MYCO003235	238	0	28	
MYCO003236	193	0	46	
MYCO003237	7	0	23	
MYCO003238	7	0	27	
MYCO003239	1552	0	65	
MYCO003242	55	0	26	
MYCO003243	50	0	27	
MYCO003244	242	0	54	
MYCO003247	37	0	18	
MYCO003249	112	0	22	
MYCO003250	4	0	9	
MYCO003251	3	0	7	
MYCO003253	41	0	44	
MYCO003254	73	0	51	
MYCO003256	409	0	37	
MYCO003259	15	0	7	
MYCO003260	0	0	13	
MYCO003263	120	0	51	
MYCO003266	90	0	32	
MYCO003268	79	0	30	
MYCO003269	10	0	8	
MYCO003270	196	0	66	
MYCO003271	16	0	29	
MYCO003272	71	0	45	
MYCO003273	7	0	81	
MYCO003278	7	0	16	
MYCO003279	11	0	29	
MYCO003281	2961	0	6	
MYCO003282	11	0	34	
MYCO003283	15	0	35	
MYCO003284	26	0	17	
MYCO003286	322	0	30	
MYCO003287	10	0	10	
MYCO003288	5	0	16	
MYCO003289	27	0	21	
MYCO003291	17	0	13	
MYCO003292	143	0	48	
MYCO003293	379	0	44	
MYCO003294	10	0	29	
MYCO003295	15	0	22	
MYCO003297	54	0	35	
MYCO003298	177	0	24	
MYCO003299	492	0	110	
MYCO003300	34	0	34	
MYCO003301	13	0	25	
MYCO003307	105	0	30	
MYCO003308	363	0	54	
MYCO003309	16	0	19	
MYCO003310	17	0	34	
MYCO003311	34	0	47	
MYCO003312	17	0	34	
MYCO003314	72	0	40	
MYCO003315	8	0	16	
MYCO003316	3	0	10	
MYCO003320	29	0	16	
MYCO003321	2	0	6	
MYCO003322	11	0	22	
MYCO003323	169	0	29	
MYCO003324	167	0	20	
MYCO003325	379	2	13	
MYCO003326	3072	0	0	
MYCO003327	3046	0	4	
MYCO003331	285	0	52	
MYCO003332	246	0	50	
MYCO003333	754	0	24	
MYCO003334	4	0	21	
MYCO003335	59	0	32	
MYCO003337	349	0	19	
MYCO003338	36	0	30	
MYCO003339	49	0	45	
MYCO003342	234	0	16	
MYCO003343	3065	0	7	
MYCO003344	3072	0	0	
MYCO003345	3059	0	8	
MYCO003346	983	1	13	
MYCO003347	2385	0	157	
MYCO003348	73	3	29	
MYCO003349	1601	0	25	
MYCO003350	2553	0	147	
MYCO003351	421	0	26	
MYCO003352	407	0	12	
MYCO003353	393	0	8	
MYCO003354	392	0	12	
MYCO003355	389	1	17	
MYCO003357	5	0	10	
MYCO003358	1	0	9	
MYCO003359	176	0	26	
MYCO003360	467	0	11	
MYCO003361	33	0	25	
MYCO003362	38	0	26	
MYCO003363	183	0	18	
MYCO003364	37	0	13	
MYCO003365	2778	0	19	
MYCO003366	30	0	21	
MYCO003367	1403	0	65	
MYCO003368	81	0	24	
MYCO003369	106	0	15	
MYCO003370	670	0	91	
MYCO003371	282	0	54	
MYCO003372	176	0	41	
MYCO003373	370	0	21	
MYCO003374	3	0	13	
MYCO003375	134	0	57	
MYCO003376	12	0	25	
MYCO003377	215	0	62	
MYCO003378	78	0	42	
MYCO003379	47	0	61	
MYCO003380	3072	0	0	
MYCO003381	379	2	13	
MYCO003382	111	0	25	
MYCO003383	645	0	51	
MYCO003384	34	0	13	
MYCO003385	59	0	10	
MYCO003386	148	0	31	
MYCO003387	13	0	26	
MYCO003388	2298	0	49	
MYCO003389	235	0	45	
MYCO003390	20	0	40	
MYCO003391	197	0	82	
MYCO003393	59	0	31	
MYCO003394	894	0	40	
MYCO003395	76	0	30	
MYCO003397	17	0	21	
MYCO003398	77	0	50	
MYCO003399	27	0	27	
MYCO003400	89	0	17	
MYCO003401	339	0	84	
MYCO003402	101	0	42	
MYCO003403	48	0	73	
MYCO003404	26	0	30	
MYCO003405	3	0	21	
MYCO003406	100	0	32	
MYCO003407	11	0	6	
MYCO003408	3	0	13	
MYCO003413	260	0	23	
MYCO003414	15	0	24	
MYCO003415	249	0	33	
MYCO003416	32	0	12	
MYCO003420	67	0	19	
MYCO003421	748	0	34	
MYCO003423	26	0	53	
MYCO003424	208	2	20	
MYCO003425	148	850	48	
MYCO003426	3004	0	3	
MYCO003427	860	0	22	
MYCO003428	2917	0	7	
MYCO003429	148	705	44	
MYCO003430	204	0	71	
MYCO003431	43	0	29	
MYCO003434	143	0	39	
MYCO003435	13	0	46	
MYCO003437	131	0	20	
MYCO003438	45	0	33	
MYCO003439	558	0	55	
MYCO003440	35	0	19	
MYCO003444	14	0	16	
MYCO003445	18	0	14	
MYCO003446	569	0	47	
MYCO003447	267	0	114	
MYCO003448	146	0	51	
MYCO003449	118	0	57	
MYCO003450	454	0	55	
MYCO003451	53	0	41	
MYCO003452	364	0	28	
MYCO003453	1878	0	5	
MYCO003454	42	0	54	
MYCO003463	89	0	32	
MYCO003465	8	0	23	
MYCO003466	2961	29	39	
MYCO003467	2977	46	22	
MYCO003468	48	0	42	
MYCO003469	21	0	40	
MYCO003470	147	0	65	
MYCO003471	25	0	17	
MYCO003472	23	0	22	
MYCO003473	22	0	38	
MYCO003474	379	2	13	
MYCO003475	3072	0	0	
MYCO003476	36	0	57	
MYCO003477	83	0	9	
MYCO003478	1527	171	271	
MYCO003479	160	0	124	
MYCO003480	167	0	62	
MYCO003481	36	0	20	
MYCO003482	25	0	32	
MYCO003483	660	0	24	
MYCO003484	79	0	52	
MYCO003485	422	0	35	
MYCO003486	189	0	16	
MYCO003487	674	0	34	
MYCO003488	91	0	11	
MYCO003489	3	0	7	
MYCO003491	14	0	24	
MYCO003492	2	0	18	
MYCO003493	242	0	27	
MYCO003494	658	0	45	
MYCO003495	21	0	33	
MYCO003496	195	0	34	
MYCO003497	8	0	45	
MYCO003498	70	0	39	
MYCO003499	6	0	35	
MYCO003502	24	0	29	
MYCO003503	0	0	7	
MYCO003505	97	0	40	
MYCO003506	59	0	60	
MYCO003507	2854	0	69	
MYCO003508	3070	0	2	
MYCO003509	310	0	60	
MYCO003510	112	0	30	
MYCO003511	3067	0	3	
MYCO003512	3072	0	0	
MYCO003513	2909	0	14	
MYCO003514	3071	0	1	
MYCO003515	2743	0	19	
MYCO003516	469	0	25	
MYCO003517	681	0	24	
MYCO003518	93	0	35	
MYCO003519	15	0	29	
MYCO003521	32	0	30	
MYCO003522	6	0	39	
MYCO003523	278	0	29	
MYCO003524	40	0	51	
MYCO003525	173	0	20	
MYCO003526	5	0	29	
MYCO003527	3	0	24	
MYCO003528	43	0	41	
MYCO003529	361	0	46	
MYCO003530	19	1129	29	
MYCO003531	67	0	50	
MYCO003532	250	0	50	
MYCO003533	933	0	71	
MYCO003534	44	0	26	
MYCO003535	753	0	22	
MYCO003536	11	0	32	
MYCO003537	22	0	41	
MYCO003538	6	0	28	
MYCO003539	395	0	50	
MYCO003540	268	0	37	
MYCO003541	0	0	17	
MYCO003542	77	0	30	
MYCO003543	64	0	36	
MYCO003544	35	0	33	
MYCO003545	25	0	60	
MYCO003546	64	0	36	
MYCO003547	40	0	25	
MYCO003548	14	0	21	
MYCO003549	104	0	31	
MYCO003550	43	0	21	
MYCO003551	37	0	22	
MYCO003552	7	0	19	
MYCO003553	321	0	29	
MYCO003554	59	0	85	
MYCO003555	463	0	27	
MYCO003556	91	0	30	
MYCO003557	0	0	17	
MYCO003558	746	0	59	
MYCO003559	189	0	28	
MYCO003560	96	0	44	
MYCO003561	489	0	57	
MYCO003562	48	0	50	
MYCO003563	116	0	40	
MYCO003564	437	0	25	
MYCO003565	64	0	52	
MYCO003566	95	0	32	
MYCO003567	35	0	16	
MYCO003568	357	0	23	
MYCO003569	272	0	30	
MYCO003572	26	0	21	
MYCO003573	314	0	69	
MYCO003574	53	0	18	
MYCO003575	89	0	30	
MYCO003576	42	0	28	
MYCO003577	54	0	21	
MYCO003578	236	0	49	
MYCO003581	9	0	17	
MYCO003582	23	0	27	
MYCO003584	13	0	15	
MYCO003585	38	0	52	
MYCO003586	10	0	42	
MYCO003587	142	0	33	
MYCO003588	44	0	12	
MYCO003590	2140	0	38	
MYCO003591	21	0	32	
MYCO003593	3	0	55	
MYCO003594	61	0	39	
MYCO003595	1385	0	48	
MYCO003597	202	0	11	
MYCO003599	135	0	6	
MYCO003602	480	0	32	
MYCO003603	164	0	34	
MYCO003604	649	0	45	
MYCO003605	220	0	15	
MYCO003606	10	0	22	
MYCO003607	111	0	14	
MYCO003608	35	0	29	
MYCO003611	3041	0	4	
MYCO003612	33	0	16	
MYCO003613	2	0	5	
MYCO003614	6	0	34	
MYCO003615	5	0	10	
MYCO003616	45	0	55	
MYCO003617	73	0	35	
MYCO003618	66	0	36	
MYCO003619	259	1409	119	
MYCO003620	1740	346	90	
MYCO003621	451	0	44	
MYCO003622	88	0	11	
MYCO003623	172	0	25	
MYCO003625	178	0	35	
MYCO003626	254	0	44	
MYCO003627	44	0	60	
MYCO003629	34	0	40	
MYCO003630	11	735	47	
MYCO003631	4	0	21	
MYCO003632	2	0	8	
MYCO003633	56	0	32	
MYCO003634	94	0	23	
MYCO003635	117	0	70	
MYCO003636	11	0	18	
MYCO003637	48	0	26	
MYCO003638	8	0	31	
MYCO003639	297	0	29	
MYCO003640	123	0	48	
MYCO003641	12	0	24	
MYCO003642	7	0	13	
MYCO003643	2	0	7	
MYCO003645	642	0	55	
MYCO003649	468	0	94	
MYCO003650	67	0	12	
MYCO003651	280	0	36	
MYCO003652	733	0	16	
MYCO003653	1811	0	23	
MYCO003654	381	0	20	
MYCO003655	3070	0	1	
MYCO003656	14	0	13	
MYCO003657	954	749	22	
MYCO003658	332	0	33	
MYCO003659	621	0	40	
MYCO003660	134	0	52	
MYCO003661	51	0	17	
MYCO003662	855	0	39	
MYCO003663	303	0	68	
MYCO003664	11	0	34	
MYCO003665	7	0	41	
MYCO003666	88	825	48	
MYCO003667	238	0	74	
MYCO003669	7	0	22	
MYCO003671	21	0	45	
MYCO003672	53	0	31	
MYCO003673	109	0	25	
MYCO003675	0	0	17	
MYCO003678	10	0	17	
MYCO003681	14	0	21	
MYCO003685	86	0	54	
MYCO003686	61	0	12	
MYCO003687	14	0	14	
MYCO003688	19	0	22	
MYCO003689	160	0	76	
MYCO003690	301	0	20	
MYCO003691	63	0	48	
MYCO003692	46	0	38	
MYCO003693	1052	0	43	
MYCO003694	10	0	37	
MYCO003697	24	0	21	
MYCO003698	119	0	64	
MYCO003699	35	0	27	
MYCO003700	477	0	39	
MYCO003701	104	0	38	
MYCO003702	28	0	32	
MYCO003703	55	0	58	
MYCO003704	53	0	48	
MYCO003706	144	0	10	
MYCO003714	46	0	41	
MYCO003716	212	0	16	
MYCO003723	20	0	28	
MYCO003725	1495	0	19	
MYCO003726	243	0	42	
MYCO003727	213	0	82	
MYCO003728	1949	0	72	
MYCO003729	288	0	90	
MYCO003730	10	0	44	
MYCO003731	7	0	44	
MYCO003732	73	0	49	
MYCO003733	10	0	21	
MYCO003734	53	0	55	
MYCO003735	16	0	21	
MYCO003736	57	0	53	
MYCO003737	585	0	57	
MYCO003738	1058	0	35	
MYCO003739	755	0	12	
MYCO003740	87	0	57	
MYCO003741	20	0	33	
MYCO003742	8	0	23	
MYCO003743	133	0	90	
MYCO003744	2	0	18	
MYCO003745	10	970	11	
MYCO003746	6	0	21	
MYCO003747	20	0	11	
MYCO003748	14	0	15	
MYCO003749	23	0	18	
MYCO003750	10	0	15	
MYCO003751	10	0	13	
MYCO003752	243	0	14	
MYCO003753	358	0	14	
MYCO003754	181	0	32	
MYCO003755	13	0	22	
MYCO003756	20	0	32	
MYCO003757	121	0	36	
MYCO003758	30	0	35	
MYCO003759	27	0	50	
MYCO003760	21	0	9	
MYCO003761	123	0	32	
MYCO003762	17	0	87	
MYCO003763	27	0	23	
MYCO003764	29	0	53	
MYCO003766	80	0	35	
MYCO003767	73	0	33	
MYCO003768	74	0	13	
MYCO003769	64	0	17	
MYCO003770	89	0	24	
MYCO003771	31	0	25	
MYCO003772	54	0	37	
MYCO003773	78	0	26	
MYCO003776	579	0	72	
MYCO003779	360	0	73	
MYCO003784	170	0	50	
MYCO003785	1339	0	35	
MYCO003786	238	0	51	
MYCO003787	73	0	39	
MYCO003788	9	0	20	
MYCO003789	4	0	13	
MYCO003792	173	0	89	
MYCO003796	26	0	56	
MYCO003797	165	0	76	
MYCO003798	1647	34	27	
MYCO003800	674	0	148	
MYCO003803	55	0	37	
MYCO003805	29	0	58	
MYCO003807	118	0	21	
MYCO003810	855	0	26	
MYCO003811	135	0	62	
MYCO003812	1187	0	51	
MYCO003813	73	0	25	
MYCO003814	39	0	23	
MYCO003815	101	0	28	
MYCO003817	249	0	36	
MYCO003818	48	0	48	
MYCO003819	27	0	18	
MYCO003820	130	0	67	
MYCO003821	12	0	34	
MYCO003822	56	0	61	
MYCO003823	44	0	131	
MYCO003824	67	0	79	
MYCO003825	190	0	242	
MYCO003826	56	0	86	
MYCO003827	130	0	71	
MYCO003828	1	1181	19	
MYCO003829	623	0	75	
MYCO003830	700	0	37	
MYCO003831	17	0	36	
MYCO003832	88	0	35	
MYCO003833	393	0	42	
MYCO003836	349	0	22	
MYCO003837	30	0	41	
MYCO003838	95	0	51	
MYCO003839	10	0	35	
MYCO003840	43	0	34	
MYCO003841	5	0	27	
MYCO003843	258	0	46	
MYCO003844	73	3	29	
MYCO003845	2244	0	4	
MYCO003846	8	0	28	
MYCO003848	79	0	58	
MYCO003850	51	0	34	
MYCO003851	47	0	14	
MYCO003852	36	0	19	
MYCO003853	4	0	16	
MYCO003854	132	0	115	
MYCO003855	8	0	35	
MYCO003856	71	0	51	
MYCO003857	11	0	6	
MYCO003860	355	0	68	
MYCO003861	94	0	26	
MYCO003862	44	0	56	
MYCO003863	141	0	49	
MYCO003864	94	0	65	
MYCO003865	36	0	15	
MYCO003866	106	0	33	
MYCO003867	74	0	21	
MYCO003868	157	0	65	
MYCO003869	404	0	86	
MYCO003870	41	0	122	
MYCO003871	233	0	91	
MYCO003872	157	0	13	
MYCO003873	155	0	47	
MYCO003874	29	0	12	
MYCO003875	12	0	14	
MYCO003876	1386	0	75	
MYCO003877	43	0	93	
MYCO003878	360	0	42	
MYCO003879	1313	0	103	
MYCO003880	2	0	18	
MYCO003881	345	0	89	
MYCO003882	391	0	97	
MYCO003883	39	0	70	
MYCO003884	168	0	86	
MYCO003885	106	0	96	
MYCO003886	1066	0	56	
MYCO003887	313	0	76	
MYCO003888	88	0	77	
MYCO003889	206	0	62	
MYCO003890	71	0	16	
MYCO003891	17	0	26	
MYCO003892	704	0	57	
MYCO003893	58	0	16	
MYCO003894	858	0	184	
MYCO003895	835	0	65	
MYCO003896	193	0	65	
MYCO003897	3045	0	2	
MYCO003898	1502	0	11	
MYCO003899	872	0	68	
MYCO003900	480	0	83	
MYCO003901	51	0	29	
MYCO003902	16	0	28	
MYCO003903	998	0	110	
MYCO003904	7	0	24	
MYCO003905	21	0	19	
MYCO003906	35	0	35	
MYCO003909	174	0	115	
MYCO003910	195	0	233	
MYCO003911	3063	0	5	
MYCO003912	138	0	59	
MYCO003914	3	0	19	
MYCO003916	3	0	52	
MYCO003919	173	0	176	
MYCO003922	3	0	29	
MYCO003923	5	0	33	
MYCO010064	6	0	10	
MYCO010078	9	0	39	
MYCO010157	2	0	6	
MYCO010186	33	0	7	
MYCO010192	709	0	10	
MYCO010236	28	0	4	
MYCO010277	3072	0	0	
MYCO010397	2	1483	11	
MYCO010456	9	0	13	
MYCO010470	451	0	15	
MYCO010492	29	0	7	
MYCO010500	153	0	5	
MYCO010530	6	0	8	
MYCO010590	16	0	8	
MYCO010609	11	0	9	
MYCO010616	0	0	14	
MYCO010634	6	0	9	
MYCO010691	2	0	9	
MYCO010724	3072	0	0	
MYCO010749	10	0	7	
MYCO010755	51	0	4	
MYCO010787	34	0	5	
MYCO010959	3	0	4	
MYCO011028	1	0	7	
MYCO011087	31	0	7	
MYCO011089	4	0	8	
MYCO011116	15	0	10	
MYCO011135	3	0	21	
MYCO011159	5	0	10	
MYCO011290	28	0	10	
MYCO011322	9	0	20	
MYCO011366	11	0	10	
MYCO011473	24	0	9	
MYCO011489	84	0	8	
MYCO011498	50	0	12	
MYCO011507	63	0	33	
MYCO011508	29	0	10	
MYCO011638	211	0	13	
MYCO011706	4	0	7	
MYCO011765	22	0	12	
MYCO011888	1	0	10	
MYCO011954	10	0	9	
MYCO011962	0	1801	12	
MYCO011982	13	0	6	
MYCO011990	31	0	16	
MYCO011991	1	0	5	
MYCO012023	30	0	45	
MYCO012063	82	0	16	
MYCO012077	97	0	13	
MYCO012142	1	0	12	
MYCO012160	1671	0	8	
MYCO012219	5	0	13	
MYCO012231	25	0	20	
MYCO012237	17	0	8	
MYCO012250	3070	0	1	
MYCO012274	108	0	11	
MYCO012306	29	0	21	
MYCO012307	8	0	5	
MYCO012309	7	0	14	
MYCO012331	2	0	9	
MYCO012395	14	0	9	
MYCO012401	14	0	3	
MYCO012427	3072	0	0	
MYCO012438	5	0	13	
MYCO012468	1	0	10	
MYCO012530	3	0	13	
MYCO012548	6	0	14	
MYCO012601	2	0	9	
MYCO012614	369	0	10	
MYCO012737	11	0	8	
MYCO012801	1	0	4	
MYCO012828	557	0	10	
MYCO012862	3072	0	0	
MYCO012922	13	0	12	
MYCO012943	15	0	21	
MYCO012970	15	0	4	
MYCO012998	3	0	14	
MYCO013018	1165	1	5	
MYCO013022	497	0	10	
MYCO013032	16	0	13	
MYCO013098	11	0	16	
MYCO013136	3	0	18	
MYCO013190	114	0	8	
MYCO013196	3	0	5	
MYCO013197	24	0	9	
MYCO013198	4	0	13	
MYCO013208	6	0	12	
MYCO013221	1	0	12	
MYCO013224	14	0	14	
MYCO013312	41	0	19	
MYCO013324	3072	0	0	
MYCO013395	114	0	17	
MYCO013566	4	0	13	
MYCO013697	30	0	12	
MYCO013705	29	0	21	
MYCO013724	343	0	7	
MYCO013770	3	0	8	
MYCO020078	2	0	18	
MYCO020456	3072	0	0	
MYCO020500	0	0	3	
MYCO022231	2192	0	10	
MYCO022306	55	0	15	
MYCO022307	42	0	17	
MYCO022395	35	0	11	
MYCO023224	20	0	8	
MYCO023724	362	0	23	
MYCO023770	4	0	9	
MYCO032307	0	0	8	
