GbGDiv simplified results table from 'accumulate-26.txt' records table.
Isolate records read from table: 6649

Locus	Missing	Paralogous	CountNuc
id	0	0	6649	
isolate	0	0	6649	
rMLST_database_accession	0	0	6649	
BACT000001	17	0	95	
BACT000002	192	0	37	
BACT000003	646	0	45	
BACT000004	38	0	31	
BACT000005	112	0	34	
BACT000006	6	0	18	
BACT000007	16	0	19	
BACT000008	28	0	27	
BACT000009	31	0	30	
BACT000010	2	0	14	
BACT000011	56	0	25	
BACT000012	4	0	23	
BACT000013	18	0	29	
BACT000014	3	6105	2	
BACT000015	9	0	9	
BACT000016	54	0	34	
BACT000017	20	0	21	
BACT000018	1	5184	4	
BACT000019	2	0	13	
BACT000020	7	0	16	
BACT000021	6648	0	1	
BACT000030	67	1857	33	
BACT000031	5	0	31	
BACT000032	16	0	28	
BACT000033	182	0	33	
BACT000034	13	0	28	
BACT000035	7	0	30	
BACT000036	426	0	24	
BACT000038	30	0	21	
BACT000039	26	0	28	
BACT000040	808	0	18	
BACT000042	11	0	29	
BACT000043	6	0	24	
BACT000044	38	0	23	
BACT000045	30	0	20	
BACT000046	8	0	36	
BACT000047	87	0	18	
BACT000048	2	0	20	
BACT000049	8	0	21	
BACT000050	39	0	17	
BACT000051	203	0	32	
BACT000052	3	0	16	
BACT000053	7	0	18	
BACT000056	11	0	13	
BACT000057	6	6438	5	
BACT000058	1	1	15	
BACT000059	0	0	14	
BACT000060	4	0	12	
BACT000061	21	0	18	
BACT000062	2	5534	8	
BACT000063	3	1	15	
BACT000064	4	0	14	
BACT000065	5	0	5	
MYCO000001	49	0	142	
MYCO000005	42	0	163	
MYCO000006	72	0	269	
MYCO000009	20	0	40	
MYCO000011	13	0	30	
MYCO000013	9	0	67	
MYCO000015	1496	0	89	
MYCO000016	107	0	102	
MYCO000017	92	0	103	
MYCO000019	12	0	40	
MYCO000038	431	0	42	
MYCO000046	20	0	74	
MYCO000047	25	0	40	
MYCO000049	44	0	32	
MYCO000050	721	0	168	
MYCO000051	552	0	124	
MYCO000054	262	0	33	
MYCO000066	32	0	144	
MYCO000068	183	0	91	
MYCO000129	63	0	42	
MYCO000183	354	0	58	
MYCO000184	394	0	37	
MYCO000189	878	0	71	
MYCO000198	78	0	128	
MYCO000204	205	0	62	
MYCO000207	22	0	47	
MYCO000211	81	0	123	
MYCO000223	663	0	87	
MYCO000225	49	0	47	
MYCO000227	745	0	68	
MYCO000228	158	0	66	
MYCO000236	1507	0	197	
MYCO000237	167	0	83	
MYCO000238	24	0	41	
MYCO000241	44	0	67	
MYCO000242	1087	0	79	
MYCO000243	614	0	77	
MYCO000244	133	3317	88	
MYCO000247	16	0	37	
MYCO000248	40	0	68	
MYCO000270	58	0	104	
MYCO000274	421	0	48	
MYCO000321	12	0	33	
MYCO000322	85	0	63	
MYCO000334	10	0	38	
MYCO000337	59	0	56	
MYCO000350	114	0	66	
MYCO000352	678	0	53	
MYCO000357	23	0	57	
MYCO000360	222	0	29	
MYCO000383	1245	0	38	
MYCO000384	831	0	98	
MYCO000407	305	0	58	
MYCO000410	207	0	118	
MYCO000411	182	0	53	
MYCO000414	1379	0	33	
MYCO000415	1451	0	47	
MYCO000417	458	1652	34	
MYCO000423	40	0	63	
MYCO000429	17	0	33	
MYCO000432	23	0	33	
MYCO000433	44	0	47	
MYCO000439	254	0	56	
MYCO000440	78	0	65	
MYCO000462	17	0	50	
MYCO000465	59	0	82	
MYCO000466	31	0	36	
MYCO000467	25	0	51	
MYCO000468	63	0	43	
MYCO000472	17	0	34	
MYCO000475	152	0	42	
MYCO000483	73	0	63	
MYCO000484	68	0	44	
MYCO000486	399	0	71	
MYCO000489	976	0	30	
MYCO000490	80	0	41	
MYCO000491	10	0	21	
MYCO000495	20	0	49	
MYCO000496	89	0	45	
MYCO000498	114	0	51	
MYCO000501	34	0	58	
MYCO000502	53	0	48	
MYCO000505	1596	0	41	
MYCO000509	145	0	74	
MYCO000510	112	0	42	
MYCO000512	146	0	48	
MYCO000524	540	0	63	
MYCO000527	203	0	41	
MYCO000528	1023	0	65	
MYCO000529	244	0	56	
MYCO000548	46	0	45	
MYCO000551	224	0	100	
MYCO000553	630	0	48	
MYCO000555	616	0	63	
MYCO000557	77	0	92	
MYCO000558	328	0	31	
MYCO000562	33	0	52	
MYCO000563	137	0	50	
MYCO000564	83	0	62	
MYCO000566	22	0	24	
MYCO000636	13	0	25	
MYCO000639	254	0	28	
MYCO000647	245	0	71	
MYCO000655	37	0	57	
MYCO000667	322	0	296	
MYCO000668	262	0	294	
MYCO000672	283	0	103	
MYCO000684	93	0	105	
MYCO000685	29	0	36	
MYCO000693	636	0	50	
MYCO000696	106	0	74	
MYCO000732	18	0	64	
MYCO000733	12	0	24	
MYCO000734	686	0	35	
MYCO000757	13	0	37	
MYCO000758	180	0	177	
MYCO000772	202	0	60	
MYCO000777	73	0	46	
MYCO000780	28	0	43	
MYCO000782	6500	0	5	
MYCO000788	183	0	29	
MYCO000803	152	0	102	
MYCO000808	130	0	75	
MYCO000809	12	0	43	
MYCO000810	7	0	10	
MYCO000814	1329	25	13	
MYCO000815	103	6	47	
MYCO000820	22	0	31	
MYCO000821	36	0	21	
MYCO000823	131	0	66	
MYCO000824	14	0	29	
MYCO000859	98	0	82	
MYCO000860	391	0	120	
MYCO000861	72	0	77	
MYCO000871	20	0	14	
MYCO000876	12	0	81	
MYCO000884	25	0	55	
MYCO000885	87	0	41	
MYCO000886	1539	0	88	
MYCO000889	1308	0	61	
MYCO000896	95	0	63	
MYCO000902	55	0	38	
MYCO000903	17	0	14	
MYCO000906	1692	0	60	
MYCO000926	35	0	74	
MYCO000927	292	0	48	
MYCO000929	582	0	37	
MYCO000946	71	0	78	
MYCO000949	285	0	113	
MYCO000951	55	0	56	
MYCO000952	128	0	53	
MYCO000953	472	0	57	
MYCO000957	707	0	65	
MYCO000981	68	0	40	
MYCO000983	825	0	76	
MYCO000993	196	0	40	
MYCO000994	447	0	67	
MYCO000995	26	0	40	
MYCO001001	59	0	71	
MYCO001002	104	0	76	
MYCO001007	18	0	67	
MYCO001008	389	0	43	
MYCO001009	326	0	57	
MYCO001010	145	0	58	
MYCO001011	56	0	43	
MYCO001013	81	0	70	
MYCO001014	50	0	38	
MYCO001015	44	0	39	
MYCO001017	14	0	38	
MYCO001018	76	0	77	
MYCO001020	754	0	188	
MYCO001022	312	0	36	
MYCO001023	239	0	70	
MYCO001026	432	0	51	
MYCO001070	40	0	28	
MYCO001071	29	0	61	
MYCO001072	8	0	40	
MYCO001077	104	0	73	
MYCO001079	123	0	46	
MYCO001080	356	0	23	
MYCO001082	62	0	37	
MYCO001086	97	0	46	
MYCO001092	177	0	39	
MYCO001094	117	0	28	
MYCO001095	163	0	60	
MYCO001098	121	0	51	
MYCO001099	414	0	54	
MYCO001108	136	0	58	
MYCO001110	26	0	42	
MYCO001112	863	0	53	
MYCO001165	314	0	97	
MYCO001173	378	0	118	
MYCO001177	21	0	8	
MYCO001178	244	0	72	
MYCO001193	631	0	57	
MYCO001201	392	0	47	
MYCO001202	317	0	43	
MYCO001207	444	0	52	
MYCO001208	50	0	37	
MYCO001213	304	0	69	
MYCO001220	393	0	23	
MYCO001221	9	0	36	
MYCO001223	1080	0	82	
MYCO001229	194	0	61	
MYCO001238	79	0	46	
MYCO001239	30	0	55	
MYCO001245	133	0	51	
MYCO001248	741	0	162	
MYCO001253	290	0	96	
MYCO001272	500	0	84	
MYCO001273	28	0	89	
MYCO001277	715	0	48	
MYCO001292	54	0	84	
MYCO001293	93	0	58	
MYCO001294	120	0	57	
MYCO001295	91	0	51	
MYCO001297	549	0	73	
MYCO001299	61	0	33	
MYCO001302	21	0	42	
MYCO001305	12	0	11	
MYCO001308	102	0	60	
MYCO001309	27	0	47	
MYCO001310	32	0	51	
MYCO001311	27	0	27	
MYCO001315	47	0	47	
MYCO001321	103	0	33	
MYCO001323	142	0	60	
MYCO001326	87	0	107	
MYCO001327	116	0	86	
MYCO001328	238	0	130	
MYCO001338	167	0	36	
MYCO001340	92	0	33	
MYCO001380	76	0	42	
MYCO001381	711	0	54	
MYCO001383	68	0	56	
MYCO001384	614	0	184	
MYCO001385	1065	0	42	
MYCO001388	10	0	33	
MYCO001390	2	0	17	
MYCO001391	1157	0	66	
MYCO001392	632	0	72	
MYCO001402	2680	0	77	
MYCO001407	919	0	82	
MYCO001408	226	0	37	
MYCO001410	26	0	67	
MYCO001412	33	0	32	
MYCO001415	37	0	52	
MYCO001416	12	0	24	
MYCO001420	46	0	91	
MYCO001421	37	0	50	
MYCO001436	17	0	51	
MYCO001437	75	0	57	
MYCO001438	36	0	41	
MYCO001440	35	0	17	
MYCO001445	431	0	39	
MYCO001447	783	0	104	
MYCO001448	85	0	59	
MYCO001449	344	0	101	
MYCO001451	131	0	46	
MYCO001457	15	0	37	
MYCO001458	44	0	49	
MYCO001462	87	0	65	
MYCO001463	29	0	36	
MYCO001464	357	0	60	
MYCO001465	26	0	19	
MYCO001466	14	0	11	
MYCO001467	133	3370	73	
MYCO001473	64	0	63	
MYCO001474	201	0	22	
MYCO001475	41	0	103	
MYCO001479	151	0	57	
MYCO001480	213	0	47	
MYCO001481	42	0	49	
MYCO001483	179	0	27	
MYCO001484	56	0	40	
MYCO001485	201	0	38	
MYCO001493	1031	0	80	
MYCO001536	225	0	156	
MYCO001540	52	0	56	
MYCO001547	239	0	135	
MYCO001557	1114	0	65	
MYCO001559	1446	0	67	
MYCO001564	83	0	109	
MYCO001568	407	0	62	
MYCO001569	1259	0	41	
MYCO001589	27	0	43	
MYCO001593	13	0	34	
MYCO001594	82	0	60	
MYCO001595	717	0	75	
MYCO001599	609	0	61	
MYCO001600	15	0	58	
MYCO001601	2	0	35	
MYCO001603	19	0	44	
MYCO001605	30	0	39	
MYCO001609	158	0	85	
MYCO001611	115	0	29	
MYCO001612	19	0	65	
MYCO001617	89	0	72	
MYCO001626	38	0	31	
MYCO001627	199	0	49	
MYCO001629	242	0	153	
MYCO001633	866	0	107	
MYCO001638	303	0	141	
MYCO001641	6649	0	0	
MYCO001649	504	0	47	
MYCO001652	384	0	51	
MYCO001653	1163	0	46	
MYCO001654	182	0	36	
MYCO001655	746	0	62	
MYCO001656	551	0	48	
MYCO001657	611	0	27	
MYCO001658	203	0	62	
MYCO001659	606	0	67	
MYCO001689	27	0	52	
MYCO001694	240	0	45	
MYCO001695	8	0	43	
MYCO001697	11	0	38	
MYCO001699	40	0	118	
MYCO001701	111	0	35	
MYCO001708	35	0	37	
MYCO001709	9	0	52	
MYCO001711	8	0	42	
MYCO001712	46	0	36	
MYCO001713	299	0	69	
MYCO001821	68	0	115	
MYCO001827	12	0	22	
MYCO001829	76	0	23	
MYCO001830	38	0	74	
MYCO001832	187	0	150	
MYCO001837	166	0	115	
MYCO001842	136	0	85	
MYCO001843	166	0	84	
MYCO001844	94	0	98	
MYCO001854	77	0	72	
MYCO001886	130	0	58	
MYCO001894	296	0	71	
MYCO001981	26	0	31	
MYCO002050	8	0	13	
MYCO002089	506	0	65	
MYCO002090	6496	0	13	
MYCO002092	794	0	140	
MYCO002093	74	0	43	
MYCO002096	49	0	59	
MYCO002097	152	0	52	
MYCO002109	25	0	35	
MYCO002110	78	0	43	
MYCO002111	187	0	11	
MYCO002112	2870	0	63	
MYCO002115	67	0	91	
MYCO002118	33	0	30	
MYCO002119	45	0	51	
MYCO002121	91	0	35	
MYCO002122	7	0	21	
MYCO002125	62	0	41	
MYCO002130	831	0	43	
MYCO002134	35	0	28	
MYCO002139	141	0	52	
MYCO002140	3	0	29	
MYCO002141	114	0	72	
MYCO002145	102	0	34	
MYCO002150	404	0	35	
MYCO002151	456	0	34	
MYCO002153	1272	0	70	
MYCO002154	1394	0	48	
MYCO002155	1099	0	103	
MYCO002156	34	0	56	
MYCO002157	2898	0	57	
MYCO002163	293	0	89	
MYCO002166	26	0	16	
MYCO002170	798	0	36	
MYCO002176	172	0	62	
MYCO002178	40	0	41	
MYCO002179	131	0	21	
MYCO002182	50	0	34	
MYCO002186	7	0	18	
MYCO002187	1878	0	82	
MYCO002188	72	0	66	
MYCO002192	210	0	53	
MYCO002193	12	0	26	
MYCO002194	61	0	43	
MYCO002195	34	0	57	
MYCO002196	31	0	83	
MYCO002199	5	0	23	
MYCO002200	44	0	55	
MYCO002201	290	0	84	
MYCO002202	298	0	50	
MYCO002210	138	0	58	
MYCO002211	190	0	63	
MYCO002213	351	0	89	
MYCO002216	62	0	61	
MYCO002217	362	0	41	
MYCO002218	286	0	58	
MYCO002219	219	0	40	
MYCO002220	48	0	69	
MYCO002221	1457	0	117	
MYCO002222	75	0	61	
MYCO002225	213	0	49	
MYCO002228	98	0	56	
MYCO002230	440	0	56	
MYCO002235	117	0	53	
MYCO002239	5	0	24	
MYCO002241	821	0	86	
MYCO002242	307	0	46	
MYCO002243	706	0	44	
MYCO002244	8	0	11	
MYCO002245	121	0	53	
MYCO002246	82	0	52	
MYCO002247	287	0	56	
MYCO002257	73	0	47	
MYCO002259	337	0	54	
MYCO002315	1136	0	76	
MYCO002343	333	0	84	
MYCO002344	1005	0	52	
MYCO002357	21	0	43	
MYCO002361	23	0	31	
MYCO002362	185	0	33	
MYCO002364	18	0	46	
MYCO002366	26	0	74	
MYCO002367	14	0	20	
MYCO002368	67	0	56	
MYCO002373	104	0	57	
MYCO002374	215	0	62	
MYCO002399	93	0	47	
MYCO002400	75	0	64	
MYCO002402	114	0	118	
MYCO002404	53	0	102	
MYCO002409	27	0	36	
MYCO002410	14	0	33	
MYCO002411	165	0	81	
MYCO002413	249	0	42	
MYCO002420	298	0	27	
MYCO002421	6	0	20	
MYCO002425	546	0	54	
MYCO002426	1884	0	54	
MYCO002427	589	0	60	
MYCO002439	1019	0	41	
MYCO002440	161	0	79	
MYCO002445	45	0	16	
MYCO002447	124	0	78	
MYCO002448	289	0	118	
MYCO002454	47	0	57	
MYCO002455	113	0	81	
MYCO002457	45	0	41	
MYCO002460	9	0	20	
MYCO002461	13	0	29	
MYCO002462	425	0	58	
MYCO002465	104	0	23	
MYCO002466	63	0	30	
MYCO002467	153	0	122	
MYCO002470	15	0	27	
MYCO002477	41	0	75	
MYCO002500	19	0	58	
MYCO002502	88	0	81	
MYCO002509	21	0	52	
MYCO002511	26	0	27	
MYCO002518	792	0	51	
MYCO002521	5	0	30	
MYCO002523	63	0	14	
MYCO002524	1931	0	322	
MYCO002533	34	0	25	
MYCO002534	9	0	28	
MYCO002538	360	0	57	
MYCO002540	1446	0	65	
MYCO002555	128	0	95	
MYCO002559	581	0	57	
MYCO002568	88	0	49	
MYCO002572	237	0	80	
MYCO002575	107	0	49	
MYCO002580	314	0	48	
MYCO002582	54	0	42	
MYCO002583	180	0	99	
MYCO002587	1004	0	89	
MYCO002589	219	0	64	
MYCO002592	284	0	40	
MYCO002593	148	0	32	
MYCO002594	5	0	20	
MYCO002603	17	0	35	
MYCO002606	69	0	39	
MYCO002610	168	0	53	
MYCO002611	134	0	58	
MYCO002612	13	0	36	
MYCO002613	13	0	19	
MYCO002614	117	0	71	
MYCO002670	41	0	50	
MYCO002673	766	1688	54	
MYCO002676	39	0	28	
MYCO002678	596	0	52	
MYCO002682	150	0	76	
MYCO002696	174	0	47	
MYCO002697	18	0	21	
MYCO002699	0	0	13	
MYCO002702	17	0	51	
MYCO002703	229	0	58	
MYCO002708	7	0	19	
MYCO002710	121	0	43	
MYCO002711	49	0	34	
MYCO002714	49	0	45	
MYCO002715	865	0	69	
MYCO002720	26	0	51	
MYCO002724	72	0	80	
MYCO002725	173	0	73	
MYCO002726	93	0	40	
MYCO002727	344	0	54	
MYCO002731	744	0	58	
MYCO002733	1523	0	69	
MYCO002744	198	0	42	
MYCO002748	631	0	128	
MYCO002750	128	0	41	
MYCO002753	20	0	54	
MYCO002754	62	0	35	
MYCO002764	125	0	58	
MYCO002773	36	0	41	
MYCO002782	501	0	67	
MYCO002783	223	0	88	
MYCO002788	727	0	23	
MYCO002794	40	0	39	
MYCO002795	132	0	53	
MYCO002828	3002	811	54	
MYCO002838	127	0	29	
MYCO002839	2540	0	101	
MYCO002841	40	0	60	
MYCO002846	21	0	61	
MYCO002847	156	0	57	
MYCO002861	35	0	39	
MYCO002864	76	0	64	
MYCO002868	20	0	43	
MYCO002870	152	0	49	
MYCO002882	17	0	32	
MYCO002883	15	0	37	
MYCO002889	138	0	30	
MYCO002894	849	0	37	
MYCO002901	5	0	10	
MYCO002902	378	0	44	
MYCO002915	128	0	60	
MYCO002916	520	0	60	
MYCO002917	1054	0	78	
MYCO002918	411	0	125	
MYCO002919	10	0	18	
MYCO002921	227	0	69	
MYCO002927	37	0	36	
MYCO002965	4	0	16	
MYCO002967	434	0	110	
MYCO002976	112	0	40	
MYCO002981	290	0	61	
MYCO002982	43	0	52	
MYCO002984	95	0	76	
MYCO002988	164	0	50	
MYCO002992	200	0	74	
MYCO002993	16	0	36	
MYCO002995	245	0	54	
MYCO002996	428	0	75	
MYCO003001	32	0	42	
MYCO003003	306	0	79	
MYCO003006	229	0	46	
MYCO003009	35	0	72	
MYCO003010	610	0	45	
MYCO003011	1180	0	61	
MYCO003014	625	0	99	
MYCO003024	299	0	62	
MYCO003025	192	0	59	
MYCO003027	54	0	57	
MYCO003028	845	0	44	
MYCO003029	33	0	33	
MYCO003031	371	0	76	
MYCO003032	662	0	49	
MYCO003034	32	0	39	
MYCO003038	19	0	45	
MYCO003042	122	0	50	
MYCO003043	24	0	64	
MYCO003045	13	0	45	
MYCO003048	28	0	51	
MYCO003049	176	0	84	
MYCO003051	58	0	65	
MYCO003052	30	0	17	
MYCO003053	8	0	9	
MYCO003054	228	0	39	
MYCO003057	29	0	45	
MYCO003085	389	0	49	
MYCO003100	15	0	23	
MYCO003101	39	0	33	
MYCO003102	6	0	33	
MYCO003105	297	0	55	
MYCO003117	103	6	47	
MYCO003118	1329	25	13	
MYCO003139	32	0	78	
MYCO003140	33	0	69	
MYCO003193	103	0	145	
MYCO003194	8	0	39	
MYCO003195	522	0	82	
MYCO003197	44	0	68	
MYCO003198	482	0	88	
MYCO003205	70	0	40	
MYCO003206	44	0	70	
MYCO003207	24	0	44	
MYCO003208	87	0	32	
MYCO003211	519	0	95	
MYCO003213	26	0	50	
MYCO003214	45	0	43	
MYCO003219	9	0	9	
MYCO003220	38	0	61	
MYCO003221	0	0	14	
MYCO003223	6	0	35	
MYCO003228	629	0	48	
MYCO003229	39	0	84	
MYCO003240	709	0	110	
MYCO003241	299	0	34	
MYCO003245	28	0	69	
MYCO003246	19	0	19	
MYCO003248	78	0	85	
MYCO003252	324	0	65	
MYCO003255	182	0	46	
MYCO003257	320	0	59	
MYCO003258	446	0	25	
MYCO003261	26	0	50	
MYCO003262	383	0	62	
MYCO003264	29	0	40	
MYCO003265	166	0	46	
MYCO003267	447	0	51	
MYCO003274	11	0	56	
MYCO003275	210	0	28	
MYCO003276	172	0	61	
MYCO003277	13	0	32	
MYCO003280	56	0	66	
MYCO003285	216	0	68	
MYCO003290	38	0	51	
MYCO003296	1989	0	225	
MYCO003302	127	0	66	
MYCO003303	6588	0	2	
MYCO003304	71	0	18	
MYCO003305	127	0	50	
MYCO003306	407	0	63	
MYCO003313	44	0	32	
MYCO003317	26	0	29	
MYCO003318	348	0	70	
MYCO003319	88	0	45	
MYCO003328	505	0	62	
MYCO003329	77	0	78	
MYCO003330	662	0	64	
MYCO003336	20	0	44	
MYCO003340	35	0	55	
MYCO003341	868	0	57	
MYCO003356	40	0	37	
MYCO003392	66	5068	22	
MYCO003396	119	0	64	
MYCO003409	179	0	69	
MYCO003410	1162	0	52	
MYCO003411	291	0	80	
MYCO003412	15	0	20	
MYCO003417	21	3801	53	
MYCO003418	4	0	12	
MYCO003419	275	0	46	
MYCO003422	8	0	22	
MYCO003432	53	0	59	
MYCO003433	2359	0	52	
MYCO003436	1634	0	72	
MYCO003441	718	0	68	
MYCO003455	313	0	40	
MYCO003457	31	0	55	
MYCO003462	10	0	14	
MYCO003464	22	0	45	
MYCO003490	88	0	77	
MYCO003500	30	0	42	
MYCO003501	49	0	36	
MYCO003504	51	0	62	
MYCO003520	86	0	62	
MYCO003570	24	0	40	
MYCO003571	79	0	51	
MYCO003579	953	0	67	
MYCO003580	134	0	49	
MYCO003583	6	0	24	
MYCO003589	1547	0	48	
MYCO003592	12	0	17	
MYCO003596	518	0	112	
MYCO003598	57	0	57	
MYCO003600	61	0	37	
MYCO003601	53	0	24	
MYCO003609	8	0	18	
MYCO003610	642	0	91	
MYCO003624	19	0	45	
MYCO003628	31	0	29	
MYCO003644	359	0	68	
MYCO003646	989	0	123	
MYCO003647	101	0	30	
MYCO003648	11	0	33	
MYCO003668	16	0	35	
MYCO003670	336	0	49	
MYCO003674	16	0	36	
MYCO003676	14	0	28	
MYCO003677	92	0	46	
MYCO003679	36	0	63	
MYCO003680	163	0	55	
MYCO003682	227	0	113	
MYCO003683	118	0	54	
MYCO003684	97	0	38	
MYCO003695	53	0	60	
MYCO003696	273	0	110	
MYCO003705	12	0	42	
MYCO003707	194	0	52	
MYCO003708	195	0	51	
MYCO003709	113	0	56	
MYCO003710	2629	0	60	
MYCO003711	66	0	65	
MYCO003712	866	0	57	
MYCO003713	67	0	27	
MYCO003715	9	0	23	
MYCO003717	8	0	40	
MYCO003718	6	0	18	
MYCO003719	40	0	68	
MYCO003720	234	0	73	
MYCO003721	567	0	89	
MYCO003722	29	0	74	
MYCO003765	731	0	51	
MYCO003774	35	0	57	
MYCO003775	104	0	82	
MYCO003777	396	0	54	
MYCO003778	69	0	72	
MYCO003780	622	0	32	
MYCO003781	15	0	35	
MYCO003782	67	0	48	
MYCO003783	64	0	40	
MYCO003790	38	0	74	
MYCO003791	75	0	55	
MYCO003793	1102	0	193	
MYCO003794	359	0	223	
MYCO003795	314	0	300	
MYCO003799	33	0	80	
MYCO003801	71	0	82	
MYCO003802	132	0	55	
MYCO003804	69	0	57	
MYCO003806	25	0	92	
MYCO003808	408	0	82	
MYCO003809	12	0	51	
MYCO003816	487	0	50	
MYCO003834	196	0	65	
MYCO003835	865	0	76	
MYCO003842	171	0	80	
MYCO003847	2503	0	29	
MYCO003849	16	0	22	
MYCO003858	71	0	63	
MYCO003859	668	0	213	
MYCO003907	67	0	109	
MYCO003908	247	0	53	
MYCO003913	122	0	96	
MYCO003915	17	0	98	
MYCO003917	31	0	102	
MYCO003918	19	0	102	
MYCO003920	16	0	53	
MYCO003921	32	0	102	
MYCO013678	5	0	17	
MYCO000002	74	0	99	
MYCO000003	68	0	91	
MYCO000004	23	0	79	
MYCO000007	714	0	126	
MYCO000008	37	0	56	
MYCO000010	26	0	84	
MYCO000012	57	0	85	
MYCO000014	23	0	135	
MYCO000018	397	0	108	
MYCO000020	337	0	158	
MYCO000021	904	0	74	
MYCO000022	86	0	51	
MYCO000023	61	0	69	
MYCO000024	2046	0	65	
MYCO000025	719	0	45	
MYCO000026	219	0	112	
MYCO000027	38	0	20	
MYCO000028	22	0	26	
MYCO000029	496	0	105	
MYCO000030	1284	0	32	
MYCO000031	60	0	21	
MYCO000032	2026	0	141	
MYCO000033	26	0	16	
MYCO000034	16	0	29	
MYCO000035	110	0	157	
MYCO000036	141	0	65	
MYCO000037	91	0	95	
MYCO000039	292	0	33	
MYCO000040	104	0	77	
MYCO000041	598	0	196	
MYCO000042	445	0	89	
MYCO000043	58	0	58	
MYCO000044	825	0	55	
MYCO000045	2951	0	64	
MYCO000048	47	0	81	
MYCO000052	193	28	56	
MYCO000057	28	3948	67	
MYCO000058	106	0	159	
MYCO000059	30	0	59	
MYCO000060	16	0	60	
MYCO000061	1547	0	20	
MYCO000062	364	0	104	
MYCO000063	492	0	131	
MYCO000064	2734	0	176	
MYCO000065	17	0	16	
MYCO000067	24	0	42	
MYCO000069	149	0	85	
MYCO000070	37	3848	55	
MYCO000071	1846	0	73	
MYCO000072	1578	0	57	
MYCO000073	52	2816	59	
MYCO000074	2567	0	76	
MYCO000075	330	0	77	
MYCO000076	22	0	28	
MYCO000077	67	0	62	
MYCO000078	80	0	31	
MYCO000079	107	0	45	
MYCO000080	129	0	48	
MYCO000081	12	0	33	
MYCO000082	1746	0	31	
MYCO000083	2397	0	66	
MYCO000084	53	0	55	
MYCO000085	425	0	48	
MYCO000086	537	0	91	
MYCO000087	467	0	99	
MYCO000088	42	0	53	
MYCO000089	70	0	44	
MYCO000090	96	0	62	
MYCO000091	104	0	43	
MYCO000092	374	0	132	
MYCO000093	196	0	66	
MYCO000094	6414	94	43	
MYCO000095	2844	0	201	
MYCO000096	734	0	102	
MYCO000097	15	0	33	
MYCO000098	13	0	32	
MYCO000099	1878	0	79	
MYCO000100	9	0	9	
MYCO000101	269	0	417	
MYCO000102	160	0	133	
MYCO000103	282	0	136	
MYCO000104	2139	0	95	
MYCO000106	161	0	57	
MYCO000107	6588	0	6	
MYCO000108	21	0	15	
MYCO000109	2112	0	80	
MYCO000110	31	0	46	
MYCO000111	243	0	111	
MYCO000112	51	0	84	
MYCO000113	366	0	62	
MYCO000114	278	0	43	
MYCO000115	873	0	82	
MYCO000116	34	0	53	
MYCO000117	26	0	60	
MYCO000118	228	0	130	
MYCO000119	179	0	98	
MYCO000120	165	0	148	
MYCO000121	220	0	32	
MYCO000122	29	0	23	
MYCO000123	9	0	21	
MYCO000124	6476	0	6	
MYCO000125	379	0	65	
MYCO000126	64	0	115	
MYCO000127	62	0	67	
MYCO000128	63	0	40	
MYCO000130	10	0	45	
MYCO000131	53	0	77	
MYCO000132	283	0	57	
MYCO000133	770	0	50	
MYCO000134	2287	0	36	
MYCO000135	18	0	32	
MYCO000136	678	0	109	
MYCO000137	743	0	37	
MYCO000138	688	0	35	
MYCO000139	68	0	58	
MYCO000140	20	0	25	
MYCO000141	18	0	31	
MYCO000142	1028	0	65	
MYCO000143	397	0	105	
MYCO000144	447	0	47	
MYCO000145	314	0	74	
MYCO000146	1105	0	65	
MYCO000147	235	0	117	
MYCO000148	68	0	44	
MYCO000149	1188	0	58	
MYCO000150	50	0	20	
MYCO000151	486	0	125	
MYCO000152	152	0	123	
MYCO000153	122	0	50	
MYCO000154	78	0	58	
MYCO000155	193	0	59	
MYCO000156	8	0	19	
MYCO000157	503	0	74	
MYCO000158	18	0	40	
MYCO000159	539	0	102	
MYCO000160	66	0	111	
MYCO000161	201	0	90	
MYCO000162	367	0	75	
MYCO000163	8	0	38	
MYCO000164	15	0	27	
MYCO000165	3296	0	19	
MYCO000166	116	0	108	
MYCO000167	15	3316	31	
MYCO000168	95	0	62	
MYCO000169	192	0	98	
MYCO000170	17	0	49	
MYCO000171	1740	0	93	
MYCO000172	279	0	105	
MYCO000173	20	0	63	
MYCO000174	121	0	92	
MYCO000175	100	0	61	
MYCO000176	266	0	64	
MYCO000177	3	0	28	
MYCO000178	38	0	48	
MYCO000179	394	0	74	
MYCO000180	795	0	93	
MYCO000181	17	0	41	
MYCO000182	492	0	83	
MYCO000185	138	0	24	
MYCO000186	361	0	123	
MYCO000187	117	0	53	
MYCO000188	28	0	31	
MYCO000190	2	0	16	
MYCO000191	671	0	69	
MYCO000192	1541	0	59	
MYCO000193	63	0	133	
MYCO000194	519	0	231	
MYCO000195	1056	0	38	
MYCO000196	105	0	29	
MYCO000197	6646	0	3	
MYCO000199	11	0	34	
MYCO000200	107	0	34	
MYCO000201	514	0	26	
MYCO000202	244	0	161	
MYCO000203	290	0	25	
MYCO000205	848	0	53	
MYCO000206	425	0	135	
MYCO000208	42	0	34	
MYCO000209	505	0	69	
MYCO000210	598	0	75	
MYCO000212	87	0	60	
MYCO000213	41	0	75	
MYCO000214	105	0	106	
MYCO000215	790	0	53	
MYCO000216	97	0	54	
MYCO000217	596	0	60	
MYCO000218	1966	0	64	
MYCO000219	10	0	42	
MYCO000220	270	0	72	
MYCO000221	740	0	66	
MYCO000222	152	0	44	
MYCO000224	84	0	30	
MYCO000226	415	0	94	
MYCO000229	40	0	43	
MYCO000230	29	0	73	
MYCO000231	95	0	99	
MYCO000232	47	0	48	
MYCO000233	693	0	48	
MYCO000234	358	0	80	
MYCO000235	105	0	120	
MYCO000239	16	0	21	
MYCO000240	14	0	30	
MYCO000245	37	0	38	
MYCO000246	299	0	79	
MYCO000249	35	0	41	
MYCO000250	11	0	19	
MYCO000251	13	0	43	
MYCO000252	119	0	173	
MYCO000253	41	0	19	
MYCO000254	91	0	25	
MYCO000255	603	0	96	
MYCO000256	1825	0	96	
MYCO000257	855	0	35	
MYCO000258	74	0	30	
MYCO000259	14	0	45	
MYCO000260	104	0	79	
MYCO000261	92	0	98	
MYCO000262	34	0	32	
MYCO000263	598	0	51	
MYCO000264	133	0	42	
MYCO000265	38	0	73	
MYCO000266	1672	0	176	
MYCO000267	729	0	71	
MYCO000268	68	0	37	
MYCO000269	143	0	67	
MYCO000271	234	0	131	
MYCO000272	126	0	83	
MYCO000273	105	0	41	
MYCO000275	655	0	62	
MYCO000276	311	1855	59	
MYCO000277	205	2799	88	
MYCO000278	6635	0	6	
MYCO000279	6284	0	97	
MYCO000280	2861	0	87	
MYCO000281	341	0	52	
MYCO000282	92	0	95	
MYCO000283	573	0	88	
MYCO000284	1210	0	202	
MYCO000285	231	0	13	
MYCO000286	1918	0	85	
MYCO000287	30	25	16	
MYCO000288	3	0	30	
MYCO000289	150	0	74	
MYCO000290	1063	0	101	
MYCO000291	891	0	81	
MYCO000292	67	0	59	
MYCO000293	197	0	85	
MYCO000294	172	0	58	
MYCO000295	28	0	40	
MYCO000296	108	0	73	
MYCO000297	3482	0	119	
MYCO000298	13	0	17	
MYCO000299	11	0	26	
MYCO000300	8	0	11	
MYCO000301	8	0	29	
MYCO000302	110	0	43	
MYCO000303	79	0	66	
MYCO000304	911	0	464	
MYCO000305	6547	0	15	
MYCO000306	26	0	37	
MYCO000307	34	0	31	
MYCO000308	11	0	46	
MYCO000309	39	0	31	
MYCO000310	5	0	22	
MYCO000311	49	0	79	
MYCO000312	568	0	91	
MYCO000313	8	0	26	
MYCO000314	243	0	48	
MYCO000315	1584	0	45	
MYCO000316	638	0	36	
MYCO000317	97	0	55	
MYCO000318	43	0	46	
MYCO000319	87	0	43	
MYCO000320	24	0	39	
MYCO000323	692	0	47	
MYCO000324	40	0	37	
MYCO000325	3227	0	7	
MYCO000326	310	0	27	
MYCO000327	375	0	76	
MYCO000328	14	0	29	
MYCO000329	184	0	46	
MYCO000330	53	0	51	
MYCO000331	362	0	92	
MYCO000332	71	0	50	
MYCO000333	8	0	22	
MYCO000335	944	0	32	
MYCO000336	5749	748	29	
MYCO000338	1254	0	117	
MYCO000339	955	0	143	
MYCO000340	23	0	41	
MYCO000341	2034	0	68	
MYCO000342	232	0	95	
MYCO000343	279	0	89	
MYCO000344	37	0	29	
MYCO000345	14	0	32	
MYCO000346	304	0	67	
MYCO000347	14	29	35	
MYCO000348	12	0	25	
MYCO000349	32	0	40	
MYCO000351	173	0	32	
MYCO000353	10	0	26	
MYCO000354	6645	0	1	
MYCO000355	4067	0	431	
MYCO000356	575	0	47	
MYCO000358	1796	0	37	
MYCO000359	94	0	49	
MYCO000361	19	0	40	
MYCO000362	47	0	92	
MYCO000363	61	0	56	
MYCO000364	22	0	39	
MYCO000365	191	0	68	
MYCO000366	111	0	38	
MYCO000367	52	0	20	
MYCO000368	308	0	80	
MYCO000369	17	0	30	
MYCO000370	61	0	79	
MYCO000371	50	0	27	
MYCO000372	205	0	53	
MYCO000373	261	0	168	
MYCO000374	27	0	34	
MYCO000375	708	0	40	
MYCO000376	526	0	68	
MYCO000377	480	0	68	
MYCO000378	900	0	15	
MYCO000379	19	0	17	
MYCO000380	116	0	30	
MYCO000381	91	0	45	
MYCO000382	45	0	25	
MYCO000385	27	0	53	
MYCO000386	555	0	180	
MYCO000387	2416	0	31	
MYCO000388	6642	0	4	
MYCO000389	820	0	83	
MYCO000390	10	0	24	
MYCO000391	134	0	53	
MYCO000392	410	0	87	
MYCO000393	2076	0	118	
MYCO000394	79	0	41	
MYCO000395	1042	0	16	
MYCO000396	48	0	24	
MYCO000397	1016	2217	85	
MYCO000398	437	0	33	
MYCO000399	116	0	84	
MYCO000400	172	0	67	
MYCO000401	328	0	28	
MYCO000402	1137	0	144	
MYCO000403	1510	0	22	
MYCO000404	199	0	160	
MYCO000405	3215	0	189	
MYCO000406	93	0	48	
MYCO000408	43	0	112	
MYCO000409	48	0	58	
MYCO000412	48	0	68	
MYCO000413	204	0	32	
MYCO000416	2	0	9	
MYCO000418	63	0	85	
MYCO000419	139	0	93	
MYCO000420	7	0	42	
MYCO000421	44	0	41	
MYCO000422	35	0	41	
MYCO000424	4	0	18	
MYCO000425	1549	0	215	
MYCO000426	117	0	32	
MYCO000427	84	0	53	
MYCO000428	336	0	48	
MYCO000430	99	0	10	
MYCO000431	34	0	22	
MYCO000434	74	0	37	
MYCO000435	444	0	124	
MYCO000436	463	0	44	
MYCO000437	371	0	25	
MYCO000438	117	0	72	
MYCO000441	397	0	25	
MYCO000442	198	0	98	
MYCO000443	243	0	25	
MYCO000444	998	0	42	
MYCO000445	25	0	25	
MYCO000446	1364	0	39	
MYCO000447	275	0	74	
MYCO000448	120	0	34	
MYCO000449	102	0	55	
MYCO000450	99	0	134	
MYCO000451	16	0	32	
MYCO000452	18	0	32	
MYCO000453	1725	0	57	
MYCO000454	25	0	22	
MYCO000455	4	0	26	
MYCO000456	81	0	58	
MYCO000457	789	0	96	
MYCO000458	489	0	94	
MYCO000459	193	0	44	
MYCO000460	7	0	14	
MYCO000461	73	0	38	
MYCO000463	110	0	14	
MYCO000464	7	0	27	
MYCO000469	115	0	64	
MYCO000470	51	0	35	
MYCO000471	131	0	37	
MYCO000473	51	0	64	
MYCO000474	11	0	23	
MYCO000476	17	0	13	
MYCO000477	94	0	23	
MYCO000478	43	0	42	
MYCO000479	661	0	40	
MYCO000480	219	0	44	
MYCO000481	36	0	31	
MYCO000482	65	0	48	
MYCO000485	119	0	63	
MYCO000487	205	0	43	
MYCO000488	35	0	35	
MYCO000492	868	0	107	
MYCO000493	263	0	66	
MYCO000494	182	0	42	
MYCO000497	807	0	43	
MYCO000499	172	0	45	
MYCO000500	550	0	40	
MYCO000503	13	0	37	
MYCO000504	8	0	20	
MYCO000506	37	0	13	
MYCO000507	538	0	208	
MYCO000508	0	0	14	
MYCO000511	1056	0	75	
MYCO000513	103	0	23	
MYCO000514	55	0	30	
MYCO000515	5749	455	28	
MYCO000516	33	0	24	
MYCO000517	156	0	77	
MYCO000518	36	0	37	
MYCO000519	788	0	46	
MYCO000520	72	0	19	
MYCO000521	9	0	19	
MYCO000522	41	0	54	
MYCO000523	311	0	24	
MYCO000525	640	0	43	
MYCO000526	93	0	38	
MYCO000530	544	0	90	
MYCO000531	864	0	18	
MYCO000532	6243	0	17	
MYCO000533	147	0	46	
MYCO000534	271	0	58	
MYCO000535	110	0	45	
MYCO000536	1020	0	48	
MYCO000537	505	0	90	
MYCO000538	1612	0	138	
MYCO000539	2631	0	25	
MYCO000540	567	0	29	
MYCO000541	240	0	74	
MYCO000542	848	0	59	
MYCO000543	0	0	11	
MYCO000544	609	0	20	
MYCO000545	245	0	67	
MYCO000546	23	0	25	
MYCO000547	398	0	53	
MYCO000549	90	0	26	
MYCO000550	38	0	17	
MYCO000552	1363	0	83	
MYCO000554	432	0	42	
MYCO000556	13	0	26	
MYCO000559	109	0	21	
MYCO000560	39	0	43	
MYCO000561	439	0	50	
MYCO000565	254	0	116	
MYCO000567	120	0	60	
MYCO000568	218	0	76	
MYCO000569	12	0	15	
MYCO000570	372	0	135	
MYCO000571	622	0	67	
MYCO000572	28	0	25	
MYCO000573	411	0	78	
MYCO000574	341	0	60	
MYCO000575	438	0	68	
MYCO000576	535	0	78	
MYCO000577	552	0	52	
MYCO000578	5025	0	146	
MYCO000579	328	0	52	
MYCO000580	42	0	31	
MYCO000581	217	0	18	
MYCO000582	29	0	19	
MYCO000583	174	0	46	
MYCO000584	88	0	164	
MYCO000585	224	0	134	
MYCO000586	29	2061	41	
MYCO000587	205	0	64	
MYCO000588	279	0	57	
MYCO000589	90	0	80	
MYCO000590	3242	0	32	
MYCO000591	517	0	99	
MYCO000592	1180	0	65	
MYCO000593	84	0	68	
MYCO000594	357	0	112	
MYCO000595	46	0	29	
MYCO000596	50	0	13	
MYCO000597	26	0	64	
MYCO000598	27	0	25	
MYCO000599	13	3695	17	
MYCO000600	336	0	28	
MYCO000601	300	0	42	
MYCO000602	817	0	49	
MYCO000603	1237	0	17	
MYCO000604	335	0	61	
MYCO000605	46	0	31	
MYCO000606	138	0	44	
MYCO000607	17	0	20	
MYCO000608	4	0	11	
MYCO000609	42	0	33	
MYCO000610	792	0	52	
MYCO000611	15	0	28	
MYCO000612	861	0	34	
MYCO000613	1775	0	117	
MYCO000614	234	0	57	
MYCO000615	92	0	13	
MYCO000616	45	0	27	
MYCO000617	21	0	26	
MYCO000618	868	0	36	
MYCO000619	6649	0	0	
MYCO000620	1748	0	67	
MYCO000621	900	0	51	
MYCO000622	26	0	54	
MYCO000623	17	0	13	
MYCO000624	18	0	28	
MYCO000625	472	0	42	
MYCO000626	46	0	15	
MYCO000627	48	0	21	
MYCO000628	561	3081	59	
MYCO000629	1155	0	94	
MYCO000630	1778	0	143	
MYCO000631	1792	0	139	
MYCO000632	10	0	33	
MYCO000633	52	0	54	
MYCO000634	16	0	33	
MYCO000635	13	0	29	
MYCO000637	7	0	38	
MYCO000638	101	0	33	
MYCO000642	41	0	50	
MYCO000643	168	0	48	
MYCO000644	10	24	39	
MYCO000645	8	0	37	
MYCO000646	108	0	51	
MYCO000648	2252	0	157	
MYCO000649	2556	0	39	
MYCO000650	1863	0	46	
MYCO000653	38	0	35	
MYCO000654	711	0	84	
MYCO000656	40	0	26	
MYCO000657	5	0	7	
MYCO000658	42	0	47	
MYCO000659	18	0	22	
MYCO000660	82	0	19	
MYCO000661	89	0	23	
MYCO000662	105	0	13	
MYCO000663	540	0	149	
MYCO000664	8	0	15	
MYCO000665	75	0	19	
MYCO000666	7	0	16	
MYCO000669	651	0	108	
MYCO000670	1142	0	29	
MYCO000671	135	0	49	
MYCO000673	887	0	52	
MYCO000674	87	0	33	
MYCO000675	308	0	40	
MYCO000676	33	2944	110	
MYCO000677	14	0	26	
MYCO000678	30	0	32	
MYCO000679	95	0	29	
MYCO000680	17	0	22	
MYCO000681	15	0	42	
MYCO000686	998	0	38	
MYCO000687	90	0	37	
MYCO000688	70	0	58	
MYCO000689	310	0	17	
MYCO000690	88	0	41	
MYCO000691	4	0	39	
MYCO000692	10	0	19	
MYCO000694	373	0	50	
MYCO000695	87	0	35	
MYCO000697	31	0	74	
MYCO000698	1228	0	33	
MYCO000699	3	0	11	
MYCO000711	474	0	108	
MYCO000712	28	0	36	
MYCO000713	29	0	67	
MYCO000724	635	0	102	
MYCO000725	83	0	44	
MYCO000726	171	0	68	
MYCO000727	415	0	45	
MYCO000728	182	0	61	
MYCO000729	966	0	79	
MYCO000730	201	0	39	
MYCO000731	547	0	51	
MYCO000735	20	0	34	
MYCO000736	149	0	47	
MYCO000737	31	0	24	
MYCO000738	824	0	33	
MYCO000739	3302	0	25	
MYCO000740	1634	0	41	
MYCO000741	34	807	23	
MYCO000742	6649	0	0	
MYCO000743	23	0	26	
MYCO000744	324	0	31	
MYCO000745	888	0	35	
MYCO000746	6035	0	31	
MYCO000747	6009	0	47	
MYCO000748	666	0	27	
MYCO000749	205	3173	61	
MYCO000750	1511	2469	27	
MYCO000751	237	0	44	
MYCO000752	174	0	67	
MYCO000753	333	0	76	
MYCO000754	1816	0	84	
MYCO000755	836	0	137	
MYCO000756	179	0	40	
MYCO000759	2	0	13	
MYCO000760	215	0	22	
MYCO000761	56	0	41	
MYCO000762	25	0	30	
MYCO000763	13	0	12	
MYCO000764	44	0	65	
MYCO000765	146	0	47	
MYCO000766	1574	0	61	
MYCO000767	503	0	42	
MYCO000768	76	0	86	
MYCO000769	15	0	44	
MYCO000770	399	0	45	
MYCO000771	89	0	29	
MYCO000773	129	0	93	
MYCO000774	282	0	57	
MYCO000775	120	0	44	
MYCO000776	278	0	39	
MYCO000778	362	0	64	
MYCO000779	2105	0	32	
MYCO000781	6499	0	2	
MYCO000783	61	0	105	
MYCO000784	195	0	42	
MYCO000785	202	0	74	
MYCO000786	247	0	27	
MYCO000787	962	0	53	
MYCO000789	18	0	28	
MYCO000790	46	0	48	
MYCO000791	169	0	65	
MYCO000792	40	0	46	
MYCO000793	20	0	16	
MYCO000794	104	0	74	
MYCO000795	811	2	21	
MYCO000796	6649	0	0	
MYCO000797	6544	0	12	
MYCO000798	34	0	34	
MYCO000799	12	0	37	
MYCO000800	88	0	74	
MYCO000801	14	0	23	
MYCO000802	153	0	51	
MYCO000804	1160	0	29	
MYCO000805	22	0	62	
MYCO000806	32	0	73	
MYCO000807	28	0	14	
MYCO000811	430	0	52	
MYCO000812	35	0	44	
MYCO000813	494	0	44	
MYCO000816	14	0	30	
MYCO000817	11	0	40	
MYCO000818	154	0	34	
MYCO000819	100	0	55	
MYCO000822	1179	0	96	
MYCO000825	73	0	60	
MYCO000826	394	0	45	
MYCO000827	503	0	26	
MYCO000828	140	0	35	
MYCO000829	178	2103	40	
MYCO000830	37	0	61	
MYCO000831	47	0	40	
MYCO000832	1578	0	20	
MYCO000833	5329	0	77	
MYCO000834	3997	0	100	
MYCO000835	491	0	61	
MYCO000836	3323	0	18	
MYCO000837	238	0	60	
MYCO000838	81	0	44	
MYCO000839	101	0	33	
MYCO000840	116	0	43	
MYCO000841	74	0	22	
MYCO000842	326	0	79	
MYCO000843	39	0	65	
MYCO000844	178	0	50	
MYCO000845	81	0	74	
MYCO000846	286	0	75	
MYCO000847	845	0	19	
MYCO000848	109	0	73	
MYCO000849	870	0	82	
MYCO000850	36	0	19	
MYCO000851	504	0	37	
MYCO000852	45	0	55	
MYCO000853	249	0	88	
MYCO000854	17	0	31	
MYCO000855	181	0	59	
MYCO000856	15	0	28	
MYCO000857	30	0	24	
MYCO000858	373	0	79	
MYCO000862	587	0	133	
MYCO000863	14	0	13	
MYCO000864	35	0	28	
MYCO000865	53	0	19	
MYCO000866	504	0	30	
MYCO000867	3308	0	98	
MYCO000868	41	0	17	
MYCO000869	483	0	67	
MYCO000870	27	0	24	
MYCO000872	3020	0	96	
MYCO000873	89	0	107	
MYCO000874	562	3157	55	
MYCO000875	34	0	25	
MYCO000877	47	0	37	
MYCO000878	4833	0	51	
MYCO000879	166	0	25	
MYCO000880	90	0	24	
MYCO000881	40	0	45	
MYCO000882	63	0	22	
MYCO000883	230	0	33	
MYCO000887	25	0	19	
MYCO000888	1541	0	79	
MYCO000890	252	0	164	
MYCO000891	196	0	47	
MYCO000892	55	0	101	
MYCO000893	62	0	76	
MYCO000894	91	0	75	
MYCO000895	199	0	77	
MYCO000897	1394	0	87	
MYCO000898	8	0	14	
MYCO000899	27	0	42	
MYCO000900	21	0	8	
MYCO000901	356	0	34	
MYCO000904	1036	0	67	
MYCO000905	49	0	41	
MYCO000907	6645	0	1	
MYCO000908	41	0	122	
MYCO000909	54	0	14	
MYCO000910	27	0	30	
MYCO000911	386	0	47	
MYCO000912	14	0	26	
MYCO000913	180	0	88	
MYCO000914	236	0	88	
MYCO000915	1069	0	63	
MYCO000916	25	0	24	
MYCO000917	166	0	79	
MYCO000918	76	0	35	
MYCO000919	8	0	30	
MYCO000920	74	0	82	
MYCO000921	49	0	37	
MYCO000922	215	0	106	
MYCO000923	42	0	74	
MYCO000924	554	0	60	
MYCO000925	102	0	41	
MYCO000928	83	0	48	
MYCO000930	101	0	12	
MYCO000931	282	0	125	
MYCO000932	85	0	79	
MYCO000933	66	0	53	
MYCO000934	821	0	62	
MYCO000935	101	0	57	
MYCO000936	127	0	47	
MYCO000937	8	0	34	
MYCO000938	50	0	115	
MYCO000939	164	0	112	
MYCO000940	17	0	51	
MYCO000941	33	0	43	
MYCO000942	35	0	18	
MYCO000943	81	0	66	
MYCO000944	96	0	35	
MYCO000945	175	0	58	
MYCO000947	19	0	18	
MYCO000948	4	0	19	
MYCO000950	259	0	56	
MYCO000954	158	0	65	
MYCO000955	1420	0	56	
MYCO000956	625	0	31	
MYCO000958	844	0	73	
MYCO000959	1165	0	109	
MYCO000960	53	0	21	
MYCO000961	57	4110	22	
MYCO000962	362	0	32	
MYCO000963	419	0	55	
MYCO000964	42	0	27	
MYCO000965	14	0	36	
MYCO000966	716	0	29	
MYCO000967	43	0	16	
MYCO000968	66	0	21	
MYCO000969	1588	0	113	
MYCO000970	14	0	37	
MYCO000971	693	0	38	
MYCO000972	89	0	74	
MYCO000973	432	0	134	
MYCO000974	274	0	112	
MYCO000975	623	0	62	
MYCO000976	810	0	92	
MYCO000977	3995	0	107	
MYCO000978	6183	0	75	
MYCO000979	30	0	17	
MYCO000980	6406	0	67	
MYCO000982	271	0	74	
MYCO000984	62	0	20	
MYCO000985	24	0	38	
MYCO000986	211	0	61	
MYCO000987	323	0	233	
MYCO000988	144	0	113	
MYCO000989	79	0	81	
MYCO000990	211	0	46	
MYCO000991	9	0	20	
MYCO000992	335	0	41	
MYCO000996	32	0	58	
MYCO000997	10	0	27	
MYCO000998	217	0	50	
MYCO000999	70	0	41	
MYCO001000	57	0	30	
MYCO001003	348	0	55	
MYCO001004	2579	0	78	
MYCO001005	1722	0	34	
MYCO001006	137	0	86	
MYCO001012	772	0	14	
MYCO001016	42	0	27	
MYCO001019	7	0	23	
MYCO001021	45	0	43	
MYCO001024	522	0	32	
MYCO001025	91	0	25	
MYCO001027	54	0	46	
MYCO001028	1781	0	120	
MYCO001029	77	0	100	
MYCO001030	72	0	128	
MYCO001031	115	0	33	
MYCO001032	122	0	89	
MYCO001033	58	0	32	
MYCO001034	838	0	21	
MYCO001035	1045	0	36	
MYCO001036	150	0	22	
MYCO001037	593	3109	142	
MYCO001038	3737	705	119	
MYCO001039	1397	0	61	
MYCO001040	690	0	45	
MYCO001041	250	40	59	
MYCO001042	70	4	34	
MYCO001043	33	0	58	
MYCO001044	11	0	23	
MYCO001045	1369	0	38	
MYCO001046	6645	0	1	
MYCO001047	6468	54	9	
MYCO001048	31	0	89	
MYCO001049	34	0	33	
MYCO001050	288	0	44	
MYCO001051	56	0	57	
MYCO001052	70	0	23	
MYCO001053	30	0	17	
MYCO001054	15	0	19	
MYCO001055	2	0	9	
MYCO001056	52	208	39	
MYCO001057	52	0	80	
MYCO001058	181	0	67	
MYCO001059	111	0	69	
MYCO001060	46	0	26	
MYCO001061	36	0	44	
MYCO001062	416	0	41	
MYCO001063	120	0	63	
MYCO001064	446	0	26	
MYCO001065	123	0	38	
MYCO001066	734	0	17	
MYCO001067	6600	0	22	
MYCO001068	6451	0	21	
MYCO001069	163	0	107	
MYCO001073	141	0	61	
MYCO001074	147	0	54	
MYCO001075	215	0	72	
MYCO001076	71	0	68	
MYCO001078	1589	0	32	
MYCO001081	95	0	19	
MYCO001083	20	0	12	
MYCO001084	2342	0	75	
MYCO001085	52	0	31	
MYCO001087	5549	0	112	
MYCO001088	560	0	31	
MYCO001089	6649	0	0	
MYCO001090	61	0	32	
MYCO001091	6049	0	88	
MYCO001093	84	0	56	
MYCO001096	87	0	54	
MYCO001097	38	0	53	
MYCO001100	47	0	43	
MYCO001101	180	0	55	
MYCO001102	33	0	16	
MYCO001103	17	0	14	
MYCO001104	21	0	41	
MYCO001105	62	0	27	
MYCO001106	136	0	42	
MYCO001107	1	0	12	
MYCO001109	20	0	32	
MYCO001111	63	0	44	
MYCO001113	14	0	7	
MYCO001114	13	0	22	
MYCO001115	123	0	53	
MYCO001116	28	0	10	
MYCO001117	8	0	15	
MYCO001118	355	0	43	
MYCO001119	30	0	8	
MYCO001120	33	0	33	
MYCO001121	131	0	86	
MYCO001122	626	0	50	
MYCO001123	93	0	55	
MYCO001124	151	0	47	
MYCO001125	776	0	70	
MYCO001126	33	0	31	
MYCO001127	40	0	79	
MYCO001128	2233	0	71	
MYCO001129	46	0	124	
MYCO001130	89	0	85	
MYCO001131	22	0	60	
MYCO001132	1120	0	97	
MYCO001133	881	0	79	
MYCO001134	470	0	17	
MYCO001135	2058	0	107	
MYCO001136	8	0	22	
MYCO001137	37	0	15	
MYCO001138	75	0	52	
MYCO001139	490	0	38	
MYCO001140	20	0	37	
MYCO001141	77	3372	32	
MYCO001142	77	3783	28	
MYCO001143	91	0	47	
MYCO001144	94	0	42	
MYCO001145	3273	0	24	
MYCO001146	56	0	66	
MYCO001147	48	0	36	
MYCO001148	6423	57	40	
MYCO001149	70	2	34	
MYCO001150	6649	0	0	
MYCO001151	62	0	31	
MYCO001152	42	0	23	
MYCO001153	126	0	52	
MYCO001154	18	0	39	
MYCO001155	45	0	28	
MYCO001156	50	0	36	
MYCO001157	2735	0	47	
MYCO001158	1421	0	40	
MYCO001159	24	0	65	
MYCO001160	96	0	22	
MYCO001161	186	0	165	
MYCO001162	93	0	82	
MYCO001163	80	0	25	
MYCO001164	33	0	39	
MYCO001166	281	0	73	
MYCO001167	47	0	23	
MYCO001168	953	0	67	
MYCO001169	20	0	19	
MYCO001170	69	0	48	
MYCO001171	25	0	31	
MYCO001172	885	0	54	
MYCO001174	10	0	25	
MYCO001175	2570	0	107	
MYCO001176	354	0	31	
MYCO001179	1226	0	165	
MYCO001180	6636	0	1	
MYCO001181	382	0	227	
MYCO001182	37	0	50	
MYCO001183	61	0	165	
MYCO001184	44	0	51	
MYCO001185	83	0	77	
MYCO001186	516	0	94	
MYCO001187	678	0	79	
MYCO001188	389	0	62	
MYCO001189	117	0	44	
MYCO001190	856	0	42	
MYCO001191	1151	0	46	
MYCO001192	668	0	36	
MYCO001194	113	0	83	
MYCO001195	38	0	18	
MYCO001196	3278	494	463	
MYCO001197	3736	761	124	
MYCO001198	593	3159	140	
MYCO001199	6468	54	10	
MYCO001200	500	0	73	
MYCO001203	495	0	37	
MYCO001204	486	0	84	
MYCO001205	114	0	34	
MYCO001206	116	0	75	
MYCO001209	93	0	18	
MYCO001210	47	0	20	
MYCO001211	15	0	8	
MYCO001212	84	0	54	
MYCO001214	201	0	23	
MYCO001215	913	0	104	
MYCO001216	115	0	42	
MYCO001217	1047	0	98	
MYCO001218	24	0	65	
MYCO001219	54	0	44	
MYCO001222	17	0	28	
MYCO001224	28	0	29	
MYCO001225	1727	0	47	
MYCO001226	873	0	94	
MYCO001227	43	0	44	
MYCO001228	24	0	41	
MYCO001230	598	0	89	
MYCO001231	199	0	33	
MYCO001232	176	0	80	
MYCO001233	252	0	42	
MYCO001234	56	0	27	
MYCO001235	36	0	58	
MYCO001236	82	0	55	
MYCO001237	24	0	36	
MYCO001240	118	0	54	
MYCO001241	65	0	17	
MYCO001242	58	0	25	
MYCO001243	4383	0	57	
MYCO001244	987	0	55	
MYCO001246	11	0	20	
MYCO001247	11	0	7	
MYCO001249	125	0	53	
MYCO001250	774	0	88	
MYCO001251	1786	0	116	
MYCO001252	35	0	30	
MYCO001254	633	0	51	
MYCO001255	89	0	42	
MYCO001256	194	0	66	
MYCO001257	78	0	84	
MYCO001258	1611	0	65	
MYCO001259	266	0	42	
MYCO001260	700	0	40	
MYCO001261	37	0	24	
MYCO001262	39	0	30	
MYCO001263	631	0	78	
MYCO001264	200	0	84	
MYCO001265	167	0	29	
MYCO001266	1480	0	104	
MYCO001267	56	0	66	
MYCO001268	415	0	54	
MYCO001269	1347	0	27	
MYCO001270	310	0	39	
MYCO001271	31	0	20	
MYCO001274	656	0	27	
MYCO001275	18	0	36	
MYCO001276	342	0	34	
MYCO001278	1298	0	109	
MYCO001279	113	0	84	
MYCO001280	50	0	95	
MYCO001281	130	0	77	
MYCO001282	5	0	38	
MYCO001283	157	0	39	
MYCO001284	18	0	22	
MYCO001285	33	0	70	
MYCO001286	38	0	105	
MYCO001287	24	0	16	
MYCO001288	2588	0	82	
MYCO001289	23	0	42	
MYCO001290	1024	1417	77	
MYCO001291	26	0	22	
MYCO001296	296	0	49	
MYCO001300	604	0	48	
MYCO001301	24	0	30	
MYCO001303	16	0	24	
MYCO001304	25	0	43	
MYCO001306	20	0	24	
MYCO001307	73	0	71	
MYCO001312	49	0	26	
MYCO001313	3555	69	41	
MYCO001314	81	0	46	
MYCO001316	65	0	36	
MYCO001317	281	0	91	
MYCO001318	309	0	81	
MYCO001319	4984	0	74	
MYCO001320	332	0	108	
MYCO001322	332	0	22	
MYCO001324	682	0	46	
MYCO001325	4265	0	79	
MYCO001329	784	0	105	
MYCO001330	461	0	79	
MYCO001331	22	0	13	
MYCO001332	20	0	37	
MYCO001333	371	0	57	
MYCO001334	173	0	20	
MYCO001335	161	0	20	
MYCO001336	468	0	44	
MYCO001337	8	0	36	
MYCO001339	27	0	42	
MYCO001341	55	0	30	
MYCO001342	14	0	22	
MYCO001343	34	0	34	
MYCO001344	3	0	18	
MYCO001345	81	0	72	
MYCO001346	22	0	39	
MYCO001347	16	0	40	
MYCO001348	458	0	110	
MYCO001349	185	0	70	
MYCO001350	19	0	41	
MYCO001351	33	0	22	
MYCO001352	27	0	34	
MYCO001353	313	0	43	
MYCO001354	377	0	116	
MYCO001355	1033	0	143	
MYCO001356	369	0	53	
MYCO001357	63	0	54	
MYCO001358	1770	0	166	
MYCO001359	90	0	35	
MYCO001360	186	0	43	
MYCO001361	3183	507	489	
MYCO001362	50	0	36	
MYCO001363	556	0	43	
MYCO001364	519	0	97	
MYCO001365	41	0	24	
MYCO001366	404	0	46	
MYCO001367	489	0	70	
MYCO001368	133	0	47	
MYCO001369	6649	0	0	
MYCO001370	811	2	21	
MYCO001371	1628	0	56	
MYCO001372	47	0	78	
MYCO001373	152	0	55	
MYCO001374	9	0	36	
MYCO001375	361	0	87	
MYCO001376	566	0	69	
MYCO001377	17	0	30	
MYCO001378	873	0	83	
MYCO001379	70	0	23	
MYCO001382	204	0	37	
MYCO001386	199	0	26	
MYCO001387	2500	0	70	
MYCO001389	132	0	41	
MYCO001393	185	0	73	
MYCO001394	51	0	84	
MYCO001395	53	0	69	
MYCO001396	4542	0	59	
MYCO001397	24	0	25	
MYCO001398	10	0	17	
MYCO001399	185	0	62	
MYCO001400	210	0	53	
MYCO001401	243	0	43	
MYCO001403	374	0	47	
MYCO001404	15	0	24	
MYCO001405	39	0	52	
MYCO001406	490	0	49	
MYCO001409	845	0	37	
MYCO001411	15	0	44	
MYCO001413	30	0	38	
MYCO001414	22	0	25	
MYCO001417	13	0	34	
MYCO001418	27	0	35	
MYCO001419	23	0	33	
MYCO001422	351	0	47	
MYCO001423	441	0	58	
MYCO001424	83	0	49	
MYCO001425	50	0	71	
MYCO001426	115	0	82	
MYCO001427	314	0	84	
MYCO001428	13	0	50	
MYCO001429	280	0	79	
MYCO001430	774	0	73	
MYCO001431	84	0	118	
MYCO001432	646	0	53	
MYCO001433	15	0	41	
MYCO001434	35	0	10	
MYCO001435	1372	0	43	
MYCO001439	18	1742	23	
MYCO001441	3651	0	117	
MYCO001442	349	0	154	
MYCO001443	51	0	26	
MYCO001444	68	0	32	
MYCO001446	968	0	61	
MYCO001450	6640	0	5	
MYCO001452	6229	0	106	
MYCO001453	129	0	79	
MYCO001454	54	0	60	
MYCO001455	160	0	58	
MYCO001456	182	0	59	
MYCO001459	564	0	98	
MYCO001460	1028	0	32	
MYCO001461	111	0	130	
MYCO001468	3397	0	47	
MYCO001469	559	0	98	
MYCO001470	19	0	19	
MYCO001471	38	0	18	
MYCO001472	68	0	61	
MYCO001476	6	0	33	
MYCO001477	160	0	65	
MYCO001478	80	0	34	
MYCO001482	61	0	50	
MYCO001486	42	0	48	
MYCO001487	17	0	24	
MYCO001488	88	0	46	
MYCO001489	21	0	21	
MYCO001490	65	0	90	
MYCO001491	15	0	48	
MYCO001492	758	0	89	
MYCO001494	14	0	13	
MYCO001495	15	0	24	
MYCO001496	67	0	51	
MYCO001497	219	0	78	
MYCO001498	90	0	44	
MYCO001499	53	0	23	
MYCO001500	117	0	71	
MYCO001501	75	0	42	
MYCO001502	145	0	71	
MYCO001503	6649	0	0	
MYCO001504	1761	0	23	
MYCO001505	84	0	53	
MYCO001506	178	0	34	
MYCO001507	141	0	47	
MYCO001508	293	178	112	
MYCO001509	571	0	46	
MYCO001510	31	3640	55	
MYCO001511	124	0	63	
MYCO001512	84	0	59	
MYCO001513	95	0	33	
MYCO001514	63	0	42	
MYCO001515	84	0	51	
MYCO001516	378	0	56	
MYCO001517	59	0	37	
MYCO001518	209	0	53	
MYCO001519	972	0	15	
MYCO001520	1012	0	59	
MYCO001521	217	0	81	
MYCO001522	621	0	183	
MYCO001523	128	0	52	
MYCO001524	741	0	60	
MYCO001525	845	0	46	
MYCO001526	728	0	69	
MYCO001527	1626	0	330	
MYCO001528	57	0	23	
MYCO001529	118	0	104	
MYCO001530	98	0	76	
MYCO001531	29	0	27	
MYCO001532	114	0	27	
MYCO001533	221	0	47	
MYCO001534	40	0	38	
MYCO001535	8	0	14	
MYCO001537	223	0	86	
MYCO001538	480	0	56	
MYCO001539	34	0	32	
MYCO001541	51	0	29	
MYCO001542	29	26	23	
MYCO001543	23	0	56	
MYCO001544	134	0	49	
MYCO001545	36	0	15	
MYCO001546	109	0	37	
MYCO001548	259	0	121	
MYCO001549	6586	0	2	
MYCO001550	800	0	76	
MYCO001551	1611	0	87	
MYCO001552	199	0	104	
MYCO001553	244	0	31	
MYCO001554	16	0	21	
MYCO001555	14	0	21	
MYCO001556	41	0	42	
MYCO001558	39	0	21	
MYCO001560	6	0	8	
MYCO001561	17	0	30	
MYCO001562	713	0	85	
MYCO001563	507	0	128	
MYCO001565	823	0	89	
MYCO001566	292	0	46	
MYCO001567	9	0	28	
MYCO001570	761	0	34	
MYCO001571	647	0	29	
MYCO001572	4688	0	12	
MYCO001573	4248	0	12	
MYCO001574	4431	0	20	
MYCO001575	6643	0	3	
MYCO001576	1289	821	153	
MYCO001577	4046	0	22	
MYCO001578	4062	0	27	
MYCO001579	4022	0	23	
MYCO001580	4065	0	15	
MYCO001581	4919	0	10	
MYCO001582	4056	0	54	
MYCO001583	529	1138	31	
MYCO001584	4252	0	11	
MYCO001585	4519	0	26	
MYCO001586	4192	0	52	
MYCO001587	6583	0	14	
MYCO001588	6403	6	61	
MYCO001590	22	0	13	
MYCO001591	51	0	51	
MYCO001592	36	0	90	
MYCO001596	22	0	32	
MYCO001597	60	0	45	
MYCO001598	70	0	16	
MYCO001602	20	0	36	
MYCO001604	49	0	45	
MYCO001606	32	0	26	
MYCO001607	91	0	39	
MYCO001608	4	0	19	
MYCO001610	800	0	37	
MYCO001613	20	0	48	
MYCO001614	88	0	68	
MYCO001615	9	0	35	
MYCO001616	20	0	22	
MYCO001618	37	0	35	
MYCO001619	341	0	71	
MYCO001620	1037	0	71	
MYCO001621	882	0	72	
MYCO001622	34	0	58	
MYCO001623	17	0	73	
MYCO001624	29	0	42	
MYCO001625	320	0	82	
MYCO001628	100	0	21	
MYCO001631	99	0	61	
MYCO001632	114	0	23	
MYCO001634	113	0	69	
MYCO001635	100	0	78	
MYCO001636	6	0	27	
MYCO001637	391	0	50	
MYCO001639	1353	2056	72	
MYCO001640	159	0	175	
MYCO001644	459	0	49	
MYCO001645	693	0	64	
MYCO001646	623	0	60	
MYCO001647	1712	0	42	
MYCO001648	22	0	49	
MYCO001650	1011	0	141	
MYCO001651	3737	0	140	
MYCO001660	1099	0	61	
MYCO001661	1923	0	323	
MYCO001662	1631	0	299	
MYCO001663	215	0	104	
MYCO001664	554	0	184	
MYCO001665	323	0	70	
MYCO001666	241	0	67	
MYCO001667	106	0	36	
MYCO001668	6496	0	5	
MYCO001669	196	0	18	
MYCO001670	51	0	21	
MYCO001671	17	0	30	
MYCO001672	577	0	76	
MYCO001673	499	0	57	
MYCO001674	540	0	34	
MYCO001675	433	0	47	
MYCO001676	26	0	63	
MYCO001677	31	0	36	
MYCO001678	817	0	57	
MYCO001679	81	0	55	
MYCO001680	100	0	49	
MYCO001681	72	0	57	
MYCO001682	557	0	47	
MYCO001683	987	0	123	
MYCO001684	51	0	14	
MYCO001685	28	0	34	
MYCO001686	34	0	46	
MYCO001687	37	0	55	
MYCO001688	215	0	44	
MYCO001690	26	0	20	
MYCO001691	378	0	53	
MYCO001692	733	0	43	
MYCO001693	16	0	14	
MYCO001696	61	0	80	
MYCO001698	644	0	37	
MYCO001700	12	0	40	
MYCO001702	733	0	83	
MYCO001703	24	0	31	
MYCO001704	52	0	101	
MYCO001705	1423	0	56	
MYCO001706	519	0	59	
MYCO001707	102	0	86	
MYCO001710	15	0	37	
MYCO001714	860	0	53	
MYCO001715	717	0	56	
MYCO001716	22	0	60	
MYCO001717	1293	0	26	
MYCO001718	134	0	62	
MYCO001719	214	0	64	
MYCO001720	108	0	22	
MYCO001721	8	0	9	
MYCO001722	693	0	90	
MYCO001723	350	0	74	
MYCO001724	107	0	17	
MYCO001725	363	0	50	
MYCO001726	453	0	107	
MYCO001727	87	0	38	
MYCO001728	22	0	43	
MYCO001729	52	0	50	
MYCO001730	1245	0	103	
MYCO001731	489	0	80	
MYCO001732	396	0	21	
MYCO001733	16	0	44	
MYCO001734	12	0	14	
MYCO001735	44	0	35	
MYCO001736	1048	2779	122	
MYCO001737	1079	0	58	
MYCO001738	87	0	27	
MYCO001739	386	0	96	
MYCO001740	14	0	13	
MYCO001741	9	2058	19	
MYCO001742	208	0	45	
MYCO001743	708	0	77	
MYCO001744	1010	0	30	
MYCO001745	53	0	38	
MYCO001746	336	0	86	
MYCO001747	473	0	106	
MYCO001748	33	0	47	
MYCO001749	52	0	38	
MYCO001750	267	0	89	
MYCO001751	173	0	72	
MYCO001752	35	0	33	
MYCO001753	6602	0	25	
MYCO001754	2896	0	57	
MYCO001755	6649	0	0	
MYCO001756	6649	0	0	
MYCO001757	811	2	21	
MYCO001758	4567	0	36	
MYCO001759	6272	0	42	
MYCO001760	3526	0	58	
MYCO001761	3474	0	21	
MYCO001762	3540	0	25	
MYCO001763	811	2	21	
MYCO001764	6649	0	0	
MYCO001765	6641	0	2	
MYCO001766	25	0	11	
MYCO001767	18	0	19	
MYCO001768	3190	0	83	
MYCO001769	414	0	69	
MYCO001770	399	0	81	
MYCO001771	16	0	72	
MYCO001772	21	0	17	
MYCO001773	32	0	42	
MYCO001774	112	0	100	
MYCO001775	1782	0	33	
MYCO001776	47	0	39	
MYCO001777	406	0	90	
MYCO001778	724	0	19	
MYCO001779	594	0	119	
MYCO001780	18	0	28	
MYCO001781	710	0	133	
MYCO001782	165	0	61	
MYCO001783	359	0	144	
MYCO001785	37	0	53	
MYCO001786	3	0	15	
MYCO001787	5817	0	47	
MYCO001788	21	19	25	
MYCO001789	682	0	72	
MYCO001790	2818	0	75	
MYCO001791	29	0	13	
MYCO001792	6649	0	0	
MYCO001793	593	2526	117	
MYCO001794	12	0	46	
MYCO001795	654	0	79	
MYCO001796	310	0	89	
MYCO001797	27	0	80	
MYCO001798	37	0	73	
MYCO001799	556	0	17	
MYCO001800	247	0	121	
MYCO001801	1798	0	91	
MYCO001802	1223	0	73	
MYCO001803	1937	0	93	
MYCO001804	43	0	24	
MYCO001805	8	0	35	
MYCO001806	19	0	21	
MYCO001807	6649	0	0	
MYCO001808	470	0	66	
MYCO001809	311	0	57	
MYCO001810	6	0	20	
MYCO001811	55	0	55	
MYCO001812	329	0	79	
MYCO001813	28	0	28	
MYCO001814	322	0	78	
MYCO001815	950	0	59	
MYCO001816	912	1859	29	
MYCO001817	724	0	91	
MYCO001818	4381	0	70	
MYCO001819	232	0	72	
MYCO001820	218	0	84	
MYCO001822	30	0	38	
MYCO001823	183	0	55	
MYCO001824	27	0	23	
MYCO001825	31	0	50	
MYCO001826	2	0	16	
MYCO001828	28	0	37	
MYCO001831	58	0	16	
MYCO001833	36	0	52	
MYCO001834	64	0	41	
MYCO001835	368	0	114	
MYCO001836	416	0	109	
MYCO001838	21	0	19	
MYCO001839	5	0	10	
MYCO001840	3217	0	80	
MYCO001841	98	0	63	
MYCO001845	1198	0	42	
MYCO001846	54	0	37	
MYCO001847	75	0	38	
MYCO001848	94	0	21	
MYCO001849	6	0	11	
MYCO001850	369	0	93	
MYCO001851	661	0	39	
MYCO001852	130	0	32	
MYCO001853	43	0	36	
MYCO001855	97	0	58	
MYCO001856	933	0	41	
MYCO001857	14	0	38	
MYCO001858	41	0	27	
MYCO001859	117	0	56	
MYCO001860	1021	0	66	
MYCO001861	9	0	25	
MYCO001862	66	0	56	
MYCO001863	52	0	47	
MYCO001864	23	0	42	
MYCO001865	18	0	48	
MYCO001866	147	0	125	
MYCO001867	341	0	90	
MYCO001868	546	0	121	
MYCO001869	249	0	48	
MYCO001870	764	0	37	
MYCO001871	228	0	30	
MYCO001872	61	0	91	
MYCO001873	83	0	31	
MYCO001874	37	0	49	
MYCO001875	40	0	33	
MYCO001876	90	0	30	
MYCO001877	298	0	114	
MYCO001878	467	0	77	
MYCO001879	293	0	58	
MYCO001880	88	0	78	
MYCO001881	73	0	28	
MYCO001882	26	0	46	
MYCO001883	50	0	32	
MYCO001884	26	0	30	
MYCO001885	49	0	51	
MYCO001887	340	0	77	
MYCO001888	5547	0	7	
MYCO001889	43	0	19	
MYCO001890	37	0	37	
MYCO001891	18	0	34	
MYCO001892	35	0	16	
MYCO001893	17	0	17	
MYCO001895	1877	0	40	
MYCO001896	442	0	72	
MYCO001897	57	0	30	
MYCO001898	28	0	17	
MYCO001899	2444	0	60	
MYCO001900	189	0	92	
MYCO001901	234	0	84	
MYCO001902	198	0	74	
MYCO001903	33	0	31	
MYCO001904	24	0	30	
MYCO001905	81	0	59	
MYCO001906	24	0	29	
MYCO001907	4733	0	43	
MYCO001908	234	0	207	
MYCO001909	28	0	36	
MYCO001910	214	0	43	
MYCO001911	241	0	31	
MYCO001912	1967	0	37	
MYCO001913	38	0	44	
MYCO001914	22	0	31	
MYCO001915	4146	0	23	
MYCO001916	91	0	51	
MYCO001917	6621	0	13	
MYCO001918	1284	0	176	
MYCO001919	16	0	25	
MYCO001920	23	0	65	
MYCO001921	1042	0	68	
MYCO001922	109	0	58	
MYCO001923	138	0	92	
MYCO001924	29	0	28	
MYCO001925	77	0	80	
MYCO001926	20	0	28	
MYCO001927	195	0	58	
MYCO001928	1174	0	44	
MYCO001929	1313	0	51	
MYCO001930	243	0	41	
MYCO001931	75	0	47	
MYCO001932	70	0	32	
MYCO001933	988	0	62	
MYCO001934	628	0	73	
MYCO001935	67	0	62	
MYCO001936	47	0	74	
MYCO001937	686	0	135	
MYCO001938	105	0	68	
MYCO001939	600	0	40	
MYCO001940	5464	0	23	
MYCO001941	109	0	45	
MYCO001942	6	0	20	
MYCO001943	25	0	25	
MYCO001944	56	0	44	
MYCO001945	6243	76	47	
MYCO001946	74	0	28	
MYCO001947	126	0	22	
MYCO001948	195	0	37	
MYCO001949	6649	0	0	
MYCO001950	29	0	11	
MYCO001951	293	0	17	
MYCO001952	22	0	11	
MYCO001953	27	0	29	
MYCO001954	65	0	33	
MYCO001955	51	0	21	
MYCO001956	75	0	40	
MYCO001957	36	0	34	
MYCO001958	92	0	50	
MYCO001959	5	0	15	
MYCO001960	7	0	13	
MYCO001961	188	0	39	
MYCO001962	18	0	26	
MYCO001963	171	0	52	
MYCO001964	235	0	38	
MYCO001965	231	0	48	
MYCO001966	188	0	74	
MYCO001967	184	0	79	
MYCO001968	2137	0	66	
MYCO001969	286	0	72	
MYCO001970	151	0	62	
MYCO001971	632	0	87	
MYCO001972	128	0	38	
MYCO001973	285	0	27	
MYCO001974	97	0	30	
MYCO001975	806	0	36	
MYCO001976	171	0	24	
MYCO001977	853	0	44	
MYCO001978	1214	0	46	
MYCO001979	166	0	77	
MYCO001980	43	0	40	
MYCO001982	49	0	37	
MYCO001983	1836	0	81	
MYCO001984	324	0	42	
MYCO001985	189	0	45	
MYCO001986	74	0	45	
MYCO001987	58	0	30	
MYCO001988	171	0	31	
MYCO001989	52	0	31	
MYCO001990	4	0	16	
MYCO001991	6	0	18	
MYCO001992	2099	0	103	
MYCO001993	1262	0	22	
MYCO001994	883	0	22	
MYCO001995	1228	0	43	
MYCO001996	1197	0	46	
MYCO001997	2925	0	121	
MYCO001998	82	0	54	
MYCO001999	498	0	87	
MYCO002000	165	0	106	
MYCO002001	36	0	60	
MYCO002002	64	0	40	
MYCO002003	144	0	62	
MYCO002004	231	0	75	
MYCO002005	26	0	43	
MYCO002006	339	0	232	
MYCO002007	10	0	12	
MYCO002008	43	0	79	
MYCO002009	8	0	12	
MYCO002010	31	0	17	
MYCO002011	7	0	27	
MYCO002012	22	0	42	
MYCO002013	625	0	25	
MYCO002014	154	0	36	
MYCO002015	1855	0	84	
MYCO002016	1582	0	27	
MYCO002017	131	0	62	
MYCO002018	191	0	28	
MYCO002019	598	0	23	
MYCO002020	251	0	19	
MYCO002021	150	0	18	
MYCO002022	185	0	54	
MYCO002023	451	0	17	
MYCO002024	6118	0	19	
MYCO002025	155	0	64	
MYCO002026	49	0	54	
MYCO002027	1561	0	58	
MYCO002028	297	0	39	
MYCO002029	229	0	58	
MYCO002030	427	0	117	
MYCO002031	17	0	28	
MYCO002032	273	0	61	
MYCO002033	904	0	53	
MYCO002034	332	0	19	
MYCO002035	12	0	33	
MYCO002036	31	0	36	
MYCO002037	78	0	69	
MYCO002038	14	0	54	
MYCO002039	12	0	41	
MYCO002040	19	0	31	
MYCO002041	33	0	67	
MYCO002042	150	0	50	
MYCO002043	261	0	200	
MYCO002044	988	0	18	
MYCO002045	85	0	95	
MYCO002046	262	0	48	
MYCO002047	363	0	121	
MYCO002048	6584	0	37	
MYCO002049	37	0	13	
MYCO002051	414	0	128	
MYCO002052	988	0	99	
MYCO002053	35	0	44	
MYCO002054	59	0	52	
MYCO002059	406	0	112	
MYCO002060	312	0	29	
MYCO002061	47	0	28	
MYCO002062	1324	0	195	
MYCO002063	5	0	15	
MYCO002064	1013	0	55	
MYCO002065	1105	0	31	
MYCO002066	812	0	101	
MYCO002067	77	0	64	
MYCO002068	31	0	54	
MYCO002069	163	0	24	
MYCO002070	2516	0	33	
MYCO002071	90	0	59	
MYCO002072	409	0	62	
MYCO002073	343	0	40	
MYCO002074	145	0	23	
MYCO002075	353	0	88	
MYCO002076	11	0	10	
MYCO002077	139	0	59	
MYCO002078	15	0	29	
MYCO002079	1586	0	90	
MYCO002080	40	0	43	
MYCO002081	3880	0	31	
MYCO002082	3181	0	134	
MYCO002083	482	0	63	
MYCO002084	3330	0	21	
MYCO002085	44	0	22	
MYCO002086	20	0	33	
MYCO002087	15	0	18	
MYCO002088	2081	0	74	
MYCO002091	84	0	42	
MYCO002094	2	0	14	
MYCO002095	812	0	53	
MYCO002098	6649	0	0	
MYCO002099	6649	0	0	
MYCO002100	1390	0	92	
MYCO002101	1326	0	145	
MYCO002102	359	0	35	
MYCO002103	72	0	29	
MYCO002104	5	0	20	
MYCO002105	811	2	21	
MYCO002106	6649	0	0	
MYCO002107	118	0	26	
MYCO002108	216	0	41	
MYCO002113	145	0	71	
MYCO002114	96	0	39	
MYCO002116	83	0	33	
MYCO002117	66	0	13	
MYCO002120	509	0	28	
MYCO002123	3925	0	46	
MYCO002124	494	0	179	
MYCO002126	3200	0	38	
MYCO002127	258	0	88	
MYCO002128	4	0	15	
MYCO002129	101	0	56	
MYCO002131	80	0	43	
MYCO002132	60	0	15	
MYCO002133	76	0	41	
MYCO002135	940	0	31	
MYCO002136	109	0	44	
MYCO002137	38	0	23	
MYCO002138	117	0	58	
MYCO002142	18	0	23	
MYCO002143	149	0	73	
MYCO002144	71	0	21	
MYCO002146	3	0	14	
MYCO002147	1201	0	37	
MYCO002148	1199	0	34	
MYCO002149	105	0	25	
MYCO002152	541	0	79	
MYCO002158	1888	0	88	
MYCO002159	1274	0	67	
MYCO002160	3541	0	15	
MYCO002161	879	1922	54	
MYCO002162	4832	0	75	
MYCO002164	643	0	66	
MYCO002165	45	0	67	
MYCO002167	6649	0	0	
MYCO002168	811	2	21	
MYCO002169	29	0	25	
MYCO002171	26	0	39	
MYCO002172	24	0	47	
MYCO002173	341	0	60	
MYCO002174	100	0	74	
MYCO002175	7	0	22	
MYCO002177	3458	212	47	
MYCO002180	1255	0	51	
MYCO002181	62	0	59	
MYCO002183	5	0	17	
MYCO002184	28	0	58	
MYCO002185	5	0	25	
MYCO002189	765	0	42	
MYCO002190	998	0	50	
MYCO002191	606	0	103	
MYCO002197	153	0	37	
MYCO002198	872	0	62	
MYCO002203	321	0	39	
MYCO002204	8	0	23	
MYCO002205	827	0	69	
MYCO002206	30	0	44	
MYCO002207	1197	0	47	
MYCO002208	483	0	52	
MYCO002209	467	0	81	
MYCO002212	86	0	72	
MYCO002214	99	0	89	
MYCO002215	970	0	86	
MYCO002223	342	0	86	
MYCO002224	69	0	73	
MYCO002226	863	0	84	
MYCO002227	823	0	30	
MYCO002229	37	0	31	
MYCO002231	166	0	56	
MYCO002232	253	0	46	
MYCO002234	27	0	28	
MYCO002236	1159	0	54	
MYCO002237	11	0	49	
MYCO002238	9	0	12	
MYCO002240	51	0	34	
MYCO002248	184	0	28	
MYCO002249	841	0	73	
MYCO002250	29	0	23	
MYCO002251	6644	0	2	
MYCO002252	35	0	60	
MYCO002253	57	0	33	
MYCO002254	37	0	34	
MYCO002255	38	0	20	
MYCO002256	8	0	24	
MYCO002258	654	0	61	
MYCO002260	17	0	34	
MYCO002261	53	0	24	
MYCO002262	6586	0	3	
MYCO002263	1459	0	49	
MYCO002264	3144	0	78	
MYCO002265	689	0	58	
MYCO002266	29	0	80	
MYCO002267	88	0	61	
MYCO002268	390	0	89	
MYCO002269	28	0	29	
MYCO002270	276	0	37	
MYCO002271	248	0	15	
MYCO002272	252	0	16	
MYCO002273	276	0	23	
MYCO002274	290	0	36	
MYCO002275	863	0	41	
MYCO002276	298	0	72	
MYCO002277	286	6173	54	
MYCO002278	811	2	21	
MYCO002279	6649	0	0	
MYCO002280	447	0	76	
MYCO002281	52	0	96	
MYCO002282	873	2171	46	
MYCO002283	46	0	15	
MYCO002284	322	0	44	
MYCO002285	606	0	63	
MYCO002286	661	1775	42	
MYCO002287	181	0	83	
MYCO002288	14	0	28	
MYCO002289	145	0	41	
MYCO002290	54	0	40	
MYCO002291	79	0	47	
MYCO002292	31	0	7	
MYCO002293	3243	0	18	
MYCO002294	59	0	77	
MYCO002295	32	0	42	
MYCO002296	160	0	49	
MYCO002297	18	0	30	
MYCO002298	37	0	58	
MYCO002299	93	0	85	
MYCO002300	113	0	55	
MYCO002301	95	0	48	
MYCO002302	10	0	16	
MYCO002303	32	0	66	
MYCO002304	16	0	9	
MYCO002305	532	0	79	
MYCO002307	459	0	52	
MYCO002308	213	0	51	
MYCO002309	29	0	32	
MYCO002310	128	0	27	
MYCO002311	92	0	27	
MYCO002312	8	0	12	
MYCO002313	100	0	54	
MYCO002314	205	0	71	
MYCO002316	18	0	44	
MYCO002317	22	0	33	
MYCO002318	1350	0	57	
MYCO002319	2582	0	46	
MYCO002320	80	0	75	
MYCO002321	15	0	35	
MYCO002322	26	0	36	
MYCO002323	40	0	64	
MYCO002324	15	0	37	
MYCO002325	411	0	41	
MYCO002326	578	0	92	
MYCO002327	124	0	24	
MYCO002328	79	0	60	
MYCO002329	350	0	96	
MYCO002330	26	0	33	
MYCO002331	15	0	25	
MYCO002332	72	0	77	
MYCO002333	1021	0	54	
MYCO002334	126	0	55	
MYCO002335	186	0	43	
MYCO002336	401	0	59	
MYCO002337	210	0	61	
MYCO002338	731	0	59	
MYCO002339	1764	0	136	
MYCO002340	793	0	74	
MYCO002341	133	0	26	
MYCO002342	36	0	19	
MYCO002345	578	0	109	
MYCO002346	593	2947	130	
MYCO002347	3737	732	122	
MYCO002348	42	0	23	
MYCO002349	707	0	92	
MYCO002350	815	2488	50	
MYCO002351	823	2538	57	
MYCO002352	1567	49	69	
MYCO002353	6503	0	5	
MYCO002354	811	2	21	
MYCO002355	6649	0	0	
MYCO002356	4886	0	51	
MYCO002358	19	0	20	
MYCO002359	3	0	51	
MYCO002360	18	0	28	
MYCO002363	1813	0	44	
MYCO002365	684	0	12	
MYCO002369	64	0	21	
MYCO002370	90	0	79	
MYCO002371	276	0	10	
MYCO002372	235	0	44	
MYCO002375	12	0	16	
MYCO002376	112	0	31	
MYCO002377	28	0	12	
MYCO002378	124	0	51	
MYCO002379	551	0	153	
MYCO002380	1161	0	221	
MYCO002381	488	0	124	
MYCO002382	253	0	56	
MYCO002383	1019	778	205	
MYCO002384	536	0	65	
MYCO002385	136	0	68	
MYCO002386	224	0	62	
MYCO002387	31	0	61	
MYCO002388	207	0	59	
MYCO002389	17	0	24	
MYCO002390	91	0	33	
MYCO002391	31	0	76	
MYCO002392	153	0	40	
MYCO002393	241	4097	40	
MYCO002394	206	0	116	
MYCO002395	530	0	94	
MYCO002396	3736	0	58	
MYCO002397	150	0	60	
MYCO002398	8	0	40	
MYCO002401	6	0	17	
MYCO002403	109	0	33	
MYCO002405	58	0	35	
MYCO002406	236	0	20	
MYCO002407	348	0	56	
MYCO002408	454	0	36	
MYCO002414	539	0	88	
MYCO002415	141	0	46	
MYCO002416	168	0	84	
MYCO002417	1208	0	43	
MYCO002418	272	0	38	
MYCO002419	168	0	37	
MYCO002422	26	0	16	
MYCO002423	51	0	60	
MYCO002424	6365	0	26	
MYCO002428	111	0	40	
MYCO002429	22	0	20	
MYCO002430	53	0	32	
MYCO002431	21	2367	18	
MYCO002432	50	0	24	
MYCO002433	20	0	16	
MYCO002434	1293	0	77	
MYCO002435	226	0	114	
MYCO002436	467	0	52	
MYCO002437	1541	0	17	
MYCO002438	114	0	93	
MYCO002443	56	0	90	
MYCO002444	565	0	140	
MYCO002446	15	0	20	
MYCO002449	709	0	69	
MYCO002450	489	0	48	
MYCO002451	70	0	26	
MYCO002452	1	0	17	
MYCO002453	71	0	34	
MYCO002456	100	0	56	
MYCO002458	51	0	41	
MYCO002459	82	0	77	
MYCO002463	26	0	50	
MYCO002464	177	0	60	
MYCO002468	54	0	27	
MYCO002469	77	0	39	
MYCO002471	102	0	94	
MYCO002472	11	0	20	
MYCO002473	137	0	42	
MYCO002474	234	0	39	
MYCO002475	11	0	19	
MYCO002476	1441	0	189	
MYCO002478	504	0	29	
MYCO002479	6649	0	0	
MYCO002480	811	2	21	
MYCO002481	310	0	24	
MYCO002482	328	0	136	
MYCO002483	87	0	81	
MYCO002484	59	0	101	
MYCO002485	171	0	84	
MYCO002486	322	0	33	
MYCO002487	3923	0	94	
MYCO002488	1354	0	163	
MYCO002489	128	0	20	
MYCO002490	6427	0	38	
MYCO002491	124	0	48	
MYCO002492	154	0	64	
MYCO002493	19	0	11	
MYCO002494	17	0	26	
MYCO002495	273	0	68	
MYCO002496	43	0	48	
MYCO002497	59	0	45	
MYCO002498	88	0	51	
MYCO002499	16	0	30	
MYCO002501	620	0	109	
MYCO002503	48	0	44	
MYCO002504	58	0	48	
MYCO002505	231	0	98	
MYCO002506	76	0	31	
MYCO002507	427	0	54	
MYCO002508	147	0	75	
MYCO002510	224	0	103	
MYCO002512	6468	54	10	
MYCO002513	35	0	30	
MYCO002514	65	0	33	
MYCO002515	44	0	68	
MYCO002516	28	0	35	
MYCO002517	54	0	9	
MYCO002519	881	0	90	
MYCO002520	1	0	15	
MYCO002522	621	0	90	
MYCO002525	358	0	30	
MYCO002526	1937	0	8	
MYCO002527	38	0	23	
MYCO002528	27	0	48	
MYCO002529	604	0	90	
MYCO002530	18	0	32	
MYCO002531	170	0	156	
MYCO002532	47	0	20	
MYCO002535	380	0	43	
MYCO002536	45	0	30	
MYCO002537	17	0	21	
MYCO002539	683	0	21	
MYCO002541	2745	0	19	
MYCO002542	764	0	81	
MYCO002543	2400	1880	63	
MYCO002544	2406	1903	81	
MYCO002545	1519	0	19	
MYCO002546	6	0	24	
MYCO002547	32	0	21	
MYCO002548	50	0	22	
MYCO002549	108	0	23	
MYCO002550	5	0	15	
MYCO002551	446	0	20	
MYCO002552	492	0	45	
MYCO002553	223	0	68	
MYCO002554	172	0	22	
MYCO002556	13	0	22	
MYCO002557	39	0	42	
MYCO002558	58	0	32	
MYCO002560	208	0	60	
MYCO002561	6556	0	7	
MYCO002562	6	0	35	
MYCO002563	148	0	67	
MYCO002564	54	2448	49	
MYCO002565	160	0	93	
MYCO002566	1831	0	143	
MYCO002567	172	0	122	
MYCO002569	78	0	40	
MYCO002570	839	0	28	
MYCO002571	218	0	83	
MYCO002573	170	0	53	
MYCO002574	56	0	40	
MYCO002576	86	0	33	
MYCO002577	69	0	79	
MYCO002578	214	0	54	
MYCO002579	125	0	44	
MYCO002581	7	0	26	
MYCO002584	66	0	40	
MYCO002585	351	0	94	
MYCO002586	850	0	81	
MYCO002588	4	0	22	
MYCO002590	284	0	179	
MYCO002591	3097	0	99	
MYCO002595	51	0	12	
MYCO002596	19	0	33	
MYCO002597	59	0	37	
MYCO002598	62	0	30	
MYCO002599	356	0	29	
MYCO002600	58	0	23	
MYCO002601	553	0	75	
MYCO002602	14	0	26	
MYCO002604	87	0	31	
MYCO002605	134	0	44	
MYCO002607	21	0	30	
MYCO002608	1085	0	75	
MYCO002609	362	0	57	
MYCO002615	6178	0	91	
MYCO002616	90	0	33	
MYCO002617	8	0	24	
MYCO002618	371	0	32	
MYCO002619	9	0	13	
MYCO002620	13	0	20	
MYCO002621	511	0	50	
MYCO002622	109	0	49	
MYCO002623	189	0	43	
MYCO002624	352	0	55	
MYCO002625	64	0	53	
MYCO002626	16	0	24	
MYCO002627	87	0	85	
MYCO002628	109	0	40	
MYCO002629	579	0	53	
MYCO002630	20	0	38	
MYCO002631	122	0	73	
MYCO002632	8	0	14	
MYCO002633	14	0	36	
MYCO002634	3718	0	96	
MYCO002635	14	0	19	
MYCO002636	69	0	57	
MYCO002637	321	2088	41	
MYCO002638	132	0	32	
MYCO002639	54	0	21	
MYCO002640	75	0	21	
MYCO002641	23	0	29	
MYCO002642	37	0	25	
MYCO002643	337	0	107	
MYCO002644	49	0	20	
MYCO002645	1639	0	21	
MYCO002646	1113	0	61	
MYCO002647	765	0	16	
MYCO002648	811	2	21	
MYCO002649	6649	0	0	
MYCO002650	1289	721	151	
MYCO002651	263	1335	46	
MYCO002652	765	0	60	
MYCO002653	652	0	35	
MYCO002654	3435	0	15	
MYCO002655	1922	0	64	
MYCO002656	529	1055	31	
MYCO002657	780	0	20	
MYCO002658	619	0	15	
MYCO002659	667	0	43	
MYCO002660	17	0	17	
MYCO002661	30	0	22	
MYCO002662	14	0	16	
MYCO002663	4	0	18	
MYCO002664	30	0	16	
MYCO002665	412	0	21	
MYCO002666	6492	0	14	
MYCO002667	65	0	30	
MYCO002668	623	0	27	
MYCO002669	41	0	27	
MYCO002671	109	0	37	
MYCO002672	422	0	83	
MYCO002674	10	0	21	
MYCO002675	32	0	62	
MYCO002677	1907	0	56	
MYCO002679	175	0	48	
MYCO002680	700	0	44	
MYCO002681	848	0	63	
MYCO002683	8	0	32	
MYCO002684	45	518	69	
MYCO002685	482	0	59	
MYCO002686	43	0	36	
MYCO002687	65	0	46	
MYCO002688	130	0	59	
MYCO002689	217	0	66	
MYCO002690	144	0	59	
MYCO002691	19	0	38	
MYCO002692	45	0	32	
MYCO002693	23	0	33	
MYCO002694	15	0	35	
MYCO002695	607	0	31	
MYCO002698	11	0	25	
MYCO002700	4096	0	25	
MYCO002701	66	0	62	
MYCO002704	21	0	22	
MYCO002705	17	0	21	
MYCO002706	126	0	18	
MYCO002707	49	0	47	
MYCO002709	601	0	39	
MYCO002712	394	0	79	
MYCO002713	134	0	85	
MYCO002716	29	0	33	
MYCO002717	253	0	23	
MYCO002718	18	0	19	
MYCO002719	587	0	41	
MYCO002721	1414	0	105	
MYCO002722	9	0	21	
MYCO002723	46	0	70	
MYCO002728	110	0	39	
MYCO002729	69	0	55	
MYCO002730	11	0	29	
MYCO002732	108	0	50	
MYCO002734	32	0	42	
MYCO002735	945	0	48	
MYCO002736	185	0	36	
MYCO002737	31	0	98	
MYCO002738	447	0	11	
MYCO002739	1781	0	36	
MYCO002740	23	0	29	
MYCO002741	4421	0	76	
MYCO002742	273	0	44	
MYCO002743	495	0	46	
MYCO002745	7	0	29	
MYCO002746	256	0	30	
MYCO002747	36	0	21	
MYCO002749	37	0	15	
MYCO002751	46	0	44	
MYCO002752	142	0	145	
MYCO002755	16	0	12	
MYCO002756	73	0	90	
MYCO002757	72	0	29	
MYCO002758	11	0	16	
MYCO002759	56	0	24	
MYCO002760	163	0	20	
MYCO002761	38	0	72	
MYCO002762	404	0	35	
MYCO002763	54	0	22	
MYCO002765	382	0	39	
MYCO002766	77	0	35	
MYCO002767	26	0	29	
MYCO002768	588	0	76	
MYCO002769	1119	0	52	
MYCO002770	245	0	71	
MYCO002771	39	0	25	
MYCO002772	63	0	28	
MYCO002774	1180	0	18	
MYCO002775	149	0	28	
MYCO002776	41	0	43	
MYCO002777	675	0	51	
MYCO002778	23	0	28	
MYCO002779	71	0	39	
MYCO002780	228	0	58	
MYCO002781	1016	0	64	
MYCO002784	17	0	26	
MYCO002786	13	0	49	
MYCO002787	386	0	117	
MYCO002789	81	0	62	
MYCO002790	499	0	64	
MYCO002791	140	3306	63	
MYCO002792	138	0	39	
MYCO002793	658	0	37	
MYCO002796	62	0	42	
MYCO002797	355	0	69	
MYCO002798	9	0	20	
MYCO002799	148	0	51	
MYCO002800	1233	0	90	
MYCO002801	93	0	17	
MYCO002802	1280	0	66	
MYCO002803	70	0	23	
MYCO002804	146	0	38	
MYCO002805	95	0	26	
MYCO002806	47	0	9	
MYCO002807	1739	0	57	
MYCO002808	375	0	11	
MYCO002809	100	0	16	
MYCO002810	6649	0	0	
MYCO002811	1181	0	36	
MYCO002812	807	0	90	
MYCO002813	593	0	43	
MYCO002814	6649	0	0	
MYCO002815	811	2	21	
MYCO002816	1586	0	17	
MYCO002817	1696	0	48	
MYCO002818	1886	0	37	
MYCO002819	1694	0	53	
MYCO002820	1573	0	46	
MYCO002821	80	0	35	
MYCO002822	28	0	22	
MYCO002823	130	0	121	
MYCO002824	52	0	52	
MYCO002825	5123	0	36	
MYCO002826	70	0	44	
MYCO002827	38	0	34	
MYCO002829	173	0	23	
MYCO002830	9	0	18	
MYCO002831	283	0	39	
MYCO002832	208	0	76	
MYCO002833	388	0	77	
MYCO002834	50	0	48	
MYCO002835	34	0	54	
MYCO002836	407	0	77	
MYCO002837	174	0	43	
MYCO002840	10	0	21	
MYCO002842	7	0	30	
MYCO002843	269	0	20	
MYCO002844	33	0	25	
MYCO002845	279	0	70	
MYCO002848	1682	0	52	
MYCO002849	63	0	42	
MYCO002850	2034	0	112	
MYCO002851	30	0	22	
MYCO002852	168	0	82	
MYCO002853	2877	0	116	
MYCO002854	56	0	59	
MYCO002855	305	0	67	
MYCO002856	52	0	44	
MYCO002857	20	0	32	
MYCO002858	653	0	84	
MYCO002859	2034	0	59	
MYCO002860	53	0	62	
MYCO002862	28	0	29	
MYCO002863	13	0	15	
MYCO002865	15	0	13	
MYCO002866	12	0	14	
MYCO002867	772	0	49	
MYCO002869	43	0	60	
MYCO002871	1160	0	14	
MYCO002872	108	0	31	
MYCO002873	15	0	27	
MYCO002874	347	0	116	
MYCO002875	183	0	27	
MYCO002876	4	0	30	
MYCO002877	201	0	61	
MYCO002878	23	0	23	
MYCO002879	6649	0	0	
MYCO002880	6160	0	9	
MYCO002881	17	0	41	
MYCO002884	166	0	39	
MYCO002885	281	1143	84	
MYCO002886	168	0	47	
MYCO002887	38	0	20	
MYCO002888	557	0	66	
MYCO002891	1138	0	43	
MYCO002892	358	0	68	
MYCO002893	90	0	71	
MYCO002895	280	0	47	
MYCO002896	509	0	68	
MYCO002897	413	0	95	
MYCO002898	28	0	32	
MYCO002899	17	0	39	
MYCO002900	71	0	100	
MYCO002903	91	0	45	
MYCO002905	54	0	63	
MYCO002906	27	0	26	
MYCO002907	133	0	29	
MYCO002908	60	0	9	
MYCO002910	12	0	29	
MYCO002911	158	0	47	
MYCO002912	38	0	24	
MYCO002913	149	0	105	
MYCO002914	428	0	79	
MYCO002920	158	0	91	
MYCO002922	1199	0	132	
MYCO002923	69	0	26	
MYCO002924	103	0	40	
MYCO002925	33	0	31	
MYCO002926	13	0	38	
MYCO002928	32	0	33	
MYCO002929	29	0	21	
MYCO002930	64	0	73	
MYCO002931	5976	0	113	
MYCO002932	1843	0	202	
MYCO002933	1706	0	213	
MYCO002934	1907	0	208	
MYCO002935	916	0	182	
MYCO002936	48	0	47	
MYCO002937	21	0	33	
MYCO002938	19	0	33	
MYCO002939	32	3114	59	
MYCO002940	355	0	260	
MYCO002941	46	0	96	
MYCO002942	164	0	157	
MYCO002943	252	0	81	
MYCO002944	36	0	53	
MYCO002945	3	0	34	
MYCO002946	1242	0	230	
MYCO002947	3366	0	30	
MYCO002948	129	0	118	
MYCO002949	143	0	45	
MYCO002950	261	0	96	
MYCO002951	179	0	57	
MYCO002952	25	0	37	
MYCO002953	75	0	64	
MYCO002954	56	0	44	
MYCO002955	248	0	63	
MYCO002956	44	0	54	
MYCO002957	80	0	49	
MYCO002958	286	0	80	
MYCO002959	838	0	47	
MYCO002960	29	0	20	
MYCO002961	27	0	15	
MYCO002962	727	0	60	
MYCO002963	840	0	53	
MYCO002964	85	0	48	
MYCO002966	246	0	22	
MYCO002968	30	0	22	
MYCO002969	62	0	35	
MYCO002970	104	0	51	
MYCO002971	135	0	41	
MYCO002972	29	0	43	
MYCO002973	267	0	72	
MYCO002974	803	0	83	
MYCO002975	3225	0	9	
MYCO002977	408	0	35	
MYCO002978	139	2863	63	
MYCO002979	37	0	34	
MYCO002980	563	0	30	
MYCO002983	761	0	35	
MYCO002985	90	0	64	
MYCO002986	89	0	32	
MYCO002987	32	0	20	
MYCO002989	636	0	39	
MYCO002990	39	0	44	
MYCO002991	50	0	25	
MYCO002994	730	0	61	
MYCO002997	623	0	63	
MYCO002998	13	0	19	
MYCO002999	44	0	62	
MYCO003000	54	0	31	
MYCO003002	6	0	21	
MYCO003004	40	0	19	
MYCO003005	53	0	28	
MYCO003007	621	0	29	
MYCO003008	67	0	40	
MYCO003012	14	0	13	
MYCO003013	575	0	32	
MYCO003015	383	0	60	
MYCO003016	42	0	30	
MYCO003017	703	0	24	
MYCO003018	5066	0	37	
MYCO003019	1	119	34	
MYCO003020	30	23	22	
MYCO003021	6618	0	10	
MYCO003022	6649	0	0	
MYCO003023	6468	54	9	
MYCO003026	106	0	55	
MYCO003030	167	0	40	
MYCO003033	19	0	33	
MYCO003035	315	0	47	
MYCO003036	23	0	40	
MYCO003037	407	0	64	
MYCO003039	176	0	37	
MYCO003040	329	0	49	
MYCO003041	24	0	37	
MYCO003044	451	0	72	
MYCO003046	23	0	21	
MYCO003047	195	0	25	
MYCO003050	32	0	46	
MYCO003055	46	2065	35	
MYCO003056	60	0	71	
MYCO003058	11	0	30	
MYCO003059	82	0	62	
MYCO003060	1120	0	97	
MYCO003061	655	0	110	
MYCO003062	1802	0	81	
MYCO003063	240	0	154	
MYCO003064	127	0	28	
MYCO003065	179	0	21	
MYCO003066	305	0	33	
MYCO003067	32	0	30	
MYCO003068	97	0	88	
MYCO003069	8	0	20	
MYCO003070	10	0	15	
MYCO003071	181	0	66	
MYCO003072	38	0	40	
MYCO003073	23	0	27	
MYCO003074	2004	2364	65	
MYCO003075	39	0	38	
MYCO003076	19	0	23	
MYCO003077	436	0	118	
MYCO003078	45	0	24	
MYCO003079	615	0	30	
MYCO003080	755	0	178	
MYCO003081	231	0	56	
MYCO003082	45	0	53	
MYCO003083	391	0	105	
MYCO003084	809	0	47	
MYCO003086	203	0	42	
MYCO003087	398	0	93	
MYCO003088	235	0	82	
MYCO003089	265	0	75	
MYCO003090	228	1617	61	
MYCO003091	312	0	83	
MYCO003092	683	0	56	
MYCO003093	1612	0	43	
MYCO003094	708	0	65	
MYCO003095	8	0	28	
MYCO003096	59	0	69	
MYCO003097	128	0	83	
MYCO003098	35	0	30	
MYCO003099	123	0	51	
MYCO003103	39	0	27	
MYCO003104	39	0	48	
MYCO003106	92	0	74	
MYCO003107	120	0	86	
MYCO003108	36	0	31	
MYCO003109	115	0	83	
MYCO003110	28	0	15	
MYCO003111	41	0	44	
MYCO003112	45	0	18	
MYCO003113	1426	0	40	
MYCO003114	109	0	30	
MYCO003115	6468	54	9	
MYCO003116	189	0	70	
MYCO003119	55	0	30	
MYCO003120	69	0	36	
MYCO003121	172	0	73	
MYCO003122	71	0	23	
MYCO003123	36	0	29	
MYCO003124	120	0	52	
MYCO003125	960	0	53	
MYCO003126	39	0	19	
MYCO003127	52	0	65	
MYCO003128	6649	0	0	
MYCO003129	620	0	13	
MYCO003130	79	0	79	
MYCO003131	84	0	43	
MYCO003132	172	0	85	
MYCO003133	11	0	17	
MYCO003134	55	0	48	
MYCO003135	4113	0	11	
MYCO003136	129	0	57	
MYCO003137	42	0	40	
MYCO003138	82	0	78	
MYCO003141	283	0	44	
MYCO003142	899	0	29	
MYCO003143	11	0	17	
MYCO003144	1101	0	64	
MYCO003145	29	0	15	
MYCO003146	7	0	26	
MYCO003147	52	0	16	
MYCO003148	41	0	56	
MYCO003149	63	0	36	
MYCO003150	609	0	47	
MYCO003151	1344	0	104	
MYCO003152	12	0	52	
MYCO003153	120	0	33	
MYCO003154	22	0	45	
MYCO003155	8	0	18	
MYCO003156	93	0	82	
MYCO003157	156	0	88	
MYCO003158	30	0	79	
MYCO003159	3386	0	95	
MYCO003160	24	0	25	
MYCO003161	507	0	84	
MYCO003162	85	0	18	
MYCO003163	33	0	54	
MYCO003164	31	0	30	
MYCO003165	136	0	21	
MYCO003166	703	0	53	
MYCO003167	62	0	41	
MYCO003168	245	0	80	
MYCO003169	841	0	63	
MYCO003170	692	0	63	
MYCO003171	53	0	70	
MYCO003172	13	0	30	
MYCO003173	18	0	40	
MYCO003174	26	0	61	
MYCO003175	1812	0	71	
MYCO003176	156	0	61	
MYCO003177	50	0	39	
MYCO003178	62	0	21	
MYCO003179	527	0	67	
MYCO003180	42	0	29	
MYCO003181	181	0	23	
MYCO003182	36	0	16	
MYCO003183	274	0	17	
MYCO003184	811	2	21	
MYCO003185	6649	0	0	
MYCO003186	811	2	21	
MYCO003187	6649	0	0	
MYCO003188	34	0	18	
MYCO003189	71	0	34	
MYCO003190	228	0	66	
MYCO003191	75	0	62	
MYCO003192	84	0	35	
MYCO003196	109	0	56	
MYCO003199	560	0	57	
MYCO003200	37	0	63	
MYCO003201	1138	0	137	
MYCO003202	904	0	171	
MYCO003203	47	0	46	
MYCO003204	3	0	22	
MYCO003209	18	0	35	
MYCO003210	20	0	32	
MYCO003212	782	0	68	
MYCO003215	46	0	65	
MYCO003216	6649	0	0	
MYCO003217	419	0	22	
MYCO003218	41	0	53	
MYCO003222	85	0	24	
MYCO003224	337	0	50	
MYCO003225	122	0	72	
MYCO003226	57	0	41	
MYCO003227	353	0	72	
MYCO003230	163	0	64	
MYCO003231	77	0	23	
MYCO003232	18	0	43	
MYCO003233	8	0	40	
MYCO003234	3293	0	28	
MYCO003235	502	0	41	
MYCO003236	385	0	64	
MYCO003237	15	0	32	
MYCO003238	24	0	40	
MYCO003239	3359	0	108	
MYCO003242	120	0	40	
MYCO003243	101	0	42	
MYCO003244	502	0	72	
MYCO003247	77	0	29	
MYCO003249	251	0	32	
MYCO003250	5	0	11	
MYCO003251	11	0	10	
MYCO003253	82	0	70	
MYCO003254	144	0	71	
MYCO003256	857	0	60	
MYCO003259	35	0	11	
MYCO003260	2	0	15	
MYCO003263	242	0	75	
MYCO003266	195	0	46	
MYCO003268	172	0	45	
MYCO003269	19	0	14	
MYCO003270	417	0	105	
MYCO003271	41	0	39	
MYCO003272	135	0	71	
MYCO003273	28	0	112	
MYCO003278	19	0	23	
MYCO003279	23	0	41	
MYCO003281	6385	0	10	
MYCO003282	27	0	49	
MYCO003283	33	0	54	
MYCO003284	65	0	22	
MYCO003286	678	0	46	
MYCO003287	18	0	15	
MYCO003288	7	0	20	
MYCO003289	50	0	28	
MYCO003291	36	0	16	
MYCO003292	304	0	69	
MYCO003293	821	0	77	
MYCO003294	25	0	45	
MYCO003295	35	0	31	
MYCO003297	128	0	50	
MYCO003298	370	0	36	
MYCO003299	1018	0	182	
MYCO003300	91	0	53	
MYCO003301	30	0	46	
MYCO003307	212	0	47	
MYCO003308	793	0	87	
MYCO003309	33	0	29	
MYCO003310	39	0	53	
MYCO003311	58	0	62	
MYCO003312	46	0	44	
MYCO003314	157	0	55	
MYCO003315	20	0	26	
MYCO003316	6	0	14	
MYCO003320	61	0	24	
MYCO003321	3	0	8	
MYCO003322	30	0	37	
MYCO003323	357	0	43	
MYCO003324	342	0	27	
MYCO003325	811	2	21	
MYCO003326	6649	0	0	
MYCO003327	6567	0	7	
MYCO003331	578	0	76	
MYCO003332	546	0	74	
MYCO003333	1604	0	44	
MYCO003334	13	0	29	
MYCO003335	129	0	40	
MYCO003337	757	0	24	
MYCO003338	69	0	44	
MYCO003339	90	0	59	
MYCO003342	471	0	23	
MYCO003343	6632	0	16	
MYCO003344	6649	0	0	
MYCO003345	6616	0	12	
MYCO003346	2057	1	22	
MYCO003347	5136	0	258	
MYCO003348	171	7	35	
MYCO003349	3453	0	32	
MYCO003350	5492	0	271	
MYCO003351	865	0	40	
MYCO003352	832	0	16	
MYCO003353	806	0	13	
MYCO003354	806	0	20	
MYCO003355	824	1	19	
MYCO003357	16	0	16	
MYCO003358	9	0	13	
MYCO003359	401	0	45	
MYCO003360	963	0	18	
MYCO003361	84	0	38	
MYCO003362	76	0	44	
MYCO003363	379	0	23	
MYCO003364	89	0	21	
MYCO003365	5998	0	32	
MYCO003366	68	0	29	
MYCO003367	3056	0	96	
MYCO003368	158	0	37	
MYCO003369	214	0	19	
MYCO003370	1402	0	144	
MYCO003371	619	0	89	
MYCO003372	399	0	62	
MYCO003373	793	0	30	
MYCO003374	11	0	14	
MYCO003375	277	0	82	
MYCO003376	30	0	35	
MYCO003377	478	0	85	
MYCO003378	173	0	74	
MYCO003379	108	0	98	
MYCO003380	6649	0	0	
MYCO003381	811	2	21	
MYCO003382	252	0	43	
MYCO003383	1453	0	77	
MYCO003384	78	0	22	
MYCO003385	146	0	12	
MYCO003386	317	0	47	
MYCO003387	26	0	42	
MYCO003388	4964	0	71	
MYCO003389	524	0	68	
MYCO003390	34	0	56	
MYCO003391	408	0	119	
MYCO003393	122	0	41	
MYCO003394	1923	0	64	
MYCO003395	164	0	42	
MYCO003397	29	0	38	
MYCO003398	154	0	69	
MYCO003399	53	0	51	
MYCO003400	201	0	34	
MYCO003401	727	0	119	
MYCO003402	198	0	59	
MYCO003403	95	0	107	
MYCO003404	49	0	46	
MYCO003405	10	0	30	
MYCO003406	213	0	55	
MYCO003407	22	0	8	
MYCO003408	7	0	17	
MYCO003413	567	0	39	
MYCO003414	36	0	42	
MYCO003415	537	0	52	
MYCO003416	64	0	14	
MYCO003420	134	0	26	
MYCO003421	1610	0	50	
MYCO003423	72	0	86	
MYCO003424	430	5	31	
MYCO003425	296	1769	58	
MYCO003426	6504	0	4	
MYCO003427	1851	0	36	
MYCO003428	6302	0	7	
MYCO003429	296	1469	57	
MYCO003430	454	0	102	
MYCO003431	83	0	49	
MYCO003434	302	0	59	
MYCO003435	28	0	72	
MYCO003437	267	0	33	
MYCO003438	88	0	51	
MYCO003439	1169	0	73	
MYCO003440	74	0	27	
MYCO003444	22	0	21	
MYCO003445	41	0	20	
MYCO003446	1216	0	84	
MYCO003447	578	0	197	
MYCO003448	320	0	81	
MYCO003449	252	0	88	
MYCO003450	976	0	92	
MYCO003451	109	0	58	
MYCO003452	767	0	45	
MYCO003453	4114	0	5	
MYCO003454	116	0	78	
MYCO003463	190	0	45	
MYCO003465	11	0	27	
MYCO003466	6402	68	57	
MYCO003467	6440	93	32	
MYCO003468	106	0	69	
MYCO003469	35	0	63	
MYCO003470	325	0	101	
MYCO003471	50	0	25	
MYCO003472	41	0	37	
MYCO003473	46	0	56	
MYCO003474	811	2	21	
MYCO003475	6649	0	0	
MYCO003476	75	0	76	
MYCO003477	152	0	17	
MYCO003478	3283	366	433	
MYCO003479	346	0	176	
MYCO003480	349	0	87	
MYCO003481	87	0	30	
MYCO003482	52	0	42	
MYCO003483	1479	0	40	
MYCO003484	164	0	73	
MYCO003485	876	0	56	
MYCO003486	416	0	25	
MYCO003487	1411	0	50	
MYCO003488	194	0	15	
MYCO003489	5	0	8	
MYCO003491	21	0	40	
MYCO003492	3	0	27	
MYCO003493	510	0	35	
MYCO003494	1406	0	70	
MYCO003495	52	0	53	
MYCO003496	433	0	56	
MYCO003497	21	0	57	
MYCO003498	150	0	52	
MYCO003499	21	0	53	
MYCO003502	52	0	39	
MYCO003503	0	0	9	
MYCO003505	212	0	58	
MYCO003506	141	0	104	
MYCO003507	6230	0	99	
MYCO003508	6644	0	3	
MYCO003509	665	0	94	
MYCO003510	232	0	46	
MYCO003511	6634	0	6	
MYCO003512	6649	0	0	
MYCO003513	6320	0	17	
MYCO003514	6647	0	1	
MYCO003515	5951	0	32	
MYCO003516	972	0	37	
MYCO003517	1441	0	47	
MYCO003518	201	0	52	
MYCO003519	33	0	38	
MYCO003521	55	0	50	
MYCO003522	18	0	63	
MYCO003523	606	0	46	
MYCO003524	86	0	72	
MYCO003525	387	0	27	
MYCO003526	18	0	46	
MYCO003527	11	0	31	
MYCO003528	94	0	65	
MYCO003529	768	0	75	
MYCO003530	43	2412	50	
MYCO003531	144	0	70	
MYCO003532	537	0	78	
MYCO003533	2023	0	103	
MYCO003534	96	0	47	
MYCO003535	1654	0	40	
MYCO003536	28	0	42	
MYCO003537	44	0	69	
MYCO003538	15	0	41	
MYCO003539	832	0	78	
MYCO003540	560	0	53	
MYCO003541	3	0	24	
MYCO003542	162	0	44	
MYCO003543	148	0	51	
MYCO003544	72	0	54	
MYCO003545	41	0	87	
MYCO003546	149	0	49	
MYCO003547	76	0	37	
MYCO003548	36	0	33	
MYCO003549	219	0	44	
MYCO003550	97	0	40	
MYCO003551	94	0	42	
MYCO003552	16	0	31	
MYCO003553	681	0	44	
MYCO003554	124	0	130	
MYCO003555	978	0	43	
MYCO003556	193	0	45	
MYCO003557	2	0	33	
MYCO003558	1552	0	86	
MYCO003559	403	0	47	
MYCO003560	211	0	60	
MYCO003561	1031	0	74	
MYCO003562	111	0	65	
MYCO003563	259	0	50	
MYCO003564	917	0	33	
MYCO003565	139	0	77	
MYCO003566	210	0	52	
MYCO003567	67	0	26	
MYCO003568	744	0	38	
MYCO003569	574	0	40	
MYCO003572	52	0	30	
MYCO003573	667	0	100	
MYCO003574	101	0	28	
MYCO003575	183	0	47	
MYCO003576	111	0	50	
MYCO003577	113	0	39	
MYCO003578	522	0	84	
MYCO003581	20	0	24	
MYCO003582	48	0	42	
MYCO003584	22	0	25	
MYCO003585	78	0	79	
MYCO003586	29	0	57	
MYCO003587	324	0	49	
MYCO003588	88	0	18	
MYCO003590	4588	0	66	
MYCO003591	49	0	58	
MYCO003593	6	0	83	
MYCO003594	116	0	55	
MYCO003595	2979	0	75	
MYCO003597	436	0	15	
MYCO003599	284	0	7	
MYCO003602	1019	0	54	
MYCO003603	358	0	51	
MYCO003604	1407	0	73	
MYCO003605	455	0	24	
MYCO003606	26	0	29	
MYCO003607	253	0	20	
MYCO003608	81	0	44	
MYCO003611	6583	0	7	
MYCO003612	73	0	23	
MYCO003613	4	0	8	
MYCO003614	9	0	49	
MYCO003615	10	0	15	
MYCO003616	104	0	79	
MYCO003617	169	0	52	
MYCO003618	154	0	58	
MYCO003619	593	3109	142	
MYCO003620	3736	749	119	
MYCO003621	962	0	63	
MYCO003622	179	0	18	
MYCO003623	373	0	43	
MYCO003625	403	0	52	
MYCO003626	537	0	54	
MYCO003627	89	0	84	
MYCO003629	66	0	65	
MYCO003630	31	1608	65	
MYCO003631	17	0	32	
MYCO003632	6	0	11	
MYCO003633	104	0	61	
MYCO003634	196	0	41	
MYCO003635	237	0	101	
MYCO003636	19	0	24	
MYCO003637	114	0	37	
MYCO003638	26	0	50	
MYCO003639	596	0	43	
MYCO003640	255	0	68	
MYCO003641	26	0	33	
MYCO003642	11	0	15	
MYCO003643	8	0	13	
MYCO003645	1379	0	78	
MYCO003649	983	0	138	
MYCO003650	143	0	18	
MYCO003651	629	0	58	
MYCO003652	1502	0	21	
MYCO003653	3918	0	38	
MYCO003654	810	0	27	
MYCO003655	6642	0	2	
MYCO003656	32	0	16	
MYCO003657	2023	1585	33	
MYCO003658	735	0	50	
MYCO003659	1324	0	60	
MYCO003660	294	0	72	
MYCO003661	96	0	34	
MYCO003662	1823	0	51	
MYCO003663	675	0	95	
MYCO003664	25	0	55	
MYCO003665	20	0	56	
MYCO003666	176	1776	78	
MYCO003667	491	0	111	
MYCO003669	13	0	30	
MYCO003671	33	0	68	
MYCO003672	107	0	44	
MYCO003673	241	0	42	
MYCO003675	3	0	24	
MYCO003678	20	0	27	
MYCO003681	32	0	31	
MYCO003685	180	0	87	
MYCO003686	123	0	18	
MYCO003687	27	0	28	
MYCO003688	41	0	35	
MYCO003689	337	0	110	
MYCO003690	620	0	29	
MYCO003691	135	0	66	
MYCO003692	111	0	57	
MYCO003693	2283	0	66	
MYCO003694	18	0	62	
MYCO003697	53	0	29	
MYCO003698	274	0	100	
MYCO003699	65	0	42	
MYCO003700	1010	0	64	
MYCO003701	225	0	56	
MYCO003702	54	0	49	
MYCO003703	114	0	89	
MYCO003704	109	0	72	
MYCO003706	313	0	20	
MYCO003714	106	0	60	
MYCO003716	466	0	25	
MYCO003723	39	0	43	
MYCO003725	3231	0	26	
MYCO003726	511	0	68	
MYCO003727	413	0	116	
MYCO003728	4214	0	113	
MYCO003729	624	0	148	
MYCO003730	20	0	62	
MYCO003731	23	0	68	
MYCO003732	184	0	67	
MYCO003733	22	0	32	
MYCO003734	120	0	85	
MYCO003735	28	0	40	
MYCO003736	129	0	78	
MYCO003737	1224	0	87	
MYCO003738	2280	0	49	
MYCO003739	1595	0	17	
MYCO003740	193	0	81	
MYCO003741	42	0	52	
MYCO003742	18	0	31	
MYCO003743	277	0	133	
MYCO003744	10	0	28	
MYCO003745	25	2074	14	
MYCO003746	22	0	26	
MYCO003747	43	0	17	
MYCO003748	36	0	22	
MYCO003749	46	0	30	
MYCO003750	28	0	22	
MYCO003751	26	0	15	
MYCO003752	518	0	19	
MYCO003753	777	0	21	
MYCO003754	398	0	50	
MYCO003755	24	0	33	
MYCO003756	34	0	49	
MYCO003757	255	0	51	
MYCO003758	76	0	54	
MYCO003759	48	0	81	
MYCO003760	49	0	12	
MYCO003761	271	0	48	
MYCO003762	42	0	120	
MYCO003763	53	0	34	
MYCO003764	72	0	72	
MYCO003766	191	0	46	
MYCO003767	179	0	56	
MYCO003768	168	0	19	
MYCO003769	157	0	25	
MYCO003770	187	0	36	
MYCO003771	67	0	30	
MYCO003772	100	0	60	
MYCO003773	169	0	38	
MYCO003776	1236	0	102	
MYCO003779	756	0	120	
MYCO003784	395	0	73	
MYCO003785	2890	0	49	
MYCO003786	536	0	70	
MYCO003787	153	0	66	
MYCO003788	21	0	26	
MYCO003789	8	0	22	
MYCO003792	350	0	131	
MYCO003796	51	0	77	
MYCO003797	333	0	117	
MYCO003798	3555	72	41	
MYCO003800	1420	0	243	
MYCO003803	106	0	62	
MYCO003805	62	0	100	
MYCO003807	260	0	24	
MYCO003810	1847	0	42	
MYCO003811	293	0	88	
MYCO003812	2539	0	74	
MYCO003813	177	0	43	
MYCO003814	73	0	37	
MYCO003815	206	0	49	
MYCO003817	541	0	51	
MYCO003818	97	0	80	
MYCO003819	54	0	26	
MYCO003820	300	0	96	
MYCO003821	30	0	51	
MYCO003822	120	0	98	
MYCO003823	91	0	206	
MYCO003824	130	0	122	
MYCO003825	376	0	377	
MYCO003826	125	0	123	
MYCO003827	283	0	108	
MYCO003828	6	2532	26	
MYCO003829	1399	0	114	
MYCO003830	1558	0	50	
MYCO003831	30	0	46	
MYCO003832	194	0	45	
MYCO003833	826	0	59	
MYCO003836	756	0	33	
MYCO003837	63	0	54	
MYCO003838	207	0	66	
MYCO003839	16	0	57	
MYCO003840	108	0	44	
MYCO003841	20	0	40	
MYCO003843	578	0	66	
MYCO003844	171	7	35	
MYCO003845	4878	0	13	
MYCO003846	16	0	35	
MYCO003848	158	0	84	
MYCO003850	110	0	45	
MYCO003851	94	0	19	
MYCO003852	85	0	27	
MYCO003853	9	0	25	
MYCO003854	311	0	181	
MYCO003855	13	0	49	
MYCO003856	144	0	80	
MYCO003857	14	0	9	
MYCO003860	765	0	109	
MYCO003861	194	0	37	
MYCO003862	105	0	91	
MYCO003863	309	0	78	
MYCO003864	206	0	100	
MYCO003865	83	0	23	
MYCO003866	210	0	52	
MYCO003867	156	0	39	
MYCO003868	308	0	99	
MYCO003869	860	0	111	
MYCO003870	80	0	173	
MYCO003871	498	0	132	
MYCO003872	322	0	21	
MYCO003873	341	0	72	
MYCO003874	66	0	19	
MYCO003875	15	0	25	
MYCO003876	2991	0	114	
MYCO003877	83	0	137	
MYCO003878	813	0	64	
MYCO003879	2896	0	183	
MYCO003880	11	0	26	
MYCO003881	729	0	141	
MYCO003882	829	0	138	
MYCO003883	80	0	115	
MYCO003884	368	0	130	
MYCO003885	246	0	148	
MYCO003886	2263	0	101	
MYCO003887	679	0	120	
MYCO003888	175	0	111	
MYCO003889	457	0	89	
MYCO003890	134	0	24	
MYCO003891	33	0	38	
MYCO003892	1516	0	101	
MYCO003893	125	0	25	
MYCO003894	1900	0	282	
MYCO003895	1789	0	99	
MYCO003896	379	0	83	
MYCO003897	6589	0	3	
MYCO003898	3245	0	13	
MYCO003899	1868	0	91	
MYCO003900	1044	0	121	
MYCO003901	122	0	43	
MYCO003902	35	0	51	
MYCO003903	2105	0	180	
MYCO003904	19	0	35	
MYCO003905	47	0	32	
MYCO003906	80	0	53	
MYCO003909	350	0	185	
MYCO003910	461	0	340	
MYCO003911	6636	0	5	
MYCO003912	323	0	95	
MYCO003914	9	0	28	
MYCO003916	6	0	76	
MYCO003919	364	0	256	
MYCO003922	5	0	41	
MYCO003923	14	0	45	
MYCO010064	19	0	14	
MYCO010078	16	0	48	
MYCO010157	4	0	9	
MYCO010186	61	0	9	
MYCO010192	1500	0	20	
MYCO010236	53	0	7	
MYCO010277	6649	0	0	
MYCO010397	8	3263	16	
MYCO010456	16	0	20	
MYCO010470	931	0	19	
MYCO010492	60	0	14	
MYCO010500	313	0	7	
MYCO010530	16	0	10	
MYCO010590	43	0	9	
MYCO010609	31	0	17	
MYCO010616	3	0	21	
MYCO010634	14	0	16	
MYCO010691	3	0	11	
MYCO010724	6649	0	0	
MYCO010749	14	0	10	
MYCO010755	119	0	8	
MYCO010787	55	0	9	
MYCO010959	9	0	10	
MYCO011028	4	0	8	
MYCO011087	51	0	11	
MYCO011089	10	0	11	
MYCO011116	31	0	14	
MYCO011135	5	0	24	
MYCO011159	12	0	15	
MYCO011290	64	0	18	
MYCO011322	18	0	34	
MYCO011366	25	0	14	
MYCO011473	53	0	16	
MYCO011489	179	0	11	
MYCO011498	99	0	15	
MYCO011507	118	0	43	
MYCO011508	55	0	16	
MYCO011638	431	0	16	
MYCO011706	10	0	10	
MYCO011765	56	0	18	
MYCO011888	3	0	17	
MYCO011954	27	0	13	
MYCO011962	1	3900	18	
MYCO011982	17	0	10	
MYCO011990	72	0	23	
MYCO011991	1	0	9	
MYCO012023	66	0	61	
MYCO012063	176	0	21	
MYCO012077	212	0	19	
MYCO012142	3	0	13	
MYCO012160	3585	0	15	
MYCO012219	10	0	24	
MYCO012231	51	0	32	
MYCO012237	45	0	14	
MYCO012250	6644	0	1	
MYCO012274	256	0	17	
MYCO012306	55	0	37	
MYCO012307	13	0	6	
MYCO012309	8	0	22	
MYCO012331	7	0	14	
MYCO012395	27	0	14	
MYCO012401	35	0	9	
MYCO012427	6649	0	0	
MYCO012438	11	0	21	
MYCO012468	4	0	13	
MYCO012530	5	0	16	
MYCO012548	17	0	17	
MYCO012601	6	0	13	
MYCO012614	762	0	17	
MYCO012737	19	0	12	
MYCO012801	6	0	11	
MYCO012828	1204	0	17	
MYCO012862	6649	0	0	
MYCO012922	26	0	17	
MYCO012943	30	0	39	
MYCO012970	29	0	6	
MYCO012998	9	0	18	
MYCO013018	2467	4	10	
MYCO013022	1061	0	21	
MYCO013032	35	0	22	
MYCO013098	27	0	21	
MYCO013136	9	0	28	
MYCO013190	254	0	12	
MYCO013196	6	0	8	
MYCO013197	74	0	15	
MYCO013198	10	0	16	
MYCO013208	12	0	19	
MYCO013221	5	0	16	
MYCO013224	27	0	20	
MYCO013312	85	0	24	
MYCO013324	6649	0	0	
MYCO013395	252	0	30	
MYCO013566	7	0	20	
MYCO013697	69	0	15	
MYCO013705	56	0	29	
MYCO013724	743	0	12	
MYCO013770	8	0	12	
MYCO020078	4	0	23	
MYCO020456	6649	0	0	
MYCO020500	1	0	5	
MYCO022231	4758	0	21	
MYCO022306	99	0	25	
MYCO022307	73	0	30	
MYCO022395	66	0	17	
MYCO023224	45	0	11	
MYCO023724	779	0	31	
MYCO023770	12	0	14	
MYCO032307	0	0	11	
