GbGDiv simplified results table from 'accumulate-24.txt' records table.
Isolate records read from table: 6139

Locus	Missing	Paralogous	CountNuc
id	0	0	6139	
isolate	0	0	6139	
rMLST_database_accession	0	0	6139	
BACT000001	17	0	90	
BACT000002	181	0	35	
BACT000003	601	0	42	
BACT000004	36	0	30	
BACT000005	103	0	33	
BACT000006	5	0	18	
BACT000007	16	0	19	
BACT000008	27	0	27	
BACT000009	28	0	30	
BACT000010	2	0	11	
BACT000011	52	0	23	
BACT000012	4	0	22	
BACT000013	15	0	28	
BACT000014	3	5633	2	
BACT000015	9	0	9	
BACT000016	52	0	31	
BACT000017	18	0	21	
BACT000018	1	4787	4	
BACT000019	2	0	13	
BACT000020	7	0	16	
BACT000021	6138	0	1	
BACT000030	63	1719	32	
BACT000031	4	0	30	
BACT000032	16	0	26	
BACT000033	172	0	32	
BACT000034	13	0	27	
BACT000035	6	0	28	
BACT000036	403	0	24	
BACT000038	26	0	21	
BACT000039	23	0	27	
BACT000040	751	0	17	
BACT000042	10	0	28	
BACT000043	6	0	24	
BACT000044	33	0	21	
BACT000045	28	0	19	
BACT000046	8	0	35	
BACT000047	80	0	18	
BACT000048	2	0	17	
BACT000049	7	0	20	
BACT000050	36	0	17	
BACT000051	192	0	30	
BACT000052	3	0	15	
BACT000053	7	0	17	
BACT000056	10	0	13	
BACT000057	4	5941	5	
BACT000058	1	1	14	
BACT000059	0	0	13	
BACT000060	4	0	11	
BACT000061	19	0	18	
BACT000062	2	5117	8	
BACT000063	3	1	14	
BACT000064	4	0	14	
BACT000065	5	0	4	
MYCO000001	44	0	138	
MYCO000005	40	0	154	
MYCO000006	67	0	259	
MYCO000009	17	0	38	
MYCO000011	12	0	30	
MYCO000013	7	0	65	
MYCO000015	1386	0	83	
MYCO000016	101	0	98	
MYCO000017	86	0	98	
MYCO000019	10	0	37	
MYCO000038	404	0	40	
MYCO000046	19	0	70	
MYCO000047	24	0	39	
MYCO000049	41	0	32	
MYCO000050	679	0	159	
MYCO000051	517	0	120	
MYCO000054	246	0	32	
MYCO000066	30	0	141	
MYCO000068	171	0	89	
MYCO000129	58	0	41	
MYCO000183	329	0	58	
MYCO000184	374	0	37	
MYCO000189	812	0	70	
MYCO000198	67	0	122	
MYCO000204	195	0	61	
MYCO000207	19	0	46	
MYCO000211	75	0	119	
MYCO000223	618	0	83	
MYCO000225	47	0	43	
MYCO000227	696	0	64	
MYCO000228	151	0	65	
MYCO000236	1399	0	185	
MYCO000237	157	0	81	
MYCO000238	23	0	39	
MYCO000241	42	0	67	
MYCO000242	1017	0	75	
MYCO000243	576	0	72	
MYCO000244	128	3060	86	
MYCO000247	16	0	36	
MYCO000248	35	0	68	
MYCO000270	55	0	101	
MYCO000274	386	0	46	
MYCO000321	12	0	32	
MYCO000322	78	0	61	
MYCO000334	7	0	38	
MYCO000337	54	0	55	
MYCO000350	106	0	65	
MYCO000352	634	0	51	
MYCO000357	21	0	55	
MYCO000360	208	0	28	
MYCO000383	1156	0	34	
MYCO000384	776	0	95	
MYCO000407	284	0	56	
MYCO000410	198	0	114	
MYCO000411	172	0	46	
MYCO000414	1286	0	32	
MYCO000415	1355	0	46	
MYCO000417	434	1531	33	
MYCO000423	38	0	58	
MYCO000429	17	0	33	
MYCO000432	18	0	31	
MYCO000433	40	0	46	
MYCO000439	235	0	54	
MYCO000440	69	0	62	
MYCO000462	17	0	46	
MYCO000465	56	0	79	
MYCO000466	29	0	34	
MYCO000467	25	0	49	
MYCO000468	60	0	42	
MYCO000472	16	0	32	
MYCO000475	149	0	38	
MYCO000483	68	0	58	
MYCO000484	64	0	40	
MYCO000486	373	0	68	
MYCO000489	911	0	29	
MYCO000490	73	0	41	
MYCO000491	9	0	20	
MYCO000495	19	0	46	
MYCO000496	81	0	44	
MYCO000498	109	0	48	
MYCO000501	32	0	51	
MYCO000502	50	0	43	
MYCO000505	1480	0	40	
MYCO000509	137	0	71	
MYCO000510	108	0	41	
MYCO000512	139	0	44	
MYCO000524	503	0	61	
MYCO000527	192	0	39	
MYCO000528	955	0	62	
MYCO000529	226	0	55	
MYCO000548	43	0	42	
MYCO000551	211	0	97	
MYCO000553	598	0	46	
MYCO000555	581	0	58	
MYCO000557	74	0	88	
MYCO000558	307	0	30	
MYCO000562	31	0	52	
MYCO000563	129	0	48	
MYCO000564	79	0	59	
MYCO000566	18	0	24	
MYCO000636	13	0	24	
MYCO000639	238	0	28	
MYCO000647	231	0	69	
MYCO000655	35	0	54	
MYCO000667	302	0	288	
MYCO000668	248	0	276	
MYCO000672	264	0	95	
MYCO000684	86	0	98	
MYCO000685	27	0	34	
MYCO000693	592	0	49	
MYCO000696	100	0	73	
MYCO000732	17	0	60	
MYCO000733	11	0	23	
MYCO000734	646	0	33	
MYCO000757	13	0	34	
MYCO000758	171	0	170	
MYCO000772	193	0	58	
MYCO000777	70	0	44	
MYCO000780	25	0	43	
MYCO000782	6000	0	5	
MYCO000788	173	0	27	
MYCO000803	143	0	102	
MYCO000808	122	0	74	
MYCO000809	11	0	43	
MYCO000810	7	0	10	
MYCO000814	1218	23	13	
MYCO000815	95	6	44	
MYCO000820	18	0	30	
MYCO000821	35	0	21	
MYCO000823	122	0	61	
MYCO000824	14	0	28	
MYCO000859	93	0	80	
MYCO000860	371	0	112	
MYCO000861	65	0	74	
MYCO000871	20	0	14	
MYCO000876	11	0	77	
MYCO000884	24	0	51	
MYCO000885	81	0	40	
MYCO000886	1433	0	85	
MYCO000889	1221	0	57	
MYCO000896	86	0	61	
MYCO000902	52	0	34	
MYCO000903	16	0	14	
MYCO000906	1584	0	59	
MYCO000926	34	0	72	
MYCO000927	276	0	45	
MYCO000929	542	0	36	
MYCO000946	67	0	75	
MYCO000949	271	0	108	
MYCO000951	51	0	54	
MYCO000952	118	0	50	
MYCO000953	440	0	56	
MYCO000957	661	0	62	
MYCO000981	63	0	36	
MYCO000983	775	0	70	
MYCO000993	187	0	38	
MYCO000994	421	0	64	
MYCO000995	24	0	38	
MYCO001001	54	0	69	
MYCO001002	98	0	72	
MYCO001007	18	0	66	
MYCO001008	368	0	40	
MYCO001009	311	0	55	
MYCO001010	139	0	54	
MYCO001011	53	0	40	
MYCO001013	76	0	67	
MYCO001014	46	0	37	
MYCO001015	41	0	36	
MYCO001017	12	0	36	
MYCO001018	72	0	76	
MYCO001020	713	0	177	
MYCO001022	291	0	36	
MYCO001023	228	0	68	
MYCO001026	412	0	48	
MYCO001070	38	0	27	
MYCO001071	26	0	58	
MYCO001072	6	0	37	
MYCO001077	97	0	69	
MYCO001079	112	0	44	
MYCO001080	331	0	21	
MYCO001082	58	0	35	
MYCO001086	87	0	46	
MYCO001092	167	0	38	
MYCO001094	108	0	28	
MYCO001095	155	0	57	
MYCO001098	113	0	48	
MYCO001099	389	0	47	
MYCO001108	126	0	58	
MYCO001110	23	0	42	
MYCO001112	803	0	48	
MYCO001165	290	0	93	
MYCO001173	353	0	113	
MYCO001177	19	0	8	
MYCO001178	231	0	68	
MYCO001193	598	0	55	
MYCO001201	367	0	44	
MYCO001202	299	0	39	
MYCO001207	415	0	50	
MYCO001208	45	0	35	
MYCO001213	290	0	67	
MYCO001220	366	0	23	
MYCO001221	9	0	36	
MYCO001223	997	0	76	
MYCO001229	184	0	57	
MYCO001238	73	0	46	
MYCO001239	29	0	53	
MYCO001245	122	0	50	
MYCO001248	694	0	152	
MYCO001253	267	0	91	
MYCO001272	471	0	78	
MYCO001273	27	0	86	
MYCO001277	668	0	46	
MYCO001292	49	0	79	
MYCO001293	87	0	54	
MYCO001294	113	0	55	
MYCO001295	87	0	50	
MYCO001297	512	0	71	
MYCO001299	58	0	32	
MYCO001302	18	0	40	
MYCO001305	11	0	9	
MYCO001308	97	0	57	
MYCO001309	25	0	43	
MYCO001310	30	0	49	
MYCO001311	27	0	26	
MYCO001315	38	0	44	
MYCO001321	98	0	32	
MYCO001323	133	0	57	
MYCO001326	82	0	100	
MYCO001327	113	0	83	
MYCO001328	222	0	128	
MYCO001338	156	0	35	
MYCO001340	88	0	32	
MYCO001380	73	0	42	
MYCO001381	669	0	52	
MYCO001383	63	0	52	
MYCO001384	581	0	176	
MYCO001385	986	0	40	
MYCO001388	10	0	30	
MYCO001390	2	0	16	
MYCO001391	1085	0	64	
MYCO001392	592	0	70	
MYCO001402	2496	0	73	
MYCO001407	863	0	79	
MYCO001408	209	0	34	
MYCO001410	23	0	66	
MYCO001412	31	0	32	
MYCO001415	35	0	50	
MYCO001416	12	0	22	
MYCO001420	44	0	83	
MYCO001421	34	0	44	
MYCO001436	16	0	50	
MYCO001437	71	0	57	
MYCO001438	35	0	38	
MYCO001440	34	0	16	
MYCO001445	403	0	38	
MYCO001447	726	0	103	
MYCO001448	80	0	56	
MYCO001449	326	0	95	
MYCO001451	118	0	43	
MYCO001457	14	0	35	
MYCO001458	39	0	46	
MYCO001462	84	0	62	
MYCO001463	27	0	33	
MYCO001464	333	0	57	
MYCO001465	26	0	18	
MYCO001466	13	0	11	
MYCO001467	128	3108	72	
MYCO001473	62	0	60	
MYCO001474	191	0	20	
MYCO001475	38	0	101	
MYCO001479	140	0	54	
MYCO001480	202	0	46	
MYCO001481	38	0	47	
MYCO001483	161	0	26	
MYCO001484	51	0	38	
MYCO001485	188	0	38	
MYCO001493	970	0	79	
MYCO001536	210	0	151	
MYCO001540	49	0	56	
MYCO001547	224	0	127	
MYCO001557	1040	0	63	
MYCO001559	1347	0	65	
MYCO001564	79	0	100	
MYCO001568	388	0	58	
MYCO001569	1171	0	40	
MYCO001589	25	0	41	
MYCO001593	11	0	32	
MYCO001594	76	0	55	
MYCO001595	677	0	72	
MYCO001599	569	0	58	
MYCO001600	14	0	56	
MYCO001601	2	0	32	
MYCO001603	19	0	42	
MYCO001605	29	0	35	
MYCO001609	149	0	80	
MYCO001611	112	0	29	
MYCO001612	17	0	63	
MYCO001617	84	0	68	
MYCO001626	36	0	30	
MYCO001627	186	0	44	
MYCO001629	226	0	147	
MYCO001633	816	0	105	
MYCO001638	287	0	133	
MYCO001641	6139	0	0	
MYCO001649	471	0	46	
MYCO001652	356	0	48	
MYCO001653	1091	0	44	
MYCO001654	176	0	34	
MYCO001655	700	0	59	
MYCO001656	512	0	47	
MYCO001657	576	0	25	
MYCO001658	189	0	61	
MYCO001659	569	0	64	
MYCO001689	25	0	50	
MYCO001694	230	0	44	
MYCO001695	8	0	43	
MYCO001697	11	0	37	
MYCO001699	39	0	113	
MYCO001701	106	0	31	
MYCO001708	33	0	34	
MYCO001709	9	0	49	
MYCO001711	8	0	40	
MYCO001712	43	0	35	
MYCO001713	285	0	64	
MYCO001821	64	0	111	
MYCO001827	11	0	22	
MYCO001829	70	0	23	
MYCO001830	34	0	72	
MYCO001832	177	0	141	
MYCO001837	154	0	107	
MYCO001842	130	0	81	
MYCO001843	154	0	81	
MYCO001844	88	0	91	
MYCO001854	73	0	72	
MYCO001886	124	0	56	
MYCO001894	271	0	70	
MYCO001981	25	0	30	
MYCO002050	7	0	13	
MYCO002089	468	0	63	
MYCO002090	6005	0	12	
MYCO002092	743	0	134	
MYCO002093	68	0	43	
MYCO002096	46	0	53	
MYCO002097	141	0	50	
MYCO002109	24	0	35	
MYCO002110	71	0	43	
MYCO002111	172	0	11	
MYCO002112	2667	0	60	
MYCO002115	61	0	88	
MYCO002118	30	0	29	
MYCO002119	43	0	49	
MYCO002121	84	0	35	
MYCO002122	6	0	20	
MYCO002125	60	0	38	
MYCO002130	779	0	41	
MYCO002134	35	0	27	
MYCO002139	134	0	49	
MYCO002140	3	0	28	
MYCO002141	108	0	69	
MYCO002145	92	0	34	
MYCO002150	378	0	34	
MYCO002151	425	0	32	
MYCO002153	1184	0	69	
MYCO002154	1307	0	45	
MYCO002155	1029	0	102	
MYCO002156	29	0	56	
MYCO002157	2693	0	55	
MYCO002163	279	0	81	
MYCO002166	23	0	14	
MYCO002170	749	0	33	
MYCO002176	162	0	56	
MYCO002178	38	0	39	
MYCO002179	122	0	20	
MYCO002182	47	0	31	
MYCO002186	7	0	17	
MYCO002187	1752	0	80	
MYCO002188	69	0	62	
MYCO002192	202	0	49	
MYCO002193	10	0	23	
MYCO002194	56	0	42	
MYCO002195	33	0	54	
MYCO002196	30	0	77	
MYCO002199	5	0	22	
MYCO002200	44	0	52	
MYCO002201	263	0	78	
MYCO002202	279	0	48	
MYCO002210	126	0	55	
MYCO002211	183	0	61	
MYCO002213	330	0	87	
MYCO002216	59	0	59	
MYCO002217	339	0	40	
MYCO002218	272	0	56	
MYCO002219	205	0	37	
MYCO002220	44	0	66	
MYCO002221	1354	0	112	
MYCO002222	70	0	60	
MYCO002225	200	0	48	
MYCO002228	94	0	52	
MYCO002230	417	0	51	
MYCO002235	109	0	51	
MYCO002239	4	0	24	
MYCO002241	767	0	83	
MYCO002242	279	0	45	
MYCO002243	660	0	40	
MYCO002244	7	0	10	
MYCO002245	115	0	53	
MYCO002246	79	0	50	
MYCO002247	264	0	55	
MYCO002257	69	0	46	
MYCO002259	316	0	48	
MYCO002315	1062	0	72	
MYCO002343	313	0	83	
MYCO002344	943	0	49	
MYCO002357	20	0	42	
MYCO002361	21	0	30	
MYCO002362	173	0	32	
MYCO002364	16	0	44	
MYCO002366	25	0	72	
MYCO002367	12	0	20	
MYCO002368	63	0	51	
MYCO002373	100	0	54	
MYCO002374	203	0	59	
MYCO002399	88	0	43	
MYCO002400	71	0	61	
MYCO002402	106	0	111	
MYCO002404	49	0	98	
MYCO002409	27	0	35	
MYCO002410	13	0	33	
MYCO002411	157	0	74	
MYCO002413	236	0	42	
MYCO002420	279	0	26	
MYCO002421	5	0	19	
MYCO002425	514	0	49	
MYCO002426	1757	0	53	
MYCO002427	549	0	59	
MYCO002439	948	0	39	
MYCO002440	155	0	74	
MYCO002445	39	0	16	
MYCO002447	118	0	71	
MYCO002448	269	0	114	
MYCO002454	43	0	55	
MYCO002455	110	0	76	
MYCO002457	42	0	40	
MYCO002460	9	0	20	
MYCO002461	12	0	28	
MYCO002462	394	0	53	
MYCO002465	96	0	22	
MYCO002466	60	0	29	
MYCO002467	145	0	119	
MYCO002470	14	0	27	
MYCO002477	38	0	70	
MYCO002500	18	0	55	
MYCO002502	78	0	77	
MYCO002509	21	0	50	
MYCO002511	24	0	25	
MYCO002518	740	0	48	
MYCO002521	3	0	28	
MYCO002523	58	0	13	
MYCO002524	1796	0	307	
MYCO002533	30	0	24	
MYCO002534	8	0	26	
MYCO002538	336	0	53	
MYCO002540	1360	0	60	
MYCO002555	118	0	92	
MYCO002559	547	0	55	
MYCO002568	81	0	49	
MYCO002572	224	0	76	
MYCO002575	98	0	48	
MYCO002580	290	0	46	
MYCO002582	50	0	41	
MYCO002583	172	0	94	
MYCO002587	939	0	84	
MYCO002589	202	0	60	
MYCO002592	269	0	39	
MYCO002593	143	0	30	
MYCO002594	5	0	19	
MYCO002603	16	0	33	
MYCO002606	60	0	37	
MYCO002610	159	0	48	
MYCO002611	125	0	54	
MYCO002612	13	0	32	
MYCO002613	11	0	18	
MYCO002614	109	0	69	
MYCO002670	36	0	47	
MYCO002673	717	1562	50	
MYCO002676	38	0	27	
MYCO002678	561	0	51	
MYCO002682	140	0	72	
MYCO002696	164	0	46	
MYCO002697	17	0	21	
MYCO002699	0	0	13	
MYCO002702	15	0	49	
MYCO002703	219	0	56	
MYCO002708	6	0	17	
MYCO002710	112	0	40	
MYCO002711	43	0	34	
MYCO002714	46	0	45	
MYCO002715	803	0	68	
MYCO002720	25	0	50	
MYCO002724	67	0	74	
MYCO002725	166	0	71	
MYCO002726	89	0	39	
MYCO002727	331	0	51	
MYCO002731	699	0	55	
MYCO002733	1417	0	65	
MYCO002744	185	0	40	
MYCO002748	588	0	123	
MYCO002750	124	0	41	
MYCO002753	19	0	52	
MYCO002754	57	0	30	
MYCO002764	114	0	56	
MYCO002773	34	0	36	
MYCO002782	470	0	63	
MYCO002783	210	0	81	
MYCO002788	677	0	22	
MYCO002794	37	0	38	
MYCO002795	124	0	49	
MYCO002828	2762	748	51	
MYCO002838	124	0	27	
MYCO002839	2354	0	98	
MYCO002841	38	0	57	
MYCO002846	19	0	60	
MYCO002847	146	0	55	
MYCO002861	31	0	37	
MYCO002864	72	0	63	
MYCO002868	18	0	40	
MYCO002870	145	0	47	
MYCO002882	14	0	31	
MYCO002883	13	0	36	
MYCO002889	129	0	30	
MYCO002894	799	0	35	
MYCO002901	5	0	10	
MYCO002902	352	0	40	
MYCO002915	120	0	58	
MYCO002916	491	0	58	
MYCO002917	984	0	72	
MYCO002918	387	0	117	
MYCO002919	9	0	16	
MYCO002921	213	0	67	
MYCO002927	34	0	36	
MYCO002965	4	0	13	
MYCO002967	406	0	103	
MYCO002976	105	0	38	
MYCO002981	268	0	60	
MYCO002982	41	0	50	
MYCO002984	86	0	73	
MYCO002988	157	0	47	
MYCO002992	187	0	72	
MYCO002993	15	0	36	
MYCO002995	230	0	53	
MYCO002996	404	0	73	
MYCO003001	30	0	41	
MYCO003003	286	0	77	
MYCO003006	213	0	45	
MYCO003009	33	0	69	
MYCO003010	568	0	44	
MYCO003011	1109	0	60	
MYCO003014	578	0	94	
MYCO003024	282	0	61	
MYCO003025	176	0	54	
MYCO003027	50	0	54	
MYCO003028	790	0	42	
MYCO003029	30	0	31	
MYCO003031	348	0	75	
MYCO003032	621	0	45	
MYCO003034	28	0	33	
MYCO003038	16	0	43	
MYCO003042	116	0	46	
MYCO003043	23	0	61	
MYCO003045	12	0	44	
MYCO003048	27	0	47	
MYCO003049	161	0	83	
MYCO003051	54	0	63	
MYCO003052	28	0	16	
MYCO003053	8	0	9	
MYCO003054	212	0	37	
MYCO003057	27	0	42	
MYCO003085	362	0	46	
MYCO003100	14	0	22	
MYCO003101	37	0	32	
MYCO003102	6	0	32	
MYCO003105	279	0	54	
MYCO003117	95	6	44	
MYCO003118	1218	23	13	
MYCO003139	31	0	73	
MYCO003140	31	0	65	
MYCO003193	99	0	138	
MYCO003194	8	0	38	
MYCO003195	487	0	77	
MYCO003197	42	0	61	
MYCO003198	452	0	82	
MYCO003205	68	0	38	
MYCO003206	39	0	66	
MYCO003207	23	0	43	
MYCO003208	81	0	32	
MYCO003211	492	0	88	
MYCO003213	26	0	48	
MYCO003214	41	0	41	
MYCO003219	9	0	8	
MYCO003220	37	0	57	
MYCO003221	0	0	12	
MYCO003223	6	0	33	
MYCO003228	593	0	48	
MYCO003229	37	0	80	
MYCO003240	669	0	104	
MYCO003241	284	0	31	
MYCO003245	27	0	65	
MYCO003246	19	0	19	
MYCO003248	71	0	82	
MYCO003252	300	0	60	
MYCO003255	170	0	44	
MYCO003257	305	0	58	
MYCO003258	417	0	24	
MYCO003261	23	0	47	
MYCO003262	356	0	54	
MYCO003264	27	0	37	
MYCO003265	153	0	45	
MYCO003267	418	0	50	
MYCO003274	11	0	53	
MYCO003275	198	0	28	
MYCO003276	166	0	58	
MYCO003277	13	0	31	
MYCO003280	53	0	65	
MYCO003285	205	0	64	
MYCO003290	36	0	48	
MYCO003296	1859	0	216	
MYCO003302	121	0	63	
MYCO003303	6083	0	2	
MYCO003304	68	0	16	
MYCO003305	120	0	48	
MYCO003306	383	0	58	
MYCO003313	40	0	30	
MYCO003317	26	0	29	
MYCO003318	326	0	67	
MYCO003319	83	0	42	
MYCO003328	473	0	58	
MYCO003329	74	0	76	
MYCO003330	624	0	63	
MYCO003336	19	0	39	
MYCO003340	31	0	50	
MYCO003341	815	0	56	
MYCO003356	36	0	37	
MYCO003392	64	4693	21	
MYCO003396	114	0	62	
MYCO003409	166	0	63	
MYCO003410	1081	0	47	
MYCO003411	275	0	76	
MYCO003412	14	0	20	
MYCO003417	19	3513	51	
MYCO003418	3	0	12	
MYCO003419	261	0	44	
MYCO003422	7	0	22	
MYCO003432	49	0	54	
MYCO003433	2186	0	47	
MYCO003436	1522	0	69	
MYCO003441	677	0	65	
MYCO003455	294	0	38	
MYCO003457	28	0	52	
MYCO003462	9	0	14	
MYCO003464	21	0	43	
MYCO003490	80	0	76	
MYCO003500	30	0	41	
MYCO003501	45	0	33	
MYCO003504	48	0	58	
MYCO003520	78	0	61	
MYCO003570	23	0	40	
MYCO003571	77	0	48	
MYCO003579	887	0	64	
MYCO003580	127	0	46	
MYCO003583	6	0	22	
MYCO003589	1443	0	45	
MYCO003592	12	0	17	
MYCO003596	481	0	108	
MYCO003598	52	0	54	
MYCO003600	53	0	35	
MYCO003601	48	0	23	
MYCO003609	8	0	18	
MYCO003610	600	0	90	
MYCO003624	17	0	43	
MYCO003628	29	0	27	
MYCO003644	336	0	66	
MYCO003646	925	0	120	
MYCO003647	95	0	30	
MYCO003648	10	0	33	
MYCO003668	14	0	34	
MYCO003670	317	0	48	
MYCO003674	16	0	36	
MYCO003676	12	0	28	
MYCO003677	85	0	46	
MYCO003679	32	0	61	
MYCO003680	149	0	52	
MYCO003682	210	0	107	
MYCO003683	114	0	51	
MYCO003684	95	0	36	
MYCO003695	49	0	59	
MYCO003696	251	0	106	
MYCO003705	12	0	39	
MYCO003707	181	0	51	
MYCO003708	183	0	50	
MYCO003709	110	0	53	
MYCO003710	2438	0	57	
MYCO003711	62	0	59	
MYCO003712	815	0	54	
MYCO003713	63	0	26	
MYCO003715	9	0	23	
MYCO003717	8	0	38	
MYCO003718	6	0	18	
MYCO003719	37	0	65	
MYCO003720	218	0	71	
MYCO003721	537	0	85	
MYCO003722	27	0	73	
MYCO003765	685	0	49	
MYCO003774	31	0	57	
MYCO003775	92	0	77	
MYCO003777	373	0	52	
MYCO003778	67	0	69	
MYCO003780	580	0	31	
MYCO003781	14	0	33	
MYCO003782	62	0	47	
MYCO003783	61	0	39	
MYCO003790	36	0	68	
MYCO003791	71	0	54	
MYCO003793	1032	0	183	
MYCO003794	339	0	212	
MYCO003795	289	0	293	
MYCO003799	29	0	77	
MYCO003801	67	0	75	
MYCO003802	121	0	53	
MYCO003804	66	0	55	
MYCO003806	25	0	88	
MYCO003808	381	0	75	
MYCO003809	12	0	49	
MYCO003816	458	0	49	
MYCO003834	181	0	61	
MYCO003835	815	0	76	
MYCO003842	163	0	76	
MYCO003847	2300	0	28	
MYCO003849	15	0	21	
MYCO003858	66	0	61	
MYCO003859	622	0	206	
MYCO003907	62	0	103	
MYCO003908	234	0	50	
MYCO003913	113	0	91	
MYCO003915	15	0	96	
MYCO003917	29	0	98	
MYCO003918	19	0	97	
MYCO003920	14	0	51	
MYCO003921	29	0	100	
MYCO013678	4	0	17	
MYCO000002	72	0	96	
MYCO000003	65	0	89	
MYCO000004	20	0	73	
MYCO000007	667	0	121	
MYCO000008	34	0	54	
MYCO000010	24	0	80	
MYCO000012	52	0	81	
MYCO000014	23	0	128	
MYCO000018	371	0	106	
MYCO000020	315	0	150	
MYCO000021	833	0	68	
MYCO000022	82	0	46	
MYCO000023	54	0	67	
MYCO000024	1888	0	63	
MYCO000025	664	0	43	
MYCO000026	200	0	105	
MYCO000027	32	0	19	
MYCO000028	20	0	26	
MYCO000029	461	0	103	
MYCO000030	1195	0	30	
MYCO000031	58	0	20	
MYCO000032	1876	0	136	
MYCO000033	23	0	15	
MYCO000034	15	0	28	
MYCO000035	96	0	154	
MYCO000036	134	0	63	
MYCO000037	82	0	93	
MYCO000039	269	0	31	
MYCO000040	96	0	74	
MYCO000041	559	0	192	
MYCO000042	409	0	84	
MYCO000043	54	0	56	
MYCO000044	768	0	55	
MYCO000045	2705	0	63	
MYCO000048	42	0	79	
MYCO000052	185	25	55	
MYCO000057	26	3649	63	
MYCO000058	99	0	156	
MYCO000059	28	0	57	
MYCO000060	16	0	60	
MYCO000061	1414	0	20	
MYCO000062	334	0	102	
MYCO000063	453	0	129	
MYCO000064	2533	0	159	
MYCO000065	15	0	16	
MYCO000067	24	0	42	
MYCO000069	140	0	83	
MYCO000070	34	3551	54	
MYCO000071	1693	0	67	
MYCO000072	1444	0	54	
MYCO000073	49	2597	56	
MYCO000074	2367	0	75	
MYCO000075	301	0	75	
MYCO000076	22	0	27	
MYCO000077	64	0	61	
MYCO000078	72	0	29	
MYCO000079	101	0	44	
MYCO000080	120	0	47	
MYCO000081	10	0	33	
MYCO000082	1618	0	31	
MYCO000083	2228	0	65	
MYCO000084	48	0	55	
MYCO000085	400	0	45	
MYCO000086	505	0	84	
MYCO000087	436	0	93	
MYCO000088	38	0	52	
MYCO000089	67	0	43	
MYCO000090	87	0	58	
MYCO000091	101	0	42	
MYCO000092	353	0	125	
MYCO000093	184	0	64	
MYCO000094	5923	87	41	
MYCO000095	2637	0	191	
MYCO000096	686	0	97	
MYCO000097	15	0	33	
MYCO000098	13	0	31	
MYCO000099	1744	0	76	
MYCO000100	9	0	9	
MYCO000101	254	0	403	
MYCO000102	152	0	126	
MYCO000103	267	0	130	
MYCO000104	1968	0	93	
MYCO000106	152	0	53	
MYCO000107	6083	0	6	
MYCO000108	17	0	15	
MYCO000109	1957	0	74	
MYCO000110	28	0	46	
MYCO000111	228	0	107	
MYCO000112	48	0	79	
MYCO000113	341	0	60	
MYCO000114	261	0	41	
MYCO000115	811	0	78	
MYCO000116	31	0	49	
MYCO000117	25	0	57	
MYCO000118	214	0	119	
MYCO000119	167	0	95	
MYCO000120	155	0	142	
MYCO000121	206	0	32	
MYCO000122	26	0	21	
MYCO000123	8	0	20	
MYCO000124	5976	0	6	
MYCO000125	356	0	62	
MYCO000126	60	0	111	
MYCO000127	60	0	64	
MYCO000128	60	0	37	
MYCO000130	8	0	43	
MYCO000131	48	0	73	
MYCO000132	265	0	55	
MYCO000133	718	0	50	
MYCO000134	2108	0	33	
MYCO000135	16	0	30	
MYCO000136	630	0	100	
MYCO000137	690	0	37	
MYCO000138	640	0	32	
MYCO000139	65	0	55	
MYCO000140	17	0	25	
MYCO000141	17	0	29	
MYCO000142	962	0	62	
MYCO000143	369	0	102	
MYCO000144	417	0	45	
MYCO000145	291	0	72	
MYCO000146	1027	0	63	
MYCO000147	219	0	112	
MYCO000148	63	0	42	
MYCO000149	1102	0	53	
MYCO000150	44	0	19	
MYCO000151	452	0	119	
MYCO000152	145	0	119	
MYCO000153	116	0	48	
MYCO000154	72	0	55	
MYCO000155	181	0	56	
MYCO000156	7	0	18	
MYCO000157	463	0	74	
MYCO000158	17	0	38	
MYCO000159	507	0	100	
MYCO000160	61	0	109	
MYCO000161	192	0	85	
MYCO000162	350	0	72	
MYCO000163	5	0	36	
MYCO000164	15	0	25	
MYCO000165	3038	0	17	
MYCO000166	106	0	104	
MYCO000167	13	3054	30	
MYCO000168	91	0	61	
MYCO000169	184	0	96	
MYCO000170	17	0	47	
MYCO000171	1611	0	85	
MYCO000172	263	0	100	
MYCO000173	19	0	63	
MYCO000174	116	0	89	
MYCO000175	95	0	58	
MYCO000176	248	0	61	
MYCO000177	3	0	25	
MYCO000178	35	0	47	
MYCO000179	372	0	71	
MYCO000180	744	0	89	
MYCO000181	16	0	41	
MYCO000182	458	0	81	
MYCO000185	129	0	24	
MYCO000186	335	0	120	
MYCO000187	106	0	48	
MYCO000188	24	0	30	
MYCO000190	1	0	16	
MYCO000191	630	0	66	
MYCO000192	1441	0	58	
MYCO000193	59	0	126	
MYCO000194	488	0	222	
MYCO000195	980	0	37	
MYCO000196	99	0	27	
MYCO000197	6136	0	3	
MYCO000199	9	0	33	
MYCO000200	103	0	34	
MYCO000201	479	0	26	
MYCO000202	227	0	155	
MYCO000203	278	0	24	
MYCO000205	780	0	51	
MYCO000206	403	0	127	
MYCO000208	38	0	33	
MYCO000209	479	0	68	
MYCO000210	562	0	72	
MYCO000212	79	0	59	
MYCO000213	39	0	71	
MYCO000214	96	0	101	
MYCO000215	736	0	51	
MYCO000216	93	0	50	
MYCO000217	559	0	54	
MYCO000218	1817	0	62	
MYCO000219	9	0	42	
MYCO000220	255	0	67	
MYCO000221	690	0	64	
MYCO000222	140	0	42	
MYCO000224	82	0	27	
MYCO000226	391	0	89	
MYCO000229	33	0	43	
MYCO000230	25	0	67	
MYCO000231	90	0	94	
MYCO000232	44	0	45	
MYCO000233	635	0	46	
MYCO000234	334	0	75	
MYCO000235	98	0	114	
MYCO000239	12	0	21	
MYCO000240	13	0	28	
MYCO000245	34	0	37	
MYCO000246	277	0	75	
MYCO000249	33	0	40	
MYCO000250	10	0	17	
MYCO000251	11	0	41	
MYCO000252	113	0	162	
MYCO000253	39	0	19	
MYCO000254	87	0	23	
MYCO000255	562	0	88	
MYCO000256	1694	0	89	
MYCO000257	796	0	35	
MYCO000258	71	0	29	
MYCO000259	14	0	45	
MYCO000260	94	0	79	
MYCO000261	83	0	94	
MYCO000262	33	0	32	
MYCO000263	557	0	50	
MYCO000264	128	0	40	
MYCO000265	36	0	70	
MYCO000266	1558	0	168	
MYCO000267	676	0	68	
MYCO000268	61	0	35	
MYCO000269	132	0	66	
MYCO000271	216	0	126	
MYCO000272	118	0	82	
MYCO000273	98	0	40	
MYCO000275	610	0	60	
MYCO000276	290	1717	58	
MYCO000277	194	2585	85	
MYCO000278	6127	0	5	
MYCO000279	5805	0	89	
MYCO000280	2652	0	83	
MYCO000281	320	0	51	
MYCO000282	86	0	90	
MYCO000283	541	0	85	
MYCO000284	1134	0	193	
MYCO000285	211	0	13	
MYCO000286	1775	0	81	
MYCO000287	25	23	16	
MYCO000288	3	0	29	
MYCO000289	138	0	72	
MYCO000290	999	0	97	
MYCO000291	836	0	79	
MYCO000292	63	0	52	
MYCO000293	175	0	79	
MYCO000294	153	0	54	
MYCO000295	27	0	38	
MYCO000296	102	0	69	
MYCO000297	3225	0	118	
MYCO000298	11	0	16	
MYCO000299	9	0	26	
MYCO000300	6	0	11	
MYCO000301	7	0	27	
MYCO000302	106	0	43	
MYCO000303	72	0	64	
MYCO000304	844	0	441	
MYCO000305	6044	0	14	
MYCO000306	24	0	36	
MYCO000307	32	0	31	
MYCO000308	11	0	44	
MYCO000309	37	0	30	
MYCO000310	5	0	20	
MYCO000311	46	0	75	
MYCO000312	531	0	87	
MYCO000313	8	0	25	
MYCO000314	229	0	47	
MYCO000315	1478	0	45	
MYCO000316	585	0	33	
MYCO000317	90	0	54	
MYCO000318	37	0	40	
MYCO000319	83	0	42	
MYCO000320	22	0	38	
MYCO000323	648	0	44	
MYCO000324	36	0	37	
MYCO000325	2973	0	7	
MYCO000326	293	0	27	
MYCO000327	352	0	72	
MYCO000328	13	0	27	
MYCO000329	168	0	45	
MYCO000330	49	0	48	
MYCO000331	336	0	90	
MYCO000332	61	0	49	
MYCO000333	6	0	22	
MYCO000335	876	0	30	
MYCO000336	5317	679	28	
MYCO000338	1168	0	111	
MYCO000339	896	0	137	
MYCO000340	21	0	36	
MYCO000341	1903	0	65	
MYCO000342	215	0	88	
MYCO000343	261	0	85	
MYCO000344	34	0	27	
MYCO000345	14	0	32	
MYCO000346	285	0	64	
MYCO000347	14	26	34	
MYCO000348	12	0	24	
MYCO000349	29	0	38	
MYCO000351	160	0	31	
MYCO000353	9	0	25	
MYCO000354	6135	0	1	
MYCO000355	3760	0	420	
MYCO000356	542	0	45	
MYCO000358	1670	0	37	
MYCO000359	88	0	48	
MYCO000361	19	0	40	
MYCO000362	44	0	88	
MYCO000363	59	0	56	
MYCO000364	21	0	39	
MYCO000365	181	0	63	
MYCO000366	103	0	38	
MYCO000367	51	0	20	
MYCO000368	289	0	78	
MYCO000369	16	0	30	
MYCO000370	54	0	74	
MYCO000371	48	0	27	
MYCO000372	193	0	50	
MYCO000373	246	0	162	
MYCO000374	27	0	34	
MYCO000375	661	0	36	
MYCO000376	491	0	66	
MYCO000377	449	0	65	
MYCO000378	845	0	14	
MYCO000379	18	0	17	
MYCO000380	108	0	30	
MYCO000381	88	0	45	
MYCO000382	39	0	22	
MYCO000385	25	0	50	
MYCO000386	515	0	169	
MYCO000387	2229	0	30	
MYCO000388	6134	0	3	
MYCO000389	766	0	77	
MYCO000390	9	0	24	
MYCO000391	128	0	51	
MYCO000392	379	0	81	
MYCO000393	1925	0	113	
MYCO000394	71	0	41	
MYCO000395	963	0	16	
MYCO000396	44	0	22	
MYCO000397	947	2043	84	
MYCO000398	411	0	32	
MYCO000399	106	0	81	
MYCO000400	168	0	61	
MYCO000401	307	0	27	
MYCO000402	1050	0	136	
MYCO000403	1403	0	21	
MYCO000404	189	0	156	
MYCO000405	2960	0	180	
MYCO000406	89	0	46	
MYCO000408	41	0	109	
MYCO000409	46	0	54	
MYCO000412	45	0	67	
MYCO000413	192	0	31	
MYCO000416	2	0	8	
MYCO000418	58	0	82	
MYCO000419	132	0	88	
MYCO000420	7	0	41	
MYCO000421	42	0	41	
MYCO000422	33	0	39	
MYCO000424	4	0	18	
MYCO000425	1455	0	205	
MYCO000426	111	0	31	
MYCO000427	80	0	49	
MYCO000428	313	0	44	
MYCO000430	92	0	9	
MYCO000431	31	0	20	
MYCO000434	67	0	37	
MYCO000435	414	0	117	
MYCO000436	432	0	42	
MYCO000437	345	0	25	
MYCO000438	112	0	69	
MYCO000441	373	0	24	
MYCO000442	186	0	91	
MYCO000443	226	0	24	
MYCO000444	930	0	41	
MYCO000445	23	0	25	
MYCO000446	1273	0	34	
MYCO000447	257	0	71	
MYCO000448	110	0	32	
MYCO000449	98	0	52	
MYCO000450	94	0	128	
MYCO000451	14	0	30	
MYCO000452	17	0	32	
MYCO000453	1595	0	53	
MYCO000454	23	0	22	
MYCO000455	4	0	25	
MYCO000456	75	0	54	
MYCO000457	734	0	91	
MYCO000458	460	0	89	
MYCO000459	172	0	44	
MYCO000460	6	0	14	
MYCO000461	67	0	35	
MYCO000463	106	0	13	
MYCO000464	7	0	27	
MYCO000469	107	0	63	
MYCO000470	50	0	33	
MYCO000471	121	0	37	
MYCO000473	50	0	63	
MYCO000474	11	0	22	
MYCO000476	16	0	13	
MYCO000477	84	0	22	
MYCO000478	39	0	42	
MYCO000479	619	0	39	
MYCO000480	203	0	42	
MYCO000481	34	0	30	
MYCO000482	61	0	47	
MYCO000485	110	0	62	
MYCO000487	192	0	40	
MYCO000488	32	0	35	
MYCO000492	821	0	106	
MYCO000493	243	0	63	
MYCO000494	176	0	40	
MYCO000497	762	0	42	
MYCO000499	159	0	44	
MYCO000500	512	0	40	
MYCO000503	13	0	33	
MYCO000504	7	0	20	
MYCO000506	35	0	13	
MYCO000507	494	0	198	
MYCO000508	0	0	13	
MYCO000511	983	0	74	
MYCO000513	96	0	22	
MYCO000514	52	0	30	
MYCO000515	5317	409	27	
MYCO000516	30	0	24	
MYCO000517	147	0	75	
MYCO000518	34	0	35	
MYCO000519	738	0	43	
MYCO000520	69	0	17	
MYCO000521	9	0	16	
MYCO000522	38	0	50	
MYCO000523	290	0	24	
MYCO000525	598	0	41	
MYCO000526	89	0	36	
MYCO000530	507	0	85	
MYCO000531	806	0	17	
MYCO000532	5764	0	15	
MYCO000533	135	0	42	
MYCO000534	255	0	54	
MYCO000535	102	0	44	
MYCO000536	952	0	43	
MYCO000537	474	0	84	
MYCO000538	1499	0	129	
MYCO000539	2442	0	24	
MYCO000540	528	0	29	
MYCO000541	229	0	68	
MYCO000542	798	0	57	
MYCO000543	0	0	10	
MYCO000544	570	0	19	
MYCO000545	228	0	63	
MYCO000546	21	0	24	
MYCO000547	373	0	51	
MYCO000549	81	0	26	
MYCO000550	35	0	15	
MYCO000552	1276	0	77	
MYCO000554	403	0	38	
MYCO000556	12	0	26	
MYCO000559	101	0	20	
MYCO000560	36	0	40	
MYCO000561	413	0	49	
MYCO000565	237	0	111	
MYCO000567	113	0	58	
MYCO000568	211	0	73	
MYCO000569	11	0	15	
MYCO000570	351	0	127	
MYCO000571	585	0	63	
MYCO000572	25	0	24	
MYCO000573	386	0	76	
MYCO000574	324	0	58	
MYCO000575	410	0	67	
MYCO000576	496	0	74	
MYCO000577	505	0	50	
MYCO000578	4663	0	139	
MYCO000579	307	0	50	
MYCO000580	40	0	30	
MYCO000581	202	0	17	
MYCO000582	27	0	18	
MYCO000583	161	0	43	
MYCO000584	85	0	158	
MYCO000585	211	0	130	
MYCO000586	28	1911	40	
MYCO000587	191	0	62	
MYCO000588	260	0	54	
MYCO000589	85	0	74	
MYCO000590	2987	0	32	
MYCO000591	481	0	93	
MYCO000592	1086	0	60	
MYCO000593	78	0	66	
MYCO000594	335	0	104	
MYCO000595	43	0	26	
MYCO000596	46	0	13	
MYCO000597	24	0	60	
MYCO000598	25	0	24	
MYCO000599	11	3413	17	
MYCO000600	315	0	27	
MYCO000601	283	0	40	
MYCO000602	753	0	47	
MYCO000603	1140	0	17	
MYCO000604	311	0	56	
MYCO000605	45	0	27	
MYCO000606	130	0	43	
MYCO000607	16	0	20	
MYCO000608	3	0	10	
MYCO000609	37	0	27	
MYCO000610	738	0	49	
MYCO000611	14	0	28	
MYCO000612	810	0	31	
MYCO000613	1651	0	113	
MYCO000614	217	0	54	
MYCO000615	87	0	13	
MYCO000616	41	0	27	
MYCO000617	19	0	25	
MYCO000618	811	0	31	
MYCO000619	6139	0	0	
MYCO000620	1613	0	63	
MYCO000621	838	0	50	
MYCO000622	24	0	54	
MYCO000623	13	0	13	
MYCO000624	16	0	28	
MYCO000625	440	0	40	
MYCO000626	43	0	15	
MYCO000627	46	0	19	
MYCO000628	527	2830	58	
MYCO000629	1077	0	89	
MYCO000630	1661	0	131	
MYCO000631	1668	0	133	
MYCO000632	8	0	31	
MYCO000633	48	0	52	
MYCO000634	16	0	30	
MYCO000635	12	0	27	
MYCO000637	7	0	37	
MYCO000638	96	0	32	
MYCO000642	39	0	48	
MYCO000643	162	0	47	
MYCO000644	10	21	36	
MYCO000645	6	0	36	
MYCO000646	102	0	47	
MYCO000648	2077	0	154	
MYCO000649	2369	0	38	
MYCO000650	1725	0	44	
MYCO000653	36	0	33	
MYCO000654	642	0	83	
MYCO000656	40	0	25	
MYCO000657	5	0	7	
MYCO000658	40	0	45	
MYCO000659	16	0	22	
MYCO000660	76	0	18	
MYCO000661	84	0	23	
MYCO000662	99	0	13	
MYCO000663	497	0	143	
MYCO000664	7	0	12	
MYCO000665	71	0	18	
MYCO000666	7	0	15	
MYCO000669	607	0	101	
MYCO000670	1063	0	29	
MYCO000671	125	0	49	
MYCO000673	830	0	51	
MYCO000674	81	0	29	
MYCO000675	292	0	35	
MYCO000676	30	2720	104	
MYCO000677	12	0	24	
MYCO000678	29	0	31	
MYCO000679	91	0	28	
MYCO000680	16	0	22	
MYCO000681	14	0	39	
MYCO000686	931	0	36	
MYCO000687	85	0	35	
MYCO000688	66	0	57	
MYCO000689	296	0	17	
MYCO000690	81	0	40	
MYCO000691	4	0	39	
MYCO000692	9	0	19	
MYCO000694	348	0	48	
MYCO000695	80	0	32	
MYCO000697	29	0	71	
MYCO000698	1124	0	33	
MYCO000699	3	0	11	
MYCO000711	440	0	104	
MYCO000712	26	0	34	
MYCO000713	28	0	66	
MYCO000724	591	0	97	
MYCO000725	78	0	40	
MYCO000726	159	0	66	
MYCO000727	386	0	41	
MYCO000728	177	0	56	
MYCO000729	901	0	78	
MYCO000730	191	0	38	
MYCO000731	509	0	50	
MYCO000735	17	0	33	
MYCO000736	139	0	46	
MYCO000737	30	0	23	
MYCO000738	769	0	31	
MYCO000739	3048	0	23	
MYCO000740	1513	0	41	
MYCO000741	34	742	22	
MYCO000742	6139	0	0	
MYCO000743	20	0	26	
MYCO000744	302	0	31	
MYCO000745	834	0	34	
MYCO000746	5577	0	30	
MYCO000747	5554	0	44	
MYCO000748	624	0	27	
MYCO000749	194	2940	59	
MYCO000750	1400	2275	25	
MYCO000751	220	0	42	
MYCO000752	165	0	64	
MYCO000753	308	0	74	
MYCO000754	1687	0	82	
MYCO000755	778	0	126	
MYCO000756	170	0	39	
MYCO000759	2	0	13	
MYCO000760	203	0	22	
MYCO000761	53	0	41	
MYCO000762	25	0	29	
MYCO000763	11	0	12	
MYCO000764	43	0	61	
MYCO000765	139	0	46	
MYCO000766	1455	0	60	
MYCO000767	477	0	38	
MYCO000768	72	0	82	
MYCO000769	15	0	42	
MYCO000770	375	0	43	
MYCO000771	82	0	28	
MYCO000773	120	0	88	
MYCO000774	264	0	56	
MYCO000775	111	0	41	
MYCO000776	262	0	39	
MYCO000778	339	0	62	
MYCO000779	1952	0	28	
MYCO000781	5999	0	2	
MYCO000783	53	0	101	
MYCO000784	184	0	41	
MYCO000785	189	0	71	
MYCO000786	233	0	27	
MYCO000787	899	0	53	
MYCO000789	15	0	27	
MYCO000790	43	0	47	
MYCO000791	158	0	62	
MYCO000792	37	0	46	
MYCO000793	20	0	16	
MYCO000794	101	0	71	
MYCO000795	747	2	21	
MYCO000796	6139	0	0	
MYCO000797	6044	0	12	
MYCO000798	31	0	32	
MYCO000799	12	0	34	
MYCO000800	83	0	69	
MYCO000801	12	0	23	
MYCO000802	147	0	49	
MYCO000804	1081	0	28	
MYCO000805	21	0	61	
MYCO000806	31	0	72	
MYCO000807	27	0	14	
MYCO000811	407	0	50	
MYCO000812	33	0	41	
MYCO000813	463	0	41	
MYCO000816	13	0	30	
MYCO000817	8	0	39	
MYCO000818	149	0	32	
MYCO000819	96	0	51	
MYCO000822	1099	0	92	
MYCO000825	66	0	59	
MYCO000826	369	0	42	
MYCO000827	469	0	25	
MYCO000828	131	0	34	
MYCO000829	168	1937	40	
MYCO000830	35	0	58	
MYCO000831	44	0	38	
MYCO000832	1476	0	18	
MYCO000833	4928	0	73	
MYCO000834	3695	0	95	
MYCO000835	448	0	56	
MYCO000836	3063	0	18	
MYCO000837	220	0	59	
MYCO000838	79	0	42	
MYCO000839	98	0	29	
MYCO000840	104	0	42	
MYCO000841	73	0	17	
MYCO000842	310	0	77	
MYCO000843	34	0	63	
MYCO000844	165	0	49	
MYCO000845	75	0	72	
MYCO000846	269	0	70	
MYCO000847	793	0	19	
MYCO000848	101	0	72	
MYCO000849	800	0	79	
MYCO000850	32	0	17	
MYCO000851	468	0	35	
MYCO000852	43	0	52	
MYCO000853	237	0	85	
MYCO000854	16	0	30	
MYCO000855	171	0	56	
MYCO000856	13	0	25	
MYCO000857	25	0	23	
MYCO000858	348	0	75	
MYCO000862	545	0	127	
MYCO000863	14	0	13	
MYCO000864	35	0	27	
MYCO000865	50	0	19	
MYCO000866	469	0	30	
MYCO000867	3057	0	93	
MYCO000868	38	0	16	
MYCO000869	462	0	64	
MYCO000870	23	0	23	
MYCO000872	2797	0	90	
MYCO000873	88	0	97	
MYCO000874	528	2906	54	
MYCO000875	32	0	25	
MYCO000877	45	0	37	
MYCO000878	4473	0	47	
MYCO000879	156	0	24	
MYCO000880	85	0	24	
MYCO000881	39	0	44	
MYCO000882	59	0	22	
MYCO000883	220	0	32	
MYCO000887	25	0	18	
MYCO000888	1410	0	75	
MYCO000890	236	0	157	
MYCO000891	187	0	43	
MYCO000892	47	0	97	
MYCO000893	59	0	73	
MYCO000894	89	0	71	
MYCO000895	192	0	74	
MYCO000897	1304	0	83	
MYCO000898	7	0	13	
MYCO000899	25	0	41	
MYCO000900	19	0	8	
MYCO000901	334	0	33	
MYCO000904	962	0	65	
MYCO000905	44	0	41	
MYCO000907	6135	0	1	
MYCO000908	40	0	119	
MYCO000909	49	0	13	
MYCO000910	26	0	30	
MYCO000911	359	0	46	
MYCO000912	12	0	26	
MYCO000913	171	0	83	
MYCO000914	223	0	86	
MYCO000915	992	0	61	
MYCO000916	21	0	23	
MYCO000917	158	0	76	
MYCO000918	69	0	30	
MYCO000919	7	0	30	
MYCO000920	67	0	79	
MYCO000921	46	0	36	
MYCO000922	201	0	101	
MYCO000923	38	0	74	
MYCO000924	522	0	59	
MYCO000925	95	0	41	
MYCO000928	76	0	46	
MYCO000930	95	0	12	
MYCO000931	265	0	121	
MYCO000932	80	0	76	
MYCO000933	65	0	53	
MYCO000934	766	0	60	
MYCO000935	95	0	55	
MYCO000936	114	0	45	
MYCO000937	8	0	34	
MYCO000938	46	0	112	
MYCO000939	154	0	109	
MYCO000940	15	0	46	
MYCO000941	29	0	42	
MYCO000942	31	0	17	
MYCO000943	78	0	61	
MYCO000944	88	0	34	
MYCO000945	164	0	54	
MYCO000947	17	0	17	
MYCO000948	4	0	18	
MYCO000950	243	0	54	
MYCO000954	146	0	63	
MYCO000955	1323	0	55	
MYCO000956	579	0	31	
MYCO000958	791	0	71	
MYCO000959	1094	0	103	
MYCO000960	51	0	21	
MYCO000961	52	3798	20	
MYCO000962	333	0	30	
MYCO000963	389	0	53	
MYCO000964	38	0	27	
MYCO000965	13	0	36	
MYCO000966	664	0	27	
MYCO000967	40	0	15	
MYCO000968	63	0	21	
MYCO000969	1474	0	109	
MYCO000970	12	0	35	
MYCO000971	652	0	37	
MYCO000972	85	0	71	
MYCO000973	403	0	130	
MYCO000974	252	0	109	
MYCO000975	587	0	57	
MYCO000976	758	0	88	
MYCO000977	3703	0	99	
MYCO000978	5704	0	74	
MYCO000979	29	0	16	
MYCO000980	5912	0	64	
MYCO000982	257	0	69	
MYCO000984	57	0	20	
MYCO000985	24	0	36	
MYCO000986	195	0	57	
MYCO000987	294	0	223	
MYCO000988	139	0	108	
MYCO000989	76	0	81	
MYCO000990	202	0	45	
MYCO000991	8	0	20	
MYCO000992	315	0	40	
MYCO000996	30	0	57	
MYCO000997	10	0	27	
MYCO000998	204	0	44	
MYCO000999	67	0	40	
MYCO001000	53	0	28	
MYCO001003	331	0	54	
MYCO001004	2400	0	75	
MYCO001005	1603	0	33	
MYCO001006	127	0	83	
MYCO001012	719	0	13	
MYCO001016	39	0	26	
MYCO001019	7	0	22	
MYCO001021	43	0	41	
MYCO001024	492	0	31	
MYCO001025	84	0	22	
MYCO001027	52	0	44	
MYCO001028	1663	0	113	
MYCO001029	73	0	93	
MYCO001030	65	0	121	
MYCO001031	109	0	30	
MYCO001032	117	0	85	
MYCO001033	54	0	31	
MYCO001034	781	0	21	
MYCO001035	969	0	35	
MYCO001036	143	0	22	
MYCO001037	547	2873	141	
MYCO001038	3450	656	116	
MYCO001039	1299	0	59	
MYCO001040	649	0	44	
MYCO001041	235	37	56	
MYCO001042	67	4	31	
MYCO001043	30	0	56	
MYCO001044	11	0	23	
MYCO001045	1250	0	37	
MYCO001046	6135	0	1	
MYCO001047	5973	48	9	
MYCO001048	27	0	85	
MYCO001049	32	0	32	
MYCO001050	274	0	40	
MYCO001051	54	0	55	
MYCO001052	64	0	21	
MYCO001053	28	0	16	
MYCO001054	14	0	18	
MYCO001055	2	0	9	
MYCO001056	48	193	37	
MYCO001057	47	0	76	
MYCO001058	167	0	62	
MYCO001059	101	0	65	
MYCO001060	44	0	24	
MYCO001061	33	0	43	
MYCO001062	394	0	41	
MYCO001063	115	0	61	
MYCO001064	420	0	24	
MYCO001065	115	0	38	
MYCO001066	691	0	17	
MYCO001067	6093	0	22	
MYCO001068	5954	0	21	
MYCO001069	155	0	105	
MYCO001073	134	0	58	
MYCO001074	138	0	52	
MYCO001075	204	0	69	
MYCO001076	67	0	67	
MYCO001078	1482	0	29	
MYCO001081	90	0	18	
MYCO001083	19	0	12	
MYCO001084	2161	0	70	
MYCO001085	47	0	31	
MYCO001087	5147	0	106	
MYCO001088	510	0	31	
MYCO001089	6139	0	0	
MYCO001090	56	0	30	
MYCO001091	5591	0	83	
MYCO001093	81	0	54	
MYCO001096	81	0	52	
MYCO001097	36	0	53	
MYCO001100	45	0	40	
MYCO001101	166	0	54	
MYCO001102	31	0	15	
MYCO001103	15	0	12	
MYCO001104	19	0	40	
MYCO001105	59	0	27	
MYCO001106	132	0	39	
MYCO001107	1	0	11	
MYCO001109	19	0	30	
MYCO001111	59	0	40	
MYCO001113	12	0	7	
MYCO001114	13	0	20	
MYCO001115	117	0	51	
MYCO001116	27	0	10	
MYCO001117	8	0	15	
MYCO001118	332	0	42	
MYCO001119	28	0	7	
MYCO001120	28	0	32	
MYCO001121	125	0	79	
MYCO001122	588	0	50	
MYCO001123	87	0	53	
MYCO001124	141	0	46	
MYCO001125	731	0	69	
MYCO001126	28	0	29	
MYCO001127	38	0	77	
MYCO001128	2056	0	66	
MYCO001129	42	0	122	
MYCO001130	87	0	81	
MYCO001131	22	0	57	
MYCO001132	1031	0	95	
MYCO001133	820	0	74	
MYCO001134	437	0	16	
MYCO001135	1896	0	107	
MYCO001136	8	0	22	
MYCO001137	34	0	15	
MYCO001138	68	0	49	
MYCO001139	458	0	37	
MYCO001140	20	0	35	
MYCO001141	71	3109	31	
MYCO001142	71	3492	28	
MYCO001143	87	0	42	
MYCO001144	88	0	40	
MYCO001145	3018	0	22	
MYCO001146	53	0	64	
MYCO001147	46	0	36	
MYCO001148	5929	51	38	
MYCO001149	67	2	31	
MYCO001150	6139	0	0	
MYCO001151	57	0	30	
MYCO001152	38	0	21	
MYCO001153	121	0	47	
MYCO001154	15	0	36	
MYCO001155	43	0	28	
MYCO001156	48	0	34	
MYCO001157	2537	0	45	
MYCO001158	1324	0	38	
MYCO001159	23	0	62	
MYCO001160	89	0	21	
MYCO001161	173	0	162	
MYCO001162	87	0	78	
MYCO001163	76	0	23	
MYCO001164	31	0	36	
MYCO001166	263	0	68	
MYCO001167	43	0	21	
MYCO001168	891	0	62	
MYCO001169	18	0	19	
MYCO001170	65	0	45	
MYCO001171	21	0	29	
MYCO001172	824	0	51	
MYCO001174	9	0	24	
MYCO001175	2385	0	101	
MYCO001176	333	0	29	
MYCO001179	1149	0	158	
MYCO001180	6127	0	1	
MYCO001181	361	0	216	
MYCO001182	35	0	48	
MYCO001183	57	0	160	
MYCO001184	42	0	47	
MYCO001185	79	0	75	
MYCO001186	490	0	89	
MYCO001187	637	0	74	
MYCO001188	367	0	60	
MYCO001189	105	0	44	
MYCO001190	790	0	39	
MYCO001191	1073	0	45	
MYCO001192	623	0	35	
MYCO001194	105	0	80	
MYCO001195	35	0	18	
MYCO001196	3041	450	440	
MYCO001197	3449	703	121	
MYCO001198	547	2919	139	
MYCO001199	5973	49	10	
MYCO001200	458	0	71	
MYCO001203	469	0	37	
MYCO001204	461	0	76	
MYCO001205	108	0	33	
MYCO001206	109	0	70	
MYCO001209	88	0	18	
MYCO001210	42	0	19	
MYCO001211	14	0	7	
MYCO001212	75	0	52	
MYCO001214	194	0	21	
MYCO001215	858	0	100	
MYCO001216	106	0	39	
MYCO001217	983	0	95	
MYCO001218	24	0	63	
MYCO001219	50	0	43	
MYCO001222	16	0	27	
MYCO001224	26	0	28	
MYCO001225	1582	0	44	
MYCO001226	819	0	92	
MYCO001227	41	0	41	
MYCO001228	21	0	38	
MYCO001230	559	0	86	
MYCO001231	185	0	32	
MYCO001232	165	0	77	
MYCO001233	237	0	41	
MYCO001234	53	0	26	
MYCO001235	34	0	53	
MYCO001236	78	0	50	
MYCO001237	24	0	34	
MYCO001240	109	0	54	
MYCO001241	61	0	17	
MYCO001242	51	0	25	
MYCO001243	4034	0	55	
MYCO001244	930	0	53	
MYCO001246	9	0	19	
MYCO001247	10	0	7	
MYCO001249	117	0	53	
MYCO001250	723	0	84	
MYCO001251	1662	0	114	
MYCO001252	32	0	28	
MYCO001254	593	0	47	
MYCO001255	85	0	41	
MYCO001256	183	0	59	
MYCO001257	76	0	79	
MYCO001258	1477	0	62	
MYCO001259	249	0	41	
MYCO001260	652	0	38	
MYCO001261	33	0	23	
MYCO001262	34	0	30	
MYCO001263	584	0	73	
MYCO001264	183	0	80	
MYCO001265	151	0	28	
MYCO001266	1377	0	95	
MYCO001267	52	0	63	
MYCO001268	391	0	50	
MYCO001269	1232	0	24	
MYCO001270	290	0	39	
MYCO001271	29	0	18	
MYCO001274	616	0	25	
MYCO001275	17	0	34	
MYCO001276	319	0	34	
MYCO001278	1215	0	103	
MYCO001279	104	0	81	
MYCO001280	47	0	91	
MYCO001281	124	0	74	
MYCO001282	5	0	36	
MYCO001283	149	0	38	
MYCO001284	17	0	20	
MYCO001285	30	0	64	
MYCO001286	35	0	101	
MYCO001287	21	0	15	
MYCO001288	2390	0	77	
MYCO001289	23	0	40	
MYCO001290	951	1312	70	
MYCO001291	24	0	21	
MYCO001296	276	0	45	
MYCO001300	567	0	45	
MYCO001301	22	0	29	
MYCO001303	14	0	22	
MYCO001304	23	0	42	
MYCO001306	18	0	23	
MYCO001307	66	0	68	
MYCO001312	48	0	24	
MYCO001313	3292	64	40	
MYCO001314	75	0	45	
MYCO001316	64	0	33	
MYCO001317	259	0	89	
MYCO001318	288	0	78	
MYCO001319	4600	0	70	
MYCO001320	309	0	107	
MYCO001322	309	0	21	
MYCO001324	632	0	41	
MYCO001325	3943	0	75	
MYCO001329	734	0	103	
MYCO001330	431	0	76	
MYCO001331	22	0	13	
MYCO001332	19	0	37	
MYCO001333	348	0	54	
MYCO001334	161	0	20	
MYCO001335	148	0	20	
MYCO001336	427	0	42	
MYCO001337	8	0	35	
MYCO001339	24	0	42	
MYCO001341	51	0	27	
MYCO001342	14	0	22	
MYCO001343	32	0	31	
MYCO001344	3	0	16	
MYCO001345	77	0	69	
MYCO001346	20	0	39	
MYCO001347	15	0	40	
MYCO001348	429	0	107	
MYCO001349	171	0	68	
MYCO001350	19	0	39	
MYCO001351	32	0	22	
MYCO001352	24	0	30	
MYCO001353	293	0	41	
MYCO001354	354	0	112	
MYCO001355	945	0	141	
MYCO001356	341	0	51	
MYCO001357	58	0	52	
MYCO001358	1651	0	159	
MYCO001359	84	0	32	
MYCO001360	173	0	43	
MYCO001361	2955	461	464	
MYCO001362	48	0	33	
MYCO001363	523	0	41	
MYCO001364	475	0	93	
MYCO001365	39	0	24	
MYCO001366	387	0	42	
MYCO001367	455	0	67	
MYCO001368	126	0	45	
MYCO001369	6139	0	0	
MYCO001370	747	2	21	
MYCO001371	1486	0	54	
MYCO001372	44	0	75	
MYCO001373	139	0	54	
MYCO001374	9	0	35	
MYCO001375	339	0	81	
MYCO001376	529	0	68	
MYCO001377	16	0	28	
MYCO001378	824	0	76	
MYCO001379	68	0	23	
MYCO001382	187	0	36	
MYCO001386	182	0	25	
MYCO001387	2311	0	63	
MYCO001389	121	0	40	
MYCO001393	170	0	69	
MYCO001394	49	0	79	
MYCO001395	48	0	67	
MYCO001396	4209	0	57	
MYCO001397	20	0	23	
MYCO001398	8	0	16	
MYCO001399	174	0	60	
MYCO001400	197	0	49	
MYCO001401	224	0	43	
MYCO001403	345	0	44	
MYCO001404	13	0	23	
MYCO001405	35	0	51	
MYCO001406	457	0	46	
MYCO001409	793	0	34	
MYCO001411	13	0	43	
MYCO001413	29	0	36	
MYCO001414	22	0	25	
MYCO001417	12	0	31	
MYCO001418	25	0	34	
MYCO001419	22	0	32	
MYCO001422	330	0	45	
MYCO001423	410	0	54	
MYCO001424	79	0	49	
MYCO001425	47	0	68	
MYCO001426	110	0	80	
MYCO001427	294	0	77	
MYCO001428	11	0	48	
MYCO001429	265	0	73	
MYCO001430	722	0	72	
MYCO001431	77	0	116	
MYCO001432	605	0	52	
MYCO001433	15	0	39	
MYCO001434	33	0	10	
MYCO001435	1280	0	40	
MYCO001439	14	1620	23	
MYCO001441	3376	0	116	
MYCO001442	327	0	150	
MYCO001443	49	0	25	
MYCO001444	64	0	30	
MYCO001446	900	0	55	
MYCO001450	6131	0	5	
MYCO001452	5756	0	99	
MYCO001453	120	0	76	
MYCO001454	49	0	59	
MYCO001455	150	0	54	
MYCO001456	171	0	56	
MYCO001459	528	0	91	
MYCO001460	956	0	31	
MYCO001461	102	0	123	
MYCO001468	3144	0	45	
MYCO001469	524	0	94	
MYCO001470	18	0	17	
MYCO001471	36	0	18	
MYCO001472	65	0	60	
MYCO001476	6	0	32	
MYCO001477	154	0	64	
MYCO001478	75	0	29	
MYCO001482	54	0	47	
MYCO001486	40	0	47	
MYCO001487	16	0	23	
MYCO001488	82	0	44	
MYCO001489	19	0	21	
MYCO001490	62	0	87	
MYCO001491	13	0	47	
MYCO001492	716	0	82	
MYCO001494	13	0	13	
MYCO001495	13	0	24	
MYCO001496	65	0	51	
MYCO001497	203	0	75	
MYCO001498	89	0	44	
MYCO001499	51	0	22	
MYCO001500	108	0	69	
MYCO001501	73	0	41	
MYCO001502	138	0	68	
MYCO001503	6139	0	0	
MYCO001504	1631	0	23	
MYCO001505	81	0	52	
MYCO001506	162	0	34	
MYCO001507	134	0	45	
MYCO001508	273	165	108	
MYCO001509	531	0	45	
MYCO001510	29	3349	53	
MYCO001511	120	0	60	
MYCO001512	81	0	57	
MYCO001513	90	0	31	
MYCO001514	60	0	39	
MYCO001515	83	0	49	
MYCO001516	357	0	53	
MYCO001517	54	0	34	
MYCO001518	194	0	50	
MYCO001519	901	0	15	
MYCO001520	938	0	55	
MYCO001521	205	0	80	
MYCO001522	587	0	179	
MYCO001523	123	0	52	
MYCO001524	691	0	59	
MYCO001525	787	0	45	
MYCO001526	673	0	68	
MYCO001527	1521	0	314	
MYCO001528	55	0	22	
MYCO001529	113	0	99	
MYCO001530	94	0	75	
MYCO001531	27	0	27	
MYCO001532	104	0	26	
MYCO001533	211	0	46	
MYCO001534	37	0	35	
MYCO001535	7	0	12	
MYCO001537	208	0	80	
MYCO001538	450	0	55	
MYCO001539	32	0	32	
MYCO001541	46	0	28	
MYCO001542	24	23	21	
MYCO001543	23	0	52	
MYCO001544	121	0	48	
MYCO001545	36	0	15	
MYCO001546	102	0	36	
MYCO001548	243	0	117	
MYCO001549	6081	0	2	
MYCO001550	744	0	73	
MYCO001551	1479	0	80	
MYCO001552	185	0	102	
MYCO001553	236	0	29	
MYCO001554	12	0	18	
MYCO001555	14	0	20	
MYCO001556	37	0	41	
MYCO001558	36	0	18	
MYCO001560	5	0	8	
MYCO001561	12	0	28	
MYCO001562	664	0	81	
MYCO001563	472	0	125	
MYCO001565	770	0	89	
MYCO001566	275	0	44	
MYCO001567	9	0	27	
MYCO001570	711	0	32	
MYCO001571	609	0	27	
MYCO001572	4327	0	12	
MYCO001573	3923	0	12	
MYCO001574	4101	0	19	
MYCO001575	6133	0	3	
MYCO001576	1197	747	150	
MYCO001577	3736	0	21	
MYCO001578	3752	0	26	
MYCO001579	3715	0	20	
MYCO001580	3755	0	15	
MYCO001581	4539	0	10	
MYCO001582	3746	0	51	
MYCO001583	490	1045	30	
MYCO001584	3926	0	10	
MYCO001585	4178	0	23	
MYCO001586	3870	0	47	
MYCO001587	6080	0	12	
MYCO001588	5910	6	61	
MYCO001590	19	0	11	
MYCO001591	48	0	48	
MYCO001592	32	0	83	
MYCO001596	20	0	30	
MYCO001597	58	0	42	
MYCO001598	63	0	14	
MYCO001602	17	0	36	
MYCO001604	45	0	42	
MYCO001606	31	0	25	
MYCO001607	85	0	39	
MYCO001608	4	0	18	
MYCO001610	752	0	36	
MYCO001613	19	0	45	
MYCO001614	83	0	67	
MYCO001615	9	0	34	
MYCO001616	18	0	21	
MYCO001618	34	0	33	
MYCO001619	319	0	65	
MYCO001620	975	0	64	
MYCO001621	829	0	68	
MYCO001622	30	0	56	
MYCO001623	17	0	69	
MYCO001624	27	0	41	
MYCO001625	289	0	81	
MYCO001628	98	0	19	
MYCO001631	94	0	59	
MYCO001632	107	0	23	
MYCO001634	106	0	67	
MYCO001635	95	0	78	
MYCO001636	6	0	27	
MYCO001637	363	0	48	
MYCO001639	1268	1896	70	
MYCO001640	149	0	169	
MYCO001644	437	0	43	
MYCO001645	648	0	63	
MYCO001646	587	0	56	
MYCO001647	1598	0	39	
MYCO001648	21	0	47	
MYCO001650	948	0	134	
MYCO001651	3456	0	131	
MYCO001660	1026	0	59	
MYCO001661	1785	0	308	
MYCO001662	1504	0	286	
MYCO001663	197	0	100	
MYCO001664	517	0	170	
MYCO001665	302	0	68	
MYCO001666	225	0	65	
MYCO001667	101	0	34	
MYCO001668	5997	0	4	
MYCO001669	179	0	18	
MYCO001670	46	0	21	
MYCO001671	16	0	29	
MYCO001672	532	0	73	
MYCO001673	461	0	56	
MYCO001674	501	0	32	
MYCO001675	395	0	45	
MYCO001676	22	0	62	
MYCO001677	29	0	36	
MYCO001678	760	0	53	
MYCO001679	79	0	52	
MYCO001680	96	0	49	
MYCO001681	69	0	56	
MYCO001682	503	0	47	
MYCO001683	923	0	116	
MYCO001684	47	0	14	
MYCO001685	24	0	34	
MYCO001686	33	0	41	
MYCO001687	34	0	52	
MYCO001688	201	0	42	
MYCO001690	25	0	18	
MYCO001691	352	0	50	
MYCO001692	691	0	43	
MYCO001693	15	0	11	
MYCO001696	58	0	78	
MYCO001698	602	0	37	
MYCO001700	12	0	37	
MYCO001702	685	0	79	
MYCO001703	23	0	30	
MYCO001704	47	0	98	
MYCO001705	1328	0	52	
MYCO001706	483	0	56	
MYCO001707	98	0	80	
MYCO001710	14	0	36	
MYCO001714	806	0	49	
MYCO001715	674	0	55	
MYCO001716	21	0	57	
MYCO001717	1205	0	25	
MYCO001718	128	0	60	
MYCO001719	197	0	61	
MYCO001720	101	0	20	
MYCO001721	8	0	9	
MYCO001722	637	0	83	
MYCO001723	330	0	74	
MYCO001724	97	0	17	
MYCO001725	338	0	46	
MYCO001726	425	0	104	
MYCO001727	80	0	36	
MYCO001728	20	0	41	
MYCO001729	47	0	49	
MYCO001730	1137	0	100	
MYCO001731	459	0	77	
MYCO001732	372	0	20	
MYCO001733	14	0	41	
MYCO001734	11	0	13	
MYCO001735	42	0	34	
MYCO001736	979	2559	118	
MYCO001737	1012	0	55	
MYCO001738	82	0	25	
MYCO001739	360	0	89	
MYCO001740	13	0	13	
MYCO001741	8	1909	18	
MYCO001742	190	0	43	
MYCO001743	667	0	72	
MYCO001744	942	0	26	
MYCO001745	49	0	38	
MYCO001746	316	0	81	
MYCO001747	441	0	103	
MYCO001748	32	0	45	
MYCO001749	48	0	38	
MYCO001750	249	0	86	
MYCO001751	161	0	70	
MYCO001752	34	0	31	
MYCO001753	6098	0	24	
MYCO001754	2667	0	54	
MYCO001755	6139	0	0	
MYCO001756	6139	0	0	
MYCO001757	747	2	21	
MYCO001758	4207	0	36	
MYCO001759	5793	0	39	
MYCO001760	3248	0	57	
MYCO001761	3200	0	21	
MYCO001762	3259	0	25	
MYCO001763	747	2	21	
MYCO001764	6139	0	0	
MYCO001765	6131	0	2	
MYCO001766	24	0	10	
MYCO001767	17	0	19	
MYCO001768	2956	0	78	
MYCO001769	387	0	64	
MYCO001770	373	0	76	
MYCO001771	15	0	70	
MYCO001772	20	0	16	
MYCO001773	32	0	42	
MYCO001774	104	0	95	
MYCO001775	1641	0	33	
MYCO001776	42	0	37	
MYCO001777	378	0	84	
MYCO001778	679	0	19	
MYCO001779	564	0	114	
MYCO001780	17	0	25	
MYCO001781	662	0	123	
MYCO001782	153	0	58	
MYCO001783	339	0	142	
MYCO001785	33	0	51	
MYCO001786	3	0	14	
MYCO001787	5364	0	45	
MYCO001788	20	16	25	
MYCO001789	643	0	70	
MYCO001790	2613	0	72	
MYCO001791	28	0	12	
MYCO001792	6139	0	0	
MYCO001793	547	2333	112	
MYCO001794	11	0	43	
MYCO001795	614	0	72	
MYCO001796	291	0	87	
MYCO001797	25	0	72	
MYCO001798	35	0	70	
MYCO001799	509	0	17	
MYCO001800	235	0	117	
MYCO001801	1676	0	85	
MYCO001802	1135	0	67	
MYCO001803	1796	0	88	
MYCO001804	40	0	22	
MYCO001805	7	0	33	
MYCO001806	16	0	19	
MYCO001807	6139	0	0	
MYCO001808	444	0	65	
MYCO001809	295	0	56	
MYCO001810	6	0	19	
MYCO001811	52	0	52	
MYCO001812	316	0	73	
MYCO001813	25	0	28	
MYCO001814	291	0	73	
MYCO001815	875	0	58	
MYCO001816	842	1721	27	
MYCO001817	677	0	88	
MYCO001818	4048	0	67	
MYCO001819	216	0	67	
MYCO001820	208	0	78	
MYCO001822	28	0	36	
MYCO001823	172	0	54	
MYCO001824	26	0	23	
MYCO001825	30	0	46	
MYCO001826	2	0	13	
MYCO001828	26	0	35	
MYCO001831	57	0	14	
MYCO001833	34	0	49	
MYCO001834	59	0	37	
MYCO001835	340	0	113	
MYCO001836	392	0	103	
MYCO001838	19	0	19	
MYCO001839	4	0	10	
MYCO001840	2978	0	75	
MYCO001841	87	0	61	
MYCO001845	1122	0	38	
MYCO001846	52	0	34	
MYCO001847	72	0	37	
MYCO001848	91	0	21	
MYCO001849	6	0	11	
MYCO001850	352	0	91	
MYCO001851	620	0	38	
MYCO001852	124	0	31	
MYCO001853	42	0	35	
MYCO001855	88	0	56	
MYCO001856	861	0	41	
MYCO001857	13	0	38	
MYCO001858	37	0	25	
MYCO001859	112	0	52	
MYCO001860	954	0	64	
MYCO001861	8	0	23	
MYCO001862	61	0	54	
MYCO001863	49	0	45	
MYCO001864	22	0	42	
MYCO001865	18	0	45	
MYCO001866	141	0	121	
MYCO001867	319	0	84	
MYCO001868	515	0	117	
MYCO001869	233	0	45	
MYCO001870	710	0	36	
MYCO001871	217	0	30	
MYCO001872	57	0	87	
MYCO001873	76	0	31	
MYCO001874	34	0	48	
MYCO001875	37	0	32	
MYCO001876	80	0	29	
MYCO001877	285	0	110	
MYCO001878	433	0	69	
MYCO001879	274	0	55	
MYCO001880	85	0	74	
MYCO001881	70	0	28	
MYCO001882	26	0	46	
MYCO001883	46	0	32	
MYCO001884	26	0	29	
MYCO001885	46	0	48	
MYCO001887	322	0	76	
MYCO001888	5125	0	7	
MYCO001889	40	0	17	
MYCO001890	35	0	34	
MYCO001891	17	0	33	
MYCO001892	33	0	16	
MYCO001893	16	0	17	
MYCO001895	1738	0	40	
MYCO001896	402	0	66	
MYCO001897	52	0	29	
MYCO001898	26	0	17	
MYCO001899	2266	0	59	
MYCO001900	172	0	91	
MYCO001901	218	0	79	
MYCO001902	186	0	72	
MYCO001903	32	0	28	
MYCO001904	23	0	29	
MYCO001905	77	0	57	
MYCO001906	23	0	28	
MYCO001907	4346	0	40	
MYCO001908	220	0	194	
MYCO001909	27	0	33	
MYCO001910	202	0	38	
MYCO001911	229	0	30	
MYCO001912	1829	0	37	
MYCO001913	37	0	41	
MYCO001914	20	0	30	
MYCO001915	3821	0	23	
MYCO001916	90	0	51	
MYCO001917	6113	0	12	
MYCO001918	1195	0	171	
MYCO001919	16	0	25	
MYCO001920	23	0	62	
MYCO001921	967	0	67	
MYCO001922	101	0	57	
MYCO001923	129	0	90	
MYCO001924	27	0	25	
MYCO001925	71	0	76	
MYCO001926	19	0	26	
MYCO001927	176	0	57	
MYCO001928	1085	0	42	
MYCO001929	1214	0	51	
MYCO001930	231	0	39	
MYCO001931	71	0	45	
MYCO001932	66	0	31	
MYCO001933	925	0	59	
MYCO001934	589	0	71	
MYCO001935	64	0	61	
MYCO001936	41	0	67	
MYCO001937	644	0	127	
MYCO001938	98	0	67	
MYCO001939	562	0	37	
MYCO001940	5055	0	23	
MYCO001941	102	0	44	
MYCO001942	6	0	20	
MYCO001943	23	0	24	
MYCO001944	48	0	43	
MYCO001945	5765	71	45	
MYCO001946	71	0	26	
MYCO001947	118	0	22	
MYCO001948	181	0	34	
MYCO001949	6139	0	0	
MYCO001950	27	0	11	
MYCO001951	279	0	17	
MYCO001952	22	0	11	
MYCO001953	27	0	29	
MYCO001954	60	0	30	
MYCO001955	49	0	19	
MYCO001956	70	0	39	
MYCO001957	34	0	31	
MYCO001958	86	0	48	
MYCO001959	5	0	14	
MYCO001960	7	0	12	
MYCO001961	165	0	39	
MYCO001962	16	0	25	
MYCO001963	159	0	49	
MYCO001964	218	0	35	
MYCO001965	218	0	46	
MYCO001966	175	0	70	
MYCO001967	169	0	76	
MYCO001968	1975	0	65	
MYCO001969	272	0	68	
MYCO001970	138	0	60	
MYCO001971	576	0	81	
MYCO001972	119	0	33	
MYCO001973	269	0	26	
MYCO001974	90	0	29	
MYCO001975	750	0	35	
MYCO001976	163	0	22	
MYCO001977	791	0	42	
MYCO001978	1124	0	45	
MYCO001979	157	0	75	
MYCO001980	43	0	39	
MYCO001982	44	0	35	
MYCO001983	1698	0	77	
MYCO001984	294	0	42	
MYCO001985	174	0	43	
MYCO001986	68	0	43	
MYCO001987	55	0	27	
MYCO001988	162	0	31	
MYCO001989	49	0	30	
MYCO001990	4	0	16	
MYCO001991	6	0	18	
MYCO001992	1956	0	100	
MYCO001993	1182	0	22	
MYCO001994	825	0	21	
MYCO001995	1143	0	42	
MYCO001996	1121	0	42	
MYCO001997	2705	0	116	
MYCO001998	79	0	49	
MYCO001999	460	0	80	
MYCO002000	155	0	101	
MYCO002001	34	0	58	
MYCO002002	59	0	37	
MYCO002003	138	0	60	
MYCO002004	221	0	71	
MYCO002005	25	0	41	
MYCO002006	316	0	223	
MYCO002007	10	0	12	
MYCO002008	43	0	77	
MYCO002009	8	0	12	
MYCO002010	29	0	17	
MYCO002011	6	0	27	
MYCO002012	19	0	40	
MYCO002013	590	0	24	
MYCO002014	144	0	36	
MYCO002015	1704	0	83	
MYCO002016	1454	0	27	
MYCO002017	120	0	58	
MYCO002018	173	0	24	
MYCO002019	553	0	21	
MYCO002020	232	0	18	
MYCO002021	137	0	18	
MYCO002022	171	0	49	
MYCO002023	425	0	16	
MYCO002024	5646	0	18	
MYCO002025	147	0	60	
MYCO002026	47	0	50	
MYCO002027	1429	0	55	
MYCO002028	277	0	37	
MYCO002029	216	0	56	
MYCO002030	402	0	114	
MYCO002031	17	0	26	
MYCO002032	251	0	57	
MYCO002033	852	0	50	
MYCO002034	308	0	19	
MYCO002035	11	0	31	
MYCO002036	24	0	34	
MYCO002037	75	0	69	
MYCO002038	13	0	50	
MYCO002039	10	0	36	
MYCO002040	17	0	30	
MYCO002041	31	0	64	
MYCO002042	144	0	50	
MYCO002043	245	0	189	
MYCO002044	914	0	18	
MYCO002045	78	0	91	
MYCO002046	250	0	46	
MYCO002047	334	0	114	
MYCO002048	6080	0	35	
MYCO002049	36	0	12	
MYCO002051	387	0	120	
MYCO002052	924	0	95	
MYCO002053	31	0	42	
MYCO002054	53	0	48	
MYCO002059	380	0	108	
MYCO002060	294	0	29	
MYCO002061	44	0	28	
MYCO002062	1240	0	186	
MYCO002063	4	0	15	
MYCO002064	948	0	52	
MYCO002065	1039	0	29	
MYCO002066	764	0	98	
MYCO002067	70	0	60	
MYCO002068	29	0	50	
MYCO002069	152	0	23	
MYCO002070	2338	0	32	
MYCO002071	86	0	59	
MYCO002072	383	0	59	
MYCO002073	321	0	39	
MYCO002074	134	0	20	
MYCO002075	329	0	84	
MYCO002076	10	0	10	
MYCO002077	125	0	58	
MYCO002078	14	0	29	
MYCO002079	1453	0	82	
MYCO002080	39	0	42	
MYCO002081	3594	0	30	
MYCO002082	2929	0	132	
MYCO002083	447	0	58	
MYCO002084	3063	0	20	
MYCO002085	39	0	22	
MYCO002086	20	0	33	
MYCO002087	15	0	18	
MYCO002088	1937	0	71	
MYCO002091	79	0	42	
MYCO002094	2	0	14	
MYCO002095	757	0	49	
MYCO002098	6139	0	0	
MYCO002099	6139	0	0	
MYCO002100	1296	0	86	
MYCO002101	1240	0	140	
MYCO002102	337	0	34	
MYCO002103	68	0	29	
MYCO002104	5	0	19	
MYCO002105	747	2	21	
MYCO002106	6139	0	0	
MYCO002107	107	0	26	
MYCO002108	198	0	41	
MYCO002113	138	0	68	
MYCO002114	89	0	35	
MYCO002116	74	0	32	
MYCO002117	60	0	12	
MYCO002120	476	0	27	
MYCO002123	3627	0	44	
MYCO002124	468	0	171	
MYCO002126	2963	0	37	
MYCO002127	239	0	86	
MYCO002128	4	0	14	
MYCO002129	97	0	54	
MYCO002131	75	0	41	
MYCO002132	56	0	15	
MYCO002133	71	0	39	
MYCO002135	881	0	29	
MYCO002136	100	0	39	
MYCO002137	35	0	23	
MYCO002138	114	0	54	
MYCO002142	17	0	21	
MYCO002143	137	0	66	
MYCO002144	62	0	20	
MYCO002146	3	0	14	
MYCO002147	1100	0	34	
MYCO002148	1097	0	31	
MYCO002149	103	0	25	
MYCO002152	511	0	76	
MYCO002158	1755	0	84	
MYCO002159	1191	0	62	
MYCO002160	3267	0	15	
MYCO002161	829	1774	52	
MYCO002162	4484	0	70	
MYCO002164	605	0	63	
MYCO002165	42	0	66	
MYCO002167	6139	0	0	
MYCO002168	747	2	21	
MYCO002169	27	0	24	
MYCO002171	24	0	38	
MYCO002172	23	0	45	
MYCO002173	322	0	56	
MYCO002174	96	0	72	
MYCO002175	7	0	22	
MYCO002177	3202	198	45	
MYCO002180	1147	0	48	
MYCO002181	59	0	56	
MYCO002183	5	0	17	
MYCO002184	25	0	57	
MYCO002185	4	0	25	
MYCO002189	714	0	40	
MYCO002190	920	0	48	
MYCO002191	573	0	97	
MYCO002197	143	0	37	
MYCO002198	810	0	57	
MYCO002203	298	0	37	
MYCO002204	7	0	23	
MYCO002205	777	0	63	
MYCO002206	26	0	41	
MYCO002207	1114	0	46	
MYCO002208	457	0	51	
MYCO002209	434	0	77	
MYCO002212	79	0	71	
MYCO002214	95	0	86	
MYCO002215	907	0	82	
MYCO002223	320	0	81	
MYCO002224	64	0	72	
MYCO002226	801	0	81	
MYCO002227	766	0	29	
MYCO002229	34	0	29	
MYCO002231	157	0	53	
MYCO002232	242	0	44	
MYCO002234	25	0	25	
MYCO002236	1077	0	50	
MYCO002237	9	0	45	
MYCO002238	7	0	11	
MYCO002240	48	0	33	
MYCO002248	165	0	27	
MYCO002249	793	0	70	
MYCO002250	25	0	23	
MYCO002251	6135	0	1	
MYCO002252	31	0	57	
MYCO002253	53	0	33	
MYCO002254	34	0	32	
MYCO002255	33	0	18	
MYCO002256	8	0	24	
MYCO002258	605	0	60	
MYCO002260	17	0	34	
MYCO002261	50	0	24	
MYCO002262	6081	0	3	
MYCO002263	1332	0	48	
MYCO002264	2893	0	73	
MYCO002265	640	0	54	
MYCO002266	27	0	76	
MYCO002267	81	0	58	
MYCO002268	357	0	86	
MYCO002269	27	0	29	
MYCO002270	257	0	34	
MYCO002271	230	0	14	
MYCO002272	233	0	16	
MYCO002273	255	0	22	
MYCO002274	269	0	35	
MYCO002275	803	0	41	
MYCO002276	274	0	69	
MYCO002277	267	5698	50	
MYCO002278	747	2	21	
MYCO002279	6139	0	0	
MYCO002280	417	0	71	
MYCO002281	48	0	92	
MYCO002282	811	2014	44	
MYCO002283	41	0	13	
MYCO002284	300	0	41	
MYCO002285	558	0	60	
MYCO002286	608	1649	41	
MYCO002287	172	0	79	
MYCO002288	14	0	28	
MYCO002289	137	0	40	
MYCO002290	51	0	39	
MYCO002291	72	0	44	
MYCO002292	26	0	7	
MYCO002293	2987	0	17	
MYCO002294	52	0	77	
MYCO002295	30	0	40	
MYCO002296	149	0	48	
MYCO002297	17	0	29	
MYCO002298	33	0	55	
MYCO002299	86	0	82	
MYCO002300	107	0	54	
MYCO002301	90	0	46	
MYCO002302	8	0	16	
MYCO002303	28	0	64	
MYCO002304	14	0	9	
MYCO002305	497	0	77	
MYCO002307	429	0	50	
MYCO002308	198	0	50	
MYCO002309	28	0	28	
MYCO002310	120	0	27	
MYCO002311	84	0	26	
MYCO002312	7	0	12	
MYCO002313	91	0	53	
MYCO002314	194	0	68	
MYCO002316	17	0	42	
MYCO002317	20	0	30	
MYCO002318	1239	0	53	
MYCO002319	2388	0	43	
MYCO002320	73	0	69	
MYCO002321	15	0	32	
MYCO002322	25	0	34	
MYCO002323	37	0	63	
MYCO002324	14	0	35	
MYCO002325	387	0	41	
MYCO002326	536	0	88	
MYCO002327	117	0	21	
MYCO002328	74	0	57	
MYCO002329	328	0	92	
MYCO002330	26	0	33	
MYCO002331	12	0	25	
MYCO002332	66	0	73	
MYCO002333	942	0	52	
MYCO002334	119	0	51	
MYCO002335	176	0	43	
MYCO002336	373	0	57	
MYCO002337	199	0	57	
MYCO002338	682	0	56	
MYCO002339	1615	0	130	
MYCO002340	742	0	70	
MYCO002341	123	0	25	
MYCO002342	33	0	18	
MYCO002345	547	0	98	
MYCO002346	547	2722	128	
MYCO002347	3450	677	119	
MYCO002348	41	0	21	
MYCO002349	656	0	88	
MYCO002350	752	2296	48	
MYCO002351	759	2337	54	
MYCO002352	1449	46	67	
MYCO002353	6002	0	5	
MYCO002354	747	2	21	
MYCO002355	6139	0	0	
MYCO002356	4536	0	49	
MYCO002358	18	0	20	
MYCO002359	3	0	50	
MYCO002360	16	0	28	
MYCO002363	1683	0	41	
MYCO002365	640	0	12	
MYCO002369	59	0	21	
MYCO002370	82	0	74	
MYCO002371	262	0	10	
MYCO002372	224	0	42	
MYCO002375	11	0	15	
MYCO002376	104	0	30	
MYCO002377	27	0	12	
MYCO002378	119	0	50	
MYCO002379	523	0	149	
MYCO002380	1089	0	213	
MYCO002381	460	0	119	
MYCO002382	242	0	56	
MYCO002383	958	727	197	
MYCO002384	504	0	63	
MYCO002385	130	0	66	
MYCO002386	208	0	60	
MYCO002387	29	0	59	
MYCO002388	191	0	57	
MYCO002389	17	0	24	
MYCO002390	82	0	32	
MYCO002391	27	0	75	
MYCO002392	146	0	39	
MYCO002393	225	3772	40	
MYCO002394	189	0	114	
MYCO002395	490	0	91	
MYCO002396	3458	0	54	
MYCO002397	143	0	57	
MYCO002398	8	0	39	
MYCO002401	6	0	16	
MYCO002403	103	0	32	
MYCO002405	50	0	35	
MYCO002406	215	0	20	
MYCO002407	320	0	54	
MYCO002408	429	0	33	
MYCO002414	502	0	85	
MYCO002415	134	0	43	
MYCO002416	159	0	78	
MYCO002417	1138	0	41	
MYCO002418	254	0	38	
MYCO002419	161	0	35	
MYCO002422	24	0	16	
MYCO002423	47	0	56	
MYCO002424	5876	0	25	
MYCO002428	104	0	35	
MYCO002429	22	0	19	
MYCO002430	49	0	30	
MYCO002431	19	2196	17	
MYCO002432	48	0	21	
MYCO002433	18	0	16	
MYCO002434	1184	0	73	
MYCO002435	216	0	109	
MYCO002436	440	0	47	
MYCO002437	1412	0	17	
MYCO002438	102	0	89	
MYCO002443	53	0	89	
MYCO002444	531	0	133	
MYCO002446	15	0	19	
MYCO002449	661	0	65	
MYCO002450	452	0	47	
MYCO002451	66	0	24	
MYCO002452	0	0	16	
MYCO002453	68	0	34	
MYCO002456	95	0	55	
MYCO002458	48	0	40	
MYCO002459	78	0	76	
MYCO002463	24	0	45	
MYCO002464	161	0	60	
MYCO002468	51	0	27	
MYCO002469	75	0	39	
MYCO002471	98	0	92	
MYCO002472	11	0	16	
MYCO002473	127	0	40	
MYCO002474	217	0	37	
MYCO002475	11	0	18	
MYCO002476	1345	0	179	
MYCO002478	469	0	26	
MYCO002479	6139	0	0	
MYCO002480	747	2	21	
MYCO002481	284	0	24	
MYCO002482	303	0	134	
MYCO002483	81	0	80	
MYCO002484	56	0	99	
MYCO002485	160	0	81	
MYCO002486	301	0	33	
MYCO002487	3617	0	93	
MYCO002488	1268	0	158	
MYCO002489	117	0	19	
MYCO002490	5938	0	35	
MYCO002491	116	0	47	
MYCO002492	146	0	60	
MYCO002493	19	0	11	
MYCO002494	17	0	24	
MYCO002495	258	0	65	
MYCO002496	38	0	46	
MYCO002497	57	0	43	
MYCO002498	81	0	48	
MYCO002499	14	0	30	
MYCO002501	583	0	109	
MYCO002503	44	0	43	
MYCO002504	54	0	48	
MYCO002505	208	0	94	
MYCO002506	73	0	29	
MYCO002507	397	0	52	
MYCO002508	136	0	71	
MYCO002510	211	0	96	
MYCO002512	5973	49	10	
MYCO002513	32	0	28	
MYCO002514	61	0	32	
MYCO002515	40	0	65	
MYCO002516	26	0	35	
MYCO002517	49	0	9	
MYCO002519	828	0	86	
MYCO002520	1	0	15	
MYCO002522	582	0	87	
MYCO002525	336	0	28	
MYCO002526	1786	0	8	
MYCO002527	33	0	23	
MYCO002528	25	0	46	
MYCO002529	565	0	88	
MYCO002530	17	0	28	
MYCO002531	159	0	149	
MYCO002532	45	0	20	
MYCO002535	358	0	41	
MYCO002536	43	0	29	
MYCO002537	15	0	20	
MYCO002539	644	0	21	
MYCO002541	2545	0	17	
MYCO002542	700	0	76	
MYCO002543	2210	1731	58	
MYCO002544	2215	1750	77	
MYCO002545	1391	0	19	
MYCO002546	6	0	24	
MYCO002547	31	0	21	
MYCO002548	47	0	22	
MYCO002549	100	0	23	
MYCO002550	4	0	15	
MYCO002551	415	0	19	
MYCO002552	456	0	45	
MYCO002553	205	0	67	
MYCO002554	163	0	19	
MYCO002556	13	0	21	
MYCO002557	35	0	40	
MYCO002558	55	0	31	
MYCO002560	192	0	58	
MYCO002561	6054	0	7	
MYCO002562	6	0	35	
MYCO002563	137	0	64	
MYCO002564	51	2255	47	
MYCO002565	148	0	92	
MYCO002566	1708	0	137	
MYCO002567	166	0	115	
MYCO002569	71	0	37	
MYCO002570	783	0	28	
MYCO002571	203	0	79	
MYCO002573	161	0	52	
MYCO002574	53	0	37	
MYCO002576	82	0	31	
MYCO002577	66	0	76	
MYCO002578	200	0	51	
MYCO002579	117	0	41	
MYCO002581	7	0	25	
MYCO002584	61	0	39	
MYCO002585	333	0	87	
MYCO002586	802	0	77	
MYCO002588	4	0	20	
MYCO002590	265	0	170	
MYCO002591	2868	0	97	
MYCO002595	48	0	12	
MYCO002596	16	0	31	
MYCO002597	57	0	36	
MYCO002598	57	0	29	
MYCO002599	334	0	28	
MYCO002600	57	0	23	
MYCO002601	523	0	71	
MYCO002602	12	0	26	
MYCO002604	83	0	28	
MYCO002605	125	0	41	
MYCO002607	17	0	28	
MYCO002608	1016	0	70	
MYCO002609	339	0	51	
MYCO002615	5704	0	89	
MYCO002616	86	0	33	
MYCO002617	7	0	23	
MYCO002618	351	0	30	
MYCO002619	8	0	12	
MYCO002620	12	0	19	
MYCO002621	483	0	48	
MYCO002622	104	0	47	
MYCO002623	170	0	39	
MYCO002624	330	0	54	
MYCO002625	59	0	51	
MYCO002626	15	0	23	
MYCO002627	81	0	83	
MYCO002628	107	0	38	
MYCO002629	542	0	50	
MYCO002630	19	0	37	
MYCO002631	116	0	72	
MYCO002632	8	0	13	
MYCO002633	14	0	35	
MYCO002634	3444	0	93	
MYCO002635	14	0	19	
MYCO002636	66	0	53	
MYCO002637	302	1931	39	
MYCO002638	118	0	29	
MYCO002639	49	0	19	
MYCO002640	72	0	21	
MYCO002641	21	0	29	
MYCO002642	34	0	24	
MYCO002643	310	0	101	
MYCO002644	46	0	20	
MYCO002645	1528	0	19	
MYCO002646	1034	0	59	
MYCO002647	706	0	15	
MYCO002648	747	2	21	
MYCO002649	6139	0	0	
MYCO002650	1197	657	148	
MYCO002651	243	1227	45	
MYCO002652	703	0	59	
MYCO002653	602	0	35	
MYCO002654	3186	0	13	
MYCO002655	1785	0	61	
MYCO002656	490	969	30	
MYCO002657	720	0	19	
MYCO002658	572	0	15	
MYCO002659	614	0	43	
MYCO002660	15	0	16	
MYCO002661	28	0	20	
MYCO002662	12	0	16	
MYCO002663	4	0	17	
MYCO002664	28	0	15	
MYCO002665	384	0	20	
MYCO002666	5996	0	11	
MYCO002667	58	0	27	
MYCO002668	586	0	26	
MYCO002669	38	0	26	
MYCO002671	102	0	34	
MYCO002672	397	0	78	
MYCO002674	8	0	20	
MYCO002675	30	0	58	
MYCO002677	1772	0	52	
MYCO002679	166	0	46	
MYCO002680	648	0	42	
MYCO002681	798	0	57	
MYCO002683	8	0	32	
MYCO002684	43	482	65	
MYCO002685	442	0	56	
MYCO002686	41	0	35	
MYCO002687	60	0	43	
MYCO002688	123	0	56	
MYCO002689	199	0	64	
MYCO002690	134	0	57	
MYCO002691	15	0	35	
MYCO002692	42	0	30	
MYCO002693	21	0	28	
MYCO002694	14	0	35	
MYCO002695	571	0	29	
MYCO002698	10	0	25	
MYCO002700	3786	0	25	
MYCO002701	62	0	60	
MYCO002704	18	0	20	
MYCO002705	16	0	21	
MYCO002706	117	0	15	
MYCO002707	45	0	44	
MYCO002709	564	0	39	
MYCO002712	368	0	73	
MYCO002713	125	0	83	
MYCO002716	26	0	31	
MYCO002717	234	0	23	
MYCO002718	16	0	18	
MYCO002719	551	0	40	
MYCO002721	1326	0	100	
MYCO002722	9	0	19	
MYCO002723	44	0	67	
MYCO002728	103	0	35	
MYCO002729	62	0	52	
MYCO002730	11	0	28	
MYCO002732	99	0	46	
MYCO002734	31	0	42	
MYCO002735	872	0	45	
MYCO002736	175	0	31	
MYCO002737	29	0	94	
MYCO002738	416	0	11	
MYCO002739	1653	0	33	
MYCO002740	22	0	29	
MYCO002741	4093	0	73	
MYCO002742	256	0	38	
MYCO002743	466	0	45	
MYCO002745	7	0	28	
MYCO002746	243	0	27	
MYCO002747	34	0	21	
MYCO002749	34	0	15	
MYCO002751	43	0	43	
MYCO002752	133	0	137	
MYCO002755	16	0	12	
MYCO002756	67	0	89	
MYCO002757	68	0	27	
MYCO002758	11	0	15	
MYCO002759	53	0	23	
MYCO002760	158	0	20	
MYCO002761	38	0	71	
MYCO002762	385	0	35	
MYCO002763	48	0	21	
MYCO002765	357	0	39	
MYCO002766	74	0	34	
MYCO002767	23	0	28	
MYCO002768	540	0	71	
MYCO002769	1057	0	47	
MYCO002770	234	0	67	
MYCO002771	36	0	24	
MYCO002772	58	0	28	
MYCO002774	1093	0	17	
MYCO002775	138	0	26	
MYCO002776	34	0	41	
MYCO002777	631	0	49	
MYCO002778	21	0	27	
MYCO002779	60	0	38	
MYCO002780	212	0	57	
MYCO002781	951	0	63	
MYCO002784	15	0	23	
MYCO002786	12	0	48	
MYCO002787	359	0	110	
MYCO002789	75	0	60	
MYCO002790	454	0	64	
MYCO002791	133	3059	62	
MYCO002792	127	0	36	
MYCO002793	620	0	35	
MYCO002796	56	0	39	
MYCO002797	331	0	67	
MYCO002798	9	0	19	
MYCO002799	144	0	49	
MYCO002800	1150	0	86	
MYCO002801	83	0	16	
MYCO002802	1187	0	64	
MYCO002803	65	0	23	
MYCO002804	138	0	37	
MYCO002805	90	0	24	
MYCO002806	43	0	8	
MYCO002807	1615	0	53	
MYCO002808	345	0	10	
MYCO002809	90	0	16	
MYCO002810	6139	0	0	
MYCO002811	1093	0	34	
MYCO002812	760	0	85	
MYCO002813	557	0	40	
MYCO002814	6139	0	0	
MYCO002815	747	2	21	
MYCO002816	1451	0	16	
MYCO002817	1549	0	46	
MYCO002818	1725	0	36	
MYCO002819	1555	0	51	
MYCO002820	1443	0	45	
MYCO002821	75	0	35	
MYCO002822	28	0	21	
MYCO002823	119	0	115	
MYCO002824	48	0	52	
MYCO002825	4721	0	32	
MYCO002826	65	0	40	
MYCO002827	34	0	31	
MYCO002829	162	0	22	
MYCO002830	8	0	16	
MYCO002831	266	0	38	
MYCO002832	190	0	73	
MYCO002833	362	0	74	
MYCO002834	44	0	46	
MYCO002835	33	0	51	
MYCO002836	379	0	74	
MYCO002837	162	0	39	
MYCO002840	9	0	21	
MYCO002842	7	0	26	
MYCO002843	253	0	18	
MYCO002844	31	0	25	
MYCO002845	266	0	66	
MYCO002848	1546	0	51	
MYCO002849	59	0	42	
MYCO002850	1891	0	106	
MYCO002851	29	0	22	
MYCO002852	155	0	78	
MYCO002853	2669	0	111	
MYCO002854	52	0	56	
MYCO002855	285	0	61	
MYCO002856	51	0	42	
MYCO002857	20	0	30	
MYCO002858	614	0	82	
MYCO002859	1883	0	57	
MYCO002860	46	0	60	
MYCO002862	25	0	27	
MYCO002863	11	0	15	
MYCO002865	14	0	13	
MYCO002866	12	0	12	
MYCO002867	721	0	49	
MYCO002869	41	0	59	
MYCO002871	1085	0	12	
MYCO002872	100	0	29	
MYCO002873	14	0	25	
MYCO002874	317	0	110	
MYCO002875	172	0	27	
MYCO002876	4	0	28	
MYCO002877	192	0	58	
MYCO002878	21	0	23	
MYCO002879	6139	0	0	
MYCO002880	5685	0	8	
MYCO002881	15	0	38	
MYCO002884	156	0	38	
MYCO002885	264	1056	82	
MYCO002886	157	0	47	
MYCO002887	36	0	19	
MYCO002888	518	0	64	
MYCO002891	1069	0	42	
MYCO002892	336	0	64	
MYCO002893	83	0	68	
MYCO002895	263	0	44	
MYCO002896	479	0	66	
MYCO002897	382	0	90	
MYCO002898	25	0	30	
MYCO002899	13	0	38	
MYCO002900	66	0	97	
MYCO002903	83	0	45	
MYCO002905	49	0	62	
MYCO002906	24	0	25	
MYCO002907	130	0	26	
MYCO002908	54	0	9	
MYCO002910	10	0	28	
MYCO002911	147	0	46	
MYCO002912	34	0	22	
MYCO002913	136	0	102	
MYCO002914	402	0	76	
MYCO002920	144	0	90	
MYCO002922	1122	0	126	
MYCO002923	64	0	25	
MYCO002924	95	0	39	
MYCO002925	31	0	29	
MYCO002926	12	0	37	
MYCO002928	29	0	33	
MYCO002929	26	0	21	
MYCO002930	62	0	70	
MYCO002931	5521	0	107	
MYCO002932	1710	0	188	
MYCO002933	1580	0	198	
MYCO002934	1782	0	197	
MYCO002935	859	0	175	
MYCO002936	43	0	45	
MYCO002937	20	0	31	
MYCO002938	17	0	33	
MYCO002939	30	2879	53	
MYCO002940	334	0	254	
MYCO002941	44	0	89	
MYCO002942	156	0	149	
MYCO002943	232	0	78	
MYCO002944	35	0	51	
MYCO002945	3	0	34	
MYCO002946	1173	0	217	
MYCO002947	3105	0	30	
MYCO002948	118	0	115	
MYCO002949	129	0	42	
MYCO002950	244	0	93	
MYCO002951	169	0	55	
MYCO002952	25	0	36	
MYCO002953	67	0	62	
MYCO002954	53	0	41	
MYCO002955	233	0	61	
MYCO002956	41	0	48	
MYCO002957	75	0	46	
MYCO002958	265	0	76	
MYCO002959	782	0	46	
MYCO002960	27	0	20	
MYCO002961	23	0	14	
MYCO002962	676	0	58	
MYCO002963	771	0	51	
MYCO002964	80	0	46	
MYCO002966	231	0	21	
MYCO002968	28	0	21	
MYCO002969	57	0	34	
MYCO002970	98	0	50	
MYCO002971	128	0	40	
MYCO002972	27	0	41	
MYCO002973	248	0	71	
MYCO002974	753	0	81	
MYCO002975	2970	0	8	
MYCO002977	383	0	33	
MYCO002978	132	2642	61	
MYCO002979	36	0	34	
MYCO002980	532	0	30	
MYCO002983	711	0	35	
MYCO002985	83	0	62	
MYCO002986	83	0	31	
MYCO002987	30	0	19	
MYCO002989	596	0	36	
MYCO002990	36	0	42	
MYCO002991	44	0	24	
MYCO002994	673	0	60	
MYCO002997	587	0	60	
MYCO002998	12	0	18	
MYCO002999	43	0	60	
MYCO003000	51	0	30	
MYCO003002	5	0	21	
MYCO003004	38	0	19	
MYCO003005	50	0	27	
MYCO003007	577	0	29	
MYCO003008	60	0	40	
MYCO003012	14	0	12	
MYCO003013	539	0	31	
MYCO003015	354	0	55	
MYCO003016	37	0	27	
MYCO003017	654	0	24	
MYCO003018	4676	0	34	
MYCO003019	1	111	33	
MYCO003020	25	21	22	
MYCO003021	6111	0	10	
MYCO003022	6139	0	0	
MYCO003023	5973	48	9	
MYCO003026	99	0	54	
MYCO003030	159	0	40	
MYCO003033	16	0	32	
MYCO003035	294	0	42	
MYCO003036	21	0	38	
MYCO003037	383	0	63	
MYCO003039	165	0	37	
MYCO003040	313	0	46	
MYCO003041	22	0	36	
MYCO003044	426	0	68	
MYCO003046	21	0	19	
MYCO003047	176	0	24	
MYCO003050	30	0	45	
MYCO003055	44	1914	35	
MYCO003056	58	0	68	
MYCO003058	11	0	29	
MYCO003059	77	0	59	
MYCO003060	1053	0	95	
MYCO003061	609	0	107	
MYCO003062	1670	0	77	
MYCO003063	229	0	147	
MYCO003064	119	0	28	
MYCO003065	169	0	18	
MYCO003066	280	0	33	
MYCO003067	28	0	29	
MYCO003068	92	0	82	
MYCO003069	7	0	20	
MYCO003070	9	0	15	
MYCO003071	169	0	64	
MYCO003072	32	0	40	
MYCO003073	21	0	26	
MYCO003074	1855	2181	62	
MYCO003075	36	0	35	
MYCO003076	17	0	23	
MYCO003077	407	0	116	
MYCO003078	42	0	22	
MYCO003079	572	0	27	
MYCO003080	710	0	167	
MYCO003081	213	0	53	
MYCO003082	41	0	50	
MYCO003083	366	0	100	
MYCO003084	757	0	46	
MYCO003086	191	0	41	
MYCO003087	373	0	91	
MYCO003088	213	0	79	
MYCO003089	247	0	74	
MYCO003090	214	1493	59	
MYCO003091	298	0	82	
MYCO003092	640	0	55	
MYCO003093	1499	0	43	
MYCO003094	667	0	64	
MYCO003095	8	0	27	
MYCO003096	57	0	66	
MYCO003097	119	0	78	
MYCO003098	33	0	29	
MYCO003099	118	0	49	
MYCO003103	34	0	27	
MYCO003104	37	0	44	
MYCO003106	87	0	69	
MYCO003107	112	0	83	
MYCO003108	36	0	30	
MYCO003109	106	0	79	
MYCO003110	26	0	15	
MYCO003111	40	0	43	
MYCO003112	41	0	18	
MYCO003113	1326	0	40	
MYCO003114	103	0	28	
MYCO003115	5973	48	9	
MYCO003116	175	0	65	
MYCO003119	53	0	30	
MYCO003120	65	0	36	
MYCO003121	158	0	67	
MYCO003122	63	0	23	
MYCO003123	33	0	27	
MYCO003124	115	0	50	
MYCO003125	902	0	51	
MYCO003126	34	0	19	
MYCO003127	50	0	62	
MYCO003128	6139	0	0	
MYCO003129	577	0	11	
MYCO003130	74	0	75	
MYCO003131	78	0	40	
MYCO003132	160	0	81	
MYCO003133	11	0	17	
MYCO003134	52	0	47	
MYCO003135	3790	0	11	
MYCO003136	118	0	54	
MYCO003137	41	0	39	
MYCO003138	80	0	73	
MYCO003141	263	0	43	
MYCO003142	830	0	29	
MYCO003143	9	0	16	
MYCO003144	1036	0	63	
MYCO003145	26	0	15	
MYCO003146	5	0	25	
MYCO003147	47	0	14	
MYCO003148	40	0	55	
MYCO003149	61	0	33	
MYCO003150	565	0	47	
MYCO003151	1265	0	96	
MYCO003152	11	0	50	
MYCO003153	116	0	31	
MYCO003154	14	0	42	
MYCO003155	7	0	15	
MYCO003156	87	0	77	
MYCO003157	145	0	86	
MYCO003158	29	0	74	
MYCO003159	3142	0	89	
MYCO003160	21	0	24	
MYCO003161	462	0	81	
MYCO003162	80	0	18	
MYCO003163	31	0	53	
MYCO003164	30	0	30	
MYCO003165	126	0	21	
MYCO003166	657	0	49	
MYCO003167	59	0	40	
MYCO003168	226	0	75	
MYCO003169	789	0	62	
MYCO003170	645	0	61	
MYCO003171	49	0	68	
MYCO003172	11	0	29	
MYCO003173	17	0	37	
MYCO003174	24	0	57	
MYCO003175	1682	0	68	
MYCO003176	148	0	56	
MYCO003177	46	0	38	
MYCO003178	57	0	21	
MYCO003179	486	0	66	
MYCO003180	39	0	28	
MYCO003181	173	0	22	
MYCO003182	33	0	13	
MYCO003183	255	0	17	
MYCO003184	747	2	21	
MYCO003185	6139	0	0	
MYCO003186	747	2	21	
MYCO003187	6139	0	0	
MYCO003188	33	0	18	
MYCO003189	66	0	30	
MYCO003190	213	0	62	
MYCO003191	71	0	58	
MYCO003192	76	0	35	
MYCO003196	106	0	53	
MYCO003199	521	0	53	
MYCO003200	32	0	62	
MYCO003201	1065	0	131	
MYCO003202	860	0	161	
MYCO003203	44	0	45	
MYCO003204	2	0	21	
MYCO003209	17	0	34	
MYCO003210	19	0	30	
MYCO003212	731	0	64	
MYCO003215	43	0	63	
MYCO003216	6139	0	0	
MYCO003217	393	0	22	
MYCO003218	36	0	49	
MYCO003222	82	0	23	
MYCO003224	314	0	48	
MYCO003225	115	0	70	
MYCO003226	53	0	39	
MYCO003227	330	0	69	
MYCO003230	153	0	61	
MYCO003231	75	0	23	
MYCO003232	18	0	41	
MYCO003233	8	0	38	
MYCO003234	3035	0	28	
MYCO003235	472	0	40	
MYCO003236	361	0	61	
MYCO003237	12	0	30	
MYCO003238	24	0	39	
MYCO003239	3122	0	104	
MYCO003242	113	0	39	
MYCO003243	93	0	40	
MYCO003244	473	0	69	
MYCO003247	72	0	28	
MYCO003249	232	0	32	
MYCO003250	5	0	10	
MYCO003251	9	0	9	
MYCO003253	76	0	66	
MYCO003254	138	0	70	
MYCO003256	808	0	58	
MYCO003259	34	0	10	
MYCO003260	2	0	15	
MYCO003263	229	0	73	
MYCO003266	183	0	43	
MYCO003268	160	0	45	
MYCO003269	18	0	12	
MYCO003270	391	0	95	
MYCO003271	37	0	38	
MYCO003272	122	0	70	
MYCO003273	27	0	107	
MYCO003278	18	0	23	
MYCO003279	22	0	41	
MYCO003281	5898	0	10	
MYCO003282	25	0	47	
MYCO003283	29	0	51	
MYCO003284	60	0	22	
MYCO003286	631	0	46	
MYCO003287	17	0	13	
MYCO003288	7	0	18	
MYCO003289	46	0	27	
MYCO003291	32	0	16	
MYCO003292	286	0	67	
MYCO003293	770	0	69	
MYCO003294	24	0	41	
MYCO003295	33	0	31	
MYCO003297	122	0	49	
MYCO003298	340	0	32	
MYCO003299	950	0	172	
MYCO003300	85	0	48	
MYCO003301	29	0	44	
MYCO003307	193	0	47	
MYCO003308	738	0	80	
MYCO003309	28	0	28	
MYCO003310	38	0	49	
MYCO003311	57	0	59	
MYCO003312	40	0	42	
MYCO003314	148	0	51	
MYCO003315	18	0	26	
MYCO003316	6	0	11	
MYCO003320	60	0	23	
MYCO003321	3	0	7	
MYCO003322	26	0	34	
MYCO003323	332	0	41	
MYCO003324	318	0	27	
MYCO003325	747	2	21	
MYCO003326	6139	0	0	
MYCO003327	6066	0	7	
MYCO003331	536	0	73	
MYCO003332	514	0	71	
MYCO003333	1491	0	41	
MYCO003334	12	0	29	
MYCO003335	120	0	39	
MYCO003337	701	0	24	
MYCO003338	62	0	43	
MYCO003339	82	0	58	
MYCO003342	449	0	22	
MYCO003343	6123	0	15	
MYCO003344	6139	0	0	
MYCO003345	6108	0	12	
MYCO003346	1906	1	20	
MYCO003347	4754	0	243	
MYCO003348	159	6	33	
MYCO003349	3208	0	30	
MYCO003350	5073	0	256	
MYCO003351	804	0	40	
MYCO003352	777	0	16	
MYCO003353	751	0	13	
MYCO003354	753	0	19	
MYCO003355	764	1	19	
MYCO003357	16	0	16	
MYCO003358	9	0	12	
MYCO003359	367	0	43	
MYCO003360	891	0	18	
MYCO003361	78	0	36	
MYCO003362	72	0	42	
MYCO003363	355	0	21	
MYCO003364	85	0	21	
MYCO003365	5540	0	30	
MYCO003366	64	0	28	
MYCO003367	2831	0	91	
MYCO003368	150	0	35	
MYCO003369	203	0	19	
MYCO003370	1312	0	131	
MYCO003371	572	0	83	
MYCO003372	378	0	60	
MYCO003373	738	0	28	
MYCO003374	11	0	14	
MYCO003375	261	0	78	
MYCO003376	28	0	34	
MYCO003377	439	0	84	
MYCO003378	162	0	69	
MYCO003379	101	0	93	
MYCO003380	6139	0	0	
MYCO003381	747	2	21	
MYCO003382	230	0	42	
MYCO003383	1326	0	77	
MYCO003384	72	0	22	
MYCO003385	134	0	11	
MYCO003386	295	0	45	
MYCO003387	25	0	40	
MYCO003388	4605	0	67	
MYCO003389	486	0	66	
MYCO003390	34	0	53	
MYCO003391	382	0	113	
MYCO003393	115	0	40	
MYCO003394	1787	0	61	
MYCO003395	153	0	41	
MYCO003397	28	0	36	
MYCO003398	144	0	68	
MYCO003399	52	0	48	
MYCO003400	185	0	33	
MYCO003401	678	0	114	
MYCO003402	183	0	57	
MYCO003403	89	0	100	
MYCO003404	48	0	46	
MYCO003405	10	0	30	
MYCO003406	201	0	51	
MYCO003407	18	0	8	
MYCO003408	6	0	17	
MYCO003413	534	0	37	
MYCO003414	33	0	39	
MYCO003415	499	0	51	
MYCO003416	60	0	13	
MYCO003420	126	0	24	
MYCO003421	1511	0	46	
MYCO003423	65	0	79	
MYCO003424	393	4	30	
MYCO003425	276	1635	58	
MYCO003426	6002	0	4	
MYCO003427	1716	0	32	
MYCO003428	5817	0	7	
MYCO003429	276	1364	56	
MYCO003430	426	0	98	
MYCO003431	79	0	43	
MYCO003434	279	0	54	
MYCO003435	27	0	69	
MYCO003437	251	0	33	
MYCO003438	81	0	48	
MYCO003439	1086	0	72	
MYCO003440	71	0	27	
MYCO003444	22	0	21	
MYCO003445	37	0	20	
MYCO003446	1141	0	81	
MYCO003447	536	0	186	
MYCO003448	300	0	77	
MYCO003449	235	0	85	
MYCO003450	915	0	88	
MYCO003451	101	0	56	
MYCO003452	719	0	42	
MYCO003453	3790	0	5	
MYCO003454	104	0	75	
MYCO003463	178	0	42	
MYCO003465	10	0	27	
MYCO003466	5910	62	55	
MYCO003467	5948	86	30	
MYCO003468	98	0	65	
MYCO003469	34	0	60	
MYCO003470	306	0	97	
MYCO003471	47	0	25	
MYCO003472	38	0	37	
MYCO003473	42	0	54	
MYCO003474	747	2	21	
MYCO003475	6139	0	0	
MYCO003476	73	0	74	
MYCO003477	146	0	17	
MYCO003478	3046	336	408	
MYCO003479	321	0	173	
MYCO003480	330	0	87	
MYCO003481	81	0	30	
MYCO003482	49	0	41	
MYCO003483	1356	0	38	
MYCO003484	155	0	71	
MYCO003485	809	0	51	
MYCO003486	377	0	23	
MYCO003487	1302	0	47	
MYCO003488	185	0	14	
MYCO003489	5	0	8	
MYCO003491	21	0	38	
MYCO003492	3	0	26	
MYCO003493	482	0	33	
MYCO003494	1304	0	66	
MYCO003495	45	0	51	
MYCO003496	407	0	53	
MYCO003497	21	0	57	
MYCO003498	140	0	49	
MYCO003499	21	0	51	
MYCO003502	49	0	39	
MYCO003503	0	0	9	
MYCO003505	197	0	53	
MYCO003506	128	0	100	
MYCO003507	5747	0	94	
MYCO003508	6135	0	3	
MYCO003509	626	0	88	
MYCO003510	208	0	44	
MYCO003511	6125	0	6	
MYCO003512	6139	0	0	
MYCO003513	5838	0	16	
MYCO003514	6137	0	1	
MYCO003515	5500	0	31	
MYCO003516	899	0	34	
MYCO003517	1330	0	42	
MYCO003518	186	0	51	
MYCO003519	31	0	38	
MYCO003521	49	0	48	
MYCO003522	17	0	59	
MYCO003523	568	0	44	
MYCO003524	82	0	71	
MYCO003525	361	0	25	
MYCO003526	16	0	44	
MYCO003527	10	0	30	
MYCO003528	85	0	62	
MYCO003529	721	0	71	
MYCO003530	40	2241	44	
MYCO003531	129	0	69	
MYCO003532	495	0	72	
MYCO003533	1880	0	99	
MYCO003534	93	0	45	
MYCO003535	1536	0	38	
MYCO003536	26	0	42	
MYCO003537	41	0	69	
MYCO003538	12	0	39	
MYCO003539	771	0	72	
MYCO003540	523	0	52	
MYCO003541	3	0	23	
MYCO003542	153	0	43	
MYCO003543	138	0	49	
MYCO003544	70	0	51	
MYCO003545	39	0	86	
MYCO003546	139	0	49	
MYCO003547	68	0	36	
MYCO003548	35	0	29	
MYCO003549	204	0	44	
MYCO003550	91	0	37	
MYCO003551	88	0	37	
MYCO003552	14	0	29	
MYCO003553	638	0	40	
MYCO003554	118	0	126	
MYCO003555	912	0	41	
MYCO003556	182	0	42	
MYCO003557	2	0	31	
MYCO003558	1445	0	81	
MYCO003559	373	0	41	
MYCO003560	196	0	57	
MYCO003561	961	0	73	
MYCO003562	105	0	61	
MYCO003563	242	0	49	
MYCO003564	857	0	32	
MYCO003565	131	0	73	
MYCO003566	197	0	51	
MYCO003567	60	0	23	
MYCO003568	694	0	36	
MYCO003569	534	0	40	
MYCO003572	50	0	28	
MYCO003573	630	0	92	
MYCO003574	95	0	27	
MYCO003575	167	0	45	
MYCO003576	103	0	46	
MYCO003577	104	0	37	
MYCO003578	489	0	83	
MYCO003581	18	0	24	
MYCO003582	45	0	39	
MYCO003584	20	0	25	
MYCO003585	74	0	77	
MYCO003586	28	0	54	
MYCO003587	304	0	46	
MYCO003588	85	0	16	
MYCO003590	4254	0	63	
MYCO003591	46	0	55	
MYCO003593	5	0	81	
MYCO003594	108	0	54	
MYCO003595	2765	0	71	
MYCO003597	404	0	15	
MYCO003599	264	0	6	
MYCO003602	945	0	52	
MYCO003603	333	0	50	
MYCO003604	1310	0	71	
MYCO003605	432	0	22	
MYCO003606	24	0	29	
MYCO003607	235	0	19	
MYCO003608	75	0	43	
MYCO003611	6082	0	6	
MYCO003612	66	0	21	
MYCO003613	4	0	8	
MYCO003614	9	0	47	
MYCO003615	10	0	13	
MYCO003616	96	0	75	
MYCO003617	154	0	51	
MYCO003618	142	0	53	
MYCO003619	547	2873	141	
MYCO003620	3449	692	116	
MYCO003621	899	0	57	
MYCO003622	164	0	16	
MYCO003623	345	0	40	
MYCO003625	377	0	48	
MYCO003626	504	0	52	
MYCO003627	85	0	82	
MYCO003629	60	0	65	
MYCO003630	29	1485	64	
MYCO003631	16	0	31	
MYCO003632	6	0	10	
MYCO003633	100	0	60	
MYCO003634	182	0	39	
MYCO003635	222	0	95	
MYCO003636	18	0	24	
MYCO003637	107	0	34	
MYCO003638	25	0	46	
MYCO003639	561	0	39	
MYCO003640	237	0	67	
MYCO003641	22	0	33	
MYCO003642	11	0	15	
MYCO003643	7	0	13	
MYCO003645	1287	0	73	
MYCO003649	919	0	130	
MYCO003650	133	0	18	
MYCO003651	585	0	53	
MYCO003652	1395	0	21	
MYCO003653	3630	0	36	
MYCO003654	760	0	27	
MYCO003655	6133	0	2	
MYCO003656	29	0	16	
MYCO003657	1878	1462	30	
MYCO003658	684	0	48	
MYCO003659	1225	0	57	
MYCO003660	275	0	72	
MYCO003661	92	0	33	
MYCO003662	1691	0	49	
MYCO003663	629	0	92	
MYCO003664	24	0	53	
MYCO003665	18	0	56	
MYCO003666	166	1645	74	
MYCO003667	465	0	110	
MYCO003669	13	0	30	
MYCO003671	31	0	64	
MYCO003672	97	0	44	
MYCO003673	227	0	37	
MYCO003675	3	0	23	
MYCO003678	19	0	26	
MYCO003681	28	0	30	
MYCO003685	171	0	82	
MYCO003686	118	0	18	
MYCO003687	27	0	24	
MYCO003688	41	0	33	
MYCO003689	317	0	106	
MYCO003690	579	0	27	
MYCO003691	126	0	64	
MYCO003692	106	0	53	
MYCO003693	2130	0	66	
MYCO003694	18	0	56	
MYCO003697	49	0	29	
MYCO003698	256	0	94	
MYCO003699	60	0	42	
MYCO003700	946	0	60	
MYCO003701	208	0	53	
MYCO003702	50	0	48	
MYCO003703	109	0	87	
MYCO003704	108	0	70	
MYCO003706	296	0	19	
MYCO003714	101	0	58	
MYCO003716	435	0	24	
MYCO003723	36	0	41	
MYCO003725	2978	0	25	
MYCO003726	473	0	66	
MYCO003727	393	0	111	
MYCO003728	3901	0	107	
MYCO003729	575	0	139	
MYCO003730	19	0	62	
MYCO003731	22	0	66	
MYCO003732	164	0	64	
MYCO003733	22	0	32	
MYCO003734	112	0	81	
MYCO003735	26	0	37	
MYCO003736	116	0	75	
MYCO003737	1135	0	84	
MYCO003738	2123	0	48	
MYCO003739	1477	0	16	
MYCO003740	181	0	77	
MYCO003741	39	0	50	
MYCO003742	17	0	31	
MYCO003743	258	0	129	
MYCO003744	8	0	28	
MYCO003745	22	1925	14	
MYCO003746	20	0	26	
MYCO003747	39	0	17	
MYCO003748	32	0	22	
MYCO003749	44	0	29	
MYCO003750	22	0	22	
MYCO003751	23	0	15	
MYCO003752	485	0	15	
MYCO003753	721	0	21	
MYCO003754	375	0	48	
MYCO003755	23	0	32	
MYCO003756	32	0	45	
MYCO003757	242	0	51	
MYCO003758	72	0	52	
MYCO003759	43	0	77	
MYCO003760	45	0	12	
MYCO003761	245	0	45	
MYCO003762	37	0	115	
MYCO003763	52	0	33	
MYCO003764	67	0	69	
MYCO003766	178	0	46	
MYCO003767	167	0	54	
MYCO003768	156	0	19	
MYCO003769	146	0	24	
MYCO003770	176	0	34	
MYCO003771	62	0	30	
MYCO003772	92	0	57	
MYCO003773	158	0	36	
MYCO003776	1166	0	97	
MYCO003779	713	0	110	
MYCO003784	368	0	71	
MYCO003785	2654	0	45	
MYCO003786	504	0	69	
MYCO003787	145	0	63	
MYCO003788	20	0	25	
MYCO003789	8	0	21	
MYCO003792	329	0	126	
MYCO003796	46	0	75	
MYCO003797	309	0	116	
MYCO003798	3292	66	40	
MYCO003800	1325	0	234	
MYCO003803	102	0	57	
MYCO003805	53	0	95	
MYCO003807	245	0	24	
MYCO003810	1713	0	39	
MYCO003811	273	0	87	
MYCO003812	2367	0	72	
MYCO003813	167	0	40	
MYCO003814	68	0	35	
MYCO003815	196	0	44	
MYCO003817	510	0	47	
MYCO003818	90	0	74	
MYCO003819	51	0	25	
MYCO003820	277	0	92	
MYCO003821	26	0	49	
MYCO003822	112	0	91	
MYCO003823	85	0	196	
MYCO003824	118	0	116	
MYCO003825	358	0	363	
MYCO003826	118	0	118	
MYCO003827	264	0	104	
MYCO003828	6	2349	25	
MYCO003829	1278	0	108	
MYCO003830	1426	0	50	
MYCO003831	28	0	45	
MYCO003832	178	0	45	
MYCO003833	770	0	57	
MYCO003836	701	0	33	
MYCO003837	59	0	54	
MYCO003838	196	0	65	
MYCO003839	16	0	56	
MYCO003840	100	0	43	
MYCO003841	17	0	39	
MYCO003843	540	0	62	
MYCO003844	159	6	33	
MYCO003845	4493	0	12	
MYCO003846	15	0	35	
MYCO003848	148	0	80	
MYCO003850	99	0	45	
MYCO003851	88	0	19	
MYCO003852	78	0	25	
MYCO003853	9	0	24	
MYCO003854	291	0	173	
MYCO003855	12	0	48	
MYCO003856	136	0	78	
MYCO003857	14	0	8	
MYCO003860	718	0	106	
MYCO003861	181	0	37	
MYCO003862	98	0	89	
MYCO003863	288	0	76	
MYCO003864	193	0	94	
MYCO003865	78	0	21	
MYCO003866	197	0	49	
MYCO003867	142	0	37	
MYCO003868	290	0	95	
MYCO003869	803	0	108	
MYCO003870	75	0	161	
MYCO003871	462	0	127	
MYCO003872	293	0	18	
MYCO003873	317	0	69	
MYCO003874	60	0	17	
MYCO003875	15	0	21	
MYCO003876	2770	0	108	
MYCO003877	78	0	135	
MYCO003878	747	0	60	
MYCO003879	2672	0	171	
MYCO003880	9	0	23	
MYCO003881	683	0	134	
MYCO003882	770	0	133	
MYCO003883	77	0	109	
MYCO003884	345	0	124	
MYCO003885	223	0	142	
MYCO003886	2103	0	94	
MYCO003887	632	0	109	
MYCO003888	167	0	107	
MYCO003889	432	0	84	
MYCO003890	124	0	24	
MYCO003891	33	0	37	
MYCO003892	1411	0	97	
MYCO003893	119	0	24	
MYCO003894	1749	0	274	
MYCO003895	1665	0	96	
MYCO003896	359	0	81	
MYCO003897	6085	0	2	
MYCO003898	2989	0	12	
MYCO003899	1754	0	86	
MYCO003900	966	0	114	
MYCO003901	112	0	42	
MYCO003902	34	0	47	
MYCO003903	1953	0	171	
MYCO003904	19	0	34	
MYCO003905	46	0	30	
MYCO003906	78	0	51	
MYCO003909	328	0	176	
MYCO003910	424	0	320	
MYCO003911	6127	0	5	
MYCO003912	298	0	92	
MYCO003914	9	0	26	
MYCO003916	6	0	74	
MYCO003919	337	0	244	
MYCO003922	5	0	41	
MYCO003923	13	0	43	
MYCO010064	18	0	14	
MYCO010078	16	0	47	
MYCO010157	4	0	9	
MYCO010186	56	0	9	
MYCO010192	1403	0	19	
MYCO010236	51	0	6	
MYCO010277	6139	0	0	
MYCO010397	8	3012	15	
MYCO010456	16	0	19	
MYCO010470	858	0	18	
MYCO010492	57	0	14	
MYCO010500	290	0	7	
MYCO010530	16	0	10	
MYCO010590	39	0	9	
MYCO010609	27	0	13	
MYCO010616	2	0	21	
MYCO010634	14	0	15	
MYCO010691	3	0	10	
MYCO010724	6139	0	0	
MYCO010749	13	0	10	
MYCO010755	107	0	6	
MYCO010787	53	0	9	
MYCO010959	9	0	9	
MYCO011028	4	0	8	
MYCO011087	47	0	9	
MYCO011089	10	0	10	
MYCO011116	28	0	14	
MYCO011135	5	0	24	
MYCO011159	10	0	15	
MYCO011290	59	0	16	
MYCO011322	18	0	33	
MYCO011366	25	0	14	
MYCO011473	47	0	16	
MYCO011489	170	0	10	
MYCO011498	92	0	15	
MYCO011507	114	0	41	
MYCO011508	53	0	15	
MYCO011638	405	0	15	
MYCO011706	9	0	10	
MYCO011765	50	0	16	
MYCO011888	3	0	17	
MYCO011954	26	0	12	
MYCO011962	1	3608	18	
MYCO011982	17	0	8	
MYCO011990	66	0	21	
MYCO011991	1	0	9	
MYCO012023	58	0	61	
MYCO012063	168	0	21	
MYCO012077	196	0	18	
MYCO012142	3	0	13	
MYCO012160	3310	0	15	
MYCO012219	9	0	23	
MYCO012231	49	0	30	
MYCO012237	40	0	12	
MYCO012250	6135	0	1	
MYCO012274	238	0	16	
MYCO012306	52	0	36	
MYCO012307	12	0	6	
MYCO012309	8	0	21	
MYCO012331	5	0	13	
MYCO012395	27	0	14	
MYCO012401	34	0	7	
MYCO012427	6139	0	0	
MYCO012438	11	0	20	
MYCO012468	3	0	13	
MYCO012530	5	0	15	
MYCO012548	15	0	16	
MYCO012601	6	0	13	
MYCO012614	709	0	16	
MYCO012737	18	0	11	
MYCO012801	6	0	11	
MYCO012828	1128	0	17	
MYCO012862	6139	0	0	
MYCO012922	25	0	17	
MYCO012943	29	0	37	
MYCO012970	28	0	6	
MYCO012998	8	0	18	
MYCO013018	2297	3	10	
MYCO013022	988	0	17	
MYCO013032	32	0	20	
MYCO013098	24	0	20	
MYCO013136	8	0	28	
MYCO013190	237	0	12	
MYCO013196	6	0	8	
MYCO013197	70	0	15	
MYCO013198	10	0	16	
MYCO013208	12	0	17	
MYCO013221	4	0	16	
MYCO013224	25	0	19	
MYCO013312	77	0	24	
MYCO013324	6139	0	0	
MYCO013395	237	0	29	
MYCO013566	6	0	19	
MYCO013697	65	0	15	
MYCO013705	51	0	29	
MYCO013724	689	0	11	
MYCO013770	8	0	11	
MYCO020078	3	0	21	
MYCO020456	6139	0	0	
MYCO020500	1	0	5	
MYCO022231	4384	0	19	
MYCO022306	94	0	25	
MYCO022307	69	0	29	
MYCO022395	62	0	17	
MYCO023224	41	0	11	
MYCO023724	725	0	29	
MYCO023770	12	0	13	
MYCO032307	0	0	10	
