GbGDiv simplified results table from 'accumulate-30.txt' records table.
Isolate records read from table: 7669

Locus	Missing	Paralogous	CountNuc
id	0	0	7669	
isolate	0	0	7668	
rMLST_database_accession	0	0	7669	
BACT000001	21	0	103	
BACT000002	218	0	39	
BACT000003	742	0	45	
BACT000004	40	0	33	
BACT000005	125	0	37	
BACT000006	7	0	19	
BACT000007	16	0	21	
BACT000008	30	0	28	
BACT000009	33	0	32	
BACT000010	3	0	14	
BACT000011	62	0	27	
BACT000012	4	0	24	
BACT000013	18	0	29	
BACT000014	3	7056	2	
BACT000015	10	0	9	
BACT000016	56	0	36	
BACT000017	25	0	22	
BACT000018	1	5989	4	
BACT000019	3	0	14	
BACT000020	7	0	16	
BACT000021	7668	0	1	
BACT000030	79	2135	36	
BACT000031	5	0	33	
BACT000032	16	0	29	
BACT000033	203	0	37	
BACT000034	13	0	30	
BACT000035	7	0	30	
BACT000036	485	0	25	
BACT000038	35	0	21	
BACT000039	27	0	29	
BACT000040	913	0	23	
BACT000042	11	0	32	
BACT000043	6	0	25	
BACT000044	43	0	24	
BACT000045	31	0	22	
BACT000046	8	0	39	
BACT000047	99	0	19	
BACT000048	2	0	22	
BACT000049	9	0	21	
BACT000050	43	0	18	
BACT000051	228	0	34	
BACT000052	3	0	18	
BACT000053	7	0	18	
BACT000056	11	0	13	
BACT000057	6	7423	6	
BACT000058	1	1	15	
BACT000059	0	0	14	
BACT000060	4	0	12	
BACT000061	22	0	18	
BACT000062	3	6387	8	
BACT000063	3	1	16	
BACT000064	5	0	15	
BACT000065	5	0	7	
MYCO000001	54	0	158	
MYCO000005	43	0	179	
MYCO000006	75	0	293	
MYCO000009	21	0	40	
MYCO000011	13	0	32	
MYCO000013	10	0	72	
MYCO000015	1711	0	97	
MYCO000016	121	0	110	
MYCO000017	100	0	109	
MYCO000019	12	0	42	
MYCO000038	494	0	43	
MYCO000046	22	0	81	
MYCO000047	28	0	42	
MYCO000049	50	0	33	
MYCO000050	826	0	180	
MYCO000051	637	0	135	
MYCO000054	296	0	33	
MYCO000066	37	0	154	
MYCO000068	216	0	97	
MYCO000129	74	0	42	
MYCO000183	405	0	65	
MYCO000184	450	0	44	
MYCO000189	997	0	78	
MYCO000198	84	0	132	
MYCO000204	238	0	66	
MYCO000207	25	0	54	
MYCO000211	88	0	131	
MYCO000223	766	0	92	
MYCO000225	51	0	53	
MYCO000227	851	0	73	
MYCO000228	179	0	80	
MYCO000236	1705	0	216	
MYCO000237	189	0	89	
MYCO000238	24	0	42	
MYCO000241	48	0	76	
MYCO000242	1268	0	80	
MYCO000243	698	0	80	
MYCO000244	161	3810	95	
MYCO000247	16	0	37	
MYCO000248	42	0	72	
MYCO000270	65	0	113	
MYCO000274	480	0	48	
MYCO000321	12	0	34	
MYCO000322	94	0	72	
MYCO000334	10	0	38	
MYCO000337	63	0	61	
MYCO000350	126	0	70	
MYCO000352	785	0	55	
MYCO000357	26	0	61	
MYCO000360	250	0	34	
MYCO000383	1420	0	40	
MYCO000384	960	0	107	
MYCO000407	354	0	66	
MYCO000410	232	0	125	
MYCO000411	211	0	58	
MYCO000414	1580	0	35	
MYCO000415	1670	0	54	
MYCO000417	529	1911	35	
MYCO000423	47	0	66	
MYCO000429	18	0	35	
MYCO000432	26	0	34	
MYCO000433	47	0	51	
MYCO000439	288	0	60	
MYCO000440	87	0	71	
MYCO000462	17	0	55	
MYCO000465	68	0	88	
MYCO000466	33	0	39	
MYCO000467	29	0	54	
MYCO000468	69	0	47	
MYCO000472	18	0	37	
MYCO000475	176	0	45	
MYCO000483	84	0	69	
MYCO000484	74	0	45	
MYCO000486	460	0	74	
MYCO000489	1134	0	33	
MYCO000490	93	0	49	
MYCO000491	10	0	21	
MYCO000495	21	0	50	
MYCO000496	96	0	48	
MYCO000498	132	0	55	
MYCO000501	37	0	65	
MYCO000502	58	0	52	
MYCO000505	1837	0	44	
MYCO000509	168	0	75	
MYCO000510	124	0	45	
MYCO000512	168	0	53	
MYCO000524	614	0	69	
MYCO000527	229	0	43	
MYCO000528	1167	0	71	
MYCO000529	285	0	60	
MYCO000548	51	0	46	
MYCO000551	270	0	104	
MYCO000553	717	0	50	
MYCO000555	706	0	67	
MYCO000557	87	0	97	
MYCO000558	385	0	34	
MYCO000562	36	0	57	
MYCO000563	158	0	52	
MYCO000564	92	0	67	
MYCO000566	25	0	25	
MYCO000636	13	0	30	
MYCO000639	293	0	29	
MYCO000647	278	0	76	
MYCO000655	37	0	60	
MYCO000667	366	0	321	
MYCO000668	290	0	318	
MYCO000672	315	0	116	
MYCO000684	100	0	111	
MYCO000685	30	0	38	
MYCO000693	729	0	51	
MYCO000696	115	0	80	
MYCO000732	21	0	74	
MYCO000733	16	0	26	
MYCO000734	787	0	36	
MYCO000757	14	0	39	
MYCO000758	200	0	192	
MYCO000772	233	0	63	
MYCO000777	78	0	50	
MYCO000780	28	0	48	
MYCO000782	7498	0	5	
MYCO000788	203	0	32	
MYCO000803	168	0	110	
MYCO000808	141	0	78	
MYCO000809	12	0	46	
MYCO000810	7	0	11	
MYCO000814	1532	26	13	
MYCO000815	117	8	50	
MYCO000820	22	0	31	
MYCO000821	37	0	23	
MYCO000823	147	0	72	
MYCO000824	14	0	29	
MYCO000859	108	0	90	
MYCO000860	454	0	131	
MYCO000861	83	0	88	
MYCO000871	22	0	18	
MYCO000876	14	0	86	
MYCO000884	25	0	57	
MYCO000885	104	0	47	
MYCO000886	1766	0	95	
MYCO000889	1505	0	69	
MYCO000896	107	0	67	
MYCO000902	57	0	42	
MYCO000903	18	0	16	
MYCO000906	1949	0	61	
MYCO000926	38	0	78	
MYCO000927	332	0	52	
MYCO000929	678	0	39	
MYCO000946	76	0	87	
MYCO000949	329	0	121	
MYCO000951	60	0	58	
MYCO000952	143	0	55	
MYCO000953	546	0	59	
MYCO000957	817	0	71	
MYCO000981	73	0	40	
MYCO000983	952	0	79	
MYCO000993	231	0	44	
MYCO000994	507	0	71	
MYCO000995	26	0	43	
MYCO001001	64	0	77	
MYCO001002	111	0	81	
MYCO001007	19	0	68	
MYCO001008	440	0	48	
MYCO001009	364	0	61	
MYCO001010	163	0	62	
MYCO001011	59	0	47	
MYCO001013	88	0	76	
MYCO001014	59	0	38	
MYCO001015	46	0	40	
MYCO001017	15	0	39	
MYCO001018	89	0	85	
MYCO001020	860	0	198	
MYCO001022	357	0	37	
MYCO001023	274	0	75	
MYCO001026	492	0	54	
MYCO001070	44	0	35	
MYCO001071	33	0	65	
MYCO001072	8	0	43	
MYCO001077	110	0	76	
MYCO001079	133	0	47	
MYCO001080	417	0	24	
MYCO001082	74	0	40	
MYCO001086	108	0	48	
MYCO001092	203	0	40	
MYCO001094	132	0	29	
MYCO001095	191	0	66	
MYCO001098	138	0	54	
MYCO001099	472	0	61	
MYCO001108	155	0	66	
MYCO001110	27	0	44	
MYCO001112	992	0	54	
MYCO001165	357	0	102	
MYCO001173	437	0	128	
MYCO001177	23	0	8	
MYCO001178	283	0	75	
MYCO001193	723	0	59	
MYCO001201	458	0	53	
MYCO001202	358	0	45	
MYCO001207	506	0	55	
MYCO001208	54	0	38	
MYCO001213	348	0	78	
MYCO001220	446	0	27	
MYCO001221	9	0	39	
MYCO001223	1243	0	90	
MYCO001229	218	0	66	
MYCO001238	83	0	50	
MYCO001239	32	0	57	
MYCO001245	147	0	53	
MYCO001248	841	0	185	
MYCO001253	337	0	103	
MYCO001272	577	0	87	
MYCO001273	29	0	95	
MYCO001277	822	0	51	
MYCO001292	58	0	90	
MYCO001293	99	0	64	
MYCO001294	135	0	61	
MYCO001295	101	0	54	
MYCO001297	636	0	79	
MYCO001299	67	0	33	
MYCO001302	21	0	48	
MYCO001305	12	0	11	
MYCO001308	106	0	65	
MYCO001309	27	0	52	
MYCO001310	35	0	58	
MYCO001311	31	0	28	
MYCO001315	51	0	50	
MYCO001321	118	0	36	
MYCO001323	170	0	66	
MYCO001326	97	0	115	
MYCO001327	134	0	99	
MYCO001328	265	0	138	
MYCO001338	195	0	40	
MYCO001340	105	0	36	
MYCO001380	86	0	43	
MYCO001381	811	0	57	
MYCO001383	74	0	62	
MYCO001384	700	0	198	
MYCO001385	1213	0	45	
MYCO001388	12	0	33	
MYCO001390	2	0	18	
MYCO001391	1336	0	70	
MYCO001392	737	0	77	
MYCO001402	3066	0	84	
MYCO001407	1059	0	89	
MYCO001408	261	0	37	
MYCO001410	26	0	70	
MYCO001412	33	0	33	
MYCO001415	39	0	53	
MYCO001416	12	0	26	
MYCO001420	52	0	100	
MYCO001421	39	0	52	
MYCO001436	21	0	52	
MYCO001437	84	0	60	
MYCO001438	40	0	44	
MYCO001440	38	0	17	
MYCO001445	505	0	40	
MYCO001447	909	0	111	
MYCO001448	99	0	63	
MYCO001449	393	0	109	
MYCO001451	146	0	49	
MYCO001457	15	0	39	
MYCO001458	47	0	54	
MYCO001462	95	0	68	
MYCO001463	31	0	37	
MYCO001464	397	0	63	
MYCO001465	30	0	19	
MYCO001466	16	0	12	
MYCO001467	161	3885	76	
MYCO001473	70	0	72	
MYCO001474	230	0	22	
MYCO001475	41	0	119	
MYCO001479	165	0	62	
MYCO001480	248	0	50	
MYCO001481	45	0	52	
MYCO001483	207	0	30	
MYCO001484	59	0	43	
MYCO001485	221	0	41	
MYCO001493	1173	0	82	
MYCO001536	261	0	166	
MYCO001540	53	0	60	
MYCO001547	275	0	148	
MYCO001557	1281	0	70	
MYCO001559	1649	0	72	
MYCO001564	95	0	118	
MYCO001568	462	0	65	
MYCO001569	1442	0	44	
MYCO001589	28	0	49	
MYCO001593	16	0	37	
MYCO001594	87	0	62	
MYCO001595	822	0	86	
MYCO001599	695	0	63	
MYCO001600	16	0	59	
MYCO001601	3	0	37	
MYCO001603	20	0	47	
MYCO001605	33	0	42	
MYCO001609	184	0	92	
MYCO001611	134	0	32	
MYCO001612	21	0	68	
MYCO001617	97	0	80	
MYCO001626	40	0	34	
MYCO001627	230	0	53	
MYCO001629	270	0	166	
MYCO001633	992	0	116	
MYCO001638	352	0	154	
MYCO001641	7669	0	0	
MYCO001649	582	0	50	
MYCO001652	437	0	55	
MYCO001653	1328	0	49	
MYCO001654	201	0	36	
MYCO001655	847	0	64	
MYCO001656	625	0	48	
MYCO001657	696	0	30	
MYCO001658	244	0	69	
MYCO001659	685	0	72	
MYCO001689	30	0	59	
MYCO001694	271	0	48	
MYCO001695	11	0	44	
MYCO001697	12	0	41	
MYCO001699	41	0	122	
MYCO001701	127	0	37	
MYCO001708	39	0	37	
MYCO001709	10	0	56	
MYCO001711	8	0	45	
MYCO001712	48	0	41	
MYCO001713	346	0	77	
MYCO001821	75	0	121	
MYCO001827	13	0	23	
MYCO001829	80	0	24	
MYCO001830	41	0	77	
MYCO001832	206	0	160	
MYCO001837	188	0	129	
MYCO001842	163	0	88	
MYCO001843	189	0	90	
MYCO001844	102	0	104	
MYCO001854	87	0	77	
MYCO001886	141	0	63	
MYCO001894	328	0	74	
MYCO001981	30	0	33	
MYCO002050	8	0	14	
MYCO002089	578	0	72	
MYCO002090	7497	0	14	
MYCO002092	913	0	154	
MYCO002093	83	0	45	
MYCO002096	53	0	66	
MYCO002097	175	0	58	
MYCO002109	29	0	43	
MYCO002110	94	0	43	
MYCO002111	207	0	11	
MYCO002112	3300	0	67	
MYCO002115	69	0	94	
MYCO002118	34	0	31	
MYCO002119	48	0	59	
MYCO002121	105	0	38	
MYCO002122	7	0	22	
MYCO002125	69	0	42	
MYCO002130	961	0	49	
MYCO002134	38	0	31	
MYCO002139	159	0	54	
MYCO002140	3	0	29	
MYCO002141	123	0	75	
MYCO002145	113	0	35	
MYCO002150	460	0	37	
MYCO002151	517	0	38	
MYCO002153	1453	0	75	
MYCO002154	1591	0	51	
MYCO002155	1264	0	113	
MYCO002156	37	0	58	
MYCO002157	3334	0	65	
MYCO002163	333	0	91	
MYCO002166	28	0	17	
MYCO002170	924	0	41	
MYCO002176	198	0	67	
MYCO002178	42	0	42	
MYCO002179	145	0	22	
MYCO002182	53	0	34	
MYCO002186	7	0	20	
MYCO002187	2157	0	84	
MYCO002188	77	0	70	
MYCO002192	238	0	54	
MYCO002193	12	0	28	
MYCO002194	66	0	44	
MYCO002195	37	0	58	
MYCO002196	34	0	90	
MYCO002199	5	0	24	
MYCO002200	45	0	60	
MYCO002201	334	0	87	
MYCO002202	351	0	52	
MYCO002210	158	0	62	
MYCO002211	216	0	65	
MYCO002213	398	0	96	
MYCO002216	70	0	66	
MYCO002217	416	0	44	
MYCO002218	320	0	58	
MYCO002219	251	0	44	
MYCO002220	51	0	71	
MYCO002221	1658	0	127	
MYCO002222	83	0	65	
MYCO002225	246	0	51	
MYCO002228	107	0	59	
MYCO002230	503	0	61	
MYCO002235	133	0	55	
MYCO002239	5	0	25	
MYCO002241	948	0	93	
MYCO002242	353	0	52	
MYCO002243	802	0	50	
MYCO002244	9	0	13	
MYCO002245	135	0	57	
MYCO002246	97	0	52	
MYCO002247	320	0	62	
MYCO002257	81	0	49	
MYCO002259	386	0	56	
MYCO002315	1304	0	85	
MYCO002343	389	0	89	
MYCO002344	1168	0	57	
MYCO002357	23	0	46	
MYCO002361	23	0	33	
MYCO002362	216	0	36	
MYCO002364	19	0	49	
MYCO002366	28	0	80	
MYCO002367	14	0	21	
MYCO002368	72	0	59	
MYCO002373	111	0	61	
MYCO002374	247	0	66	
MYCO002399	98	0	53	
MYCO002400	77	0	67	
MYCO002402	122	0	128	
MYCO002404	58	0	105	
MYCO002409	29	0	38	
MYCO002410	15	0	36	
MYCO002411	185	0	90	
MYCO002413	285	0	45	
MYCO002420	333	0	28	
MYCO002421	6	0	21	
MYCO002425	616	0	60	
MYCO002426	2169	0	56	
MYCO002427	680	0	62	
MYCO002439	1162	0	44	
MYCO002440	186	0	83	
MYCO002445	48	0	19	
MYCO002447	136	0	86	
MYCO002448	327	0	129	
MYCO002454	51	0	62	
MYCO002455	126	0	90	
MYCO002457	50	0	46	
MYCO002460	10	0	21	
MYCO002461	14	0	32	
MYCO002462	480	0	62	
MYCO002465	122	0	24	
MYCO002466	72	0	34	
MYCO002467	168	0	129	
MYCO002470	15	0	28	
MYCO002477	47	0	84	
MYCO002500	20	0	64	
MYCO002502	94	0	87	
MYCO002509	22	0	54	
MYCO002511	26	0	28	
MYCO002518	912	0	58	
MYCO002521	5	0	30	
MYCO002523	73	0	17	
MYCO002524	2204	0	355	
MYCO002533	35	0	28	
MYCO002534	10	0	29	
MYCO002538	397	0	60	
MYCO002540	1652	0	70	
MYCO002555	144	0	102	
MYCO002559	652	0	61	
MYCO002568	94	0	54	
MYCO002572	268	0	88	
MYCO002575	122	0	51	
MYCO002580	357	0	50	
MYCO002582	60	0	45	
MYCO002583	199	0	103	
MYCO002587	1144	0	98	
MYCO002589	251	0	69	
MYCO002592	321	0	45	
MYCO002593	166	0	36	
MYCO002594	5	0	22	
MYCO002603	19	0	36	
MYCO002606	73	0	43	
MYCO002610	190	0	55	
MYCO002611	151	0	63	
MYCO002612	14	0	36	
MYCO002613	15	0	21	
MYCO002614	136	0	79	
MYCO002670	44	0	55	
MYCO002673	881	1941	59	
MYCO002676	42	0	28	
MYCO002678	672	0	52	
MYCO002682	176	0	78	
MYCO002696	197	0	51	
MYCO002697	18	0	22	
MYCO002699	0	0	15	
MYCO002702	19	0	54	
MYCO002703	264	0	61	
MYCO002708	9	0	20	
MYCO002710	133	0	47	
MYCO002711	53	0	36	
MYCO002714	51	0	47	
MYCO002715	993	0	70	
MYCO002720	27	0	53	
MYCO002724	79	0	83	
MYCO002725	193	0	79	
MYCO002726	101	0	44	
MYCO002727	387	0	56	
MYCO002731	845	0	61	
MYCO002733	1738	0	77	
MYCO002744	219	0	43	
MYCO002748	724	0	139	
MYCO002750	147	0	45	
MYCO002753	24	0	57	
MYCO002754	76	0	40	
MYCO002764	134	0	64	
MYCO002773	41	0	42	
MYCO002782	567	0	74	
MYCO002783	253	0	93	
MYCO002788	846	0	24	
MYCO002794	42	0	42	
MYCO002795	148	0	56	
MYCO002828	3456	928	57	
MYCO002838	144	0	31	
MYCO002839	2919	0	109	
MYCO002841	42	0	62	
MYCO002846	22	0	64	
MYCO002847	176	0	63	
MYCO002861	37	0	40	
MYCO002864	82	0	71	
MYCO002868	21	0	47	
MYCO002870	170	0	52	
MYCO002882	18	0	35	
MYCO002883	15	0	43	
MYCO002889	151	0	34	
MYCO002894	960	0	38	
MYCO002901	5	0	10	
MYCO002902	432	0	46	
MYCO002915	142	0	66	
MYCO002916	596	0	63	
MYCO002917	1214	0	86	
MYCO002918	451	0	134	
MYCO002919	11	0	19	
MYCO002921	260	0	76	
MYCO002927	41	0	38	
MYCO002965	4	0	17	
MYCO002967	490	0	117	
MYCO002976	122	0	42	
MYCO002981	326	0	66	
MYCO002982	43	0	56	
MYCO002984	103	0	80	
MYCO002988	179	0	55	
MYCO002992	231	0	83	
MYCO002993	16	0	39	
MYCO002995	275	0	54	
MYCO002996	487	0	79	
MYCO003001	37	0	45	
MYCO003003	347	0	80	
MYCO003006	264	0	50	
MYCO003009	36	0	75	
MYCO003010	691	0	50	
MYCO003011	1349	0	69	
MYCO003014	701	0	105	
MYCO003024	352	0	66	
MYCO003025	216	0	65	
MYCO003027	59	0	60	
MYCO003028	966	0	46	
MYCO003029	33	0	34	
MYCO003031	420	0	82	
MYCO003032	761	0	52	
MYCO003034	35	0	40	
MYCO003038	19	0	47	
MYCO003042	138	0	57	
MYCO003043	26	0	70	
MYCO003045	15	0	50	
MYCO003048	28	0	53	
MYCO003049	200	0	91	
MYCO003051	58	0	66	
MYCO003052	32	0	22	
MYCO003053	9	0	9	
MYCO003054	258	0	44	
MYCO003057	32	0	47	
MYCO003085	466	0	55	
MYCO003100	15	0	23	
MYCO003101	42	0	34	
MYCO003102	6	0	34	
MYCO003105	342	0	58	
MYCO003117	117	8	50	
MYCO003118	1532	26	13	
MYCO003139	34	0	83	
MYCO003140	35	0	76	
MYCO003193	109	0	162	
MYCO003194	8	0	46	
MYCO003195	597	0	91	
MYCO003197	48	0	73	
MYCO003198	543	0	94	
MYCO003205	73	0	47	
MYCO003206	50	0	74	
MYCO003207	26	0	44	
MYCO003208	94	0	35	
MYCO003211	583	0	100	
MYCO003213	31	0	53	
MYCO003214	54	0	44	
MYCO003219	9	0	9	
MYCO003220	42	0	66	
MYCO003221	0	0	14	
MYCO003223	6	0	35	
MYCO003228	716	0	54	
MYCO003229	42	0	91	
MYCO003240	798	0	123	
MYCO003241	349	0	37	
MYCO003245	31	0	75	
MYCO003246	19	0	22	
MYCO003248	88	0	92	
MYCO003252	371	0	70	
MYCO003255	207	0	51	
MYCO003257	374	0	62	
MYCO003258	507	0	26	
MYCO003261	29	0	54	
MYCO003262	436	0	66	
MYCO003264	29	0	45	
MYCO003265	184	0	49	
MYCO003267	522	0	57	
MYCO003274	11	0	59	
MYCO003275	235	0	28	
MYCO003276	197	0	64	
MYCO003277	14	0	36	
MYCO003280	58	0	72	
MYCO003285	240	0	76	
MYCO003290	45	0	53	
MYCO003296	2281	0	238	
MYCO003302	145	0	69	
MYCO003303	7601	0	2	
MYCO003304	84	0	18	
MYCO003305	149	0	54	
MYCO003306	462	0	65	
MYCO003313	45	0	37	
MYCO003317	29	0	35	
MYCO003318	400	0	75	
MYCO003319	104	0	45	
MYCO003328	584	0	63	
MYCO003329	85	0	86	
MYCO003330	749	0	69	
MYCO003336	23	0	44	
MYCO003340	38	0	57	
MYCO003341	995	0	62	
MYCO003356	42	0	39	
MYCO003392	73	5854	22	
MYCO003396	134	0	67	
MYCO003409	201	0	81	
MYCO003410	1329	0	55	
MYCO003411	341	0	81	
MYCO003412	16	0	21	
MYCO003417	21	4378	55	
MYCO003418	4	0	13	
MYCO003419	317	0	49	
MYCO003422	8	0	25	
MYCO003432	60	0	66	
MYCO003433	2713	0	56	
MYCO003436	1902	0	77	
MYCO003441	810	0	74	
MYCO003455	355	0	43	
MYCO003457	33	0	58	
MYCO003462	10	0	17	
MYCO003464	23	0	49	
MYCO003490	97	0	82	
MYCO003500	33	0	45	
MYCO003501	56	0	39	
MYCO003504	55	0	70	
MYCO003520	93	0	68	
MYCO003570	25	0	43	
MYCO003571	85	0	56	
MYCO003579	1094	0	73	
MYCO003580	146	0	58	
MYCO003583	6	0	25	
MYCO003589	1780	0	51	
MYCO003592	12	0	20	
MYCO003596	588	0	129	
MYCO003598	61	0	60	
MYCO003600	66	0	39	
MYCO003601	58	0	27	
MYCO003609	8	0	20	
MYCO003610	736	0	102	
MYCO003624	20	0	48	
MYCO003628	34	0	32	
MYCO003644	410	0	72	
MYCO003646	1137	0	129	
MYCO003647	118	0	30	
MYCO003648	12	0	35	
MYCO003668	16	0	36	
MYCO003670	394	0	54	
MYCO003674	16	0	39	
MYCO003676	14	0	29	
MYCO003677	107	0	49	
MYCO003679	41	0	65	
MYCO003680	187	0	59	
MYCO003682	259	0	120	
MYCO003683	127	0	62	
MYCO003684	109	0	39	
MYCO003695	56	0	62	
MYCO003696	309	0	116	
MYCO003705	13	0	46	
MYCO003707	220	0	54	
MYCO003708	226	0	55	
MYCO003709	128	0	59	
MYCO003710	3044	0	64	
MYCO003711	72	0	72	
MYCO003712	999	0	64	
MYCO003713	75	0	29	
MYCO003715	9	0	24	
MYCO003717	8	0	43	
MYCO003718	7	0	20	
MYCO003719	40	0	70	
MYCO003720	260	0	74	
MYCO003721	639	0	94	
MYCO003722	30	0	80	
MYCO003765	849	0	54	
MYCO003774	42	0	58	
MYCO003775	113	0	86	
MYCO003777	451	0	57	
MYCO003778	75	0	76	
MYCO003780	723	0	33	
MYCO003781	16	0	40	
MYCO003782	73	0	49	
MYCO003783	77	0	45	
MYCO003790	42	0	77	
MYCO003791	83	0	61	
MYCO003793	1268	0	212	
MYCO003794	405	0	236	
MYCO003795	353	0	318	
MYCO003799	35	0	87	
MYCO003801	78	0	85	
MYCO003802	143	0	56	
MYCO003804	78	0	62	
MYCO003806	27	0	96	
MYCO003808	477	0	91	
MYCO003809	13	0	56	
MYCO003816	552	0	53	
MYCO003834	216	0	71	
MYCO003835	990	0	83	
MYCO003842	198	0	85	
MYCO003847	2873	0	31	
MYCO003849	18	0	22	
MYCO003858	76	0	65	
MYCO003859	772	0	232	
MYCO003907	76	0	117	
MYCO003908	279	0	56	
MYCO003913	142	0	102	
MYCO003915	18	0	101	
MYCO003917	32	0	110	
MYCO003918	22	0	111	
MYCO003920	17	0	58	
MYCO003921	36	0	112	
MYCO013678	5	0	17	
MYCO000002	80	0	107	
MYCO000003	75	0	99	
MYCO000004	23	0	81	
MYCO000007	824	0	135	
MYCO000008	43	0	58	
MYCO000010	29	0	88	
MYCO000012	63	0	92	
MYCO000014	24	0	142	
MYCO000018	458	0	114	
MYCO000020	380	0	173	
MYCO000021	1036	0	81	
MYCO000022	95	0	53	
MYCO000023	63	0	74	
MYCO000024	2344	0	72	
MYCO000025	835	0	47	
MYCO000026	257	0	128	
MYCO000027	44	0	24	
MYCO000028	23	0	28	
MYCO000029	577	0	110	
MYCO000030	1484	0	32	
MYCO000031	72	0	22	
MYCO000032	2339	0	153	
MYCO000033	29	0	17	
MYCO000034	18	0	30	
MYCO000035	123	0	171	
MYCO000036	155	0	69	
MYCO000037	105	0	104	
MYCO000039	334	0	33	
MYCO000040	117	0	82	
MYCO000041	684	0	213	
MYCO000042	512	0	90	
MYCO000043	70	0	65	
MYCO000044	952	0	66	
MYCO000045	3376	0	66	
MYCO000048	56	0	87	
MYCO000052	220	31	59	
MYCO000057	33	4541	73	
MYCO000058	119	0	177	
MYCO000059	33	0	62	
MYCO000060	17	0	65	
MYCO000061	1772	0	22	
MYCO000062	416	0	112	
MYCO000063	559	0	135	
MYCO000064	3138	0	194	
MYCO000065	18	0	22	
MYCO000067	25	0	42	
MYCO000069	168	0	94	
MYCO000070	39	4442	58	
MYCO000071	2121	0	80	
MYCO000072	1805	0	68	
MYCO000073	61	3263	61	
MYCO000074	2953	0	77	
MYCO000075	368	0	83	
MYCO000076	24	0	28	
MYCO000077	75	0	66	
MYCO000078	94	0	33	
MYCO000079	118	0	45	
MYCO000080	146	0	55	
MYCO000081	13	0	34	
MYCO000082	2023	0	33	
MYCO000083	2754	0	70	
MYCO000084	60	0	59	
MYCO000085	477	0	53	
MYCO000086	606	0	104	
MYCO000087	540	0	107	
MYCO000088	44	0	55	
MYCO000089	81	0	48	
MYCO000090	109	0	68	
MYCO000091	122	0	48	
MYCO000092	427	0	146	
MYCO000093	224	0	72	
MYCO000094	7401	102	47	
MYCO000095	3281	0	215	
MYCO000096	850	0	110	
MYCO000097	17	0	35	
MYCO000098	14	0	37	
MYCO000099	2169	0	86	
MYCO000100	11	0	9	
MYCO000101	307	0	454	
MYCO000102	181	0	139	
MYCO000103	322	0	143	
MYCO000104	2460	0	99	
MYCO000106	187	0	61	
MYCO000107	7602	0	6	
MYCO000108	24	0	17	
MYCO000109	2418	0	85	
MYCO000110	32	0	50	
MYCO000111	276	0	117	
MYCO000112	58	0	89	
MYCO000113	429	0	71	
MYCO000114	315	0	45	
MYCO000115	1009	0	87	
MYCO000116	36	0	56	
MYCO000117	26	0	66	
MYCO000118	262	0	137	
MYCO000119	194	0	104	
MYCO000120	186	0	156	
MYCO000121	252	0	34	
MYCO000122	32	0	25	
MYCO000123	10	0	22	
MYCO000124	7463	0	9	
MYCO000125	434	0	66	
MYCO000126	65	0	120	
MYCO000127	70	0	72	
MYCO000128	74	0	43	
MYCO000130	11	0	48	
MYCO000131	56	0	78	
MYCO000132	323	0	64	
MYCO000133	893	0	53	
MYCO000134	2616	0	40	
MYCO000135	21	0	34	
MYCO000136	767	0	115	
MYCO000137	857	0	39	
MYCO000138	797	0	38	
MYCO000139	72	0	64	
MYCO000140	22	0	27	
MYCO000141	19	0	31	
MYCO000142	1183	0	70	
MYCO000143	455	0	116	
MYCO000144	514	0	49	
MYCO000145	360	0	78	
MYCO000146	1267	0	70	
MYCO000147	265	0	122	
MYCO000148	75	0	49	
MYCO000149	1373	0	61	
MYCO000150	53	0	23	
MYCO000151	551	0	139	
MYCO000152	165	0	132	
MYCO000153	140	0	52	
MYCO000154	83	0	63	
MYCO000155	212	0	60	
MYCO000156	8	0	20	
MYCO000157	581	0	78	
MYCO000158	19	0	40	
MYCO000159	626	0	112	
MYCO000160	72	0	115	
MYCO000161	224	0	92	
MYCO000162	413	0	78	
MYCO000163	9	0	38	
MYCO000164	17	0	29	
MYCO000165	3790	0	24	
MYCO000166	132	0	115	
MYCO000167	15	3828	32	
MYCO000168	114	0	66	
MYCO000169	208	0	104	
MYCO000170	18	0	53	
MYCO000171	2006	0	100	
MYCO000172	319	0	115	
MYCO000173	21	0	65	
MYCO000174	135	0	104	
MYCO000175	113	0	67	
MYCO000176	306	0	72	
MYCO000177	4	0	29	
MYCO000178	42	0	52	
MYCO000179	445	0	77	
MYCO000180	916	0	97	
MYCO000181	19	0	43	
MYCO000182	568	0	88	
MYCO000185	156	0	25	
MYCO000186	416	0	136	
MYCO000187	138	0	54	
MYCO000188	31	0	33	
MYCO000190	2	0	16	
MYCO000191	764	0	77	
MYCO000192	1775	0	63	
MYCO000193	71	0	140	
MYCO000194	595	0	243	
MYCO000195	1213	0	41	
MYCO000196	117	0	30	
MYCO000197	7665	0	4	
MYCO000199	13	0	38	
MYCO000200	121	0	36	
MYCO000201	583	0	28	
MYCO000202	283	0	171	
MYCO000203	329	0	26	
MYCO000205	969	0	56	
MYCO000206	483	0	147	
MYCO000208	47	0	39	
MYCO000209	580	0	71	
MYCO000210	696	0	83	
MYCO000212	91	0	66	
MYCO000213	41	0	82	
MYCO000214	119	0	113	
MYCO000215	916	0	57	
MYCO000216	109	0	59	
MYCO000217	682	0	66	
MYCO000218	2276	0	71	
MYCO000219	12	0	43	
MYCO000220	301	0	78	
MYCO000221	855	0	75	
MYCO000222	173	0	50	
MYCO000224	90	0	33	
MYCO000226	478	0	102	
MYCO000229	47	0	45	
MYCO000230	32	0	75	
MYCO000231	100	0	108	
MYCO000232	48	0	50	
MYCO000233	793	0	54	
MYCO000234	422	0	85	
MYCO000235	119	0	133	
MYCO000239	22	0	22	
MYCO000240	16	0	31	
MYCO000245	38	0	41	
MYCO000246	355	0	82	
MYCO000249	36	0	43	
MYCO000250	15	0	22	
MYCO000251	13	0	45	
MYCO000252	128	0	184	
MYCO000253	47	0	22	
MYCO000254	102	0	28	
MYCO000255	678	0	100	
MYCO000256	2086	0	109	
MYCO000257	992	0	37	
MYCO000258	83	0	33	
MYCO000259	16	0	51	
MYCO000260	116	0	84	
MYCO000261	101	0	107	
MYCO000262	36	0	34	
MYCO000263	699	0	54	
MYCO000264	158	0	43	
MYCO000265	44	0	75	
MYCO000266	1905	0	186	
MYCO000267	832	0	79	
MYCO000268	75	0	41	
MYCO000269	160	0	74	
MYCO000271	265	0	136	
MYCO000272	138	0	90	
MYCO000273	118	0	45	
MYCO000275	749	0	65	
MYCO000276	350	2136	62	
MYCO000277	245	3228	94	
MYCO000278	7652	0	6	
MYCO000279	7257	0	100	
MYCO000280	3289	0	102	
MYCO000281	390	0	55	
MYCO000282	101	0	106	
MYCO000283	650	0	99	
MYCO000284	1393	0	216	
MYCO000285	267	0	14	
MYCO000286	2215	0	90	
MYCO000287	31	28	18	
MYCO000288	3	0	32	
MYCO000289	174	0	80	
MYCO000290	1219	0	108	
MYCO000291	1021	0	89	
MYCO000292	75	0	63	
MYCO000293	227	0	96	
MYCO000294	200	0	59	
MYCO000295	31	0	45	
MYCO000296	117	0	79	
MYCO000297	3997	0	130	
MYCO000298	13	0	20	
MYCO000299	12	0	27	
MYCO000300	8	0	12	
MYCO000301	9	0	30	
MYCO000302	124	0	44	
MYCO000303	84	0	74	
MYCO000304	1061	0	495	
MYCO000305	7556	0	17	
MYCO000306	30	0	39	
MYCO000307	37	0	32	
MYCO000308	14	0	54	
MYCO000309	40	0	34	
MYCO000310	5	0	26	
MYCO000311	53	0	82	
MYCO000312	647	0	99	
MYCO000313	9	0	27	
MYCO000314	281	0	51	
MYCO000315	1813	0	48	
MYCO000316	724	0	38	
MYCO000317	113	0	57	
MYCO000318	44	0	51	
MYCO000319	99	0	45	
MYCO000320	26	0	41	
MYCO000323	800	0	49	
MYCO000324	43	0	42	
MYCO000325	3710	0	7	
MYCO000326	362	0	27	
MYCO000327	438	0	82	
MYCO000328	17	0	35	
MYCO000329	215	0	48	
MYCO000330	55	0	55	
MYCO000331	419	0	97	
MYCO000332	78	0	53	
MYCO000333	8	0	25	
MYCO000335	1090	0	33	
MYCO000336	6638	857	32	
MYCO000338	1426	0	124	
MYCO000339	1090	0	148	
MYCO000340	28	0	41	
MYCO000341	2332	0	73	
MYCO000342	271	0	97	
MYCO000343	317	0	96	
MYCO000344	40	0	30	
MYCO000345	15	0	33	
MYCO000346	339	0	72	
MYCO000347	14	32	38	
MYCO000348	12	0	30	
MYCO000349	35	0	42	
MYCO000351	204	0	35	
MYCO000353	11	0	26	
MYCO000354	7665	0	1	
MYCO000355	4666	0	472	
MYCO000356	655	0	52	
MYCO000358	2059	0	38	
MYCO000359	101	0	52	
MYCO000361	20	0	44	
MYCO000362	52	0	98	
MYCO000363	66	0	63	
MYCO000364	22	0	42	
MYCO000365	215	0	71	
MYCO000366	123	0	41	
MYCO000367	59	0	21	
MYCO000368	357	0	87	
MYCO000369	19	0	31	
MYCO000370	67	0	82	
MYCO000371	54	0	32	
MYCO000372	232	0	61	
MYCO000373	297	0	174	
MYCO000374	30	0	38	
MYCO000375	801	0	42	
MYCO000376	609	0	74	
MYCO000377	550	0	71	
MYCO000378	1035	0	15	
MYCO000379	22	0	17	
MYCO000380	126	0	35	
MYCO000381	101	0	46	
MYCO000382	49	0	27	
MYCO000385	30	0	53	
MYCO000386	638	0	192	
MYCO000387	2777	0	35	
MYCO000388	7662	0	4	
MYCO000389	943	0	86	
MYCO000390	10	0	26	
MYCO000391	149	0	55	
MYCO000392	469	0	96	
MYCO000393	2379	0	129	
MYCO000394	88	0	46	
MYCO000395	1199	0	17	
MYCO000396	57	0	25	
MYCO000397	1168	2566	91	
MYCO000398	504	0	33	
MYCO000399	138	0	91	
MYCO000400	196	0	69	
MYCO000401	377	0	31	
MYCO000402	1301	0	163	
MYCO000403	1755	0	23	
MYCO000404	215	0	178	
MYCO000405	3676	0	206	
MYCO000406	104	0	48	
MYCO000408	46	0	124	
MYCO000409	52	0	63	
MYCO000412	53	0	77	
MYCO000413	230	0	34	
MYCO000416	2	0	9	
MYCO000418	69	0	90	
MYCO000419	155	0	97	
MYCO000420	9	0	42	
MYCO000421	48	0	44	
MYCO000422	39	0	44	
MYCO000424	4	0	20	
MYCO000425	1776	0	226	
MYCO000426	136	0	35	
MYCO000427	96	0	57	
MYCO000428	391	0	49	
MYCO000430	107	0	11	
MYCO000431	36	0	23	
MYCO000434	83	0	40	
MYCO000435	515	0	129	
MYCO000436	526	0	47	
MYCO000437	426	0	28	
MYCO000438	134	0	77	
MYCO000441	460	0	25	
MYCO000442	228	0	106	
MYCO000443	279	0	29	
MYCO000444	1151	0	42	
MYCO000445	26	0	26	
MYCO000446	1573	0	41	
MYCO000447	319	0	78	
MYCO000448	137	0	38	
MYCO000449	114	0	60	
MYCO000450	108	0	146	
MYCO000451	16	0	34	
MYCO000452	18	0	37	
MYCO000453	1982	0	60	
MYCO000454	28	0	25	
MYCO000455	4	0	26	
MYCO000456	93	0	63	
MYCO000457	908	0	103	
MYCO000458	558	0	101	
MYCO000459	230	0	45	
MYCO000460	8	0	14	
MYCO000461	84	0	45	
MYCO000463	129	0	15	
MYCO000464	7	0	27	
MYCO000469	123	0	68	
MYCO000470	56	0	40	
MYCO000471	152	0	41	
MYCO000473	55	0	68	
MYCO000474	12	0	24	
MYCO000476	23	0	14	
MYCO000477	102	0	28	
MYCO000478	44	0	43	
MYCO000479	766	0	42	
MYCO000480	248	0	47	
MYCO000481	40	0	34	
MYCO000482	72	0	50	
MYCO000485	135	0	67	
MYCO000487	234	0	46	
MYCO000488	41	0	35	
MYCO000492	986	0	114	
MYCO000493	303	0	70	
MYCO000494	203	0	43	
MYCO000497	908	0	47	
MYCO000499	189	0	49	
MYCO000500	628	0	45	
MYCO000503	15	0	41	
MYCO000504	9	0	22	
MYCO000506	44	0	14	
MYCO000507	619	0	222	
MYCO000508	0	0	14	
MYCO000511	1206	0	81	
MYCO000513	128	0	25	
MYCO000514	64	0	31	
MYCO000515	6638	520	30	
MYCO000516	37	0	25	
MYCO000517	179	0	82	
MYCO000518	40	0	39	
MYCO000519	895	0	52	
MYCO000520	85	0	20	
MYCO000521	10	0	21	
MYCO000522	47	0	60	
MYCO000523	360	0	24	
MYCO000525	733	0	47	
MYCO000526	109	0	39	
MYCO000530	630	0	93	
MYCO000531	994	0	19	
MYCO000532	7202	0	18	
MYCO000533	160	0	49	
MYCO000534	313	0	60	
MYCO000535	125	0	49	
MYCO000536	1159	0	50	
MYCO000537	582	0	96	
MYCO000538	1855	0	149	
MYCO000539	3027	0	27	
MYCO000540	649	0	33	
MYCO000541	272	0	79	
MYCO000542	976	0	62	
MYCO000543	1	0	12	
MYCO000544	687	0	21	
MYCO000545	285	0	72	
MYCO000546	25	0	27	
MYCO000547	461	0	57	
MYCO000549	104	0	28	
MYCO000550	44	0	17	
MYCO000552	1581	0	87	
MYCO000554	501	0	44	
MYCO000556	13	0	27	
MYCO000559	126	0	22	
MYCO000560	46	0	48	
MYCO000561	495	0	56	
MYCO000565	288	0	123	
MYCO000567	133	0	61	
MYCO000568	243	0	79	
MYCO000569	16	0	15	
MYCO000570	430	0	146	
MYCO000571	708	0	71	
MYCO000572	33	0	25	
MYCO000573	464	0	84	
MYCO000574	395	0	65	
MYCO000575	502	0	73	
MYCO000576	612	0	83	
MYCO000577	617	0	57	
MYCO000578	5791	0	163	
MYCO000579	380	0	56	
MYCO000580	47	0	33	
MYCO000581	249	0	18	
MYCO000582	30	0	21	
MYCO000583	200	0	49	
MYCO000584	93	0	178	
MYCO000585	257	0	137	
MYCO000586	32	2375	46	
MYCO000587	229	0	67	
MYCO000588	322	0	62	
MYCO000589	98	0	85	
MYCO000590	3722	0	33	
MYCO000591	596	0	104	
MYCO000592	1344	0	71	
MYCO000593	92	0	70	
MYCO000594	405	0	123	
MYCO000595	50	0	33	
MYCO000596	55	0	13	
MYCO000597	29	0	68	
MYCO000598	29	0	26	
MYCO000599	13	4257	19	
MYCO000600	385	0	29	
MYCO000601	341	0	45	
MYCO000602	949	0	53	
MYCO000603	1404	0	19	
MYCO000604	385	0	68	
MYCO000605	50	0	31	
MYCO000606	159	0	47	
MYCO000607	18	0	21	
MYCO000608	4	0	12	
MYCO000609	49	0	34	
MYCO000610	912	0	58	
MYCO000611	17	0	29	
MYCO000612	982	0	38	
MYCO000613	2033	0	135	
MYCO000614	268	0	60	
MYCO000615	109	0	15	
MYCO000616	54	0	29	
MYCO000617	22	0	27	
MYCO000618	1013	0	41	
MYCO000619	7669	0	0	
MYCO000620	2007	0	68	
MYCO000621	1045	0	55	
MYCO000622	29	0	57	
MYCO000623	18	0	16	
MYCO000624	19	0	28	
MYCO000625	538	0	45	
MYCO000626	49	0	15	
MYCO000627	53	0	22	
MYCO000628	644	3549	63	
MYCO000629	1309	0	98	
MYCO000630	2026	0	149	
MYCO000631	2035	0	152	
MYCO000632	10	0	35	
MYCO000633	54	0	59	
MYCO000634	16	0	37	
MYCO000635	16	0	29	
MYCO000637	9	0	38	
MYCO000638	113	0	36	
MYCO000642	44	0	53	
MYCO000643	201	0	53	
MYCO000644	11	27	41	
MYCO000645	8	0	39	
MYCO000646	115	0	55	
MYCO000648	2583	0	172	
MYCO000649	2942	0	43	
MYCO000650	2135	0	48	
MYCO000653	41	0	36	
MYCO000654	813	0	90	
MYCO000656	43	0	28	
MYCO000657	5	0	7	
MYCO000658	45	0	49	
MYCO000659	18	0	24	
MYCO000660	92	0	21	
MYCO000661	95	0	24	
MYCO000662	122	0	14	
MYCO000663	613	0	160	
MYCO000664	8	0	18	
MYCO000665	82	0	21	
MYCO000666	7	0	16	
MYCO000669	734	0	113	
MYCO000670	1312	0	30	
MYCO000671	153	0	53	
MYCO000673	1023	0	55	
MYCO000674	99	0	36	
MYCO000675	350	0	43	
MYCO000676	34	3414	113	
MYCO000677	14	0	27	
MYCO000678	34	0	39	
MYCO000679	110	0	32	
MYCO000680	19	0	24	
MYCO000681	15	0	44	
MYCO000686	1152	0	43	
MYCO000687	101	0	41	
MYCO000688	79	0	61	
MYCO000689	358	0	19	
MYCO000690	95	0	47	
MYCO000691	5	0	42	
MYCO000692	10	0	22	
MYCO000694	437	0	53	
MYCO000695	100	0	38	
MYCO000697	33	0	78	
MYCO000698	1414	0	33	
MYCO000699	3	0	11	
MYCO000711	540	0	119	
MYCO000712	28	0	37	
MYCO000713	30	0	70	
MYCO000724	731	0	106	
MYCO000725	97	0	48	
MYCO000726	197	0	80	
MYCO000727	474	0	46	
MYCO000728	208	0	66	
MYCO000729	1121	0	84	
MYCO000730	236	0	43	
MYCO000731	623	0	55	
MYCO000735	21	0	38	
MYCO000736	172	0	51	
MYCO000737	34	0	25	
MYCO000738	944	0	35	
MYCO000739	3789	0	28	
MYCO000740	1884	0	47	
MYCO000741	37	916	24	
MYCO000742	7669	0	0	
MYCO000743	25	0	29	
MYCO000744	368	0	32	
MYCO000745	1026	0	38	
MYCO000746	6954	0	34	
MYCO000747	6930	0	51	
MYCO000748	751	0	27	
MYCO000749	245	3650	66	
MYCO000750	1743	2843	30	
MYCO000751	271	0	49	
MYCO000752	193	0	72	
MYCO000753	386	0	83	
MYCO000754	2086	0	90	
MYCO000755	954	0	151	
MYCO000756	202	0	41	
MYCO000759	2	0	14	
MYCO000760	243	0	27	
MYCO000761	65	0	42	
MYCO000762	28	0	30	
MYCO000763	15	0	13	
MYCO000764	47	0	71	
MYCO000765	167	0	50	
MYCO000766	1805	0	64	
MYCO000767	570	0	44	
MYCO000768	86	0	91	
MYCO000769	17	0	44	
MYCO000770	461	0	49	
MYCO000771	106	0	30	
MYCO000773	148	0	96	
MYCO000774	319	0	59	
MYCO000775	137	0	44	
MYCO000776	313	0	41	
MYCO000778	418	0	73	
MYCO000779	2410	0	37	
MYCO000781	7497	0	2	
MYCO000783	69	0	118	
MYCO000784	222	0	45	
MYCO000785	237	0	79	
MYCO000786	287	0	27	
MYCO000787	1112	0	59	
MYCO000789	19	0	31	
MYCO000790	51	0	52	
MYCO000791	196	0	71	
MYCO000792	44	0	51	
MYCO000793	21	0	18	
MYCO000794	115	0	81	
MYCO000795	947	2	22	
MYCO000796	7669	0	0	
MYCO000797	7548	0	13	
MYCO000798	38	0	38	
MYCO000799	12	0	40	
MYCO000800	97	0	82	
MYCO000801	15	0	25	
MYCO000802	174	0	52	
MYCO000804	1317	0	29	
MYCO000805	25	0	71	
MYCO000806	35	0	80	
MYCO000807	30	0	17	
MYCO000811	493	0	57	
MYCO000812	35	0	46	
MYCO000813	565	0	47	
MYCO000816	14	0	34	
MYCO000817	12	0	40	
MYCO000818	174	0	36	
MYCO000819	113	0	59	
MYCO000822	1344	0	102	
MYCO000825	81	0	63	
MYCO000826	456	0	50	
MYCO000827	587	0	30	
MYCO000828	157	0	36	
MYCO000829	204	2419	41	
MYCO000830	40	0	64	
MYCO000831	52	0	47	
MYCO000832	1818	0	21	
MYCO000833	6140	0	84	
MYCO000834	4589	0	111	
MYCO000835	558	0	66	
MYCO000836	3826	0	19	
MYCO000837	271	0	66	
MYCO000838	88	0	48	
MYCO000839	116	0	38	
MYCO000840	132	0	45	
MYCO000841	82	0	23	
MYCO000842	373	0	82	
MYCO000843	45	0	69	
MYCO000844	205	0	51	
MYCO000845	94	0	81	
MYCO000846	335	0	78	
MYCO000847	965	0	19	
MYCO000848	120	0	77	
MYCO000849	1000	0	87	
MYCO000850	41	0	20	
MYCO000851	573	0	42	
MYCO000852	53	0	56	
MYCO000853	289	0	97	
MYCO000854	17	0	33	
MYCO000855	206	0	63	
MYCO000856	19	0	30	
MYCO000857	33	0	25	
MYCO000858	422	0	86	
MYCO000862	674	0	144	
MYCO000863	15	0	15	
MYCO000864	37	0	31	
MYCO000865	63	0	20	
MYCO000866	578	0	34	
MYCO000867	3807	0	105	
MYCO000868	47	0	18	
MYCO000869	558	0	69	
MYCO000870	28	0	25	
MYCO000872	3472	0	103	
MYCO000873	99	0	111	
MYCO000874	645	3646	59	
MYCO000875	40	0	27	
MYCO000877	51	0	37	
MYCO000878	5574	0	54	
MYCO000879	188	0	25	
MYCO000880	97	0	24	
MYCO000881	47	0	48	
MYCO000882	71	0	24	
MYCO000883	262	0	37	
MYCO000887	27	0	20	
MYCO000888	1761	0	82	
MYCO000890	295	0	177	
MYCO000891	220	0	49	
MYCO000892	63	0	111	
MYCO000893	66	0	78	
MYCO000894	107	0	77	
MYCO000895	219	0	84	
MYCO000897	1589	0	93	
MYCO000898	9	0	15	
MYCO000899	30	0	44	
MYCO000900	23	0	8	
MYCO000901	404	0	37	
MYCO000904	1172	0	71	
MYCO000905	56	0	42	
MYCO000907	7665	0	1	
MYCO000908	44	0	133	
MYCO000909	65	0	16	
MYCO000910	30	0	33	
MYCO000911	439	0	55	
MYCO000912	14	0	29	
MYCO000913	205	0	96	
MYCO000914	266	0	95	
MYCO000915	1218	0	65	
MYCO000916	27	0	24	
MYCO000917	187	0	84	
MYCO000918	89	0	39	
MYCO000919	8	0	32	
MYCO000920	81	0	89	
MYCO000921	50	0	38	
MYCO000922	238	0	113	
MYCO000923	45	0	79	
MYCO000924	640	0	63	
MYCO000925	111	0	45	
MYCO000928	100	0	51	
MYCO000930	113	0	13	
MYCO000931	320	0	130	
MYCO000932	90	0	86	
MYCO000933	76	0	55	
MYCO000934	945	0	65	
MYCO000935	112	0	65	
MYCO000936	149	0	49	
MYCO000937	9	0	36	
MYCO000938	54	0	120	
MYCO000939	182	0	120	
MYCO000940	19	0	53	
MYCO000941	39	0	43	
MYCO000942	40	0	19	
MYCO000943	93	0	70	
MYCO000944	112	0	36	
MYCO000945	207	0	62	
MYCO000947	23	0	20	
MYCO000948	5	0	19	
MYCO000950	296	0	62	
MYCO000954	183	0	68	
MYCO000955	1645	0	64	
MYCO000956	716	0	34	
MYCO000958	971	0	79	
MYCO000959	1336	0	116	
MYCO000960	57	0	21	
MYCO000961	63	4737	24	
MYCO000962	414	0	33	
MYCO000963	485	0	60	
MYCO000964	48	0	30	
MYCO000965	14	0	37	
MYCO000966	831	0	32	
MYCO000967	47	0	17	
MYCO000968	74	0	21	
MYCO000969	1835	0	125	
MYCO000970	16	0	38	
MYCO000971	786	0	44	
MYCO000972	97	0	82	
MYCO000973	499	0	141	
MYCO000974	306	0	118	
MYCO000975	704	0	68	
MYCO000976	920	0	99	
MYCO000977	4605	0	118	
MYCO000978	7130	0	79	
MYCO000979	33	0	17	
MYCO000980	7382	0	73	
MYCO000982	304	0	77	
MYCO000984	67	0	21	
MYCO000985	27	0	39	
MYCO000986	250	0	63	
MYCO000987	374	0	253	
MYCO000988	167	0	119	
MYCO000989	89	0	89	
MYCO000990	240	0	51	
MYCO000991	9	0	21	
MYCO000992	382	0	41	
MYCO000996	33	0	63	
MYCO000997	10	0	28	
MYCO000998	243	0	59	
MYCO000999	78	0	42	
MYCO001000	65	0	33	
MYCO001003	398	0	60	
MYCO001004	2956	0	83	
MYCO001005	1980	0	39	
MYCO001006	158	0	89	
MYCO001012	898	0	15	
MYCO001016	44	0	31	
MYCO001019	7	0	26	
MYCO001021	50	0	47	
MYCO001024	604	0	33	
MYCO001025	105	0	28	
MYCO001027	64	0	48	
MYCO001028	2053	0	126	
MYCO001029	81	0	112	
MYCO001030	83	0	134	
MYCO001031	130	0	34	
MYCO001032	135	0	95	
MYCO001033	60	0	34	
MYCO001034	966	0	21	
MYCO001035	1195	0	36	
MYCO001036	180	0	24	
MYCO001037	680	3564	149	
MYCO001038	4315	813	124	
MYCO001039	1614	0	65	
MYCO001040	793	0	49	
MYCO001041	279	41	64	
MYCO001042	78	4	35	
MYCO001043	38	0	60	
MYCO001044	11	0	26	
MYCO001045	1572	0	39	
MYCO001046	7665	0	1	
MYCO001047	7468	62	9	
MYCO001048	35	0	93	
MYCO001049	36	0	37	
MYCO001050	328	0	48	
MYCO001051	64	0	62	
MYCO001052	83	0	25	
MYCO001053	35	0	18	
MYCO001054	15	0	21	
MYCO001055	2	0	9	
MYCO001056	59	249	44	
MYCO001057	59	0	89	
MYCO001058	203	0	75	
MYCO001059	126	0	74	
MYCO001060	52	0	28	
MYCO001061	42	0	49	
MYCO001062	477	0	47	
MYCO001063	132	0	70	
MYCO001064	516	0	28	
MYCO001065	140	0	43	
MYCO001066	843	0	20	
MYCO001067	7611	0	25	
MYCO001068	7441	0	25	
MYCO001069	179	0	109	
MYCO001073	150	0	64	
MYCO001074	171	0	59	
MYCO001075	240	0	74	
MYCO001076	84	0	71	
MYCO001078	1817	0	33	
MYCO001081	106	0	21	
MYCO001083	22	0	12	
MYCO001084	2700	0	78	
MYCO001085	58	0	32	
MYCO001087	6395	0	127	
MYCO001088	639	0	32	
MYCO001089	7669	0	0	
MYCO001090	69	0	36	
MYCO001091	6972	0	99	
MYCO001093	91	0	61	
MYCO001096	94	0	60	
MYCO001097	40	0	58	
MYCO001100	53	0	44	
MYCO001101	208	0	57	
MYCO001102	38	0	16	
MYCO001103	17	0	17	
MYCO001104	22	0	47	
MYCO001105	70	0	30	
MYCO001106	158	0	44	
MYCO001107	1	0	13	
MYCO001109	23	0	33	
MYCO001111	74	0	44	
MYCO001113	15	0	8	
MYCO001114	13	0	24	
MYCO001115	140	0	56	
MYCO001116	31	0	11	
MYCO001117	9	0	18	
MYCO001118	411	0	44	
MYCO001119	35	0	9	
MYCO001120	39	0	35	
MYCO001121	150	0	93	
MYCO001122	720	0	52	
MYCO001123	109	0	60	
MYCO001124	166	0	52	
MYCO001125	903	0	75	
MYCO001126	37	0	35	
MYCO001127	45	0	86	
MYCO001128	2566	0	78	
MYCO001129	52	0	132	
MYCO001130	98	0	92	
MYCO001131	25	0	61	
MYCO001132	1288	0	102	
MYCO001133	1009	0	85	
MYCO001134	538	0	18	
MYCO001135	2378	0	117	
MYCO001136	8	0	25	
MYCO001137	41	0	16	
MYCO001138	90	0	56	
MYCO001139	563	0	40	
MYCO001140	21	0	39	
MYCO001141	84	3885	33	
MYCO001142	84	4357	29	
MYCO001143	97	0	47	
MYCO001144	103	0	45	
MYCO001145	3762	0	27	
MYCO001146	60	0	70	
MYCO001147	53	0	39	
MYCO001148	7415	62	43	
MYCO001149	78	2	35	
MYCO001150	7669	0	0	
MYCO001151	69	0	35	
MYCO001152	48	0	23	
MYCO001153	141	0	56	
MYCO001154	22	0	44	
MYCO001155	54	0	29	
MYCO001156	56	0	37	
MYCO001157	3141	0	53	
MYCO001158	1632	0	41	
MYCO001159	26	0	71	
MYCO001160	112	0	24	
MYCO001161	205	0	175	
MYCO001162	105	0	93	
MYCO001163	90	0	27	
MYCO001164	37	0	43	
MYCO001166	320	0	77	
MYCO001167	53	0	24	
MYCO001168	1098	0	70	
MYCO001169	25	0	21	
MYCO001170	78	0	50	
MYCO001171	27	0	34	
MYCO001172	1016	0	57	
MYCO001174	12	0	26	
MYCO001175	2939	0	113	
MYCO001176	404	0	33	
MYCO001179	1387	0	173	
MYCO001180	7653	0	1	
MYCO001181	430	0	240	
MYCO001182	39	0	52	
MYCO001183	66	0	176	
MYCO001184	47	0	56	
MYCO001185	94	0	80	
MYCO001186	587	0	106	
MYCO001187	782	0	84	
MYCO001188	441	0	67	
MYCO001189	135	0	47	
MYCO001190	972	0	44	
MYCO001191	1309	0	50	
MYCO001192	778	0	37	
MYCO001194	127	0	91	
MYCO001195	44	0	19	
MYCO001196	3799	558	501	
MYCO001197	4314	875	129	
MYCO001198	680	3605	149	
MYCO001199	7468	62	10	
MYCO001200	567	0	79	
MYCO001203	566	0	40	
MYCO001204	548	0	88	
MYCO001205	133	0	36	
MYCO001206	128	0	78	
MYCO001209	109	0	21	
MYCO001210	50	0	21	
MYCO001211	15	0	8	
MYCO001212	89	0	58	
MYCO001214	234	0	23	
MYCO001215	1050	0	111	
MYCO001216	132	0	43	
MYCO001217	1219	0	104	
MYCO001218	27	0	71	
MYCO001219	62	0	49	
MYCO001222	19	0	29	
MYCO001224	30	0	30	
MYCO001225	1978	0	49	
MYCO001226	993	0	101	
MYCO001227	45	0	44	
MYCO001228	27	0	45	
MYCO001230	674	0	91	
MYCO001231	231	0	34	
MYCO001232	196	0	84	
MYCO001233	276	0	43	
MYCO001234	61	0	29	
MYCO001235	38	0	61	
MYCO001236	92	0	58	
MYCO001237	25	0	38	
MYCO001240	131	0	58	
MYCO001241	72	0	17	
MYCO001242	67	0	26	
MYCO001243	5037	0	60	
MYCO001244	1134	0	61	
MYCO001246	12	0	23	
MYCO001247	12	0	14	
MYCO001249	149	0	54	
MYCO001250	900	0	91	
MYCO001251	2064	0	122	
MYCO001252	37	0	33	
MYCO001254	731	0	52	
MYCO001255	98	0	44	
MYCO001256	223	0	72	
MYCO001257	82	0	92	
MYCO001258	1855	0	69	
MYCO001259	297	0	44	
MYCO001260	807	0	45	
MYCO001261	38	0	26	
MYCO001262	43	0	31	
MYCO001263	727	0	88	
MYCO001264	228	0	92	
MYCO001265	186	0	32	
MYCO001266	1707	0	108	
MYCO001267	65	0	67	
MYCO001268	479	0	59	
MYCO001269	1543	0	28	
MYCO001270	362	0	43	
MYCO001271	38	0	21	
MYCO001274	755	0	28	
MYCO001275	21	0	38	
MYCO001276	391	0	38	
MYCO001278	1489	0	118	
MYCO001279	126	0	87	
MYCO001280	53	0	101	
MYCO001281	150	0	85	
MYCO001282	5	0	46	
MYCO001283	178	0	42	
MYCO001284	18	0	22	
MYCO001285	35	0	77	
MYCO001286	42	0	111	
MYCO001287	25	0	17	
MYCO001288	2996	0	86	
MYCO001289	23	0	45	
MYCO001290	1174	1637	84	
MYCO001291	28	0	23	
MYCO001296	342	0	52	
MYCO001300	706	0	53	
MYCO001301	24	0	33	
MYCO001303	16	0	24	
MYCO001304	26	0	46	
MYCO001306	20	0	27	
MYCO001307	79	0	77	
MYCO001312	55	0	27	
MYCO001313	4104	76	45	
MYCO001314	94	0	50	
MYCO001316	74	0	37	
MYCO001317	315	0	101	
MYCO001318	353	0	87	
MYCO001319	5764	0	79	
MYCO001320	381	0	111	
MYCO001322	380	0	23	
MYCO001324	785	0	52	
MYCO001325	4907	0	88	
MYCO001329	895	0	114	
MYCO001330	521	0	85	
MYCO001331	23	0	13	
MYCO001332	21	0	37	
MYCO001333	433	0	59	
MYCO001334	208	0	22	
MYCO001335	192	0	20	
MYCO001336	548	0	45	
MYCO001337	8	0	40	
MYCO001339	29	0	45	
MYCO001341	61	0	33	
MYCO001342	14	0	25	
MYCO001343	36	0	37	
MYCO001344	3	0	18	
MYCO001345	84	0	79	
MYCO001346	22	0	44	
MYCO001347	17	0	43	
MYCO001348	516	0	120	
MYCO001349	210	0	77	
MYCO001350	22	0	42	
MYCO001351	36	0	24	
MYCO001352	30	0	36	
MYCO001353	353	0	46	
MYCO001354	421	0	121	
MYCO001355	1172	0	155	
MYCO001356	429	0	58	
MYCO001357	69	0	62	
MYCO001358	2040	0	172	
MYCO001359	106	0	38	
MYCO001360	219	0	47	
MYCO001361	3688	575	528	
MYCO001362	55	0	39	
MYCO001363	627	0	46	
MYCO001364	591	0	104	
MYCO001365	46	0	25	
MYCO001366	462	0	46	
MYCO001367	562	0	73	
MYCO001368	153	0	51	
MYCO001369	7669	0	0	
MYCO001370	947	2	22	
MYCO001371	1867	0	63	
MYCO001372	48	0	81	
MYCO001373	179	0	60	
MYCO001374	11	0	40	
MYCO001375	409	0	94	
MYCO001376	648	0	74	
MYCO001377	20	0	31	
MYCO001378	993	0	88	
MYCO001379	81	0	24	
MYCO001382	231	0	38	
MYCO001386	228	0	27	
MYCO001387	2884	0	75	
MYCO001389	153	0	42	
MYCO001393	212	0	82	
MYCO001394	58	0	89	
MYCO001395	58	0	71	
MYCO001396	5232	0	64	
MYCO001397	25	0	30	
MYCO001398	13	0	19	
MYCO001399	214	0	68	
MYCO001400	227	0	55	
MYCO001401	281	0	43	
MYCO001403	433	0	53	
MYCO001404	15	0	28	
MYCO001405	42	0	55	
MYCO001406	564	0	52	
MYCO001409	963	0	40	
MYCO001411	18	0	50	
MYCO001413	33	0	42	
MYCO001414	25	0	25	
MYCO001417	13	0	35	
MYCO001418	30	0	38	
MYCO001419	25	0	35	
MYCO001422	396	0	50	
MYCO001423	504	0	60	
MYCO001424	99	0	55	
MYCO001425	57	0	77	
MYCO001426	126	0	93	
MYCO001427	357	0	92	
MYCO001428	14	0	52	
MYCO001429	329	0	81	
MYCO001430	894	0	80	
MYCO001431	95	0	124	
MYCO001432	741	0	58	
MYCO001433	15	0	46	
MYCO001434	43	0	10	
MYCO001435	1589	0	46	
MYCO001439	19	2000	26	
MYCO001441	4206	0	126	
MYCO001442	402	0	163	
MYCO001443	56	0	29	
MYCO001444	80	0	35	
MYCO001446	1121	0	64	
MYCO001450	7660	0	5	
MYCO001452	7169	0	119	
MYCO001453	147	0	81	
MYCO001454	59	0	65	
MYCO001455	179	0	61	
MYCO001456	211	0	61	
MYCO001459	640	0	105	
MYCO001460	1168	0	34	
MYCO001461	119	0	141	
MYCO001468	3902	0	52	
MYCO001469	641	0	111	
MYCO001470	23	0	21	
MYCO001471	41	0	21	
MYCO001472	76	0	62	
MYCO001476	6	0	35	
MYCO001477	180	0	70	
MYCO001478	86	0	38	
MYCO001482	74	0	54	
MYCO001486	49	0	54	
MYCO001487	18	0	26	
MYCO001488	96	0	53	
MYCO001489	24	0	22	
MYCO001490	74	0	94	
MYCO001491	16	0	50	
MYCO001492	861	0	94	
MYCO001494	15	0	14	
MYCO001495	16	0	24	
MYCO001496	74	0	53	
MYCO001497	252	0	83	
MYCO001498	106	0	48	
MYCO001499	56	0	24	
MYCO001500	133	0	75	
MYCO001501	83	0	47	
MYCO001502	157	0	73	
MYCO001503	7669	0	0	
MYCO001504	2037	0	25	
MYCO001505	91	0	55	
MYCO001506	201	0	35	
MYCO001507	159	0	51	
MYCO001508	328	213	120	
MYCO001509	643	0	51	
MYCO001510	34	4192	58	
MYCO001511	136	0	68	
MYCO001512	88	0	61	
MYCO001513	99	0	34	
MYCO001514	67	0	44	
MYCO001515	87	0	57	
MYCO001516	430	0	59	
MYCO001517	63	0	38	
MYCO001518	235	0	56	
MYCO001519	1115	0	16	
MYCO001520	1161	0	62	
MYCO001521	239	0	87	
MYCO001522	703	0	196	
MYCO001523	143	0	57	
MYCO001524	864	0	63	
MYCO001525	964	0	49	
MYCO001526	841	0	71	
MYCO001527	1855	0	362	
MYCO001528	68	0	23	
MYCO001529	133	0	111	
MYCO001530	103	0	82	
MYCO001531	32	0	30	
MYCO001532	129	0	29	
MYCO001533	240	0	52	
MYCO001534	41	0	39	
MYCO001535	9	0	14	
MYCO001537	262	0	88	
MYCO001538	546	0	65	
MYCO001539	35	0	35	
MYCO001541	57	0	30	
MYCO001542	36	29	26	
MYCO001543	25	0	60	
MYCO001544	152	0	52	
MYCO001545	39	0	15	
MYCO001546	123	0	40	
MYCO001548	293	0	134	
MYCO001549	7598	0	2	
MYCO001550	929	0	78	
MYCO001551	1840	0	97	
MYCO001552	229	0	110	
MYCO001553	281	0	32	
MYCO001554	20	0	22	
MYCO001555	14	0	23	
MYCO001556	45	0	43	
MYCO001558	43	0	23	
MYCO001560	6	0	9	
MYCO001561	18	0	31	
MYCO001562	821	0	91	
MYCO001563	589	0	137	
MYCO001565	953	0	102	
MYCO001566	338	0	51	
MYCO001567	12	0	30	
MYCO001570	850	0	35	
MYCO001571	741	0	33	
MYCO001572	5381	0	12	
MYCO001573	4886	0	13	
MYCO001574	5093	0	22	
MYCO001575	7663	0	3	
MYCO001576	1474	967	167	
MYCO001577	4647	0	23	
MYCO001578	4672	0	29	
MYCO001579	4617	0	24	
MYCO001580	4670	0	15	
MYCO001581	5656	0	10	
MYCO001582	4660	0	55	
MYCO001583	608	1329	35	
MYCO001584	4882	0	12	
MYCO001585	5198	0	28	
MYCO001586	4819	0	57	
MYCO001587	7590	0	14	
MYCO001588	7388	7	70	
MYCO001590	25	0	13	
MYCO001591	54	0	54	
MYCO001592	40	0	94	
MYCO001596	23	0	37	
MYCO001597	66	0	46	
MYCO001598	84	0	18	
MYCO001602	23	0	37	
MYCO001604	57	0	49	
MYCO001606	38	0	26	
MYCO001607	109	0	40	
MYCO001608	5	0	20	
MYCO001610	906	0	41	
MYCO001613	21	0	54	
MYCO001614	98	0	70	
MYCO001615	12	0	36	
MYCO001616	22	0	24	
MYCO001618	41	0	38	
MYCO001619	398	0	72	
MYCO001620	1181	0	78	
MYCO001621	1026	0	79	
MYCO001622	37	0	61	
MYCO001623	20	0	76	
MYCO001624	38	0	45	
MYCO001625	369	0	88	
MYCO001628	122	0	21	
MYCO001631	108	0	63	
MYCO001632	131	0	23	
MYCO001634	126	0	75	
MYCO001635	111	0	82	
MYCO001636	8	0	29	
MYCO001637	452	0	55	
MYCO001639	1552	2371	77	
MYCO001640	182	0	182	
MYCO001644	526	0	52	
MYCO001645	799	0	67	
MYCO001646	717	0	62	
MYCO001647	1972	0	47	
MYCO001648	25	0	56	
MYCO001650	1162	0	151	
MYCO001651	4300	0	156	
MYCO001660	1274	0	64	
MYCO001661	2213	0	340	
MYCO001662	1876	0	327	
MYCO001663	244	0	113	
MYCO001664	628	0	196	
MYCO001665	364	0	75	
MYCO001666	273	0	71	
MYCO001667	121	0	38	
MYCO001668	7495	0	5	
MYCO001669	223	0	20	
MYCO001670	56	0	22	
MYCO001671	18	0	32	
MYCO001672	662	0	84	
MYCO001673	569	0	61	
MYCO001674	614	0	37	
MYCO001675	492	0	50	
MYCO001676	31	0	64	
MYCO001677	31	0	37	
MYCO001678	923	0	60	
MYCO001679	97	0	63	
MYCO001680	109	0	51	
MYCO001681	84	0	60	
MYCO001682	645	0	52	
MYCO001683	1138	0	133	
MYCO001684	62	0	16	
MYCO001685	32	0	36	
MYCO001686	38	0	51	
MYCO001687	40	0	61	
MYCO001688	244	0	46	
MYCO001690	29	0	21	
MYCO001691	427	0	58	
MYCO001692	831	0	48	
MYCO001693	16	0	15	
MYCO001696	61	0	89	
MYCO001698	726	0	41	
MYCO001700	13	0	43	
MYCO001702	828	0	85	
MYCO001703	25	0	33	
MYCO001704	59	0	106	
MYCO001705	1633	0	59	
MYCO001706	587	0	66	
MYCO001707	111	0	93	
MYCO001710	15	0	40	
MYCO001714	972	0	58	
MYCO001715	834	0	58	
MYCO001716	22	0	64	
MYCO001717	1494	0	27	
MYCO001718	146	0	63	
MYCO001719	250	0	68	
MYCO001720	125	0	24	
MYCO001721	9	0	11	
MYCO001722	797	0	97	
MYCO001723	397	0	78	
MYCO001724	123	0	20	
MYCO001725	424	0	51	
MYCO001726	513	0	118	
MYCO001727	99	0	40	
MYCO001728	23	0	44	
MYCO001729	55	0	54	
MYCO001730	1428	0	111	
MYCO001731	557	0	82	
MYCO001732	456	0	23	
MYCO001733	19	0	47	
MYCO001734	14	0	16	
MYCO001735	49	0	38	
MYCO001736	1203	3208	130	
MYCO001737	1227	0	61	
MYCO001738	100	0	27	
MYCO001739	447	0	100	
MYCO001740	17	0	13	
MYCO001741	11	2369	19	
MYCO001742	238	0	48	
MYCO001743	822	0	84	
MYCO001744	1148	0	31	
MYCO001745	57	0	40	
MYCO001746	391	0	95	
MYCO001747	552	0	113	
MYCO001748	38	0	52	
MYCO001749	56	0	40	
MYCO001750	305	0	94	
MYCO001751	194	0	78	
MYCO001752	41	0	35	
MYCO001753	7617	0	25	
MYCO001754	3335	0	59	
MYCO001755	7669	0	0	
MYCO001756	7669	0	0	
MYCO001757	947	2	22	
MYCO001758	5268	0	39	
MYCO001759	7215	0	45	
MYCO001760	4052	0	63	
MYCO001761	3993	0	21	
MYCO001762	4067	0	26	
MYCO001763	947	2	22	
MYCO001764	7669	0	0	
MYCO001765	7659	0	2	
MYCO001766	27	0	11	
MYCO001767	21	0	19	
MYCO001768	3661	0	90	
MYCO001769	482	0	74	
MYCO001770	450	0	87	
MYCO001771	17	0	79	
MYCO001772	26	0	18	
MYCO001773	35	0	43	
MYCO001774	126	0	104	
MYCO001775	2056	0	35	
MYCO001776	55	0	42	
MYCO001777	473	0	95	
MYCO001778	824	0	20	
MYCO001779	681	0	130	
MYCO001780	22	0	28	
MYCO001781	825	0	141	
MYCO001782	188	0	65	
MYCO001783	405	0	147	
MYCO001785	40	0	59	
MYCO001786	4	0	15	
MYCO001787	6732	0	49	
MYCO001788	23	22	27	
MYCO001789	772	0	78	
MYCO001790	3243	0	80	
MYCO001791	31	0	13	
MYCO001792	7669	0	0	
MYCO001793	680	2904	126	
MYCO001794	15	0	52	
MYCO001795	755	0	84	
MYCO001796	362	0	95	
MYCO001797	29	0	87	
MYCO001798	41	0	76	
MYCO001799	642	0	18	
MYCO001800	283	0	132	
MYCO001801	2066	0	97	
MYCO001802	1407	0	77	
MYCO001803	2206	0	100	
MYCO001804	54	0	24	
MYCO001805	11	0	35	
MYCO001806	22	0	23	
MYCO001807	7669	0	0	
MYCO001808	539	0	72	
MYCO001809	349	0	60	
MYCO001810	6	0	22	
MYCO001811	63	0	60	
MYCO001812	377	0	84	
MYCO001813	29	0	31	
MYCO001814	361	0	82	
MYCO001815	1101	0	62	
MYCO001816	1043	2151	33	
MYCO001817	823	0	99	
MYCO001818	5048	0	72	
MYCO001819	265	0	81	
MYCO001820	253	0	89	
MYCO001822	36	0	39	
MYCO001823	211	0	58	
MYCO001824	31	0	23	
MYCO001825	37	0	53	
MYCO001826	2	0	18	
MYCO001828	34	0	39	
MYCO001831	66	0	16	
MYCO001833	38	0	55	
MYCO001834	71	0	44	
MYCO001835	428	0	120	
MYCO001836	479	0	116	
MYCO001838	26	0	21	
MYCO001839	5	0	11	
MYCO001840	3709	0	86	
MYCO001841	106	0	66	
MYCO001845	1380	0	45	
MYCO001846	62	0	39	
MYCO001847	84	0	45	
MYCO001848	103	0	22	
MYCO001849	6	0	13	
MYCO001850	419	0	100	
MYCO001851	751	0	43	
MYCO001852	149	0	34	
MYCO001853	45	0	37	
MYCO001855	107	0	61	
MYCO001856	1043	0	44	
MYCO001857	15	0	41	
MYCO001858	42	0	31	
MYCO001859	129	0	60	
MYCO001860	1161	0	70	
MYCO001861	10	0	25	
MYCO001862	74	0	62	
MYCO001863	60	0	49	
MYCO001864	28	0	45	
MYCO001865	22	0	50	
MYCO001866	165	0	139	
MYCO001867	408	0	100	
MYCO001868	629	0	128	
MYCO001869	278	0	57	
MYCO001870	887	0	37	
MYCO001871	264	0	34	
MYCO001872	67	0	96	
MYCO001873	90	0	35	
MYCO001874	44	0	51	
MYCO001875	48	0	35	
MYCO001876	103	0	34	
MYCO001877	347	0	121	
MYCO001878	529	0	82	
MYCO001879	327	0	63	
MYCO001880	97	0	82	
MYCO001881	82	0	31	
MYCO001882	30	0	49	
MYCO001883	52	0	35	
MYCO001884	30	0	33	
MYCO001885	58	0	53	
MYCO001887	393	0	82	
MYCO001888	6391	0	7	
MYCO001889	45	0	20	
MYCO001890	40	0	39	
MYCO001891	19	0	36	
MYCO001892	40	0	17	
MYCO001893	20	0	18	
MYCO001895	2159	0	45	
MYCO001896	505	0	74	
MYCO001897	65	0	30	
MYCO001898	30	0	22	
MYCO001899	2809	0	71	
MYCO001900	214	0	101	
MYCO001901	270	0	90	
MYCO001902	222	0	81	
MYCO001903	36	0	33	
MYCO001904	26	0	31	
MYCO001905	86	0	67	
MYCO001906	26	0	31	
MYCO001907	5447	0	47	
MYCO001908	266	0	228	
MYCO001909	30	0	36	
MYCO001910	249	0	46	
MYCO001911	272	0	35	
MYCO001912	2273	0	41	
MYCO001913	43	0	48	
MYCO001914	25	0	33	
MYCO001915	4770	0	26	
MYCO001916	101	0	55	
MYCO001917	7637	0	14	
MYCO001918	1476	0	190	
MYCO001919	16	0	26	
MYCO001920	25	0	68	
MYCO001921	1192	0	69	
MYCO001922	123	0	64	
MYCO001923	149	0	95	
MYCO001924	30	0	30	
MYCO001925	87	0	93	
MYCO001926	21	0	31	
MYCO001927	219	0	59	
MYCO001928	1346	0	48	
MYCO001929	1507	0	58	
MYCO001930	268	0	43	
MYCO001931	83	0	52	
MYCO001932	76	0	32	
MYCO001933	1132	0	66	
MYCO001934	712	0	79	
MYCO001935	75	0	67	
MYCO001936	53	0	80	
MYCO001937	793	0	144	
MYCO001938	119	0	70	
MYCO001939	690	0	41	
MYCO001940	6317	0	25	
MYCO001941	122	0	48	
MYCO001942	7	0	22	
MYCO001943	28	0	25	
MYCO001944	67	0	48	
MYCO001945	7212	87	50	
MYCO001946	84	0	34	
MYCO001947	145	0	22	
MYCO001948	227	0	39	
MYCO001949	7669	0	0	
MYCO001950	32	0	12	
MYCO001951	334	0	18	
MYCO001952	23	0	11	
MYCO001953	29	0	34	
MYCO001954	72	0	34	
MYCO001955	55	0	21	
MYCO001956	80	0	42	
MYCO001957	37	0	35	
MYCO001958	104	0	54	
MYCO001959	6	0	18	
MYCO001960	7	0	14	
MYCO001961	215	0	41	
MYCO001962	20	0	28	
MYCO001963	199	0	61	
MYCO001964	276	0	44	
MYCO001965	262	0	50	
MYCO001966	209	0	77	
MYCO001967	212	0	80	
MYCO001968	2456	0	75	
MYCO001969	328	0	79	
MYCO001970	175	0	68	
MYCO001971	720	0	92	
MYCO001972	148	0	38	
MYCO001973	326	0	29	
MYCO001974	112	0	30	
MYCO001975	930	0	37	
MYCO001976	192	0	25	
MYCO001977	983	0	51	
MYCO001978	1393	0	50	
MYCO001979	190	0	80	
MYCO001980	46	0	48	
MYCO001982	55	0	40	
MYCO001983	2102	0	90	
MYCO001984	366	0	43	
MYCO001985	209	0	53	
MYCO001986	81	0	46	
MYCO001987	67	0	32	
MYCO001988	191	0	33	
MYCO001989	61	0	32	
MYCO001990	6	0	16	
MYCO001991	9	0	19	
MYCO001992	2423	0	109	
MYCO001993	1455	0	25	
MYCO001994	1021	0	22	
MYCO001995	1431	0	44	
MYCO001996	1386	0	51	
MYCO001997	3357	0	136	
MYCO001998	89	0	56	
MYCO001999	564	0	92	
MYCO002000	190	0	112	
MYCO002001	41	0	62	
MYCO002002	72	0	41	
MYCO002003	169	0	64	
MYCO002004	267	0	80	
MYCO002005	29	0	43	
MYCO002006	384	0	248	
MYCO002007	11	0	12	
MYCO002008	48	0	85	
MYCO002009	11	0	15	
MYCO002010	34	0	18	
MYCO002011	9	0	29	
MYCO002012	24	0	43	
MYCO002013	715	0	26	
MYCO002014	170	0	41	
MYCO002015	2141	0	90	
MYCO002016	1811	0	28	
MYCO002017	145	0	64	
MYCO002018	216	0	31	
MYCO002019	670	0	28	
MYCO002020	292	0	21	
MYCO002021	177	0	20	
MYCO002022	212	0	56	
MYCO002023	514	0	17	
MYCO002024	7046	0	22	
MYCO002025	174	0	67	
MYCO002026	55	0	58	
MYCO002027	1786	0	66	
MYCO002028	335	0	41	
MYCO002029	266	0	63	
MYCO002030	479	0	125	
MYCO002031	17	0	31	
MYCO002032	312	0	62	
MYCO002033	1027	0	57	
MYCO002034	378	0	19	
MYCO002035	12	0	34	
MYCO002036	33	0	39	
MYCO002037	85	0	76	
MYCO002038	14	0	56	
MYCO002039	12	0	44	
MYCO002040	19	0	33	
MYCO002041	33	0	76	
MYCO002042	166	0	53	
MYCO002043	297	0	208	
MYCO002044	1135	0	19	
MYCO002045	96	0	102	
MYCO002046	297	0	52	
MYCO002047	413	0	128	
MYCO002048	7595	0	43	
MYCO002049	43	0	16	
MYCO002051	479	0	138	
MYCO002052	1128	0	105	
MYCO002053	37	0	46	
MYCO002054	67	0	55	
MYCO002059	472	0	120	
MYCO002060	364	0	30	
MYCO002061	56	0	32	
MYCO002062	1508	0	211	
MYCO002063	5	0	15	
MYCO002064	1166	0	58	
MYCO002065	1270	0	35	
MYCO002066	932	0	108	
MYCO002067	86	0	69	
MYCO002068	33	0	58	
MYCO002069	189	0	25	
MYCO002070	2905	0	36	
MYCO002071	101	0	59	
MYCO002072	472	0	67	
MYCO002073	395	0	43	
MYCO002074	170	0	24	
MYCO002075	391	0	98	
MYCO002076	13	0	12	
MYCO002077	159	0	63	
MYCO002078	15	0	30	
MYCO002079	1812	0	99	
MYCO002080	46	0	44	
MYCO002081	4467	0	33	
MYCO002082	3643	0	151	
MYCO002083	549	0	70	
MYCO002084	3826	0	22	
MYCO002085	46	0	25	
MYCO002086	22	0	34	
MYCO002087	16	0	18	
MYCO002088	2400	0	81	
MYCO002091	89	0	45	
MYCO002094	2	0	14	
MYCO002095	924	0	57	
MYCO002098	7669	0	0	
MYCO002099	7669	0	0	
MYCO002100	1600	0	109	
MYCO002101	1507	0	160	
MYCO002102	404	0	41	
MYCO002103	82	0	32	
MYCO002104	5	0	21	
MYCO002105	947	2	22	
MYCO002106	7669	0	0	
MYCO002107	132	0	29	
MYCO002108	248	0	42	
MYCO002113	164	0	73	
MYCO002114	109	0	41	
MYCO002116	90	0	33	
MYCO002117	72	0	13	
MYCO002120	580	0	30	
MYCO002123	4511	0	50	
MYCO002124	559	0	202	
MYCO002126	3680	0	42	
MYCO002127	297	0	96	
MYCO002128	4	0	16	
MYCO002129	110	0	61	
MYCO002131	88	0	44	
MYCO002132	72	0	15	
MYCO002133	83	0	45	
MYCO002135	1082	0	31	
MYCO002136	126	0	47	
MYCO002137	39	0	25	
MYCO002138	131	0	66	
MYCO002142	19	0	23	
MYCO002143	166	0	77	
MYCO002144	83	0	23	
MYCO002146	3	0	15	
MYCO002147	1381	0	40	
MYCO002148	1379	0	38	
MYCO002149	118	0	28	
MYCO002152	603	0	85	
MYCO002158	2163	0	95	
MYCO002159	1434	0	70	
MYCO002160	4070	0	16	
MYCO002161	990	2222	60	
MYCO002162	5548	0	82	
MYCO002164	723	0	69	
MYCO002165	49	0	72	
MYCO002167	7669	0	0	
MYCO002168	947	2	22	
MYCO002169	30	0	26	
MYCO002171	26	0	40	
MYCO002172	24	0	51	
MYCO002173	393	0	63	
MYCO002174	110	0	82	
MYCO002175	8	0	24	
MYCO002177	3964	247	52	
MYCO002180	1446	0	52	
MYCO002181	71	0	61	
MYCO002183	5	0	18	
MYCO002184	30	0	61	
MYCO002185	5	0	27	
MYCO002189	884	0	45	
MYCO002190	1145	0	54	
MYCO002191	679	0	112	
MYCO002197	171	0	44	
MYCO002198	1006	0	66	
MYCO002203	371	0	42	
MYCO002204	8	0	24	
MYCO002205	935	0	75	
MYCO002206	32	0	50	
MYCO002207	1373	0	49	
MYCO002208	544	0	55	
MYCO002209	531	0	88	
MYCO002212	93	0	79	
MYCO002214	109	0	94	
MYCO002215	1104	0	93	
MYCO002223	387	0	91	
MYCO002224	77	0	78	
MYCO002226	1004	0	92	
MYCO002227	954	0	30	
MYCO002229	38	0	33	
MYCO002231	192	0	61	
MYCO002232	285	0	51	
MYCO002234	31	0	28	
MYCO002236	1328	0	58	
MYCO002237	11	0	52	
MYCO002238	9	0	14	
MYCO002240	56	0	37	
MYCO002248	211	0	32	
MYCO002249	960	0	77	
MYCO002250	32	0	26	
MYCO002251	7664	0	2	
MYCO002252	37	0	64	
MYCO002253	64	0	35	
MYCO002254	40	0	35	
MYCO002255	45	0	21	
MYCO002256	8	0	25	
MYCO002258	746	0	62	
MYCO002260	19	0	35	
MYCO002261	57	0	27	
MYCO002262	7600	0	4	
MYCO002263	1675	0	53	
MYCO002264	3600	0	88	
MYCO002265	774	0	59	
MYCO002266	32	0	83	
MYCO002267	103	0	65	
MYCO002268	440	0	93	
MYCO002269	31	0	29	
MYCO002270	309	0	37	
MYCO002271	280	0	19	
MYCO002272	283	0	16	
MYCO002273	310	0	23	
MYCO002274	329	0	37	
MYCO002275	992	0	44	
MYCO002276	339	0	79	
MYCO002277	325	7128	61	
MYCO002278	947	2	22	
MYCO002279	7669	0	0	
MYCO002280	491	0	86	
MYCO002281	63	0	102	
MYCO002282	1001	2492	50	
MYCO002283	53	0	15	
MYCO002284	373	0	51	
MYCO002285	694	0	67	
MYCO002286	743	2048	43	
MYCO002287	206	0	89	
MYCO002288	17	0	29	
MYCO002289	169	0	44	
MYCO002290	59	0	42	
MYCO002291	84	0	52	
MYCO002292	32	0	9	
MYCO002293	3730	0	20	
MYCO002294	62	0	82	
MYCO002295	36	0	44	
MYCO002296	183	0	56	
MYCO002297	18	0	30	
MYCO002298	39	0	64	
MYCO002299	108	0	89	
MYCO002300	125	0	58	
MYCO002301	106	0	50	
MYCO002302	10	0	18	
MYCO002303	32	0	73	
MYCO002304	16	0	9	
MYCO002305	603	0	84	
MYCO002307	534	0	54	
MYCO002308	250	0	56	
MYCO002309	32	0	36	
MYCO002310	146	0	29	
MYCO002311	100	0	29	
MYCO002312	9	0	15	
MYCO002313	115	0	54	
MYCO002314	232	0	79	
MYCO002316	20	0	51	
MYCO002317	27	0	35	
MYCO002318	1547	0	58	
MYCO002319	2962	0	50	
MYCO002320	90	0	80	
MYCO002321	19	0	38	
MYCO002322	30	0	39	
MYCO002323	46	0	66	
MYCO002324	16	0	39	
MYCO002325	470	0	46	
MYCO002326	670	0	103	
MYCO002327	137	0	25	
MYCO002328	90	0	65	
MYCO002329	400	0	101	
MYCO002330	29	0	37	
MYCO002331	18	0	27	
MYCO002332	78	0	82	
MYCO002333	1175	0	62	
MYCO002334	143	0	57	
MYCO002335	214	0	43	
MYCO002336	456	0	65	
MYCO002337	239	0	66	
MYCO002338	842	0	65	
MYCO002339	2023	0	148	
MYCO002340	907	0	80	
MYCO002341	147	0	26	
MYCO002342	40	0	22	
MYCO002345	668	0	116	
MYCO002346	680	3386	139	
MYCO002347	4315	839	127	
MYCO002348	46	0	23	
MYCO002349	811	0	103	
MYCO002350	923	2892	54	
MYCO002351	932	2939	60	
MYCO002352	1804	55	74	
MYCO002353	7503	0	5	
MYCO002354	947	2	22	
MYCO002355	7669	0	0	
MYCO002356	5652	0	56	
MYCO002358	19	0	21	
MYCO002359	3	0	54	
MYCO002360	20	0	32	
MYCO002363	2079	0	47	
MYCO002365	787	0	16	
MYCO002369	70	0	22	
MYCO002370	102	0	85	
MYCO002371	320	0	11	
MYCO002372	269	0	47	
MYCO002375	12	0	18	
MYCO002376	126	0	32	
MYCO002377	29	0	12	
MYCO002378	136	0	52	
MYCO002379	631	0	165	
MYCO002380	1338	0	234	
MYCO002381	550	0	134	
MYCO002382	285	0	58	
MYCO002383	1155	890	226	
MYCO002384	611	0	69	
MYCO002385	154	0	74	
MYCO002386	252	0	65	
MYCO002387	36	0	64	
MYCO002388	239	0	65	
MYCO002389	20	0	27	
MYCO002390	100	0	34	
MYCO002391	32	0	80	
MYCO002392	172	0	42	
MYCO002393	279	4723	43	
MYCO002394	234	0	124	
MYCO002395	608	0	106	
MYCO002396	4317	0	63	
MYCO002397	174	0	63	
MYCO002398	8	0	42	
MYCO002401	6	0	17	
MYCO002403	130	0	39	
MYCO002405	67	0	38	
MYCO002406	281	0	22	
MYCO002407	407	0	59	
MYCO002408	514	0	39	
MYCO002414	622	0	93	
MYCO002415	162	0	51	
MYCO002416	189	0	95	
MYCO002417	1386	0	44	
MYCO002418	306	0	39	
MYCO002419	190	0	39	
MYCO002422	30	0	17	
MYCO002423	61	0	62	
MYCO002424	7338	0	27	
MYCO002428	125	0	41	
MYCO002429	23	0	23	
MYCO002430	58	0	37	
MYCO002431	21	2711	19	
MYCO002432	54	0	25	
MYCO002433	20	0	17	
MYCO002434	1486	0	86	
MYCO002435	248	0	126	
MYCO002436	540	0	62	
MYCO002437	1763	0	17	
MYCO002438	134	0	97	
MYCO002443	67	0	93	
MYCO002444	641	0	147	
MYCO002446	17	0	21	
MYCO002449	815	0	76	
MYCO002450	558	0	51	
MYCO002451	75	0	30	
MYCO002452	1	0	18	
MYCO002453	81	0	37	
MYCO002456	106	0	61	
MYCO002458	60	0	46	
MYCO002459	89	0	88	
MYCO002463	29	0	51	
MYCO002464	197	0	65	
MYCO002468	59	0	27	
MYCO002469	87	0	44	
MYCO002471	108	0	101	
MYCO002472	11	0	20	
MYCO002473	158	0	42	
MYCO002474	271	0	41	
MYCO002475	12	0	20	
MYCO002476	1653	0	210	
MYCO002478	581	0	33	
MYCO002479	7669	0	0	
MYCO002480	947	2	22	
MYCO002481	353	0	24	
MYCO002482	378	0	149	
MYCO002483	91	0	87	
MYCO002484	62	0	104	
MYCO002485	195	0	90	
MYCO002486	368	0	39	
MYCO002487	4484	0	101	
MYCO002488	1556	0	181	
MYCO002489	151	0	20	
MYCO002490	7409	0	42	
MYCO002491	135	0	51	
MYCO002492	173	0	65	
MYCO002493	20	0	12	
MYCO002494	17	0	28	
MYCO002495	306	0	73	
MYCO002496	46	0	50	
MYCO002497	62	0	50	
MYCO002498	98	0	55	
MYCO002499	16	0	33	
MYCO002501	701	0	114	
MYCO002503	51	0	50	
MYCO002504	65	0	48	
MYCO002505	273	0	103	
MYCO002506	85	0	34	
MYCO002507	487	0	55	
MYCO002508	165	0	82	
MYCO002510	249	0	111	
MYCO002512	7468	61	10	
MYCO002513	37	0	34	
MYCO002514	70	0	37	
MYCO002515	48	0	72	
MYCO002516	29	0	38	
MYCO002517	58	0	12	
MYCO002519	1007	0	96	
MYCO002520	1	0	17	
MYCO002522	701	0	97	
MYCO002525	413	0	30	
MYCO002526	2218	0	8	
MYCO002527	48	0	23	
MYCO002528	29	0	51	
MYCO002529	696	0	94	
MYCO002530	20	0	33	
MYCO002531	190	0	167	
MYCO002532	51	0	23	
MYCO002535	430	0	46	
MYCO002536	50	0	32	
MYCO002537	18	0	23	
MYCO002539	772	0	25	
MYCO002541	3170	0	19	
MYCO002542	876	0	89	
MYCO002543	2774	2157	72	
MYCO002544	2780	2204	90	
MYCO002545	1741	0	20	
MYCO002546	6	0	27	
MYCO002547	34	0	22	
MYCO002548	55	0	24	
MYCO002549	122	0	23	
MYCO002550	5	0	17	
MYCO002551	515	0	22	
MYCO002552	565	0	46	
MYCO002553	260	0	69	
MYCO002554	192	0	25	
MYCO002556	13	0	22	
MYCO002557	46	0	45	
MYCO002558	70	0	35	
MYCO002560	236	0	65	
MYCO002561	7561	0	8	
MYCO002562	6	0	35	
MYCO002563	173	0	70	
MYCO002564	63	2849	52	
MYCO002565	190	0	100	
MYCO002566	2096	0	159	
MYCO002567	197	0	130	
MYCO002569	87	0	41	
MYCO002570	964	0	31	
MYCO002571	244	0	90	
MYCO002573	195	0	54	
MYCO002574	58	0	43	
MYCO002576	95	0	34	
MYCO002577	77	0	89	
MYCO002578	246	0	63	
MYCO002579	145	0	50	
MYCO002581	7	0	27	
MYCO002584	70	0	43	
MYCO002585	406	0	101	
MYCO002586	984	0	84	
MYCO002588	4	0	24	
MYCO002590	318	0	190	
MYCO002591	3572	0	106	
MYCO002595	59	0	13	
MYCO002596	19	0	35	
MYCO002597	70	0	38	
MYCO002598	70	0	31	
MYCO002599	405	0	31	
MYCO002600	62	0	25	
MYCO002601	633	0	80	
MYCO002602	14	0	29	
MYCO002604	99	0	32	
MYCO002605	159	0	47	
MYCO002607	22	0	35	
MYCO002608	1231	0	81	
MYCO002609	411	0	60	
MYCO002615	7122	0	102	
MYCO002616	102	0	35	
MYCO002617	8	0	25	
MYCO002618	424	0	32	
MYCO002619	9	0	14	
MYCO002620	14	0	20	
MYCO002621	586	0	55	
MYCO002622	125	0	52	
MYCO002623	226	0	46	
MYCO002624	408	0	56	
MYCO002625	71	0	57	
MYCO002626	18	0	29	
MYCO002627	99	0	89	
MYCO002628	126	0	42	
MYCO002629	669	0	60	
MYCO002630	21	0	41	
MYCO002631	138	0	82	
MYCO002632	9	0	15	
MYCO002633	16	0	38	
MYCO002634	4274	0	104	
MYCO002635	16	0	21	
MYCO002636	77	0	58	
MYCO002637	376	2378	43	
MYCO002638	152	0	32	
MYCO002639	58	0	22	
MYCO002640	85	0	22	
MYCO002641	26	0	30	
MYCO002642	43	0	27	
MYCO002643	388	0	114	
MYCO002644	53	0	21	
MYCO002645	1871	0	21	
MYCO002646	1272	0	65	
MYCO002647	887	0	19	
MYCO002648	947	2	22	
MYCO002649	7669	0	0	
MYCO002650	1474	847	165	
MYCO002651	297	1554	50	
MYCO002652	875	0	63	
MYCO002653	740	0	41	
MYCO002654	3962	0	17	
MYCO002655	2200	0	74	
MYCO002656	608	1226	33	
MYCO002657	896	0	21	
MYCO002658	702	0	15	
MYCO002659	761	0	44	
MYCO002660	21	0	18	
MYCO002661	32	0	22	
MYCO002662	14	0	16	
MYCO002663	4	0	18	
MYCO002664	31	0	17	
MYCO002665	475	0	23	
MYCO002666	7493	0	15	
MYCO002667	70	0	32	
MYCO002668	707	0	31	
MYCO002669	44	0	29	
MYCO002671	119	0	37	
MYCO002672	483	0	87	
MYCO002674	13	0	23	
MYCO002675	36	0	66	
MYCO002677	2196	0	63	
MYCO002679	201	0	51	
MYCO002680	810	0	49	
MYCO002681	974	0	65	
MYCO002683	9	0	35	
MYCO002684	49	599	75	
MYCO002685	540	0	64	
MYCO002686	46	0	40	
MYCO002687	71	0	50	
MYCO002688	144	0	60	
MYCO002689	243	0	72	
MYCO002690	168	0	62	
MYCO002691	20	0	40	
MYCO002692	48	0	34	
MYCO002693	24	0	36	
MYCO002694	15	0	37	
MYCO002695	690	0	34	
MYCO002698	11	0	29	
MYCO002700	4716	0	26	
MYCO002701	75	0	65	
MYCO002704	21	0	24	
MYCO002705	17	0	23	
MYCO002706	154	0	19	
MYCO002707	53	0	51	
MYCO002709	679	0	43	
MYCO002712	451	0	82	
MYCO002713	151	0	92	
MYCO002716	36	0	36	
MYCO002717	285	0	23	
MYCO002718	20	0	20	
MYCO002719	661	0	44	
MYCO002721	1627	0	112	
MYCO002722	11	0	21	
MYCO002723	54	0	77	
MYCO002728	121	0	42	
MYCO002729	73	0	60	
MYCO002730	12	0	30	
MYCO002732	120	0	56	
MYCO002734	34	0	45	
MYCO002735	1087	0	56	
MYCO002736	212	0	37	
MYCO002737	32	0	102	
MYCO002738	505	0	13	
MYCO002739	2044	0	36	
MYCO002740	23	0	29	
MYCO002741	5110	0	79	
MYCO002742	321	0	48	
MYCO002743	559	0	49	
MYCO002745	8	0	31	
MYCO002746	287	0	37	
MYCO002747	41	0	22	
MYCO002749	39	0	16	
MYCO002751	50	0	46	
MYCO002752	158	0	152	
MYCO002755	17	0	12	
MYCO002756	82	0	94	
MYCO002757	81	0	29	
MYCO002758	11	0	17	
MYCO002759	60	0	26	
MYCO002760	185	0	21	
MYCO002761	40	0	78	
MYCO002762	459	0	35	
MYCO002763	60	0	23	
MYCO002765	438	0	45	
MYCO002766	90	0	37	
MYCO002767	29	0	30	
MYCO002768	676	0	80	
MYCO002769	1273	0	57	
MYCO002770	282	0	74	
MYCO002771	43	0	25	
MYCO002772	70	0	30	
MYCO002774	1347	0	20	
MYCO002775	167	0	29	
MYCO002776	48	0	51	
MYCO002777	774	0	54	
MYCO002778	25	0	31	
MYCO002779	78	0	42	
MYCO002780	258	0	62	
MYCO002781	1177	0	68	
MYCO002784	18	0	27	
MYCO002786	14	0	56	
MYCO002787	437	0	127	
MYCO002789	89	0	67	
MYCO002790	568	0	65	
MYCO002791	163	3788	69	
MYCO002792	159	0	40	
MYCO002793	753	0	39	
MYCO002796	67	0	46	
MYCO002797	405	0	82	
MYCO002798	9	0	23	
MYCO002799	164	0	53	
MYCO002800	1415	0	99	
MYCO002801	106	0	18	
MYCO002802	1464	0	72	
MYCO002803	81	0	23	
MYCO002804	181	0	43	
MYCO002805	117	0	29	
MYCO002806	49	0	11	
MYCO002807	2008	0	59	
MYCO002808	439	0	11	
MYCO002809	115	0	16	
MYCO002810	7669	0	0	
MYCO002811	1337	0	37	
MYCO002812	929	0	96	
MYCO002813	673	0	44	
MYCO002814	7669	0	0	
MYCO002815	947	2	22	
MYCO002816	1816	0	17	
MYCO002817	1939	0	51	
MYCO002818	2157	0	41	
MYCO002819	1940	0	56	
MYCO002820	1795	0	52	
MYCO002821	85	0	38	
MYCO002822	32	0	22	
MYCO002823	138	0	130	
MYCO002824	56	0	56	
MYCO002825	5929	0	39	
MYCO002826	77	0	46	
MYCO002827	40	0	35	
MYCO002829	193	0	25	
MYCO002830	9	0	19	
MYCO002831	313	0	44	
MYCO002832	237	0	79	
MYCO002833	442	0	85	
MYCO002834	59	0	49	
MYCO002835	37	0	58	
MYCO002836	457	0	81	
MYCO002837	196	0	44	
MYCO002840	11	0	21	
MYCO002842	7	0	32	
MYCO002843	307	0	23	
MYCO002844	34	0	29	
MYCO002845	315	0	75	
MYCO002848	1925	0	55	
MYCO002849	68	0	46	
MYCO002850	2349	0	120	
MYCO002851	32	0	23	
MYCO002852	190	0	84	
MYCO002853	3303	0	121	
MYCO002854	61	0	62	
MYCO002855	334	0	70	
MYCO002856	55	0	46	
MYCO002857	21	0	38	
MYCO002858	745	0	89	
MYCO002859	2345	0	69	
MYCO002860	61	0	68	
MYCO002862	28	0	32	
MYCO002863	15	0	16	
MYCO002865	15	0	15	
MYCO002866	12	0	15	
MYCO002867	893	0	50	
MYCO002869	45	0	64	
MYCO002871	1335	0	14	
MYCO002872	125	0	34	
MYCO002873	15	0	34	
MYCO002874	416	0	124	
MYCO002875	213	0	29	
MYCO002876	5	0	32	
MYCO002877	228	0	65	
MYCO002878	24	0	24	
MYCO002879	7669	0	0	
MYCO002880	7101	0	9	
MYCO002881	19	0	43	
MYCO002884	183	0	40	
MYCO002885	324	1318	89	
MYCO002886	194	0	47	
MYCO002887	42	0	20	
MYCO002888	632	0	74	
MYCO002891	1306	0	46	
MYCO002892	405	0	75	
MYCO002893	99	0	74	
MYCO002895	311	0	50	
MYCO002896	582	0	72	
MYCO002897	476	0	103	
MYCO002898	30	0	33	
MYCO002899	17	0	44	
MYCO002900	81	0	105	
MYCO002903	98	0	49	
MYCO002905	57	0	67	
MYCO002906	30	0	27	
MYCO002907	153	0	30	
MYCO002908	68	0	12	
MYCO002910	14	0	31	
MYCO002911	186	0	50	
MYCO002912	40	0	27	
MYCO002913	166	0	109	
MYCO002914	484	0	89	
MYCO002920	186	0	94	
MYCO002922	1363	0	143	
MYCO002923	78	0	28	
MYCO002924	112	0	41	
MYCO002925	34	0	37	
MYCO002926	13	0	40	
MYCO002928	34	0	36	
MYCO002929	31	0	23	
MYCO002930	70	0	84	
MYCO002931	6889	0	122	
MYCO002932	2136	0	226	
MYCO002933	1961	0	228	
MYCO002934	2192	0	221	
MYCO002935	1040	0	197	
MYCO002936	50	0	50	
MYCO002937	22	0	36	
MYCO002938	20	0	37	
MYCO002939	32	3596	62	
MYCO002940	399	0	271	
MYCO002941	49	0	104	
MYCO002942	185	0	168	
MYCO002943	293	0	89	
MYCO002944	39	0	59	
MYCO002945	3	0	36	
MYCO002946	1427	0	248	
MYCO002947	3868	0	34	
MYCO002948	149	0	123	
MYCO002949	157	0	50	
MYCO002950	285	0	102	
MYCO002951	205	0	60	
MYCO002952	27	0	40	
MYCO002953	83	0	67	
MYCO002954	64	0	44	
MYCO002955	279	0	67	
MYCO002956	48	0	60	
MYCO002957	89	0	53	
MYCO002958	324	0	86	
MYCO002959	970	0	53	
MYCO002960	31	0	20	
MYCO002961	31	0	15	
MYCO002962	833	0	65	
MYCO002963	959	0	56	
MYCO002964	90	0	51	
MYCO002966	283	0	24	
MYCO002968	33	0	25	
MYCO002969	70	0	35	
MYCO002970	112	0	57	
MYCO002971	152	0	47	
MYCO002972	32	0	44	
MYCO002973	302	0	80	
MYCO002974	913	0	89	
MYCO002975	3711	0	10	
MYCO002977	466	0	36	
MYCO002978	162	3296	66	
MYCO002979	44	0	37	
MYCO002980	636	0	33	
MYCO002983	859	0	37	
MYCO002985	97	0	67	
MYCO002986	99	0	32	
MYCO002987	33	0	21	
MYCO002989	725	0	40	
MYCO002990	43	0	47	
MYCO002991	55	0	25	
MYCO002994	840	0	65	
MYCO002997	718	0	67	
MYCO002998	16	0	22	
MYCO002999	48	0	64	
MYCO003000	57	0	34	
MYCO003002	6	0	23	
MYCO003004	43	0	21	
MYCO003005	59	0	31	
MYCO003007	723	0	35	
MYCO003008	80	0	45	
MYCO003012	16	0	13	
MYCO003013	651	0	34	
MYCO003015	438	0	64	
MYCO003016	48	0	33	
MYCO003017	805	0	26	
MYCO003018	5836	0	42	
MYCO003019	1	136	37	
MYCO003020	31	24	23	
MYCO003021	7633	0	10	
MYCO003022	7669	0	0	
MYCO003023	7468	61	9	
MYCO003026	117	0	61	
MYCO003030	191	0	44	
MYCO003033	23	0	37	
MYCO003035	359	0	48	
MYCO003036	25	0	44	
MYCO003037	459	0	67	
MYCO003039	196	0	38	
MYCO003040	380	0	57	
MYCO003041	25	0	40	
MYCO003044	522	0	80	
MYCO003046	27	0	22	
MYCO003047	217	0	25	
MYCO003050	35	0	51	
MYCO003055	50	2380	39	
MYCO003056	66	0	74	
MYCO003058	12	0	31	
MYCO003059	95	0	66	
MYCO003060	1293	0	102	
MYCO003061	747	0	121	
MYCO003062	2062	0	88	
MYCO003063	286	0	170	
MYCO003064	140	0	32	
MYCO003065	206	0	27	
MYCO003066	352	0	36	
MYCO003067	35	0	31	
MYCO003068	109	0	93	
MYCO003069	8	0	22	
MYCO003070	10	0	18	
MYCO003071	210	0	69	
MYCO003072	41	0	43	
MYCO003073	25	0	27	
MYCO003074	2289	2732	76	
MYCO003075	40	0	38	
MYCO003076	20	0	23	
MYCO003077	499	0	129	
MYCO003078	50	0	26	
MYCO003079	710	0	32	
MYCO003080	855	0	198	
MYCO003081	263	0	63	
MYCO003082	45	0	57	
MYCO003083	462	0	107	
MYCO003084	934	0	51	
MYCO003086	233	0	48	
MYCO003087	450	0	101	
MYCO003088	270	0	89	
MYCO003089	303	0	84	
MYCO003090	263	1859	66	
MYCO003091	355	0	90	
MYCO003092	797	0	58	
MYCO003093	1857	0	45	
MYCO003094	800	0	68	
MYCO003095	8	0	30	
MYCO003096	65	0	75	
MYCO003097	146	0	88	
MYCO003098	39	0	32	
MYCO003099	135	0	53	
MYCO003103	44	0	29	
MYCO003104	45	0	53	
MYCO003106	101	0	83	
MYCO003107	133	0	89	
MYCO003108	43	0	33	
MYCO003109	131	0	86	
MYCO003110	29	0	17	
MYCO003111	45	0	49	
MYCO003112	50	0	18	
MYCO003113	1649	0	42	
MYCO003114	125	0	33	
MYCO003115	7468	61	9	
MYCO003116	210	0	71	
MYCO003119	60	0	31	
MYCO003120	74	0	37	
MYCO003121	189	0	77	
MYCO003122	83	0	27	
MYCO003123	45	0	33	
MYCO003124	139	0	54	
MYCO003125	1097	0	60	
MYCO003126	42	0	19	
MYCO003127	53	0	67	
MYCO003128	7669	0	0	
MYCO003129	717	0	14	
MYCO003130	90	0	84	
MYCO003131	93	0	45	
MYCO003132	196	0	89	
MYCO003133	11	0	18	
MYCO003134	58	0	52	
MYCO003135	4737	0	12	
MYCO003136	144	0	66	
MYCO003137	45	0	41	
MYCO003138	94	0	79	
MYCO003141	329	0	48	
MYCO003142	1029	0	30	
MYCO003143	11	0	20	
MYCO003144	1253	0	67	
MYCO003145	31	0	16	
MYCO003146	7	0	29	
MYCO003147	59	0	16	
MYCO003148	43	0	60	
MYCO003149	69	0	38	
MYCO003150	704	0	52	
MYCO003151	1537	0	108	
MYCO003152	13	0	55	
MYCO003153	137	0	35	
MYCO003154	22	0	46	
MYCO003155	8	0	19	
MYCO003156	102	0	92	
MYCO003157	181	0	95	
MYCO003158	31	0	86	
MYCO003159	3903	0	105	
MYCO003160	25	0	27	
MYCO003161	577	0	92	
MYCO003162	95	0	20	
MYCO003163	36	0	63	
MYCO003164	34	0	32	
MYCO003165	154	0	23	
MYCO003166	798	0	55	
MYCO003167	68	0	43	
MYCO003168	281	0	87	
MYCO003169	978	0	68	
MYCO003170	797	0	68	
MYCO003171	59	0	75	
MYCO003172	14	0	32	
MYCO003173	18	0	41	
MYCO003174	27	0	65	
MYCO003175	2078	0	75	
MYCO003176	173	0	62	
MYCO003177	56	0	42	
MYCO003178	69	0	23	
MYCO003179	603	0	72	
MYCO003180	44	0	30	
MYCO003181	203	0	25	
MYCO003182	41	0	16	
MYCO003183	314	0	17	
MYCO003184	947	2	22	
MYCO003185	7669	0	0	
MYCO003186	947	2	22	
MYCO003187	7669	0	0	
MYCO003188	44	0	19	
MYCO003189	79	0	36	
MYCO003190	261	0	69	
MYCO003191	78	0	64	
MYCO003192	93	0	35	
MYCO003196	120	0	60	
MYCO003199	647	0	62	
MYCO003200	45	0	66	
MYCO003201	1309	0	144	
MYCO003202	1027	0	184	
MYCO003203	50	0	49	
MYCO003204	3	0	24	
MYCO003209	19	0	40	
MYCO003210	20	0	34	
MYCO003212	879	0	70	
MYCO003215	54	0	68	
MYCO003216	7669	0	0	
MYCO003217	475	0	22	
MYCO003218	46	0	57	
MYCO003222	97	0	26	
MYCO003224	391	0	53	
MYCO003225	129	0	77	
MYCO003226	60	0	47	
MYCO003227	402	0	76	
MYCO003230	178	0	68	
MYCO003231	80	0	23	
MYCO003232	21	0	44	
MYCO003233	9	0	41	
MYCO003234	3786	0	31	
MYCO003235	570	0	45	
MYCO003236	445	0	71	
MYCO003237	18	0	34	
MYCO003238	30	0	45	
MYCO003239	3868	0	122	
MYCO003242	138	0	41	
MYCO003243	112	0	45	
MYCO003244	569	0	78	
MYCO003247	83	0	33	
MYCO003249	289	0	32	
MYCO003250	5	0	11	
MYCO003251	12	0	15	
MYCO003253	88	0	74	
MYCO003254	159	0	76	
MYCO003256	973	0	63	
MYCO003259	43	0	12	
MYCO003260	2	0	16	
MYCO003263	277	0	84	
MYCO003266	223	0	49	
MYCO003268	201	0	47	
MYCO003269	19	0	14	
MYCO003270	480	0	112	
MYCO003271	45	0	42	
MYCO003272	150	0	77	
MYCO003273	32	0	123	
MYCO003278	21	0	25	
MYCO003279	24	0	43	
MYCO003281	7361	0	10	
MYCO003282	34	0	52	
MYCO003283	37	0	61	
MYCO003284	72	0	24	
MYCO003286	781	0	52	
MYCO003287	19	0	19	
MYCO003288	8	0	23	
MYCO003289	58	0	29	
MYCO003291	43	0	16	
MYCO003292	351	0	75	
MYCO003293	941	0	82	
MYCO003294	31	0	46	
MYCO003295	42	0	33	
MYCO003297	148	0	52	
MYCO003298	430	0	37	
MYCO003299	1166	0	190	
MYCO003300	97	0	57	
MYCO003301	35	0	47	
MYCO003307	235	0	49	
MYCO003308	904	0	92	
MYCO003309	36	0	30	
MYCO003310	44	0	57	
MYCO003311	64	0	69	
MYCO003312	49	0	46	
MYCO003314	175	0	60	
MYCO003315	22	0	26	
MYCO003316	7	0	15	
MYCO003320	68	0	26	
MYCO003321	4	0	9	
MYCO003322	31	0	40	
MYCO003323	413	0	45	
MYCO003324	397	0	29	
MYCO003325	947	2	22	
MYCO003326	7669	0	0	
MYCO003327	7574	0	8	
MYCO003331	670	0	84	
MYCO003332	625	0	80	
MYCO003333	1836	0	49	
MYCO003334	16	0	30	
MYCO003335	148	0	44	
MYCO003337	877	0	26	
MYCO003338	80	0	49	
MYCO003339	102	0	67	
MYCO003342	542	0	24	
MYCO003343	7648	0	20	
MYCO003344	7669	0	0	
MYCO003345	7633	0	12	
MYCO003346	2370	1	22	
MYCO003347	5928	0	283	
MYCO003348	186	7	38	
MYCO003349	3991	0	33	
MYCO003350	6335	0	297	
MYCO003351	993	0	46	
MYCO003352	962	0	16	
MYCO003353	930	0	13	
MYCO003354	931	0	21	
MYCO003355	952	1	21	
MYCO003357	20	0	16	
MYCO003358	10	0	13	
MYCO003359	451	0	47	
MYCO003360	1106	0	18	
MYCO003361	97	0	39	
MYCO003362	86	0	47	
MYCO003363	433	0	24	
MYCO003364	101	0	22	
MYCO003365	6910	0	37	
MYCO003366	74	0	31	
MYCO003367	3527	0	105	
MYCO003368	175	0	37	
MYCO003369	246	0	22	
MYCO003370	1605	0	155	
MYCO003371	703	0	91	
MYCO003372	455	0	67	
MYCO003373	920	0	32	
MYCO003374	13	0	15	
MYCO003375	317	0	88	
MYCO003376	34	0	37	
MYCO003377	540	0	92	
MYCO003378	199	0	80	
MYCO003379	123	0	106	
MYCO003380	7669	0	0	
MYCO003381	947	2	22	
MYCO003382	278	0	46	
MYCO003383	1670	0	79	
MYCO003384	86	0	27	
MYCO003385	168	0	13	
MYCO003386	363	0	49	
MYCO003387	26	0	45	
MYCO003388	5717	0	77	
MYCO003389	596	0	72	
MYCO003390	40	0	57	
MYCO003391	462	0	127	
MYCO003393	143	0	43	
MYCO003394	2202	0	69	
MYCO003395	187	0	43	
MYCO003397	29	0	41	
MYCO003398	172	0	71	
MYCO003399	58	0	53	
MYCO003400	230	0	36	
MYCO003401	836	0	133	
MYCO003402	227	0	64	
MYCO003403	107	0	114	
MYCO003404	57	0	47	
MYCO003405	10	0	33	
MYCO003406	246	0	59	
MYCO003407	25	0	11	
MYCO003408	8	0	19	
MYCO003413	641	0	41	
MYCO003414	37	0	44	
MYCO003415	610	0	56	
MYCO003416	76	0	16	
MYCO003420	161	0	30	
MYCO003421	1838	0	54	
MYCO003423	81	0	95	
MYCO003424	507	5	33	
MYCO003425	345	2045	62	
MYCO003426	7507	0	4	
MYCO003427	2138	0	36	
MYCO003428	7259	0	8	
MYCO003429	345	1683	60	
MYCO003430	536	0	108	
MYCO003431	97	0	51	
MYCO003434	356	0	61	
MYCO003435	29	0	72	
MYCO003437	305	0	37	
MYCO003438	94	0	55	
MYCO003439	1327	0	79	
MYCO003440	86	0	27	
MYCO003444	23	0	22	
MYCO003445	44	0	22	
MYCO003446	1394	0	88	
MYCO003447	658	0	213	
MYCO003448	375	0	86	
MYCO003449	280	0	94	
MYCO003450	1122	0	97	
MYCO003451	123	0	60	
MYCO003452	876	0	46	
MYCO003453	4735	0	6	
MYCO003454	132	0	87	
MYCO003463	211	0	49	
MYCO003465	11	0	30	
MYCO003466	7387	76	63	
MYCO003467	7430	101	35	
MYCO003468	117	0	75	
MYCO003469	39	0	68	
MYCO003470	361	0	106	
MYCO003471	53	0	28	
MYCO003472	42	0	40	
MYCO003473	49	0	60	
MYCO003474	947	2	22	
MYCO003475	7669	0	0	
MYCO003476	84	0	79	
MYCO003477	177	0	18	
MYCO003478	3804	414	468	
MYCO003479	389	0	193	
MYCO003480	393	0	91	
MYCO003481	105	0	33	
MYCO003482	59	0	44	
MYCO003483	1698	0	45	
MYCO003484	188	0	76	
MYCO003485	1006	0	60	
MYCO003486	475	0	27	
MYCO003487	1621	0	51	
MYCO003488	223	0	16	
MYCO003489	5	0	9	
MYCO003491	22	0	42	
MYCO003492	3	0	28	
MYCO003493	575	0	36	
MYCO003494	1615	0	80	
MYCO003495	61	0	58	
MYCO003496	495	0	58	
MYCO003497	23	0	60	
MYCO003498	164	0	57	
MYCO003499	21	0	57	
MYCO003502	55	0	42	
MYCO003503	0	0	10	
MYCO003505	229	0	62	
MYCO003506	155	0	114	
MYCO003507	7186	0	109	
MYCO003508	7664	0	3	
MYCO003509	754	0	95	
MYCO003510	259	0	49	
MYCO003511	7653	0	7	
MYCO003512	7669	0	0	
MYCO003513	7301	0	17	
MYCO003514	7667	0	1	
MYCO003515	6872	0	35	
MYCO003516	1116	0	39	
MYCO003517	1654	0	49	
MYCO003518	232	0	57	
MYCO003519	40	0	39	
MYCO003521	58	0	58	
MYCO003522	21	0	71	
MYCO003523	695	0	52	
MYCO003524	101	0	76	
MYCO003525	439	0	29	
MYCO003526	19	0	48	
MYCO003527	12	0	32	
MYCO003528	112	0	69	
MYCO003529	871	0	79	
MYCO003530	47	2784	54	
MYCO003531	161	0	76	
MYCO003532	620	0	85	
MYCO003533	2342	0	108	
MYCO003534	106	0	51	
MYCO003535	1904	0	41	
MYCO003536	28	0	44	
MYCO003537	47	0	77	
MYCO003538	16	0	46	
MYCO003539	978	0	90	
MYCO003540	646	0	59	
MYCO003541	3	0	26	
MYCO003542	184	0	47	
MYCO003543	162	0	56	
MYCO003544	79	0	56	
MYCO003545	41	0	92	
MYCO003546	167	0	56	
MYCO003547	84	0	38	
MYCO003548	42	0	36	
MYCO003549	254	0	44	
MYCO003550	109	0	41	
MYCO003551	105	0	44	
MYCO003552	17	0	32	
MYCO003553	782	0	48	
MYCO003554	143	0	140	
MYCO003555	1117	0	47	
MYCO003556	217	0	50	
MYCO003557	2	0	37	
MYCO003558	1787	0	90	
MYCO003559	461	0	49	
MYCO003560	235	0	65	
MYCO003561	1188	0	77	
MYCO003562	122	0	67	
MYCO003563	296	0	55	
MYCO003564	1052	0	37	
MYCO003565	156	0	81	
MYCO003566	240	0	57	
MYCO003567	76	0	29	
MYCO003568	857	0	42	
MYCO003569	660	0	41	
MYCO003572	56	0	32	
MYCO003573	759	0	109	
MYCO003574	113	0	29	
MYCO003575	207	0	53	
MYCO003576	127	0	52	
MYCO003577	129	0	41	
MYCO003578	608	0	87	
MYCO003581	20	0	26	
MYCO003582	51	0	44	
MYCO003584	23	0	28	
MYCO003585	83	0	85	
MYCO003586	32	0	63	
MYCO003587	362	0	53	
MYCO003588	99	0	20	
MYCO003590	5290	0	71	
MYCO003591	53	0	64	
MYCO003593	6	0	89	
MYCO003594	129	0	57	
MYCO003595	3426	0	81	
MYCO003597	502	0	17	
MYCO003599	333	0	7	
MYCO003602	1157	0	57	
MYCO003603	404	0	56	
MYCO003604	1618	0	81	
MYCO003605	524	0	26	
MYCO003606	27	0	31	
MYCO003607	297	0	20	
MYCO003608	89	0	46	
MYCO003611	7596	0	8	
MYCO003612	83	0	25	
MYCO003613	5	0	8	
MYCO003614	9	0	55	
MYCO003615	11	0	17	
MYCO003616	114	0	83	
MYCO003617	184	0	57	
MYCO003618	173	0	64	
MYCO003619	680	3563	149	
MYCO003620	4314	861	124	
MYCO003621	1090	0	66	
MYCO003622	206	0	20	
MYCO003623	427	0	45	
MYCO003625	457	0	55	
MYCO003626	615	0	60	
MYCO003627	99	0	89	
MYCO003629	83	0	67	
MYCO003630	34	1838	69	
MYCO003631	19	0	37	
MYCO003632	7	0	12	
MYCO003633	113	0	62	
MYCO003634	218	0	44	
MYCO003635	260	0	108	
MYCO003636	20	0	24	
MYCO003637	127	0	39	
MYCO003638	32	0	51	
MYCO003639	703	0	47	
MYCO003640	303	0	76	
MYCO003641	30	0	35	
MYCO003642	11	0	16	
MYCO003643	8	0	14	
MYCO003645	1583	0	83	
MYCO003649	1109	0	152	
MYCO003650	161	0	20	
MYCO003651	732	0	60	
MYCO003652	1739	0	24	
MYCO003653	4505	0	40	
MYCO003654	917	0	29	
MYCO003655	7662	0	2	
MYCO003656	39	0	16	
MYCO003657	2318	1821	39	
MYCO003658	838	0	53	
MYCO003659	1521	0	65	
MYCO003660	339	0	76	
MYCO003661	106	0	38	
MYCO003662	2092	0	52	
MYCO003663	761	0	100	
MYCO003664	26	0	59	
MYCO003665	21	0	66	
MYCO003666	199	2035	81	
MYCO003667	564	0	119	
MYCO003669	13	0	31	
MYCO003671	33	0	72	
MYCO003672	120	0	46	
MYCO003673	274	0	46	
MYCO003675	4	0	25	
MYCO003678	20	0	27	
MYCO003681	35	0	33	
MYCO003685	200	0	91	
MYCO003686	139	0	19	
MYCO003687	28	0	31	
MYCO003688	44	0	37	
MYCO003689	388	0	113	
MYCO003690	720	0	31	
MYCO003691	151	0	71	
MYCO003692	124	0	63	
MYCO003693	2613	0	73	
MYCO003694	20	0	71	
MYCO003697	56	0	30	
MYCO003698	319	0	106	
MYCO003699	72	0	45	
MYCO003700	1162	0	65	
MYCO003701	255	0	57	
MYCO003702	60	0	53	
MYCO003703	128	0	96	
MYCO003704	123	0	79	
MYCO003706	353	0	20	
MYCO003714	114	0	68	
MYCO003716	539	0	27	
MYCO003723	40	0	46	
MYCO003725	3715	0	30	
MYCO003726	591	0	70	
MYCO003727	486	0	130	
MYCO003728	4864	0	126	
MYCO003729	721	0	160	
MYCO003730	22	0	63	
MYCO003731	25	0	72	
MYCO003732	209	0	72	
MYCO003733	23	0	34	
MYCO003734	136	0	87	
MYCO003735	29	0	47	
MYCO003736	149	0	86	
MYCO003737	1409	0	91	
MYCO003738	2624	0	54	
MYCO003739	1835	0	17	
MYCO003740	224	0	89	
MYCO003741	48	0	53	
MYCO003742	24	0	31	
MYCO003743	319	0	143	
MYCO003744	11	0	29	
MYCO003745	27	2383	14	
MYCO003746	23	0	27	
MYCO003747	51	0	19	
MYCO003748	39	0	24	
MYCO003749	58	0	32	
MYCO003750	35	0	22	
MYCO003751	30	0	16	
MYCO003752	587	0	20	
MYCO003753	901	0	22	
MYCO003754	447	0	53	
MYCO003755	26	0	37	
MYCO003756	39	0	53	
MYCO003757	288	0	57	
MYCO003758	82	0	61	
MYCO003759	50	0	88	
MYCO003760	50	0	16	
MYCO003761	306	0	57	
MYCO003762	47	0	131	
MYCO003763	61	0	38	
MYCO003764	77	0	77	
MYCO003766	224	0	49	
MYCO003767	204	0	62	
MYCO003768	193	0	23	
MYCO003769	183	0	27	
MYCO003770	208	0	40	
MYCO003771	76	0	32	
MYCO003772	114	0	64	
MYCO003773	193	0	41	
MYCO003776	1424	0	109	
MYCO003779	869	0	136	
MYCO003784	464	0	76	
MYCO003785	3310	0	53	
MYCO003786	605	0	74	
MYCO003787	168	0	70	
MYCO003788	23	0	30	
MYCO003789	8	0	24	
MYCO003792	396	0	137	
MYCO003796	58	0	79	
MYCO003797	387	0	125	
MYCO003798	4104	79	45	
MYCO003800	1629	0	262	
MYCO003803	124	0	66	
MYCO003805	67	0	108	
MYCO003807	301	0	27	
MYCO003810	2120	0	44	
MYCO003811	335	0	93	
MYCO003812	2907	0	77	
MYCO003813	200	0	47	
MYCO003814	80	0	38	
MYCO003815	237	0	52	
MYCO003817	615	0	57	
MYCO003818	107	0	83	
MYCO003819	60	0	26	
MYCO003820	347	0	102	
MYCO003821	37	0	52	
MYCO003822	138	0	104	
MYCO003823	101	0	226	
MYCO003824	144	0	130	
MYCO003825	440	0	400	
MYCO003826	147	0	135	
MYCO003827	323	0	118	
MYCO003828	7	2916	29	
MYCO003829	1610	0	121	
MYCO003830	1782	0	55	
MYCO003831	33	0	48	
MYCO003832	226	0	46	
MYCO003833	954	0	61	
MYCO003836	879	0	37	
MYCO003837	70	0	57	
MYCO003838	240	0	71	
MYCO003839	16	0	64	
MYCO003840	121	0	46	
MYCO003841	20	0	46	
MYCO003843	667	0	71	
MYCO003844	186	7	38	
MYCO003845	5631	0	15	
MYCO003846	16	0	36	
MYCO003848	185	0	87	
MYCO003850	122	0	50	
MYCO003851	108	0	20	
MYCO003852	92	0	30	
MYCO003853	9	0	27	
MYCO003854	359	0	194	
MYCO003855	13	0	50	
MYCO003856	157	0	86	
MYCO003857	16	0	13	
MYCO003860	878	0	116	
MYCO003861	223	0	39	
MYCO003862	119	0	97	
MYCO003863	356	0	83	
MYCO003864	228	0	110	
MYCO003865	96	0	25	
MYCO003866	242	0	58	
MYCO003867	173	0	45	
MYCO003868	348	0	105	
MYCO003869	1003	0	124	
MYCO003870	93	0	180	
MYCO003871	569	0	145	
MYCO003872	362	0	23	
MYCO003873	387	0	78	
MYCO003874	72	0	20	
MYCO003875	16	0	26	
MYCO003876	3417	0	123	
MYCO003877	89	0	149	
MYCO003878	934	0	65	
MYCO003879	3354	0	198	
MYCO003880	11	0	27	
MYCO003881	826	0	151	
MYCO003882	965	0	152	
MYCO003883	86	0	124	
MYCO003884	416	0	140	
MYCO003885	281	0	162	
MYCO003886	2613	0	106	
MYCO003887	784	0	127	
MYCO003888	202	0	118	
MYCO003889	520	0	94	
MYCO003890	155	0	27	
MYCO003891	38	0	38	
MYCO003892	1740	0	113	
MYCO003893	143	0	26	
MYCO003894	2175	0	298	
MYCO003895	2062	0	112	
MYCO003896	431	0	90	
MYCO003897	7603	0	3	
MYCO003898	3731	0	14	
MYCO003899	2149	0	99	
MYCO003900	1196	0	136	
MYCO003901	136	0	45	
MYCO003902	38	0	55	
MYCO003903	2429	0	191	
MYCO003904	20	0	36	
MYCO003905	50	0	36	
MYCO003906	84	0	54	
MYCO003909	397	0	201	
MYCO003910	521	0	366	
MYCO003911	7656	0	5	
MYCO003912	378	0	102	
MYCO003914	10	0	33	
MYCO003916	6	0	85	
MYCO003919	416	0	275	
MYCO003922	7	0	42	
MYCO003923	14	0	46	
MYCO010064	20	0	15	
MYCO010078	18	0	50	
MYCO010157	4	0	10	
MYCO010186	73	0	10	
MYCO010192	1727	0	21	
MYCO010236	61	0	8	
MYCO010277	7669	0	0	
MYCO010397	9	3760	18	
MYCO010456	18	0	23	
MYCO010470	1064	0	21	
MYCO010492	71	0	15	
MYCO010500	360	0	7	
MYCO010530	18	0	10	
MYCO010590	51	0	10	
MYCO010609	38	0	18	
MYCO010616	3	0	21	
MYCO010634	14	0	17	
MYCO010691	3	0	13	
MYCO010724	7669	0	0	
MYCO010749	15	0	10	
MYCO010755	131	0	10	
MYCO010787	64	0	10	
MYCO010959	10	0	10	
MYCO011028	4	0	9	
MYCO011087	57	0	11	
MYCO011089	10	0	11	
MYCO011116	32	0	14	
MYCO011135	6	0	24	
MYCO011159	13	0	15	
MYCO011290	68	0	18	
MYCO011322	18	0	37	
MYCO011366	30	0	14	
MYCO011473	57	0	17	
MYCO011489	211	0	11	
MYCO011498	113	0	15	
MYCO011507	129	0	44	
MYCO011508	58	0	17	
MYCO011638	497	0	17	
MYCO011706	12	0	11	
MYCO011765	69	0	20	
MYCO011888	4	0	18	
MYCO011954	28	0	13	
MYCO011962	1	4490	19	
MYCO011982	17	0	12	
MYCO011990	87	0	24	
MYCO011991	2	0	9	
MYCO012023	77	0	65	
MYCO012063	204	0	21	
MYCO012077	241	0	19	
MYCO012142	3	0	13	
MYCO012160	4119	0	16	
MYCO012219	10	0	27	
MYCO012231	62	0	33	
MYCO012237	51	0	14	
MYCO012250	7664	0	1	
MYCO012274	288	0	17	
MYCO012306	59	0	40	
MYCO012307	17	0	7	
MYCO012309	8	0	25	
MYCO012331	8	0	15	
MYCO012395	28	0	14	
MYCO012401	39	0	10	
MYCO012427	7669	0	0	
MYCO012438	12	0	22	
MYCO012468	4	0	13	
MYCO012530	5	0	16	
MYCO012548	18	0	17	
MYCO012601	6	0	13	
MYCO012614	889	0	18	
MYCO012737	20	0	12	
MYCO012801	7	0	11	
MYCO012828	1375	0	19	
MYCO012862	7669	0	0	
MYCO012922	27	0	17	
MYCO012943	33	0	42	
MYCO012970	30	0	6	
MYCO012998	11	0	18	
MYCO013018	2846	5	12	
MYCO013022	1202	0	22	
MYCO013032	41	0	24	
MYCO013098	30	0	21	
MYCO013136	10	0	32	
MYCO013190	296	0	12	
MYCO013196	6	0	8	
MYCO013197	87	0	15	
MYCO013198	12	0	16	
MYCO013208	13	0	20	
MYCO013221	5	0	16	
MYCO013224	28	0	21	
MYCO013312	93	0	25	
MYCO013324	7669	0	0	
MYCO013395	283	0	31	
MYCO013566	7	0	23	
MYCO013697	79	0	16	
MYCO013705	60	0	30	
MYCO013724	861	0	12	
MYCO013770	13	0	13	
MYCO020078	5	0	23	
MYCO020456	7669	0	0	
MYCO020500	1	0	6	
MYCO022231	5500	0	23	
MYCO022306	111	0	25	
MYCO022307	86	0	38	
MYCO022395	71	0	18	
MYCO023224	49	0	13	
MYCO023724	904	0	32	
MYCO023770	16	0	15	
MYCO032307	0	0	12	
