GbGDiv simplified results table from 'accumulate-20.txt' records table.
Isolate records read from table: 5119

Locus	Missing	Paralogous	CountNuc
id	0	0	5119	
isolate	0	0	5119	
rMLST_database_accession	0	0	5119	
BACT000001	13	0	77	
BACT000002	153	0	33	
BACT000003	500	0	38	
BACT000004	32	0	28	
BACT000005	86	0	30	
BACT000006	5	0	16	
BACT000007	13	0	18	
BACT000008	25	0	21	
BACT000009	23	0	29	
BACT000010	1	0	10	
BACT000011	41	0	20	
BACT000012	2	0	20	
BACT000013	11	0	23	
BACT000014	3	4689	2	
BACT000015	5	0	9	
BACT000016	46	0	29	
BACT000017	18	0	19	
BACT000018	1	3994	4	
BACT000019	1	0	12	
BACT000020	6	0	16	
BACT000021	5118	0	1	
BACT000030	45	1435	29	
BACT000031	3	0	26	
BACT000032	13	0	22	
BACT000033	142	0	31	
BACT000034	12	0	24	
BACT000035	4	0	25	
BACT000036	334	0	21	
BACT000038	21	0	20	
BACT000039	19	0	24	
BACT000040	627	0	16	
BACT000042	8	0	26	
BACT000043	3	0	24	
BACT000044	30	0	18	
BACT000045	22	0	19	
BACT000046	6	0	31	
BACT000047	67	0	15	
BACT000048	1	0	16	
BACT000049	5	0	17	
BACT000050	28	0	15	
BACT000051	163	0	24	
BACT000052	2	0	15	
BACT000053	5	0	16	
BACT000056	9	0	13	
BACT000057	2	4967	3	
BACT000058	1	1	14	
BACT000059	0	0	12	
BACT000060	2	0	8	
BACT000061	14	0	15	
BACT000062	1	4276	7	
BACT000063	2	1	12	
BACT000064	3	0	13	
BACT000065	3	0	4	
MYCO000001	34	0	128	
MYCO000005	32	0	143	
MYCO000006	55	0	236	
MYCO000009	16	0	35	
MYCO000011	10	0	28	
MYCO000013	5	0	60	
MYCO000015	1137	0	75	
MYCO000016	78	0	92	
MYCO000017	68	0	88	
MYCO000019	8	0	33	
MYCO000038	330	0	37	
MYCO000046	16	0	67	
MYCO000047	19	0	32	
MYCO000049	32	0	29	
MYCO000050	559	0	150	
MYCO000051	427	0	112	
MYCO000054	199	0	32	
MYCO000066	24	0	129	
MYCO000068	138	0	85	
MYCO000129	46	0	38	
MYCO000183	264	0	53	
MYCO000184	300	0	32	
MYCO000189	661	0	64	
MYCO000198	58	0	114	
MYCO000204	158	0	51	
MYCO000207	14	0	40	
MYCO000211	65	0	108	
MYCO000223	524	0	80	
MYCO000225	36	0	36	
MYCO000227	574	0	59	
MYCO000228	119	0	57	
MYCO000236	1146	0	170	
MYCO000237	131	0	71	
MYCO000238	20	0	38	
MYCO000241	35	0	62	
MYCO000242	830	0	70	
MYCO000243	482	0	64	
MYCO000244	103	2569	78	
MYCO000247	12	0	30	
MYCO000248	30	0	66	
MYCO000270	48	0	95	
MYCO000274	326	0	42	
MYCO000321	12	0	28	
MYCO000322	62	0	55	
MYCO000334	6	0	34	
MYCO000337	46	0	50	
MYCO000350	88	0	61	
MYCO000352	527	0	48	
MYCO000357	18	0	52	
MYCO000360	174	0	27	
MYCO000383	944	0	28	
MYCO000384	638	0	92	
MYCO000407	231	0	53	
MYCO000410	158	0	101	
MYCO000411	137	0	41	
MYCO000414	1053	0	32	
MYCO000415	1109	0	44	
MYCO000417	366	1276	31	
MYCO000423	31	0	51	
MYCO000429	13	0	31	
MYCO000432	15	0	30	
MYCO000433	32	0	45	
MYCO000439	191	0	50	
MYCO000440	56	0	55	
MYCO000462	13	0	42	
MYCO000465	46	0	74	
MYCO000466	22	0	30	
MYCO000467	20	0	43	
MYCO000468	42	0	37	
MYCO000472	13	0	30	
MYCO000475	120	0	35	
MYCO000483	56	0	52	
MYCO000484	53	0	36	
MYCO000486	306	0	64	
MYCO000489	743	0	27	
MYCO000490	64	0	41	
MYCO000491	7	0	19	
MYCO000495	14	0	42	
MYCO000496	61	0	41	
MYCO000498	90	0	44	
MYCO000501	26	0	45	
MYCO000502	42	0	41	
MYCO000505	1222	0	35	
MYCO000509	115	0	67	
MYCO000510	92	0	37	
MYCO000512	110	0	39	
MYCO000524	414	0	56	
MYCO000527	157	0	37	
MYCO000528	783	0	57	
MYCO000529	186	0	53	
MYCO000548	36	0	34	
MYCO000551	173	0	88	
MYCO000553	491	0	40	
MYCO000555	476	0	51	
MYCO000557	61	0	68	
MYCO000558	246	0	27	
MYCO000562	24	0	48	
MYCO000563	109	0	42	
MYCO000564	62	0	56	
MYCO000566	15	0	23	
MYCO000636	9	0	21	
MYCO000639	199	0	26	
MYCO000647	189	0	61	
MYCO000655	30	0	49	
MYCO000667	249	0	262	
MYCO000668	203	0	250	
MYCO000672	220	0	84	
MYCO000684	74	0	90	
MYCO000685	18	0	32	
MYCO000693	485	0	47	
MYCO000696	85	0	68	
MYCO000732	12	0	54	
MYCO000733	10	0	20	
MYCO000734	537	0	28	
MYCO000757	12	0	29	
MYCO000758	136	0	149	
MYCO000772	160	0	55	
MYCO000777	58	0	41	
MYCO000780	18	0	37	
MYCO000782	5002	0	5	
MYCO000788	146	0	24	
MYCO000803	119	0	88	
MYCO000808	95	0	67	
MYCO000809	8	0	39	
MYCO000810	5	0	8	
MYCO000814	1023	20	13	
MYCO000815	74	6	41	
MYCO000820	15	0	27	
MYCO000821	29	0	19	
MYCO000823	104	0	54	
MYCO000824	10	0	24	
MYCO000859	75	0	76	
MYCO000860	309	0	102	
MYCO000861	48	0	66	
MYCO000871	15	0	14	
MYCO000876	9	0	70	
MYCO000884	17	0	49	
MYCO000885	68	0	36	
MYCO000886	1176	0	75	
MYCO000889	1009	0	54	
MYCO000896	65	0	58	
MYCO000902	43	0	32	
MYCO000903	9	0	13	
MYCO000906	1314	0	52	
MYCO000926	25	0	66	
MYCO000927	225	0	39	
MYCO000929	445	0	33	
MYCO000946	55	0	73	
MYCO000949	210	0	100	
MYCO000951	45	0	51	
MYCO000952	92	0	44	
MYCO000953	366	0	51	
MYCO000957	539	0	57	
MYCO000981	54	0	32	
MYCO000983	635	0	63	
MYCO000993	156	0	33	
MYCO000994	341	0	58	
MYCO000995	21	0	33	
MYCO001001	45	0	61	
MYCO001002	78	0	70	
MYCO001007	16	0	63	
MYCO001008	298	0	38	
MYCO001009	252	0	44	
MYCO001010	111	0	49	
MYCO001011	44	0	32	
MYCO001013	60	0	60	
MYCO001014	39	0	35	
MYCO001015	34	0	31	
MYCO001017	7	0	33	
MYCO001018	60	0	68	
MYCO001020	588	0	165	
MYCO001022	242	0	35	
MYCO001023	180	0	56	
MYCO001026	338	0	41	
MYCO001070	31	0	23	
MYCO001071	23	0	57	
MYCO001072	5	0	32	
MYCO001077	84	0	65	
MYCO001079	92	0	39	
MYCO001080	273	0	18	
MYCO001082	47	0	32	
MYCO001086	71	0	43	
MYCO001092	128	0	34	
MYCO001094	89	0	25	
MYCO001095	123	0	50	
MYCO001098	91	0	44	
MYCO001099	320	0	44	
MYCO001108	100	0	50	
MYCO001110	18	0	34	
MYCO001112	674	0	42	
MYCO001165	241	0	86	
MYCO001173	294	0	99	
MYCO001177	17	0	8	
MYCO001178	187	0	57	
MYCO001193	491	0	50	
MYCO001201	295	0	41	
MYCO001202	240	0	36	
MYCO001207	352	0	45	
MYCO001208	35	0	32	
MYCO001213	242	0	61	
MYCO001220	301	0	21	
MYCO001221	7	0	32	
MYCO001223	822	0	72	
MYCO001229	154	0	53	
MYCO001238	60	0	38	
MYCO001239	20	0	48	
MYCO001245	104	0	47	
MYCO001248	582	0	143	
MYCO001253	225	0	83	
MYCO001272	382	0	71	
MYCO001273	25	0	77	
MYCO001277	551	0	43	
MYCO001292	42	0	70	
MYCO001293	66	0	50	
MYCO001294	93	0	51	
MYCO001295	72	0	45	
MYCO001297	427	0	61	
MYCO001299	49	0	31	
MYCO001302	16	0	36	
MYCO001305	9	0	9	
MYCO001308	82	0	53	
MYCO001309	19	0	40	
MYCO001310	24	0	44	
MYCO001311	19	0	24	
MYCO001315	29	0	38	
MYCO001321	80	0	30	
MYCO001323	107	0	55	
MYCO001326	72	0	89	
MYCO001327	94	0	75	
MYCO001328	180	0	115	
MYCO001338	138	0	31	
MYCO001340	66	0	30	
MYCO001380	61	0	34	
MYCO001381	546	0	49	
MYCO001383	52	0	44	
MYCO001384	486	0	164	
MYCO001385	798	0	38	
MYCO001388	7	0	27	
MYCO001390	2	0	14	
MYCO001391	901	0	58	
MYCO001392	493	0	67	
MYCO001402	2075	0	67	
MYCO001407	701	0	75	
MYCO001408	169	0	31	
MYCO001410	17	0	59	
MYCO001412	24	0	30	
MYCO001415	29	0	47	
MYCO001416	9	0	20	
MYCO001420	36	0	70	
MYCO001421	29	0	42	
MYCO001436	12	0	46	
MYCO001437	60	0	48	
MYCO001438	28	0	33	
MYCO001440	29	0	13	
MYCO001445	331	0	34	
MYCO001447	594	0	94	
MYCO001448	65	0	51	
MYCO001449	267	0	83	
MYCO001451	100	0	41	
MYCO001457	11	0	31	
MYCO001458	26	0	40	
MYCO001462	68	0	60	
MYCO001463	22	0	27	
MYCO001464	273	0	51	
MYCO001465	20	0	15	
MYCO001466	10	0	9	
MYCO001467	103	2610	63	
MYCO001473	52	0	54	
MYCO001474	161	0	18	
MYCO001475	30	0	94	
MYCO001479	114	0	47	
MYCO001480	156	0	43	
MYCO001481	30	0	44	
MYCO001483	139	0	23	
MYCO001484	38	0	38	
MYCO001485	154	0	35	
MYCO001493	810	0	73	
MYCO001536	175	0	132	
MYCO001540	38	0	53	
MYCO001547	183	0	116	
MYCO001557	861	0	57	
MYCO001559	1116	0	62	
MYCO001564	63	0	91	
MYCO001568	319	0	53	
MYCO001569	965	0	35	
MYCO001589	20	0	37	
MYCO001593	7	0	28	
MYCO001594	65	0	50	
MYCO001595	557	0	65	
MYCO001599	470	0	54	
MYCO001600	11	0	50	
MYCO001601	2	0	27	
MYCO001603	13	0	35	
MYCO001605	24	0	33	
MYCO001609	117	0	72	
MYCO001611	92	0	28	
MYCO001612	15	0	58	
MYCO001617	67	0	64	
MYCO001626	28	0	27	
MYCO001627	155	0	38	
MYCO001629	184	0	127	
MYCO001633	666	0	95	
MYCO001638	235	0	122	
MYCO001641	5119	0	0	
MYCO001649	395	0	41	
MYCO001652	296	0	43	
MYCO001653	894	0	39	
MYCO001654	140	0	32	
MYCO001655	568	0	52	
MYCO001656	423	0	37	
MYCO001657	474	0	21	
MYCO001658	158	0	56	
MYCO001659	475	0	53	
MYCO001689	18	0	45	
MYCO001694	184	0	41	
MYCO001695	6	0	41	
MYCO001697	9	0	32	
MYCO001699	29	0	103	
MYCO001701	84	0	28	
MYCO001708	29	0	30	
MYCO001709	8	0	44	
MYCO001711	6	0	37	
MYCO001712	36	0	31	
MYCO001713	232	0	60	
MYCO001821	52	0	97	
MYCO001827	10	0	22	
MYCO001829	54	0	21	
MYCO001830	28	0	66	
MYCO001832	146	0	126	
MYCO001837	131	0	99	
MYCO001842	103	0	75	
MYCO001843	129	0	70	
MYCO001844	75	0	83	
MYCO001854	60	0	66	
MYCO001886	106	0	52	
MYCO001894	225	0	63	
MYCO001981	22	0	30	
MYCO002050	6	0	13	
MYCO002089	382	0	60	
MYCO002090	5009	0	10	
MYCO002092	613	0	125	
MYCO002093	56	0	36	
MYCO002096	35	0	50	
MYCO002097	112	0	47	
MYCO002109	18	0	32	
MYCO002110	59	0	39	
MYCO002111	146	0	10	
MYCO002112	2230	0	55	
MYCO002115	50	0	78	
MYCO002118	19	0	25	
MYCO002119	36	0	46	
MYCO002121	68	0	31	
MYCO002122	5	0	15	
MYCO002125	48	0	32	
MYCO002130	643	0	39	
MYCO002134	30	0	25	
MYCO002139	110	0	45	
MYCO002140	2	0	26	
MYCO002141	91	0	67	
MYCO002145	71	0	32	
MYCO002150	316	0	33	
MYCO002151	344	0	29	
MYCO002153	976	0	64	
MYCO002154	1080	0	39	
MYCO002155	834	0	96	
MYCO002156	24	0	52	
MYCO002157	2228	0	54	
MYCO002163	225	0	74	
MYCO002166	20	0	14	
MYCO002170	607	0	30	
MYCO002176	134	0	51	
MYCO002178	29	0	35	
MYCO002179	105	0	16	
MYCO002182	39	0	28	
MYCO002186	6	0	14	
MYCO002187	1445	0	72	
MYCO002188	58	0	59	
MYCO002192	160	0	43	
MYCO002193	8	0	21	
MYCO002194	45	0	41	
MYCO002195	30	0	51	
MYCO002196	24	0	70	
MYCO002199	3	0	19	
MYCO002200	32	0	47	
MYCO002201	220	0	68	
MYCO002202	226	0	44	
MYCO002210	103	0	46	
MYCO002211	152	0	58	
MYCO002213	275	0	83	
MYCO002216	49	0	56	
MYCO002217	279	0	38	
MYCO002218	226	0	50	
MYCO002219	168	0	32	
MYCO002220	37	0	59	
MYCO002221	1128	0	103	
MYCO002222	57	0	54	
MYCO002225	166	0	45	
MYCO002228	77	0	49	
MYCO002230	343	0	48	
MYCO002235	92	0	45	
MYCO002239	3	0	22	
MYCO002241	628	0	76	
MYCO002242	228	0	42	
MYCO002243	545	0	37	
MYCO002244	6	0	8	
MYCO002245	94	0	48	
MYCO002246	61	0	46	
MYCO002247	220	0	50	
MYCO002257	57	0	42	
MYCO002259	257	0	45	
MYCO002315	883	0	66	
MYCO002343	252	0	76	
MYCO002344	784	0	43	
MYCO002357	17	0	34	
MYCO002361	14	0	27	
MYCO002362	151	0	29	
MYCO002364	14	0	38	
MYCO002366	18	0	64	
MYCO002367	9	0	20	
MYCO002368	53	0	45	
MYCO002373	80	0	49	
MYCO002374	170	0	55	
MYCO002399	77	0	38	
MYCO002400	59	0	56	
MYCO002402	84	0	105	
MYCO002404	42	0	86	
MYCO002409	23	0	34	
MYCO002410	11	0	30	
MYCO002411	128	0	67	
MYCO002413	186	0	39	
MYCO002420	224	0	25	
MYCO002421	2	0	16	
MYCO002425	424	0	44	
MYCO002426	1442	0	49	
MYCO002427	444	0	52	
MYCO002439	783	0	35	
MYCO002440	126	0	69	
MYCO002445	33	0	14	
MYCO002447	99	0	68	
MYCO002448	216	0	109	
MYCO002454	34	0	51	
MYCO002455	88	0	63	
MYCO002457	34	0	37	
MYCO002460	8	0	19	
MYCO002461	11	0	26	
MYCO002462	321	0	51	
MYCO002465	77	0	21	
MYCO002466	51	0	26	
MYCO002467	122	0	112	
MYCO002470	10	0	26	
MYCO002477	32	0	62	
MYCO002500	16	0	49	
MYCO002502	66	0	69	
MYCO002509	18	0	46	
MYCO002511	20	0	22	
MYCO002518	596	0	47	
MYCO002521	2	0	25	
MYCO002523	49	0	12	
MYCO002524	1479	0	283	
MYCO002533	22	0	22	
MYCO002534	5	0	22	
MYCO002538	281	0	48	
MYCO002540	1126	0	54	
MYCO002555	92	0	83	
MYCO002559	451	0	44	
MYCO002568	64	0	44	
MYCO002572	186	0	69	
MYCO002575	82	0	44	
MYCO002580	237	0	41	
MYCO002582	43	0	38	
MYCO002583	137	0	84	
MYCO002587	777	0	74	
MYCO002589	163	0	58	
MYCO002592	221	0	37	
MYCO002593	113	0	26	
MYCO002594	4	0	18	
MYCO002603	12	0	29	
MYCO002606	47	0	33	
MYCO002610	124	0	45	
MYCO002611	100	0	50	
MYCO002612	8	0	30	
MYCO002613	9	0	17	
MYCO002614	94	0	64	
MYCO002670	30	0	41	
MYCO002673	589	1300	47	
MYCO002676	30	0	19	
MYCO002678	454	0	47	
MYCO002682	111	0	67	
MYCO002696	137	0	40	
MYCO002697	12	0	18	
MYCO002699	0	0	13	
MYCO002702	13	0	44	
MYCO002703	187	0	51	
MYCO002708	5	0	13	
MYCO002710	92	0	37	
MYCO002711	36	0	34	
MYCO002714	38	0	44	
MYCO002715	667	0	58	
MYCO002720	18	0	43	
MYCO002724	57	0	69	
MYCO002725	139	0	57	
MYCO002726	74	0	33	
MYCO002727	274	0	47	
MYCO002731	569	0	51	
MYCO002733	1178	0	58	
MYCO002744	152	0	37	
MYCO002748	483	0	114	
MYCO002750	102	0	40	
MYCO002753	16	0	46	
MYCO002754	43	0	29	
MYCO002764	96	0	47	
MYCO002773	30	0	33	
MYCO002782	385	0	58	
MYCO002783	170	0	75	
MYCO002788	556	0	20	
MYCO002794	27	0	34	
MYCO002795	97	0	44	
MYCO002828	2311	614	47	
MYCO002838	100	0	22	
MYCO002839	1955	0	88	
MYCO002841	32	0	56	
MYCO002846	15	0	57	
MYCO002847	122	0	50	
MYCO002861	25	0	31	
MYCO002864	59	0	56	
MYCO002868	15	0	38	
MYCO002870	120	0	41	
MYCO002882	11	0	29	
MYCO002883	6	0	33	
MYCO002889	106	0	29	
MYCO002894	654	0	31	
MYCO002901	4	0	9	
MYCO002902	287	0	35	
MYCO002915	98	0	51	
MYCO002916	404	0	51	
MYCO002917	800	0	67	
MYCO002918	318	0	107	
MYCO002919	6	0	13	
MYCO002921	173	0	57	
MYCO002927	29	0	34	
MYCO002965	4	0	13	
MYCO002967	340	0	95	
MYCO002976	83	0	34	
MYCO002981	219	0	51	
MYCO002982	35	0	46	
MYCO002984	69	0	62	
MYCO002988	134	0	40	
MYCO002992	156	0	67	
MYCO002993	12	0	34	
MYCO002995	181	0	49	
MYCO002996	335	0	67	
MYCO003001	25	0	36	
MYCO003003	233	0	69	
MYCO003006	180	0	40	
MYCO003009	25	0	63	
MYCO003010	474	0	36	
MYCO003011	913	0	52	
MYCO003014	475	0	81	
MYCO003024	227	0	57	
MYCO003025	147	0	48	
MYCO003027	45	0	48	
MYCO003028	648	0	39	
MYCO003029	23	0	29	
MYCO003031	287	0	67	
MYCO003032	512	0	39	
MYCO003034	21	0	31	
MYCO003038	12	0	37	
MYCO003042	95	0	44	
MYCO003043	14	0	54	
MYCO003045	6	0	40	
MYCO003048	23	0	41	
MYCO003049	124	0	77	
MYCO003051	42	0	57	
MYCO003052	24	0	15	
MYCO003053	6	0	9	
MYCO003054	171	0	35	
MYCO003057	22	0	38	
MYCO003085	285	0	43	
MYCO003100	12	0	21	
MYCO003101	31	0	29	
MYCO003102	5	0	30	
MYCO003105	234	0	49	
MYCO003117	74	6	41	
MYCO003118	1023	20	13	
MYCO003139	25	0	69	
MYCO003140	26	0	63	
MYCO003193	88	0	125	
MYCO003194	6	0	37	
MYCO003195	402	0	71	
MYCO003197	34	0	55	
MYCO003198	366	0	74	
MYCO003205	51	0	31	
MYCO003206	32	0	58	
MYCO003207	21	0	38	
MYCO003208	63	0	28	
MYCO003211	404	0	77	
MYCO003213	18	0	43	
MYCO003214	34	0	38	
MYCO003219	8	0	8	
MYCO003220	29	0	55	
MYCO003221	0	0	12	
MYCO003223	5	0	29	
MYCO003228	482	0	48	
MYCO003229	31	0	74	
MYCO003240	552	0	93	
MYCO003241	232	0	28	
MYCO003245	22	0	60	
MYCO003246	15	0	18	
MYCO003248	55	0	69	
MYCO003252	244	0	53	
MYCO003255	139	0	41	
MYCO003257	256	0	52	
MYCO003258	341	0	19	
MYCO003261	19	0	44	
MYCO003262	295	0	51	
MYCO003264	22	0	32	
MYCO003265	128	0	39	
MYCO003267	347	0	47	
MYCO003274	9	0	50	
MYCO003275	156	0	26	
MYCO003276	142	0	51	
MYCO003277	10	0	30	
MYCO003280	43	0	56	
MYCO003285	166	0	63	
MYCO003290	28	0	46	
MYCO003296	1534	0	195	
MYCO003302	99	0	55	
MYCO003303	5073	0	2	
MYCO003304	56	0	14	
MYCO003305	101	0	43	
MYCO003306	316	0	55	
MYCO003313	34	0	28	
MYCO003317	20	0	29	
MYCO003318	265	0	61	
MYCO003319	63	0	41	
MYCO003328	395	0	52	
MYCO003329	63	0	69	
MYCO003330	518	0	52	
MYCO003336	17	0	33	
MYCO003340	28	0	48	
MYCO003341	673	0	54	
MYCO003356	28	0	35	
MYCO003392	51	3901	20	
MYCO003396	95	0	59	
MYCO003409	140	0	58	
MYCO003410	892	0	44	
MYCO003411	232	0	69	
MYCO003412	12	0	19	
MYCO003417	16	2933	47	
MYCO003418	1	0	10	
MYCO003419	209	0	41	
MYCO003422	5	0	21	
MYCO003432	44	0	45	
MYCO003433	1813	0	44	
MYCO003436	1262	0	60	
MYCO003441	560	0	62	
MYCO003455	241	0	36	
MYCO003457	21	0	48	
MYCO003462	8	0	13	
MYCO003464	16	0	41	
MYCO003490	63	0	65	
MYCO003500	25	0	39	
MYCO003501	35	0	29	
MYCO003504	39	0	50	
MYCO003520	57	0	57	
MYCO003570	19	0	33	
MYCO003571	63	0	43	
MYCO003579	732	0	54	
MYCO003580	102	0	42	
MYCO003583	5	0	20	
MYCO003589	1183	0	36	
MYCO003592	9	0	16	
MYCO003596	404	0	97	
MYCO003598	41	0	51	
MYCO003600	43	0	33	
MYCO003601	35	0	20	
MYCO003609	5	0	17	
MYCO003610	498	0	84	
MYCO003624	13	0	40	
MYCO003628	23	0	25	
MYCO003644	277	0	63	
MYCO003646	770	0	108	
MYCO003647	76	0	25	
MYCO003648	8	0	29	
MYCO003668	11	0	28	
MYCO003670	264	0	43	
MYCO003674	12	0	35	
MYCO003676	11	0	25	
MYCO003677	69	0	40	
MYCO003679	26	0	52	
MYCO003680	121	0	49	
MYCO003682	170	0	94	
MYCO003683	94	0	48	
MYCO003684	77	0	31	
MYCO003695	42	0	55	
MYCO003696	212	0	93	
MYCO003705	10	0	31	
MYCO003707	152	0	48	
MYCO003708	155	0	50	
MYCO003709	99	0	47	
MYCO003710	2039	0	49	
MYCO003711	42	0	55	
MYCO003712	661	0	51	
MYCO003713	52	0	24	
MYCO003715	6	0	21	
MYCO003717	6	0	33	
MYCO003718	4	0	16	
MYCO003719	32	0	63	
MYCO003720	167	0	59	
MYCO003721	440	0	74	
MYCO003722	23	0	68	
MYCO003765	564	0	47	
MYCO003774	25	0	54	
MYCO003775	75	0	73	
MYCO003777	306	0	48	
MYCO003778	58	0	62	
MYCO003780	479	0	28	
MYCO003781	11	0	32	
MYCO003782	50	0	45	
MYCO003783	51	0	35	
MYCO003790	29	0	62	
MYCO003791	57	0	47	
MYCO003793	860	0	166	
MYCO003794	277	0	182	
MYCO003795	242	0	269	
MYCO003799	25	0	68	
MYCO003801	52	0	67	
MYCO003802	101	0	46	
MYCO003804	56	0	53	
MYCO003806	20	0	77	
MYCO003808	321	0	66	
MYCO003809	10	0	45	
MYCO003816	375	0	39	
MYCO003834	149	0	55	
MYCO003835	670	0	69	
MYCO003842	134	0	69	
MYCO003847	1940	0	26	
MYCO003849	11	0	20	
MYCO003858	55	0	54	
MYCO003859	512	0	194	
MYCO003907	45	0	92	
MYCO003908	197	0	47	
MYCO003913	93	0	81	
MYCO003915	14	0	88	
MYCO003917	23	0	90	
MYCO003918	17	0	92	
MYCO003920	13	0	47	
MYCO003921	24	0	92	
MYCO013678	3	0	15	
MYCO000002	58	0	91	
MYCO000003	54	0	79	
MYCO000004	15	0	65	
MYCO000007	549	0	106	
MYCO000008	25	0	48	
MYCO000010	19	0	71	
MYCO000012	40	0	74	
MYCO000014	18	0	118	
MYCO000018	306	0	97	
MYCO000020	257	0	134	
MYCO000021	710	0	65	
MYCO000022	57	0	44	
MYCO000023	46	0	62	
MYCO000024	1565	0	59	
MYCO000025	545	0	39	
MYCO000026	167	0	97	
MYCO000027	26	0	19	
MYCO000028	15	0	23	
MYCO000029	379	0	94	
MYCO000030	999	0	29	
MYCO000031	49	0	20	
MYCO000032	1559	0	124	
MYCO000033	18	0	13	
MYCO000034	12	0	27	
MYCO000035	77	0	141	
MYCO000036	109	0	61	
MYCO000037	70	0	86	
MYCO000039	222	0	27	
MYCO000040	81	0	61	
MYCO000041	461	0	177	
MYCO000042	349	0	78	
MYCO000043	42	0	53	
MYCO000044	629	0	52	
MYCO000045	2287	0	58	
MYCO000048	34	0	72	
MYCO000052	148	22	49	
MYCO000057	22	3054	59	
MYCO000058	81	0	148	
MYCO000059	25	0	55	
MYCO000060	12	0	54	
MYCO000061	1181	0	20	
MYCO000062	276	0	91	
MYCO000063	376	0	114	
MYCO000064	2094	0	144	
MYCO000065	13	0	15	
MYCO000067	21	0	36	
MYCO000069	120	0	72	
MYCO000070	26	2962	50	
MYCO000071	1417	0	57	
MYCO000072	1208	0	52	
MYCO000073	40	2169	55	
MYCO000074	1981	0	70	
MYCO000075	258	0	71	
MYCO000076	15	0	25	
MYCO000077	55	0	50	
MYCO000078	62	0	27	
MYCO000079	84	0	39	
MYCO000080	99	0	43	
MYCO000081	7	0	31	
MYCO000082	1318	0	28	
MYCO000083	1844	0	60	
MYCO000084	38	0	52	
MYCO000085	329	0	41	
MYCO000086	425	0	79	
MYCO000087	361	0	83	
MYCO000088	32	0	50	
MYCO000089	53	0	39	
MYCO000090	71	0	56	
MYCO000091	81	0	37	
MYCO000092	299	0	112	
MYCO000093	148	0	57	
MYCO000094	4944	70	38	
MYCO000095	2222	0	175	
MYCO000096	562	0	84	
MYCO000097	10	0	30	
MYCO000098	10	0	27	
MYCO000099	1453	0	71	
MYCO000100	8	0	8	
MYCO000101	216	0	356	
MYCO000102	125	0	113	
MYCO000103	216	0	121	
MYCO000104	1641	0	81	
MYCO000106	116	0	49	
MYCO000107	5072	0	6	
MYCO000108	16	0	14	
MYCO000109	1604	0	65	
MYCO000110	20	0	40	
MYCO000111	181	0	99	
MYCO000112	39	0	72	
MYCO000113	281	0	55	
MYCO000114	218	0	39	
MYCO000115	681	0	74	
MYCO000116	29	0	44	
MYCO000117	21	0	52	
MYCO000118	176	0	107	
MYCO000119	138	0	86	
MYCO000120	125	0	131	
MYCO000121	163	0	30	
MYCO000122	22	0	16	
MYCO000123	8	0	19	
MYCO000124	4982	0	5	
MYCO000125	289	0	58	
MYCO000126	49	0	97	
MYCO000127	40	0	59	
MYCO000128	53	0	32	
MYCO000130	8	0	40	
MYCO000131	41	0	66	
MYCO000132	221	0	53	
MYCO000133	600	0	47	
MYCO000134	1755	0	30	
MYCO000135	14	0	25	
MYCO000136	507	0	93	
MYCO000137	574	0	36	
MYCO000138	529	0	29	
MYCO000139	56	0	51	
MYCO000140	14	0	23	
MYCO000141	15	0	27	
MYCO000142	791	0	57	
MYCO000143	307	0	92	
MYCO000144	341	0	41	
MYCO000145	249	0	61	
MYCO000146	879	0	56	
MYCO000147	185	0	101	
MYCO000148	54	0	37	
MYCO000149	933	0	48	
MYCO000150	37	0	19	
MYCO000151	370	0	107	
MYCO000152	123	0	106	
MYCO000153	97	0	42	
MYCO000154	61	0	52	
MYCO000155	147	0	52	
MYCO000156	5	0	16	
MYCO000157	373	0	66	
MYCO000158	15	0	35	
MYCO000159	418	0	91	
MYCO000160	49	0	98	
MYCO000161	161	0	75	
MYCO000162	290	0	67	
MYCO000163	3	0	34	
MYCO000164	14	0	21	
MYCO000165	2556	0	13	
MYCO000166	89	0	89	
MYCO000167	12	2550	29	
MYCO000168	74	0	56	
MYCO000169	150	0	87	
MYCO000170	13	0	45	
MYCO000171	1333	0	78	
MYCO000172	220	0	89	
MYCO000173	17	0	59	
MYCO000174	94	0	84	
MYCO000175	76	0	50	
MYCO000176	207	0	58	
MYCO000177	3	0	24	
MYCO000178	25	0	43	
MYCO000179	306	0	65	
MYCO000180	606	0	82	
MYCO000181	13	0	36	
MYCO000182	377	0	75	
MYCO000185	115	0	21	
MYCO000186	284	0	106	
MYCO000187	85	0	41	
MYCO000188	19	0	28	
MYCO000190	1	0	16	
MYCO000191	519	0	61	
MYCO000192	1197	0	51	
MYCO000193	48	0	117	
MYCO000194	403	0	199	
MYCO000195	837	0	37	
MYCO000196	85	0	26	
MYCO000197	5117	0	2	
MYCO000199	8	0	31	
MYCO000200	81	0	32	
MYCO000201	392	0	24	
MYCO000202	179	0	141	
MYCO000203	227	0	23	
MYCO000205	662	0	49	
MYCO000206	335	0	117	
MYCO000208	30	0	28	
MYCO000209	388	0	59	
MYCO000210	459	0	63	
MYCO000212	72	0	55	
MYCO000213	33	0	62	
MYCO000214	83	0	96	
MYCO000215	608	0	50	
MYCO000216	78	0	47	
MYCO000217	460	0	49	
MYCO000218	1517	0	60	
MYCO000219	6	0	40	
MYCO000220	210	0	60	
MYCO000221	574	0	59	
MYCO000222	123	0	40	
MYCO000224	69	0	27	
MYCO000226	321	0	82	
MYCO000229	25	0	41	
MYCO000230	19	0	61	
MYCO000231	68	0	84	
MYCO000232	39	0	42	
MYCO000233	532	0	41	
MYCO000234	272	0	68	
MYCO000235	84	0	107	
MYCO000239	10	0	20	
MYCO000240	12	0	25	
MYCO000245	31	0	34	
MYCO000246	234	0	70	
MYCO000249	27	0	37	
MYCO000250	7	0	16	
MYCO000251	8	0	37	
MYCO000252	95	0	150	
MYCO000253	32	0	19	
MYCO000254	71	0	21	
MYCO000255	474	0	80	
MYCO000256	1391	0	85	
MYCO000257	664	0	31	
MYCO000258	54	0	28	
MYCO000259	11	0	42	
MYCO000260	77	0	69	
MYCO000261	71	0	88	
MYCO000262	26	0	26	
MYCO000263	467	0	42	
MYCO000264	112	0	35	
MYCO000265	27	0	65	
MYCO000266	1277	0	154	
MYCO000267	562	0	60	
MYCO000268	50	0	33	
MYCO000269	107	0	59	
MYCO000271	178	0	110	
MYCO000272	95	0	76	
MYCO000273	79	0	37	
MYCO000275	489	0	57	
MYCO000276	240	1439	47	
MYCO000277	161	2155	77	
MYCO000278	5109	0	5	
MYCO000279	4843	0	79	
MYCO000280	2202	0	76	
MYCO000281	259	0	49	
MYCO000282	73	0	84	
MYCO000283	441	0	74	
MYCO000284	935	0	177	
MYCO000285	175	0	13	
MYCO000286	1470	0	70	
MYCO000287	21	19	15	
MYCO000288	3	0	27	
MYCO000289	111	0	64	
MYCO000290	830	0	87	
MYCO000291	688	0	68	
MYCO000292	50	0	46	
MYCO000293	143	0	70	
MYCO000294	131	0	49	
MYCO000295	22	0	35	
MYCO000296	84	0	63	
MYCO000297	2695	0	112	
MYCO000298	8	0	15	
MYCO000299	9	0	25	
MYCO000300	4	0	11	
MYCO000301	4	0	25	
MYCO000302	84	0	41	
MYCO000303	59	0	61	
MYCO000304	701	0	411	
MYCO000305	5044	0	11	
MYCO000306	19	0	31	
MYCO000307	21	0	29	
MYCO000308	9	0	41	
MYCO000309	34	0	29	
MYCO000310	5	0	18	
MYCO000311	33	0	68	
MYCO000312	428	0	84	
MYCO000313	6	0	23	
MYCO000314	189	0	43	
MYCO000315	1209	0	41	
MYCO000316	484	0	33	
MYCO000317	71	0	53	
MYCO000318	32	0	35	
MYCO000319	70	0	39	
MYCO000320	19	0	35	
MYCO000323	534	0	40	
MYCO000324	28	0	35	
MYCO000325	2500	0	6	
MYCO000326	246	0	25	
MYCO000327	300	0	64	
MYCO000328	12	0	25	
MYCO000329	149	0	41	
MYCO000330	39	0	42	
MYCO000331	277	0	87	
MYCO000332	49	0	46	
MYCO000333	5	0	22	
MYCO000335	722	0	28	
MYCO000336	4439	566	24	
MYCO000338	965	0	103	
MYCO000339	742	0	128	
MYCO000340	16	0	33	
MYCO000341	1567	0	62	
MYCO000342	174	0	79	
MYCO000343	215	0	79	
MYCO000344	25	0	26	
MYCO000345	10	0	30	
MYCO000346	232	0	62	
MYCO000347	12	22	31	
MYCO000348	9	0	21	
MYCO000349	23	0	33	
MYCO000351	130	0	27	
MYCO000353	6	0	22	
MYCO000354	5116	0	1	
MYCO000355	3114	0	381	
MYCO000356	436	0	42	
MYCO000358	1382	0	35	
MYCO000359	75	0	45	
MYCO000361	15	0	38	
MYCO000362	35	0	80	
MYCO000363	42	0	54	
MYCO000364	17	0	34	
MYCO000365	147	0	54	
MYCO000366	82	0	35	
MYCO000367	39	0	16	
MYCO000368	232	0	71	
MYCO000369	14	0	27	
MYCO000370	43	0	63	
MYCO000371	38	0	24	
MYCO000372	159	0	48	
MYCO000373	196	0	150	
MYCO000374	23	0	30	
MYCO000375	554	0	32	
MYCO000376	420	0	61	
MYCO000377	391	0	62	
MYCO000378	704	0	14	
MYCO000379	16	0	16	
MYCO000380	81	0	29	
MYCO000381	72	0	42	
MYCO000382	32	0	17	
MYCO000385	17	0	41	
MYCO000386	430	0	146	
MYCO000387	1843	0	27	
MYCO000388	5115	0	2	
MYCO000389	639	0	70	
MYCO000390	8	0	23	
MYCO000391	100	0	45	
MYCO000392	313	0	74	
MYCO000393	1589	0	104	
MYCO000394	57	0	34	
MYCO000395	827	0	15	
MYCO000396	40	0	22	
MYCO000397	787	1721	78	
MYCO000398	332	0	30	
MYCO000399	86	0	74	
MYCO000400	140	0	53	
MYCO000401	256	0	23	
MYCO000402	886	0	118	
MYCO000403	1157	0	21	
MYCO000404	166	0	139	
MYCO000405	2501	0	167	
MYCO000406	71	0	41	
MYCO000408	34	0	99	
MYCO000409	40	0	49	
MYCO000412	34	0	63	
MYCO000413	161	0	24	
MYCO000416	1	0	8	
MYCO000418	46	0	76	
MYCO000419	102	0	80	
MYCO000420	6	0	36	
MYCO000421	35	0	36	
MYCO000422	27	0	36	
MYCO000424	3	0	17	
MYCO000425	1198	0	186	
MYCO000426	90	0	30	
MYCO000427	66	0	43	
MYCO000428	262	0	39	
MYCO000430	77	0	8	
MYCO000431	27	0	18	
MYCO000434	53	0	32	
MYCO000435	340	0	108	
MYCO000436	351	0	40	
MYCO000437	287	0	24	
MYCO000438	94	0	55	
MYCO000441	308	0	23	
MYCO000442	150	0	79	
MYCO000443	185	0	23	
MYCO000444	775	0	39	
MYCO000445	20	0	23	
MYCO000446	1061	0	32	
MYCO000447	208	0	65	
MYCO000448	86	0	26	
MYCO000449	82	0	47	
MYCO000450	75	0	119	
MYCO000451	10	0	26	
MYCO000452	12	0	28	
MYCO000453	1308	0	50	
MYCO000454	19	0	21	
MYCO000455	3	0	25	
MYCO000456	59	0	49	
MYCO000457	596	0	82	
MYCO000458	382	0	81	
MYCO000459	147	0	41	
MYCO000460	4	0	13	
MYCO000461	55	0	33	
MYCO000463	94	0	11	
MYCO000464	5	0	24	
MYCO000469	89	0	60	
MYCO000470	38	0	32	
MYCO000471	101	0	34	
MYCO000473	40	0	60	
MYCO000474	9	0	21	
MYCO000476	14	0	13	
MYCO000477	66	0	20	
MYCO000478	28	0	38	
MYCO000479	514	0	33	
MYCO000480	168	0	35	
MYCO000481	30	0	25	
MYCO000482	50	0	45	
MYCO000485	88	0	52	
MYCO000487	159	0	37	
MYCO000488	27	0	34	
MYCO000492	678	0	92	
MYCO000493	203	0	56	
MYCO000494	148	0	36	
MYCO000497	639	0	41	
MYCO000499	129	0	40	
MYCO000500	426	0	39	
MYCO000503	9	0	27	
MYCO000504	5	0	16	
MYCO000506	28	0	12	
MYCO000507	412	0	178	
MYCO000508	0	0	12	
MYCO000511	802	0	68	
MYCO000513	73	0	21	
MYCO000514	44	0	27	
MYCO000515	4439	336	23	
MYCO000516	19	0	22	
MYCO000517	120	0	69	
MYCO000518	25	0	34	
MYCO000519	597	0	40	
MYCO000520	53	0	16	
MYCO000521	8	0	16	
MYCO000522	29	0	47	
MYCO000523	240	0	22	
MYCO000525	489	0	39	
MYCO000526	70	0	33	
MYCO000530	422	0	73	
MYCO000531	663	0	17	
MYCO000532	4801	0	14	
MYCO000533	111	0	38	
MYCO000534	203	0	49	
MYCO000535	79	0	39	
MYCO000536	789	0	43	
MYCO000537	381	0	79	
MYCO000538	1236	0	117	
MYCO000539	2018	0	22	
MYCO000540	436	0	24	
MYCO000541	189	0	62	
MYCO000542	663	0	49	
MYCO000543	0	0	10	
MYCO000544	469	0	16	
MYCO000545	179	0	60	
MYCO000546	16	0	19	
MYCO000547	309	0	50	
MYCO000549	68	0	23	
MYCO000550	27	0	12	
MYCO000552	1046	0	71	
MYCO000554	344	0	34	
MYCO000556	10	0	23	
MYCO000559	86	0	17	
MYCO000560	30	0	37	
MYCO000561	338	0	43	
MYCO000565	193	0	105	
MYCO000567	91	0	55	
MYCO000568	173	0	66	
MYCO000569	10	0	14	
MYCO000570	293	0	115	
MYCO000571	480	0	60	
MYCO000572	17	0	22	
MYCO000573	312	0	71	
MYCO000574	259	0	50	
MYCO000575	341	0	60	
MYCO000576	397	0	65	
MYCO000577	419	0	43	
MYCO000578	3860	0	128	
MYCO000579	254	0	45	
MYCO000580	29	0	26	
MYCO000581	176	0	13	
MYCO000582	22	0	18	
MYCO000583	124	0	37	
MYCO000584	72	0	145	
MYCO000585	177	0	114	
MYCO000586	26	1597	35	
MYCO000587	167	0	59	
MYCO000588	216	0	51	
MYCO000589	66	0	68	
MYCO000590	2513	0	27	
MYCO000591	392	0	83	
MYCO000592	910	0	56	
MYCO000593	64	0	60	
MYCO000594	279	0	97	
MYCO000595	35	0	23	
MYCO000596	41	0	12	
MYCO000597	18	0	56	
MYCO000598	19	0	22	
MYCO000599	9	2857	15	
MYCO000600	261	0	23	
MYCO000601	229	0	37	
MYCO000602	627	0	43	
MYCO000603	951	0	16	
MYCO000604	265	0	54	
MYCO000605	36	0	21	
MYCO000606	111	0	39	
MYCO000607	12	0	19	
MYCO000608	2	0	9	
MYCO000609	27	0	23	
MYCO000610	610	0	46	
MYCO000611	13	0	25	
MYCO000612	661	0	28	
MYCO000613	1354	0	98	
MYCO000614	186	0	50	
MYCO000615	72	0	11	
MYCO000616	36	0	22	
MYCO000617	15	0	23	
MYCO000618	673	0	26	
MYCO000619	5119	0	0	
MYCO000620	1334	0	59	
MYCO000621	691	0	45	
MYCO000622	17	0	44	
MYCO000623	8	0	12	
MYCO000624	13	0	24	
MYCO000625	364	0	39	
MYCO000626	33	0	14	
MYCO000627	36	0	18	
MYCO000628	437	2380	57	
MYCO000629	880	0	81	
MYCO000630	1363	0	120	
MYCO000631	1383	0	117	
MYCO000632	6	0	29	
MYCO000633	41	0	46	
MYCO000634	11	0	29	
MYCO000635	9	0	25	
MYCO000637	6	0	32	
MYCO000638	74	0	28	
MYCO000642	34	0	42	
MYCO000643	133	0	41	
MYCO000644	7	18	35	
MYCO000645	5	0	34	
MYCO000646	86	0	43	
MYCO000648	1718	0	140	
MYCO000649	1957	0	36	
MYCO000650	1423	0	37	
MYCO000653	29	0	28	
MYCO000654	538	0	75	
MYCO000656	36	0	23	
MYCO000657	5	0	7	
MYCO000658	33	0	40	
MYCO000659	14	0	21	
MYCO000660	55	0	15	
MYCO000661	72	0	22	
MYCO000662	81	0	12	
MYCO000663	424	0	125	
MYCO000664	5	0	12	
MYCO000665	60	0	16	
MYCO000666	7	0	15	
MYCO000669	494	0	88	
MYCO000670	885	0	25	
MYCO000671	104	0	44	
MYCO000673	680	0	49	
MYCO000674	65	0	25	
MYCO000675	243	0	28	
MYCO000676	26	2282	98	
MYCO000677	11	0	21	
MYCO000678	26	0	26	
MYCO000679	78	0	24	
MYCO000680	13	0	22	
MYCO000681	10	0	35	
MYCO000686	759	0	30	
MYCO000687	70	0	31	
MYCO000688	54	0	52	
MYCO000689	245	0	17	
MYCO000690	67	0	37	
MYCO000691	1	0	37	
MYCO000692	7	0	14	
MYCO000694	274	0	43	
MYCO000695	64	0	29	
MYCO000697	26	0	65	
MYCO000698	940	0	31	
MYCO000699	2	0	10	
MYCO000711	362	0	93	
MYCO000712	18	0	31	
MYCO000713	20	0	58	
MYCO000724	490	0	90	
MYCO000725	63	0	36	
MYCO000726	133	0	58	
MYCO000727	315	0	37	
MYCO000728	155	0	54	
MYCO000729	747	0	68	
MYCO000730	157	0	34	
MYCO000731	418	0	48	
MYCO000735	15	0	31	
MYCO000736	115	0	41	
MYCO000737	23	0	20	
MYCO000738	634	0	29	
MYCO000739	2566	0	23	
MYCO000740	1265	0	36	
MYCO000741	32	611	22	
MYCO000742	5119	0	0	
MYCO000743	17	0	23	
MYCO000744	245	0	28	
MYCO000745	684	0	33	
MYCO000746	4652	0	28	
MYCO000747	4621	0	41	
MYCO000748	500	0	26	
MYCO000749	161	2457	54	
MYCO000750	1174	1907	23	
MYCO000751	191	0	39	
MYCO000752	141	0	56	
MYCO000753	263	0	64	
MYCO000754	1391	0	74	
MYCO000755	641	0	118	
MYCO000756	141	0	35	
MYCO000759	1	0	12	
MYCO000760	173	0	21	
MYCO000761	43	0	35	
MYCO000762	20	0	28	
MYCO000763	8	0	11	
MYCO000764	34	0	53	
MYCO000765	111	0	44	
MYCO000766	1218	0	53	
MYCO000767	386	0	35	
MYCO000768	58	0	78	
MYCO000769	13	0	36	
MYCO000770	304	0	39	
MYCO000771	68	0	25	
MYCO000773	103	0	80	
MYCO000774	207	0	52	
MYCO000775	88	0	37	
MYCO000776	219	0	35	
MYCO000778	286	0	55	
MYCO000779	1597	0	26	
MYCO000781	5002	0	1	
MYCO000783	46	0	84	
MYCO000784	152	0	38	
MYCO000785	151	0	64	
MYCO000786	192	0	22	
MYCO000787	739	0	50	
MYCO000789	11	0	21	
MYCO000790	38	0	44	
MYCO000791	131	0	59	
MYCO000792	31	0	40	
MYCO000793	19	0	16	
MYCO000794	85	0	66	
MYCO000795	616	2	20	
MYCO000796	5119	0	0	
MYCO000797	5044	0	11	
MYCO000798	27	0	30	
MYCO000799	10	0	32	
MYCO000800	69	0	61	
MYCO000801	8	0	21	
MYCO000802	119	0	46	
MYCO000804	895	0	26	
MYCO000805	16	0	53	
MYCO000806	24	0	62	
MYCO000807	22	0	14	
MYCO000811	331	0	45	
MYCO000812	26	0	36	
MYCO000813	379	0	39	
MYCO000816	12	0	29	
MYCO000817	6	0	37	
MYCO000818	118	0	31	
MYCO000819	81	0	48	
MYCO000822	891	0	87	
MYCO000825	52	0	54	
MYCO000826	301	0	35	
MYCO000827	393	0	25	
MYCO000828	106	0	31	
MYCO000829	142	1624	36	
MYCO000830	30	0	52	
MYCO000831	35	0	36	
MYCO000832	1215	0	16	
MYCO000833	4092	0	63	
MYCO000834	3063	0	87	
MYCO000835	380	0	53	
MYCO000836	2573	0	17	
MYCO000837	177	0	52	
MYCO000838	67	0	36	
MYCO000839	81	0	23	
MYCO000840	84	0	39	
MYCO000841	59	0	17	
MYCO000842	255	0	71	
MYCO000843	22	0	60	
MYCO000844	135	0	43	
MYCO000845	64	0	65	
MYCO000846	224	0	61	
MYCO000847	645	0	17	
MYCO000848	84	0	62	
MYCO000849	671	0	71	
MYCO000850	26	0	15	
MYCO000851	396	0	31	
MYCO000852	36	0	51	
MYCO000853	197	0	76	
MYCO000854	14	0	28	
MYCO000855	132	0	54	
MYCO000856	11	0	23	
MYCO000857	23	0	19	
MYCO000858	282	0	69	
MYCO000862	452	0	113	
MYCO000863	12	0	11	
MYCO000864	25	0	24	
MYCO000865	40	0	17	
MYCO000866	398	0	27	
MYCO000867	2552	0	86	
MYCO000868	31	0	12	
MYCO000869	375	0	55	
MYCO000870	18	0	21	
MYCO000872	2314	0	79	
MYCO000873	72	0	86	
MYCO000874	438	2440	51	
MYCO000875	28	0	23	
MYCO000877	38	0	34	
MYCO000878	3723	0	43	
MYCO000879	125	0	22	
MYCO000880	69	0	19	
MYCO000881	34	0	41	
MYCO000882	54	0	20	
MYCO000883	181	0	32	
MYCO000887	19	0	17	
MYCO000888	1176	0	73	
MYCO000890	200	0	138	
MYCO000891	146	0	38	
MYCO000892	41	0	87	
MYCO000893	53	0	70	
MYCO000894	65	0	66	
MYCO000895	160	0	70	
MYCO000897	1066	0	75	
MYCO000898	6	0	11	
MYCO000899	20	0	39	
MYCO000900	17	0	8	
MYCO000901	272	0	31	
MYCO000904	804	0	59	
MYCO000905	37	0	35	
MYCO000907	5116	0	1	
MYCO000908	35	0	106	
MYCO000909	45	0	10	
MYCO000910	20	0	26	
MYCO000911	293	0	40	
MYCO000912	11	0	22	
MYCO000913	148	0	72	
MYCO000914	187	0	78	
MYCO000915	816	0	55	
MYCO000916	17	0	22	
MYCO000917	130	0	70	
MYCO000918	58	0	30	
MYCO000919	5	0	28	
MYCO000920	56	0	71	
MYCO000921	37	0	36	
MYCO000922	168	0	93	
MYCO000923	30	0	69	
MYCO000924	418	0	53	
MYCO000925	74	0	36	
MYCO000928	68	0	36	
MYCO000930	82	0	12	
MYCO000931	221	0	107	
MYCO000932	70	0	69	
MYCO000933	52	0	50	
MYCO000934	648	0	55	
MYCO000935	82	0	51	
MYCO000936	95	0	41	
MYCO000937	6	0	33	
MYCO000938	39	0	105	
MYCO000939	126	0	95	
MYCO000940	12	0	41	
MYCO000941	25	0	39	
MYCO000942	25	0	16	
MYCO000943	66	0	58	
MYCO000944	73	0	32	
MYCO000945	140	0	48	
MYCO000947	14	0	14	
MYCO000948	3	0	17	
MYCO000950	197	0	51	
MYCO000954	120	0	60	
MYCO000955	1089	0	49	
MYCO000956	478	0	28	
MYCO000958	647	0	67	
MYCO000959	899	0	95	
MYCO000960	46	0	19	
MYCO000961	47	3177	17	
MYCO000962	273	0	28	
MYCO000963	316	0	50	
MYCO000964	32	0	24	
MYCO000965	12	0	34	
MYCO000966	552	0	25	
MYCO000967	34	0	14	
MYCO000968	47	0	20	
MYCO000969	1213	0	103	
MYCO000970	11	0	32	
MYCO000971	537	0	35	
MYCO000972	71	0	66	
MYCO000973	339	0	121	
MYCO000974	206	0	103	
MYCO000975	488	0	53	
MYCO000976	620	0	75	
MYCO000977	3074	0	94	
MYCO000978	4766	0	62	
MYCO000979	21	0	14	
MYCO000980	4928	0	60	
MYCO000982	214	0	60	
MYCO000984	48	0	18	
MYCO000985	17	0	33	
MYCO000986	161	0	54	
MYCO000987	249	0	203	
MYCO000988	118	0	98	
MYCO000989	66	0	78	
MYCO000990	162	0	39	
MYCO000991	7	0	17	
MYCO000992	263	0	34	
MYCO000996	23	0	53	
MYCO000997	7	0	25	
MYCO000998	157	0	43	
MYCO000999	56	0	33	
MYCO001000	44	0	25	
MYCO001003	275	0	48	
MYCO001004	1977	0	70	
MYCO001005	1318	0	31	
MYCO001006	105	0	78	
MYCO001012	601	0	13	
MYCO001016	33	0	22	
MYCO001019	6	0	21	
MYCO001021	29	0	34	
MYCO001024	405	0	30	
MYCO001025	70	0	20	
MYCO001027	43	0	38	
MYCO001028	1377	0	99	
MYCO001029	57	0	85	
MYCO001030	53	0	112	
MYCO001031	85	0	27	
MYCO001032	97	0	77	
MYCO001033	47	0	31	
MYCO001034	646	0	19	
MYCO001035	797	0	28	
MYCO001036	118	0	18	
MYCO001037	447	2403	136	
MYCO001038	2878	547	109	
MYCO001039	1070	0	53	
MYCO001040	536	0	39	
MYCO001041	195	33	51	
MYCO001042	61	4	29	
MYCO001043	25	0	49	
MYCO001044	9	0	20	
MYCO001045	1048	0	33	
MYCO001046	5116	0	1	
MYCO001047	4985	39	8	
MYCO001048	23	0	79	
MYCO001049	27	0	30	
MYCO001050	225	0	35	
MYCO001051	43	0	52	
MYCO001052	55	0	19	
MYCO001053	25	0	15	
MYCO001054	11	0	17	
MYCO001055	1	0	8	
MYCO001056	44	157	34	
MYCO001057	37	0	69	
MYCO001058	134	0	54	
MYCO001059	85	0	62	
MYCO001060	34	0	21	
MYCO001061	29	0	38	
MYCO001062	321	0	35	
MYCO001063	93	0	56	
MYCO001064	340	0	24	
MYCO001065	89	0	36	
MYCO001066	570	0	16	
MYCO001067	5080	0	20	
MYCO001068	4970	0	20	
MYCO001069	133	0	94	
MYCO001073	115	0	53	
MYCO001074	115	0	49	
MYCO001075	168	0	61	
MYCO001076	56	0	60	
MYCO001078	1211	0	27	
MYCO001081	73	0	17	
MYCO001083	12	0	12	
MYCO001084	1791	0	62	
MYCO001085	39	0	28	
MYCO001087	4300	0	94	
MYCO001088	435	0	29	
MYCO001089	5119	0	0	
MYCO001090	50	0	26	
MYCO001091	4658	0	76	
MYCO001093	67	0	51	
MYCO001096	65	0	49	
MYCO001097	27	0	49	
MYCO001100	35	0	39	
MYCO001101	136	0	49	
MYCO001102	25	0	13	
MYCO001103	13	0	12	
MYCO001104	17	0	36	
MYCO001105	46	0	25	
MYCO001106	105	0	34	
MYCO001107	0	0	11	
MYCO001109	15	0	27	
MYCO001111	47	0	36	
MYCO001113	8	0	6	
MYCO001114	9	0	18	
MYCO001115	100	0	49	
MYCO001116	24	0	10	
MYCO001117	5	0	14	
MYCO001118	272	0	38	
MYCO001119	23	0	7	
MYCO001120	21	0	27	
MYCO001121	103	0	71	
MYCO001122	477	0	45	
MYCO001123	67	0	45	
MYCO001124	112	0	40	
MYCO001125	600	0	61	
MYCO001126	23	0	26	
MYCO001127	30	0	67	
MYCO001128	1719	0	63	
MYCO001129	33	0	108	
MYCO001130	72	0	76	
MYCO001131	18	0	49	
MYCO001132	859	0	86	
MYCO001133	668	0	72	
MYCO001134	361	0	15	
MYCO001135	1578	0	91	
MYCO001136	6	0	22	
MYCO001137	26	0	15	
MYCO001138	58	0	45	
MYCO001139	374	0	35	
MYCO001140	15	0	30	
MYCO001141	57	2603	29	
MYCO001142	57	2923	27	
MYCO001143	73	0	41	
MYCO001144	72	0	34	
MYCO001145	2536	0	19	
MYCO001146	45	0	58	
MYCO001147	38	0	32	
MYCO001148	4945	41	34	
MYCO001149	61	2	29	
MYCO001150	5119	0	0	
MYCO001151	45	0	29	
MYCO001152	30	0	18	
MYCO001153	99	0	43	
MYCO001154	12	0	32	
MYCO001155	34	0	26	
MYCO001156	44	0	32	
MYCO001157	2111	0	38	
MYCO001158	1105	0	33	
MYCO001159	19	0	59	
MYCO001160	77	0	20	
MYCO001161	151	0	147	
MYCO001162	74	0	75	
MYCO001163	65	0	20	
MYCO001164	23	0	30	
MYCO001166	217	0	65	
MYCO001167	36	0	20	
MYCO001168	743	0	57	
MYCO001169	13	0	17	
MYCO001170	53	0	39	
MYCO001171	13	0	26	
MYCO001172	675	0	46	
MYCO001174	7	0	21	
MYCO001175	1966	0	97	
MYCO001176	270	0	25	
MYCO001179	953	0	141	
MYCO001180	5108	0	1	
MYCO001181	299	0	201	
MYCO001182	32	0	44	
MYCO001183	49	0	145	
MYCO001184	34	0	40	
MYCO001185	67	0	65	
MYCO001186	407	0	85	
MYCO001187	520	0	66	
MYCO001188	301	0	53	
MYCO001189	92	0	42	
MYCO001190	651	0	37	
MYCO001191	892	0	41	
MYCO001192	514	0	30	
MYCO001194	87	0	72	
MYCO001195	30	0	15	
MYCO001196	2550	376	384	
MYCO001197	2877	585	114	
MYCO001198	447	2429	133	
MYCO001199	4985	40	9	
MYCO001200	372	0	68	
MYCO001203	385	0	33	
MYCO001204	374	0	68	
MYCO001205	86	0	27	
MYCO001206	88	0	62	
MYCO001209	70	0	15	
MYCO001210	38	0	18	
MYCO001211	14	0	6	
MYCO001212	63	0	48	
MYCO001214	165	0	18	
MYCO001215	707	0	90	
MYCO001216	93	0	37	
MYCO001217	810	0	90	
MYCO001218	20	0	59	
MYCO001219	37	0	39	
MYCO001222	10	0	25	
MYCO001224	19	0	28	
MYCO001225	1322	0	40	
MYCO001226	681	0	85	
MYCO001227	34	0	37	
MYCO001228	19	0	37	
MYCO001230	458	0	83	
MYCO001231	150	0	29	
MYCO001232	138	0	75	
MYCO001233	207	0	38	
MYCO001234	42	0	25	
MYCO001235	29	0	43	
MYCO001236	65	0	44	
MYCO001237	21	0	29	
MYCO001240	82	0	50	
MYCO001241	48	0	17	
MYCO001242	41	0	22	
MYCO001243	3350	0	51	
MYCO001244	755	0	47	
MYCO001246	7	0	19	
MYCO001247	9	0	7	
MYCO001249	93	0	51	
MYCO001250	603	0	75	
MYCO001251	1386	0	101	
MYCO001252	25	0	25	
MYCO001254	489	0	44	
MYCO001255	65	0	36	
MYCO001256	148	0	55	
MYCO001257	59	0	77	
MYCO001258	1229	0	57	
MYCO001259	209	0	37	
MYCO001260	534	0	33	
MYCO001261	27	0	19	
MYCO001262	26	0	26	
MYCO001263	481	0	64	
MYCO001264	157	0	65	
MYCO001265	127	0	26	
MYCO001266	1129	0	86	
MYCO001267	41	0	54	
MYCO001268	312	0	44	
MYCO001269	1030	0	22	
MYCO001270	239	0	32	
MYCO001271	24	0	18	
MYCO001274	506	0	22	
MYCO001275	14	0	28	
MYCO001276	256	0	29	
MYCO001278	994	0	95	
MYCO001279	87	0	68	
MYCO001280	34	0	80	
MYCO001281	109	0	69	
MYCO001282	4	0	28	
MYCO001283	125	0	33	
MYCO001284	16	0	17	
MYCO001285	22	0	56	
MYCO001286	32	0	90	
MYCO001287	15	0	12	
MYCO001288	2019	0	68	
MYCO001289	18	0	35	
MYCO001290	778	1091	65	
MYCO001291	16	0	19	
MYCO001296	231	0	40	
MYCO001300	477	0	40	
MYCO001301	16	0	24	
MYCO001303	11	0	16	
MYCO001304	19	0	38	
MYCO001306	15	0	20	
MYCO001307	55	0	61	
MYCO001312	42	0	22	
MYCO001313	2744	49	37	
MYCO001314	60	0	43	
MYCO001316	52	0	30	
MYCO001317	217	0	85	
MYCO001318	234	0	71	
MYCO001319	3835	0	67	
MYCO001320	254	0	104	
MYCO001322	257	0	19	
MYCO001324	519	0	41	
MYCO001325	3274	0	70	
MYCO001329	600	0	95	
MYCO001330	355	0	73	
MYCO001331	17	0	10	
MYCO001332	18	0	31	
MYCO001333	289	0	47	
MYCO001334	133	0	19	
MYCO001335	124	0	18	
MYCO001336	367	0	39	
MYCO001337	5	0	34	
MYCO001339	21	0	40	
MYCO001341	43	0	24	
MYCO001342	13	0	17	
MYCO001343	25	0	29	
MYCO001344	1	0	16	
MYCO001345	64	0	65	
MYCO001346	16	0	36	
MYCO001347	14	0	37	
MYCO001348	349	0	97	
MYCO001349	144	0	59	
MYCO001350	15	0	34	
MYCO001351	25	0	21	
MYCO001352	20	0	29	
MYCO001353	233	0	39	
MYCO001354	288	0	101	
MYCO001355	787	0	131	
MYCO001356	272	0	45	
MYCO001357	47	0	49	
MYCO001358	1377	0	141	
MYCO001359	67	0	31	
MYCO001360	145	0	41	
MYCO001361	2481	385	405	
MYCO001362	40	0	29	
MYCO001363	431	0	39	
MYCO001364	400	0	86	
MYCO001365	29	0	21	
MYCO001366	308	0	37	
MYCO001367	371	0	62	
MYCO001368	100	0	39	
MYCO001369	5119	0	0	
MYCO001370	616	2	20	
MYCO001371	1239	0	52	
MYCO001372	35	0	67	
MYCO001373	112	0	48	
MYCO001374	8	0	31	
MYCO001375	277	0	70	
MYCO001376	429	0	64	
MYCO001377	12	0	25	
MYCO001378	672	0	70	
MYCO001379	57	0	23	
MYCO001382	156	0	32	
MYCO001386	157	0	21	
MYCO001387	1924	0	56	
MYCO001389	106	0	38	
MYCO001393	146	0	58	
MYCO001394	44	0	66	
MYCO001395	37	0	56	
MYCO001396	3501	0	53	
MYCO001397	18	0	23	
MYCO001398	7	0	15	
MYCO001399	141	0	58	
MYCO001400	166	0	47	
MYCO001401	179	0	39	
MYCO001403	285	0	39	
MYCO001404	11	0	21	
MYCO001405	29	0	49	
MYCO001406	373	0	45	
MYCO001409	638	0	31	
MYCO001411	10	0	37	
MYCO001413	22	0	32	
MYCO001414	17	0	23	
MYCO001417	11	0	28	
MYCO001418	19	0	32	
MYCO001419	16	0	30	
MYCO001422	270	0	42	
MYCO001423	339	0	53	
MYCO001424	60	0	47	
MYCO001425	37	0	58	
MYCO001426	93	0	75	
MYCO001427	244	0	64	
MYCO001428	9	0	44	
MYCO001429	220	0	71	
MYCO001430	595	0	67	
MYCO001431	60	0	109	
MYCO001432	501	0	48	
MYCO001433	13	0	36	
MYCO001434	30	0	8	
MYCO001435	1054	0	36	
MYCO001439	11	1357	22	
MYCO001441	2796	0	103	
MYCO001442	276	0	137	
MYCO001443	41	0	23	
MYCO001444	53	0	28	
MYCO001446	737	0	51	
MYCO001450	5114	0	5	
MYCO001452	4782	0	88	
MYCO001453	96	0	65	
MYCO001454	42	0	54	
MYCO001455	125	0	48	
MYCO001456	141	0	52	
MYCO001459	435	0	80	
MYCO001460	784	0	28	
MYCO001461	90	0	113	
MYCO001468	2598	0	43	
MYCO001469	424	0	82	
MYCO001470	15	0	16	
MYCO001471	33	0	14	
MYCO001472	54	0	55	
MYCO001476	4	0	28	
MYCO001477	130	0	58	
MYCO001478	67	0	26	
MYCO001482	48	0	45	
MYCO001486	35	0	42	
MYCO001487	12	0	21	
MYCO001488	69	0	41	
MYCO001489	16	0	20	
MYCO001490	53	0	80	
MYCO001491	11	0	44	
MYCO001492	587	0	76	
MYCO001494	9	0	13	
MYCO001495	10	0	22	
MYCO001496	51	0	49	
MYCO001497	169	0	68	
MYCO001498	68	0	39	
MYCO001499	41	0	18	
MYCO001500	95	0	64	
MYCO001501	58	0	38	
MYCO001502	107	0	63	
MYCO001503	5119	0	0	
MYCO001504	1380	0	20	
MYCO001505	68	0	48	
MYCO001506	134	0	31	
MYCO001507	114	0	41	
MYCO001508	231	134	90	
MYCO001509	440	0	40	
MYCO001510	21	2794	46	
MYCO001511	102	0	55	
MYCO001512	70	0	51	
MYCO001513	72	0	28	
MYCO001514	49	0	36	
MYCO001515	67	0	45	
MYCO001516	294	0	49	
MYCO001517	47	0	33	
MYCO001518	161	0	50	
MYCO001519	772	0	15	
MYCO001520	803	0	49	
MYCO001521	174	0	76	
MYCO001522	484	0	157	
MYCO001523	110	0	48	
MYCO001524	582	0	56	
MYCO001525	649	0	41	
MYCO001526	559	0	57	
MYCO001527	1248	0	289	
MYCO001528	50	0	19	
MYCO001529	99	0	88	
MYCO001530	76	0	66	
MYCO001531	19	0	22	
MYCO001532	91	0	24	
MYCO001533	174	0	39	
MYCO001534	30	0	32	
MYCO001535	6	0	8	
MYCO001537	174	0	71	
MYCO001538	365	0	51	
MYCO001539	30	0	32	
MYCO001541	42	0	27	
MYCO001542	19	20	20	
MYCO001543	20	0	44	
MYCO001544	105	0	41	
MYCO001545	27	0	13	
MYCO001546	84	0	32	
MYCO001548	200	0	112	
MYCO001549	5072	0	2	
MYCO001550	620	0	67	
MYCO001551	1232	0	77	
MYCO001552	160	0	94	
MYCO001553	194	0	24	
MYCO001554	10	0	17	
MYCO001555	10	0	19	
MYCO001556	27	0	38	
MYCO001558	31	0	18	
MYCO001560	4	0	7	
MYCO001561	11	0	26	
MYCO001562	550	0	70	
MYCO001563	383	0	107	
MYCO001565	637	0	80	
MYCO001566	219	0	41	
MYCO001567	8	0	25	
MYCO001570	583	0	30	
MYCO001571	495	0	26	
MYCO001572	3616	0	11	
MYCO001573	3290	0	10	
MYCO001574	3432	0	18	
MYCO001575	5115	0	3	
MYCO001576	999	607	141	
MYCO001577	3132	0	17	
MYCO001578	3142	0	25	
MYCO001579	3113	0	17	
MYCO001580	3144	0	12	
MYCO001581	3820	0	8	
MYCO001582	3136	0	49	
MYCO001583	413	858	28	
MYCO001584	3283	0	10	
MYCO001585	3497	0	19	
MYCO001586	3233	0	43	
MYCO001587	5069	0	12	
MYCO001588	4932	6	53	
MYCO001590	16	0	10	
MYCO001591	37	0	41	
MYCO001592	27	0	72	
MYCO001596	18	0	29	
MYCO001597	49	0	39	
MYCO001598	53	0	13	
MYCO001602	16	0	28	
MYCO001604	37	0	39	
MYCO001606	25	0	25	
MYCO001607	70	0	35	
MYCO001608	3	0	17	
MYCO001610	623	0	33	
MYCO001613	13	0	42	
MYCO001614	66	0	60	
MYCO001615	7	0	30	
MYCO001616	14	0	21	
MYCO001618	28	0	30	
MYCO001619	266	0	56	
MYCO001620	792	0	56	
MYCO001621	685	0	60	
MYCO001622	25	0	50	
MYCO001623	16	0	65	
MYCO001624	23	0	37	
MYCO001625	244	0	76	
MYCO001628	83	0	18	
MYCO001631	76	0	56	
MYCO001632	89	0	18	
MYCO001634	86	0	63	
MYCO001635	76	0	70	
MYCO001636	4	0	24	
MYCO001637	306	0	41	
MYCO001639	1040	1599	63	
MYCO001640	125	0	159	
MYCO001644	362	0	41	
MYCO001645	538	0	56	
MYCO001646	479	0	49	
MYCO001647	1315	0	35	
MYCO001648	19	0	41	
MYCO001650	778	0	124	
MYCO001651	2874	0	121	
MYCO001660	839	0	52	
MYCO001661	1470	0	276	
MYCO001662	1274	0	260	
MYCO001663	167	0	94	
MYCO001664	420	0	154	
MYCO001665	247	0	63	
MYCO001666	186	0	56	
MYCO001667	82	0	29	
MYCO001668	5000	0	3	
MYCO001669	149	0	18	
MYCO001670	40	0	20	
MYCO001671	13	0	26	
MYCO001672	451	0	63	
MYCO001673	386	0	50	
MYCO001674	418	0	27	
MYCO001675	331	0	42	
MYCO001676	18	0	55	
MYCO001677	24	0	30	
MYCO001678	616	0	46	
MYCO001679	62	0	46	
MYCO001680	76	0	48	
MYCO001681	58	0	51	
MYCO001682	423	0	43	
MYCO001683	764	0	102	
MYCO001684	40	0	14	
MYCO001685	21	0	31	
MYCO001686	29	0	38	
MYCO001687	29	0	48	
MYCO001688	164	0	39	
MYCO001690	19	0	15	
MYCO001691	294	0	44	
MYCO001692	568	0	39	
MYCO001693	14	0	11	
MYCO001696	44	0	72	
MYCO001698	498	0	34	
MYCO001700	9	0	33	
MYCO001702	562	0	72	
MYCO001703	15	0	27	
MYCO001704	41	0	88	
MYCO001705	1084	0	47	
MYCO001706	398	0	52	
MYCO001707	85	0	71	
MYCO001710	10	0	30	
MYCO001714	647	0	43	
MYCO001715	561	0	50	
MYCO001716	18	0	49	
MYCO001717	1005	0	23	
MYCO001718	100	0	56	
MYCO001719	163	0	54	
MYCO001720	84	0	20	
MYCO001721	6	0	9	
MYCO001722	530	0	72	
MYCO001723	268	0	60	
MYCO001724	80	0	15	
MYCO001725	273	0	41	
MYCO001726	343	0	97	
MYCO001727	62	0	34	
MYCO001728	16	0	39	
MYCO001729	38	0	45	
MYCO001730	949	0	93	
MYCO001731	382	0	70	
MYCO001732	301	0	19	
MYCO001733	12	0	37	
MYCO001734	9	0	11	
MYCO001735	38	0	31	
MYCO001736	814	2141	111	
MYCO001737	832	0	48	
MYCO001738	62	0	24	
MYCO001739	285	0	79	
MYCO001740	10	0	12	
MYCO001741	7	1588	16	
MYCO001742	165	0	38	
MYCO001743	543	0	64	
MYCO001744	785	0	22	
MYCO001745	43	0	37	
MYCO001746	264	0	69	
MYCO001747	356	0	94	
MYCO001748	26	0	44	
MYCO001749	41	0	34	
MYCO001750	201	0	77	
MYCO001751	133	0	67	
MYCO001752	27	0	29	
MYCO001753	5085	0	20	
MYCO001754	2232	0	49	
MYCO001755	5119	0	0	
MYCO001756	5119	0	0	
MYCO001757	616	2	20	
MYCO001758	3513	0	32	
MYCO001759	4823	0	36	
MYCO001760	2707	0	50	
MYCO001761	2667	0	18	
MYCO001762	2717	0	25	
MYCO001763	616	2	20	
MYCO001764	5119	0	0	
MYCO001765	5112	0	2	
MYCO001766	22	0	9	
MYCO001767	13	0	19	
MYCO001768	2453	0	70	
MYCO001769	318	0	61	
MYCO001770	313	0	66	
MYCO001771	10	0	57	
MYCO001772	19	0	15	
MYCO001773	24	0	41	
MYCO001774	89	0	87	
MYCO001775	1361	0	30	
MYCO001776	37	0	36	
MYCO001777	316	0	82	
MYCO001778	563	0	18	
MYCO001779	459	0	104	
MYCO001780	13	0	23	
MYCO001781	546	0	110	
MYCO001782	125	0	54	
MYCO001783	276	0	125	
MYCO001785	26	0	47	
MYCO001786	3	0	13	
MYCO001787	4482	0	36	
MYCO001788	16	14	23	
MYCO001789	532	0	61	
MYCO001790	2169	0	63	
MYCO001791	24	0	12	
MYCO001792	5119	0	0	
MYCO001793	447	1930	103	
MYCO001794	8	0	37	
MYCO001795	510	0	65	
MYCO001796	232	0	81	
MYCO001797	21	0	65	
MYCO001798	29	0	63	
MYCO001799	419	0	15	
MYCO001800	202	0	106	
MYCO001801	1377	0	77	
MYCO001802	932	0	61	
MYCO001803	1474	0	81	
MYCO001804	32	0	21	
MYCO001805	4	0	27	
MYCO001806	14	0	15	
MYCO001807	5119	0	0	
MYCO001808	352	0	57	
MYCO001809	242	0	49	
MYCO001810	5	0	18	
MYCO001811	40	0	48	
MYCO001812	248	0	61	
MYCO001813	21	0	26	
MYCO001814	238	0	64	
MYCO001815	713	0	54	
MYCO001816	714	1437	24	
MYCO001817	565	0	79	
MYCO001818	3357	0	60	
MYCO001819	172	0	62	
MYCO001820	175	0	68	
MYCO001822	23	0	35	
MYCO001823	143	0	49	
MYCO001824	21	0	21	
MYCO001825	21	0	42	
MYCO001826	2	0	12	
MYCO001828	21	0	30	
MYCO001831	50	0	12	
MYCO001833	26	0	46	
MYCO001834	47	0	33	
MYCO001835	274	0	105	
MYCO001836	327	0	94	
MYCO001838	16	0	18	
MYCO001839	2	0	9	
MYCO001840	2461	0	66	
MYCO001841	72	0	55	
MYCO001845	930	0	34	
MYCO001846	44	0	30	
MYCO001847	58	0	34	
MYCO001848	72	0	20	
MYCO001849	4	0	9	
MYCO001850	291	0	83	
MYCO001851	502	0	35	
MYCO001852	104	0	24	
MYCO001853	31	0	32	
MYCO001855	75	0	51	
MYCO001856	718	0	37	
MYCO001857	12	0	35	
MYCO001858	31	0	21	
MYCO001859	89	0	48	
MYCO001860	790	0	55	
MYCO001861	5	0	21	
MYCO001862	48	0	47	
MYCO001863	41	0	41	
MYCO001864	16	0	37	
MYCO001865	15	0	40	
MYCO001866	115	0	108	
MYCO001867	268	0	75	
MYCO001868	417	0	109	
MYCO001869	192	0	42	
MYCO001870	592	0	35	
MYCO001871	175	0	26	
MYCO001872	51	0	80	
MYCO001873	65	0	31	
MYCO001874	31	0	45	
MYCO001875	31	0	32	
MYCO001876	64	0	26	
MYCO001877	238	0	100	
MYCO001878	351	0	57	
MYCO001879	229	0	49	
MYCO001880	70	0	68	
MYCO001881	54	0	26	
MYCO001882	23	0	44	
MYCO001883	43	0	27	
MYCO001884	21	0	27	
MYCO001885	40	0	42	
MYCO001887	276	0	67	
MYCO001888	4291	0	5	
MYCO001889	33	0	15	
MYCO001890	30	0	34	
MYCO001891	14	0	31	
MYCO001892	26	0	14	
MYCO001893	15	0	15	
MYCO001895	1468	0	35	
MYCO001896	343	0	62	
MYCO001897	45	0	27	
MYCO001898	22	0	16	
MYCO001899	1882	0	55	
MYCO001900	147	0	82	
MYCO001901	183	0	71	
MYCO001902	160	0	66	
MYCO001903	25	0	26	
MYCO001904	18	0	24	
MYCO001905	63	0	55	
MYCO001906	20	0	25	
MYCO001907	3604	0	36	
MYCO001908	175	0	177	
MYCO001909	21	0	30	
MYCO001910	163	0	34	
MYCO001911	192	0	29	
MYCO001912	1539	0	35	
MYCO001913	29	0	39	
MYCO001914	16	0	28	
MYCO001915	3202	0	23	
MYCO001916	74	0	46	
MYCO001917	5099	0	12	
MYCO001918	992	0	157	
MYCO001919	12	0	22	
MYCO001920	19	0	54	
MYCO001921	829	0	59	
MYCO001922	91	0	53	
MYCO001923	107	0	84	
MYCO001924	23	0	21	
MYCO001925	56	0	67	
MYCO001926	16	0	24	
MYCO001927	147	0	52	
MYCO001928	896	0	40	
MYCO001929	1005	0	47	
MYCO001930	186	0	35	
MYCO001931	57	0	40	
MYCO001932	56	0	29	
MYCO001933	747	0	55	
MYCO001934	487	0	66	
MYCO001935	54	0	57	
MYCO001936	33	0	59	
MYCO001937	534	0	112	
MYCO001938	82	0	64	
MYCO001939	458	0	32	
MYCO001940	4211	0	19	
MYCO001941	86	0	42	
MYCO001942	4	0	17	
MYCO001943	18	0	21	
MYCO001944	36	0	42	
MYCO001945	4823	58	39	
MYCO001946	57	0	24	
MYCO001947	96	0	21	
MYCO001948	157	0	31	
MYCO001949	5119	0	0	
MYCO001950	19	0	9	
MYCO001951	225	0	17	
MYCO001952	17	0	10	
MYCO001953	21	0	27	
MYCO001954	50	0	29	
MYCO001955	38	0	19	
MYCO001956	57	0	33	
MYCO001957	26	0	30	
MYCO001958	71	0	43	
MYCO001959	4	0	13	
MYCO001960	4	0	12	
MYCO001961	137	0	34	
MYCO001962	13	0	23	
MYCO001963	134	0	47	
MYCO001964	180	0	32	
MYCO001965	187	0	40	
MYCO001966	149	0	63	
MYCO001967	142	0	66	
MYCO001968	1634	0	62	
MYCO001969	224	0	64	
MYCO001970	114	0	51	
MYCO001971	483	0	76	
MYCO001972	102	0	30	
MYCO001973	225	0	25	
MYCO001974	75	0	27	
MYCO001975	623	0	33	
MYCO001976	137	0	21	
MYCO001977	658	0	37	
MYCO001978	960	0	44	
MYCO001979	137	0	61	
MYCO001980	37	0	36	
MYCO001982	35	0	29	
MYCO001983	1405	0	71	
MYCO001984	245	0	35	
MYCO001985	148	0	35	
MYCO001986	62	0	41	
MYCO001987	49	0	27	
MYCO001988	138	0	28	
MYCO001989	40	0	28	
MYCO001990	2	0	14	
MYCO001991	6	0	15	
MYCO001992	1645	0	91	
MYCO001993	980	0	21	
MYCO001994	679	0	20	
MYCO001995	942	0	37	
MYCO001996	920	0	38	
MYCO001997	2245	0	109	
MYCO001998	59	0	41	
MYCO001999	382	0	76	
MYCO002000	124	0	93	
MYCO002001	28	0	51	
MYCO002002	48	0	32	
MYCO002003	118	0	55	
MYCO002004	184	0	64	
MYCO002005	22	0	37	
MYCO002006	255	0	205	
MYCO002007	9	0	11	
MYCO002008	34	0	71	
MYCO002009	7	0	12	
MYCO002010	21	0	15	
MYCO002011	4	0	25	
MYCO002012	14	0	37	
MYCO002013	496	0	21	
MYCO002014	117	0	35	
MYCO002015	1437	0	76	
MYCO002016	1217	0	27	
MYCO002017	100	0	50	
MYCO002018	138	0	22	
MYCO002019	450	0	20	
MYCO002020	188	0	16	
MYCO002021	111	0	15	
MYCO002022	141	0	47	
MYCO002023	340	0	16	
MYCO002024	4724	0	18	
MYCO002025	109	0	51	
MYCO002026	38	0	49	
MYCO002027	1193	0	52	
MYCO002028	229	0	35	
MYCO002029	170	0	51	
MYCO002030	327	0	101	
MYCO002031	14	0	25	
MYCO002032	212	0	52	
MYCO002033	697	0	49	
MYCO002034	254	0	17	
MYCO002035	8	0	27	
MYCO002036	21	0	32	
MYCO002037	60	0	67	
MYCO002038	12	0	43	
MYCO002039	9	0	34	
MYCO002040	16	0	26	
MYCO002041	28	0	59	
MYCO002042	118	0	47	
MYCO002043	217	0	175	
MYCO002044	782	0	17	
MYCO002045	63	0	79	
MYCO002046	207	0	40	
MYCO002047	281	0	108	
MYCO002048	5067	0	33	
MYCO002049	25	0	11	
MYCO002051	324	0	106	
MYCO002052	761	0	90	
MYCO002053	23	0	38	
MYCO002054	44	0	43	
MYCO002059	311	0	101	
MYCO002060	246	0	26	
MYCO002061	34	0	25	
MYCO002062	1019	0	172	
MYCO002063	4	0	13	
MYCO002064	781	0	47	
MYCO002065	853	0	28	
MYCO002066	624	0	87	
MYCO002067	55	0	54	
MYCO002068	22	0	44	
MYCO002069	123	0	23	
MYCO002070	1929	0	28	
MYCO002071	68	0	55	
MYCO002072	323	0	53	
MYCO002073	269	0	33	
MYCO002074	113	0	16	
MYCO002075	281	0	78	
MYCO002076	6	0	8	
MYCO002077	105	0	52	
MYCO002078	7	0	26	
MYCO002079	1213	0	70	
MYCO002080	29	0	40	
MYCO002081	3016	0	29	
MYCO002082	2434	0	118	
MYCO002083	375	0	55	
MYCO002084	2573	0	18	
MYCO002085	32	0	19	
MYCO002086	17	0	28	
MYCO002087	15	0	16	
MYCO002088	1596	0	63	
MYCO002091	63	0	36	
MYCO002094	1	0	14	
MYCO002095	619	0	46	
MYCO002098	5119	0	0	
MYCO002099	5119	0	0	
MYCO002100	1078	0	73	
MYCO002101	1015	0	132	
MYCO002102	272	0	32	
MYCO002103	54	0	27	
MYCO002104	4	0	17	
MYCO002105	616	2	20	
MYCO002106	5119	0	0	
MYCO002107	93	0	25	
MYCO002108	166	0	39	
MYCO002113	116	0	64	
MYCO002114	72	0	32	
MYCO002116	62	0	26	
MYCO002117	51	0	10	
MYCO002120	394	0	24	
MYCO002123	3045	0	39	
MYCO002124	381	0	153	
MYCO002126	2465	0	33	
MYCO002127	204	0	82	
MYCO002128	3	0	12	
MYCO002129	79	0	51	
MYCO002131	60	0	40	
MYCO002132	46	0	15	
MYCO002133	60	0	33	
MYCO002135	718	0	26	
MYCO002136	79	0	37	
MYCO002137	31	0	22	
MYCO002138	99	0	48	
MYCO002142	14	0	17	
MYCO002143	115	0	63	
MYCO002144	53	0	18	
MYCO002146	3	0	14	
MYCO002147	916	0	31	
MYCO002148	915	0	30	
MYCO002149	82	0	20	
MYCO002152	420	0	68	
MYCO002158	1454	0	77	
MYCO002159	965	0	56	
MYCO002160	2742	0	12	
MYCO002161	683	1488	48	
MYCO002162	3720	0	66	
MYCO002164	499	0	54	
MYCO002165	34	0	60	
MYCO002167	5119	0	0	
MYCO002168	616	2	20	
MYCO002169	25	0	20	
MYCO002171	19	0	35	
MYCO002172	19	0	43	
MYCO002173	265	0	52	
MYCO002174	81	0	66	
MYCO002175	5	0	22	
MYCO002177	2653	159	42	
MYCO002180	957	0	43	
MYCO002181	49	0	53	
MYCO002183	3	0	16	
MYCO002184	21	0	45	
MYCO002185	4	0	21	
MYCO002189	594	0	36	
MYCO002190	751	0	45	
MYCO002191	478	0	92	
MYCO002197	125	0	33	
MYCO002198	662	0	54	
MYCO002203	243	0	35	
MYCO002204	6	0	18	
MYCO002205	638	0	61	
MYCO002206	24	0	37	
MYCO002207	915	0	42	
MYCO002208	374	0	48	
MYCO002209	358	0	69	
MYCO002212	66	0	66	
MYCO002214	79	0	79	
MYCO002215	743	0	75	
MYCO002223	272	0	77	
MYCO002224	52	0	64	
MYCO002226	670	0	68	
MYCO002227	643	0	27	
MYCO002229	27	0	27	
MYCO002231	134	0	45	
MYCO002232	202	0	41	
MYCO002234	20	0	24	
MYCO002236	892	0	43	
MYCO002237	6	0	41	
MYCO002238	5	0	8	
MYCO002240	40	0	30	
MYCO002248	135	0	26	
MYCO002249	651	0	61	
MYCO002250	20	0	21	
MYCO002251	5116	0	1	
MYCO002252	25	0	51	
MYCO002253	46	0	28	
MYCO002254	29	0	29	
MYCO002255	28	0	16	
MYCO002256	7	0	19	
MYCO002258	487	0	56	
MYCO002260	14	0	32	
MYCO002261	41	0	22	
MYCO002262	5071	0	3	
MYCO002263	1109	0	43	
MYCO002264	2424	0	67	
MYCO002265	523	0	49	
MYCO002266	23	0	67	
MYCO002267	66	0	56	
MYCO002268	290	0	77	
MYCO002269	18	0	26	
MYCO002270	203	0	33	
MYCO002271	183	0	12	
MYCO002272	184	0	15	
MYCO002273	206	0	20	
MYCO002274	217	0	32	
MYCO002275	654	0	39	
MYCO002276	217	0	61	
MYCO002277	213	4761	49	
MYCO002278	616	2	20	
MYCO002279	5119	0	0	
MYCO002280	338	0	65	
MYCO002281	42	0	81	
MYCO002282	660	1698	41	
MYCO002283	31	0	13	
MYCO002284	243	0	38	
MYCO002285	468	0	55	
MYCO002286	516	1377	36	
MYCO002287	148	0	71	
MYCO002288	12	0	27	
MYCO002289	112	0	38	
MYCO002290	42	0	36	
MYCO002291	59	0	42	
MYCO002292	22	0	7	
MYCO002293	2515	0	17	
MYCO002294	43	0	67	
MYCO002295	26	0	36	
MYCO002296	116	0	44	
MYCO002297	13	0	26	
MYCO002298	28	0	50	
MYCO002299	75	0	76	
MYCO002300	90	0	52	
MYCO002301	73	0	43	
MYCO002302	7	0	16	
MYCO002303	23	0	59	
MYCO002304	13	0	9	
MYCO002305	414	0	73	
MYCO002307	357	0	47	
MYCO002308	167	0	46	
MYCO002309	20	0	27	
MYCO002310	96	0	26	
MYCO002311	64	0	25	
MYCO002312	6	0	9	
MYCO002313	76	0	47	
MYCO002314	156	0	61	
MYCO002316	14	0	39	
MYCO002317	18	0	27	
MYCO002318	1042	0	48	
MYCO002319	1990	0	40	
MYCO002320	62	0	62	
MYCO002321	12	0	28	
MYCO002322	21	0	34	
MYCO002323	27	0	59	
MYCO002324	12	0	31	
MYCO002325	315	0	38	
MYCO002326	440	0	85	
MYCO002327	89	0	19	
MYCO002328	58	0	49	
MYCO002329	272	0	87	
MYCO002330	20	0	29	
MYCO002331	9	0	23	
MYCO002332	57	0	69	
MYCO002333	785	0	44	
MYCO002334	104	0	43	
MYCO002335	147	0	40	
MYCO002336	303	0	50	
MYCO002337	165	0	50	
MYCO002338	566	0	51	
MYCO002339	1346	0	117	
MYCO002340	609	0	63	
MYCO002341	104	0	23	
MYCO002342	25	0	16	
MYCO002345	450	0	92	
MYCO002346	447	2257	124	
MYCO002347	2878	563	112	
MYCO002348	36	0	17	
MYCO002349	540	0	78	
MYCO002350	627	1924	48	
MYCO002351	634	1946	54	
MYCO002352	1188	40	64	
MYCO002353	5006	0	5	
MYCO002354	616	2	20	
MYCO002355	5119	0	0	
MYCO002356	3798	0	46	
MYCO002358	15	0	20	
MYCO002359	3	0	46	
MYCO002360	14	0	25	
MYCO002363	1383	0	33	
MYCO002365	515	0	10	
MYCO002369	50	0	17	
MYCO002370	59	0	66	
MYCO002371	222	0	7	
MYCO002372	184	0	37	
MYCO002375	10	0	15	
MYCO002376	89	0	29	
MYCO002377	23	0	12	
MYCO002378	96	0	49	
MYCO002379	432	0	138	
MYCO002380	895	0	197	
MYCO002381	374	0	112	
MYCO002382	196	0	52	
MYCO002383	777	614	176	
MYCO002384	418	0	53	
MYCO002385	98	0	60	
MYCO002386	170	0	54	
MYCO002387	25	0	57	
MYCO002388	164	0	52	
MYCO002389	14	0	22	
MYCO002390	66	0	28	
MYCO002391	24	0	69	
MYCO002392	113	0	33	
MYCO002393	185	3146	35	
MYCO002394	154	0	101	
MYCO002395	404	0	79	
MYCO002396	2861	0	49	
MYCO002397	112	0	53	
MYCO002398	5	0	39	
MYCO002401	3	0	16	
MYCO002403	84	0	29	
MYCO002405	39	0	31	
MYCO002406	176	0	18	
MYCO002407	264	0	50	
MYCO002408	350	0	28	
MYCO002414	419	0	77	
MYCO002415	110	0	40	
MYCO002416	132	0	67	
MYCO002417	936	0	36	
MYCO002418	205	0	36	
MYCO002419	122	0	34	
MYCO002422	19	0	15	
MYCO002423	38	0	54	
MYCO002424	4907	0	22	
MYCO002428	90	0	34	
MYCO002429	18	0	18	
MYCO002430	37	0	30	
MYCO002431	15	1836	15	
MYCO002432	44	0	19	
MYCO002433	12	0	14	
MYCO002434	989	0	66	
MYCO002435	166	0	95	
MYCO002436	361	0	46	
MYCO002437	1179	0	17	
MYCO002438	88	0	80	
MYCO002443	45	0	81	
MYCO002444	448	0	120	
MYCO002446	12	0	19	
MYCO002449	540	0	61	
MYCO002450	367	0	41	
MYCO002451	54	0	22	
MYCO002452	0	0	14	
MYCO002453	56	0	31	
MYCO002456	77	0	48	
MYCO002458	42	0	38	
MYCO002459	66	0	69	
MYCO002463	20	0	41	
MYCO002464	135	0	52	
MYCO002468	44	0	27	
MYCO002469	59	0	37	
MYCO002471	75	0	85	
MYCO002472	6	0	14	
MYCO002473	103	0	35	
MYCO002474	185	0	34	
MYCO002475	9	0	17	
MYCO002476	1097	0	160	
MYCO002478	397	0	24	
MYCO002479	5119	0	0	
MYCO002480	616	2	20	
MYCO002481	229	0	22	
MYCO002482	254	0	118	
MYCO002483	69	0	69	
MYCO002484	42	0	89	
MYCO002485	131	0	75	
MYCO002486	247	0	32	
MYCO002487	3000	0	90	
MYCO002488	1051	0	147	
MYCO002489	94	0	18	
MYCO002490	4943	0	32	
MYCO002491	107	0	42	
MYCO002492	121	0	56	
MYCO002493	12	0	10	
MYCO002494	12	0	23	
MYCO002495	211	0	60	
MYCO002496	33	0	42	
MYCO002497	50	0	42	
MYCO002498	63	0	44	
MYCO002499	12	0	27	
MYCO002501	475	0	100	
MYCO002503	34	0	38	
MYCO002504	43	0	43	
MYCO002505	171	0	87	
MYCO002506	63	0	25	
MYCO002507	325	0	45	
MYCO002508	115	0	64	
MYCO002510	179	0	82	
MYCO002512	4985	40	9	
MYCO002513	25	0	26	
MYCO002514	48	0	30	
MYCO002515	31	0	58	
MYCO002516	19	0	32	
MYCO002517	41	0	8	
MYCO002519	681	0	81	
MYCO002520	1	0	14	
MYCO002522	485	0	78	
MYCO002525	277	0	28	
MYCO002526	1489	0	7	
MYCO002527	26	0	22	
MYCO002528	22	0	42	
MYCO002529	463	0	82	
MYCO002530	11	0	24	
MYCO002531	126	0	135	
MYCO002532	36	0	19	
MYCO002535	290	0	37	
MYCO002536	35	0	27	
MYCO002537	13	0	17	
MYCO002539	530	0	20	
MYCO002541	2116	0	14	
MYCO002542	593	0	73	
MYCO002543	1855	1432	53	
MYCO002544	1859	1464	72	
MYCO002545	1163	0	17	
MYCO002546	5	0	22	
MYCO002547	24	0	20	
MYCO002548	36	0	21	
MYCO002549	86	0	21	
MYCO002550	3	0	14	
MYCO002551	344	0	17	
MYCO002552	364	0	43	
MYCO002553	168	0	65	
MYCO002554	135	0	18	
MYCO002556	9	0	20	
MYCO002557	27	0	38	
MYCO002558	43	0	28	
MYCO002560	154	0	50	
MYCO002561	5049	0	7	
MYCO002562	5	0	34	
MYCO002563	111	0	59	
MYCO002564	42	1878	46	
MYCO002565	120	0	84	
MYCO002566	1410	0	126	
MYCO002567	134	0	107	
MYCO002569	56	0	33	
MYCO002570	645	0	26	
MYCO002571	165	0	72	
MYCO002573	133	0	50	
MYCO002574	47	0	36	
MYCO002576	69	0	29	
MYCO002577	52	0	67	
MYCO002578	158	0	48	
MYCO002579	96	0	40	
MYCO002581	4	0	23	
MYCO002584	55	0	36	
MYCO002585	270	0	80	
MYCO002586	660	0	67	
MYCO002588	3	0	18	
MYCO002590	222	0	153	
MYCO002591	2375	0	88	
MYCO002595	40	0	12	
MYCO002596	13	0	28	
MYCO002597	45	0	33	
MYCO002598	46	0	25	
MYCO002599	274	0	28	
MYCO002600	46	0	22	
MYCO002601	423	0	64	
MYCO002602	12	0	22	
MYCO002604	66	0	26	
MYCO002605	106	0	37	
MYCO002607	13	0	28	
MYCO002608	830	0	60	
MYCO002609	284	0	46	
MYCO002615	4761	0	79	
MYCO002616	66	0	29	
MYCO002617	5	0	20	
MYCO002618	291	0	28	
MYCO002619	6	0	12	
MYCO002620	9	0	17	
MYCO002621	394	0	45	
MYCO002622	84	0	42	
MYCO002623	136	0	36	
MYCO002624	266	0	49	
MYCO002625	49	0	49	
MYCO002626	13	0	22	
MYCO002627	66	0	74	
MYCO002628	84	0	33	
MYCO002629	451	0	40	
MYCO002630	14	0	33	
MYCO002631	95	0	64	
MYCO002632	6	0	12	
MYCO002633	10	0	35	
MYCO002634	2838	0	85	
MYCO002635	10	0	19	
MYCO002636	53	0	44	
MYCO002637	247	1612	37	
MYCO002638	96	0	29	
MYCO002639	38	0	18	
MYCO002640	57	0	20	
MYCO002641	12	0	25	
MYCO002642	24	0	23	
MYCO002643	254	0	92	
MYCO002644	41	0	18	
MYCO002645	1261	0	18	
MYCO002646	867	0	51	
MYCO002647	592	0	14	
MYCO002648	616	2	20	
MYCO002649	5119	0	0	
MYCO002650	999	537	137	
MYCO002651	209	1012	41	
MYCO002652	594	0	49	
MYCO002653	506	0	30	
MYCO002654	2652	0	12	
MYCO002655	1489	0	56	
MYCO002656	413	800	27	
MYCO002657	606	0	17	
MYCO002658	479	0	14	
MYCO002659	513	0	42	
MYCO002660	12	0	16	
MYCO002661	24	0	16	
MYCO002662	9	0	15	
MYCO002663	4	0	16	
MYCO002664	22	0	13	
MYCO002665	311	0	17	
MYCO002666	5004	0	10	
MYCO002667	48	0	24	
MYCO002668	466	0	23	
MYCO002669	32	0	24	
MYCO002671	83	0	30	
MYCO002672	324	0	70	
MYCO002674	4	0	17	
MYCO002675	21	0	54	
MYCO002677	1454	0	46	
MYCO002679	134	0	40	
MYCO002680	552	0	36	
MYCO002681	659	0	53	
MYCO002683	7	0	24	
MYCO002684	37	391	62	
MYCO002685	373	0	50	
MYCO002686	36	0	34	
MYCO002687	48	0	40	
MYCO002688	104	0	50	
MYCO002689	164	0	57	
MYCO002690	114	0	52	
MYCO002691	11	0	29	
MYCO002692	36	0	28	
MYCO002693	18	0	27	
MYCO002694	10	0	33	
MYCO002695	468	0	28	
MYCO002698	9	0	23	
MYCO002700	3166	0	22	
MYCO002701	49	0	53	
MYCO002704	15	0	19	
MYCO002705	13	0	20	
MYCO002706	100	0	15	
MYCO002707	37	0	40	
MYCO002709	461	0	36	
MYCO002712	297	0	70	
MYCO002713	99	0	76	
MYCO002716	23	0	30	
MYCO002717	199	0	20	
MYCO002718	16	0	17	
MYCO002719	460	0	38	
MYCO002721	1100	0	90	
MYCO002722	8	0	17	
MYCO002723	40	0	60	
MYCO002728	85	0	33	
MYCO002729	50	0	50	
MYCO002730	10	0	24	
MYCO002732	80	0	44	
MYCO002734	25	0	38	
MYCO002735	744	0	44	
MYCO002736	148	0	26	
MYCO002737	21	0	85	
MYCO002738	343	0	10	
MYCO002739	1362	0	28	
MYCO002740	17	0	28	
MYCO002741	3409	0	68	
MYCO002742	208	0	33	
MYCO002743	388	0	39	
MYCO002745	5	0	26	
MYCO002746	203	0	26	
MYCO002747	28	0	19	
MYCO002749	30	0	15	
MYCO002751	34	0	37	
MYCO002752	109	0	127	
MYCO002755	14	0	10	
MYCO002756	58	0	81	
MYCO002757	55	0	26	
MYCO002758	9	0	12	
MYCO002759	44	0	20	
MYCO002760	130	0	15	
MYCO002761	31	0	63	
MYCO002762	321	0	34	
MYCO002763	38	0	16	
MYCO002765	290	0	35	
MYCO002766	63	0	30	
MYCO002767	17	0	27	
MYCO002768	454	0	64	
MYCO002769	870	0	44	
MYCO002770	186	0	65	
MYCO002771	34	0	20	
MYCO002772	49	0	26	
MYCO002774	928	0	16	
MYCO002775	117	0	25	
MYCO002776	28	0	41	
MYCO002777	519	0	45	
MYCO002778	18	0	27	
MYCO002779	51	0	34	
MYCO002780	173	0	49	
MYCO002781	768	0	55	
MYCO002784	11	0	22	
MYCO002786	9	0	44	
MYCO002787	298	0	105	
MYCO002789	62	0	53	
MYCO002790	370	0	58	
MYCO002791	106	2562	58	
MYCO002792	104	0	34	
MYCO002793	505	0	32	
MYCO002796	49	0	36	
MYCO002797	263	0	63	
MYCO002798	6	0	17	
MYCO002799	118	0	43	
MYCO002800	938	0	81	
MYCO002801	67	0	14	
MYCO002802	971	0	57	
MYCO002803	50	0	21	
MYCO002804	110	0	35	
MYCO002805	75	0	22	
MYCO002806	31	0	7	
MYCO002807	1353	0	47	
MYCO002808	291	0	10	
MYCO002809	71	0	15	
MYCO002810	5119	0	0	
MYCO002811	903	0	32	
MYCO002812	632	0	74	
MYCO002813	451	0	39	
MYCO002814	5119	0	0	
MYCO002815	616	2	20	
MYCO002816	1214	0	14	
MYCO002817	1299	0	38	
MYCO002818	1450	0	29	
MYCO002819	1296	0	42	
MYCO002820	1206	0	43	
MYCO002821	63	0	32	
MYCO002822	21	0	17	
MYCO002823	93	0	106	
MYCO002824	34	0	52	
MYCO002825	3954	0	29	
MYCO002826	54	0	37	
MYCO002827	28	0	28	
MYCO002829	137	0	20	
MYCO002830	7	0	14	
MYCO002831	216	0	36	
MYCO002832	161	0	63	
MYCO002833	299	0	62	
MYCO002834	36	0	42	
MYCO002835	29	0	50	
MYCO002836	311	0	67	
MYCO002837	132	0	35	
MYCO002840	7	0	20	
MYCO002842	4	0	23	
MYCO002843	204	0	15	
MYCO002844	23	0	23	
MYCO002845	219	0	59	
MYCO002848	1291	0	47	
MYCO002849	44	0	39	
MYCO002850	1557	0	97	
MYCO002851	22	0	22	
MYCO002852	130	0	71	
MYCO002853	2219	0	101	
MYCO002854	41	0	48	
MYCO002855	247	0	55	
MYCO002856	41	0	38	
MYCO002857	14	0	27	
MYCO002858	491	0	73	
MYCO002859	1579	0	52	
MYCO002860	38	0	54	
MYCO002862	17	0	24	
MYCO002863	9	0	15	
MYCO002865	9	0	12	
MYCO002866	11	0	10	
MYCO002867	584	0	44	
MYCO002869	33	0	56	
MYCO002871	895	0	11	
MYCO002872	77	0	26	
MYCO002873	11	0	23	
MYCO002874	256	0	98	
MYCO002875	147	0	23	
MYCO002876	3	0	27	
MYCO002877	154	0	47	
MYCO002878	18	0	23	
MYCO002879	5119	0	0	
MYCO002880	4751	0	7	
MYCO002881	10	0	33	
MYCO002884	122	0	35	
MYCO002885	217	876	79	
MYCO002886	128	0	42	
MYCO002887	30	0	18	
MYCO002888	433	0	60	
MYCO002891	890	0	39	
MYCO002892	286	0	57	
MYCO002893	67	0	63	
MYCO002895	213	0	41	
MYCO002896	393	0	62	
MYCO002897	314	0	81	
MYCO002898	16	0	25	
MYCO002899	9	0	32	
MYCO002900	57	0	85	
MYCO002903	63	0	41	
MYCO002905	43	0	57	
MYCO002906	18	0	20	
MYCO002907	107	0	21	
MYCO002908	40	0	9	
MYCO002910	9	0	27	
MYCO002911	126	0	38	
MYCO002912	26	0	20	
MYCO002913	115	0	95	
MYCO002914	328	0	71	
MYCO002920	119	0	84	
MYCO002922	924	0	110	
MYCO002923	57	0	22	
MYCO002924	80	0	36	
MYCO002925	25	0	27	
MYCO002926	8	0	33	
MYCO002928	21	0	30	
MYCO002929	23	0	21	
MYCO002930	48	0	62	
MYCO002931	4602	0	98	
MYCO002932	1415	0	164	
MYCO002933	1301	0	172	
MYCO002934	1473	0	178	
MYCO002935	713	0	160	
MYCO002936	37	0	41	
MYCO002937	15	0	28	
MYCO002938	13	0	29	
MYCO002939	24	2413	45	
MYCO002940	280	0	234	
MYCO002941	37	0	79	
MYCO002942	119	0	133	
MYCO002943	189	0	68	
MYCO002944	30	0	46	
MYCO002945	3	0	29	
MYCO002946	947	0	197	
MYCO002947	2607	0	28	
MYCO002948	105	0	105	
MYCO002949	111	0	39	
MYCO002950	196	0	85	
MYCO002951	140	0	48	
MYCO002952	19	0	34	
MYCO002953	54	0	60	
MYCO002954	47	0	37	
MYCO002955	190	0	60	
MYCO002956	29	0	46	
MYCO002957	61	0	44	
MYCO002958	222	0	67	
MYCO002959	649	0	41	
MYCO002960	21	0	19	
MYCO002961	18	0	12	
MYCO002962	575	0	50	
MYCO002963	654	0	50	
MYCO002964	70	0	42	
MYCO002966	185	0	14	
MYCO002968	21	0	20	
MYCO002969	42	0	30	
MYCO002970	83	0	47	
MYCO002971	106	0	39	
MYCO002972	22	0	38	
MYCO002973	199	0	63	
MYCO002974	618	0	76	
MYCO002975	2501	0	7	
MYCO002977	316	0	30	
MYCO002978	105	2213	59	
MYCO002979	25	0	30	
MYCO002980	442	0	28	
MYCO002983	584	0	33	
MYCO002985	70	0	53	
MYCO002986	67	0	30	
MYCO002987	26	0	18	
MYCO002989	491	0	32	
MYCO002990	28	0	38	
MYCO002991	37	0	22	
MYCO002994	557	0	52	
MYCO002997	484	0	54	
MYCO002998	9	0	18	
MYCO002999	40	0	55	
MYCO003000	45	0	30	
MYCO003002	4	0	21	
MYCO003004	30	0	17	
MYCO003005	39	0	24	
MYCO003007	472	0	27	
MYCO003008	49	0	34	
MYCO003012	10	0	11	
MYCO003013	440	0	27	
MYCO003015	290	0	49	
MYCO003016	31	0	21	
MYCO003017	549	0	23	
MYCO003018	3922	0	33	
MYCO003019	1	90	30	
MYCO003020	21	18	21	
MYCO003021	5098	0	7	
MYCO003022	5119	0	0	
MYCO003023	4985	39	8	
MYCO003026	84	0	50	
MYCO003030	132	0	33	
MYCO003033	13	0	28	
MYCO003035	241	0	38	
MYCO003036	16	0	35	
MYCO003037	318	0	59	
MYCO003039	137	0	34	
MYCO003040	254	0	42	
MYCO003041	18	0	32	
MYCO003044	346	0	59	
MYCO003046	18	0	18	
MYCO003047	151	0	21	
MYCO003050	24	0	38	
MYCO003055	35	1595	31	
MYCO003056	49	0	63	
MYCO003058	8	0	29	
MYCO003059	62	0	55	
MYCO003060	867	0	88	
MYCO003061	511	0	90	
MYCO003062	1392	0	70	
MYCO003063	186	0	135	
MYCO003064	100	0	27	
MYCO003065	143	0	15	
MYCO003066	230	0	30	
MYCO003067	22	0	26	
MYCO003068	74	0	76	
MYCO003069	5	0	19	
MYCO003070	7	0	15	
MYCO003071	135	0	59	
MYCO003072	23	0	34	
MYCO003073	13	0	26	
MYCO003074	1541	1818	53	
MYCO003075	26	0	32	
MYCO003076	13	0	21	
MYCO003077	338	0	103	
MYCO003078	34	0	19	
MYCO003079	475	0	26	
MYCO003080	585	0	159	
MYCO003081	179	0	49	
MYCO003082	34	0	49	
MYCO003083	288	0	89	
MYCO003084	613	0	41	
MYCO003086	163	0	37	
MYCO003087	305	0	82	
MYCO003088	185	0	70	
MYCO003089	204	0	68	
MYCO003090	170	1232	52	
MYCO003091	249	0	74	
MYCO003092	531	0	51	
MYCO003093	1237	0	39	
MYCO003094	544	0	57	
MYCO003095	6	0	27	
MYCO003096	47	0	59	
MYCO003097	97	0	68	
MYCO003098	30	0	27	
MYCO003099	99	0	46	
MYCO003103	24	0	24	
MYCO003104	32	0	44	
MYCO003106	72	0	60	
MYCO003107	91	0	78	
MYCO003108	33	0	27	
MYCO003109	93	0	68	
MYCO003110	17	0	14	
MYCO003111	35	0	43	
MYCO003112	35	0	16	
MYCO003113	1114	0	39	
MYCO003114	86	0	27	
MYCO003115	4985	39	8	
MYCO003116	153	0	60	
MYCO003119	44	0	30	
MYCO003120	53	0	33	
MYCO003121	129	0	60	
MYCO003122	52	0	23	
MYCO003123	29	0	24	
MYCO003124	100	0	45	
MYCO003125	747	0	48	
MYCO003126	27	0	17	
MYCO003127	44	0	59	
MYCO003128	5119	0	0	
MYCO003129	481	0	9	
MYCO003130	60	0	70	
MYCO003131	61	0	38	
MYCO003132	130	0	76	
MYCO003133	10	0	16	
MYCO003134	44	0	43	
MYCO003135	3175	0	8	
MYCO003136	100	0	43	
MYCO003137	33	0	37	
MYCO003138	68	0	66	
MYCO003141	218	0	40	
MYCO003142	702	0	25	
MYCO003143	7	0	13	
MYCO003144	852	0	57	
MYCO003145	20	0	11	
MYCO003146	4	0	22	
MYCO003147	36	0	12	
MYCO003148	31	0	49	
MYCO003149	49	0	31	
MYCO003150	464	0	38	
MYCO003151	1037	0	84	
MYCO003152	7	0	44	
MYCO003153	97	0	30	
MYCO003154	11	0	38	
MYCO003155	7	0	15	
MYCO003156	71	0	69	
MYCO003157	126	0	80	
MYCO003158	25	0	69	
MYCO003159	2624	0	80	
MYCO003160	16	0	22	
MYCO003161	392	0	75	
MYCO003162	64	0	15	
MYCO003163	27	0	45	
MYCO003164	27	0	27	
MYCO003165	99	0	19	
MYCO003166	537	0	46	
MYCO003167	46	0	36	
MYCO003168	182	0	70	
MYCO003169	638	0	57	
MYCO003170	531	0	53	
MYCO003171	39	0	62	
MYCO003172	6	0	28	
MYCO003173	11	0	33	
MYCO003174	18	0	52	
MYCO003175	1399	0	60	
MYCO003176	119	0	51	
MYCO003177	40	0	33	
MYCO003178	50	0	21	
MYCO003179	407	0	60	
MYCO003180	31	0	22	
MYCO003181	143	0	20	
MYCO003182	27	0	11	
MYCO003183	209	0	16	
MYCO003184	616	2	20	
MYCO003185	5119	0	0	
MYCO003186	616	2	20	
MYCO003187	5119	0	0	
MYCO003188	22	0	17	
MYCO003189	52	0	28	
MYCO003190	173	0	58	
MYCO003191	61	0	51	
MYCO003192	64	0	32	
MYCO003196	85	0	47	
MYCO003199	427	0	51	
MYCO003200	25	0	57	
MYCO003201	882	0	122	
MYCO003202	712	0	144	
MYCO003203	35	0	42	
MYCO003204	1	0	16	
MYCO003209	14	0	33	
MYCO003210	15	0	26	
MYCO003212	595	0	57	
MYCO003215	32	0	56	
MYCO003216	5119	0	0	
MYCO003217	322	0	20	
MYCO003218	25	0	45	
MYCO003222	69	0	23	
MYCO003224	254	0	44	
MYCO003225	90	0	62	
MYCO003226	42	0	39	
MYCO003227	275	0	65	
MYCO003230	130	0	55	
MYCO003231	63	0	22	
MYCO003232	16	0	35	
MYCO003233	7	0	34	
MYCO003234	2550	0	24	
MYCO003235	390	0	34	
MYCO003236	298	0	54	
MYCO003237	11	0	29	
MYCO003238	18	0	36	
MYCO003239	2593	0	97	
MYCO003242	97	0	36	
MYCO003243	78	0	38	
MYCO003244	394	0	65	
MYCO003247	54	0	25	
MYCO003249	196	0	28	
MYCO003250	5	0	9	
MYCO003251	6	0	9	
MYCO003253	64	0	58	
MYCO003254	112	0	67	
MYCO003256	660	0	52	
MYCO003259	27	0	8	
MYCO003260	1	0	15	
MYCO003263	189	0	67	
MYCO003266	151	0	42	
MYCO003268	131	0	38	
MYCO003269	15	0	9	
MYCO003270	321	0	84	
MYCO003271	32	0	35	
MYCO003272	107	0	60	
MYCO003273	19	0	96	
MYCO003278	15	0	21	
MYCO003279	18	0	37	
MYCO003281	4918	0	10	
MYCO003282	19	0	44	
MYCO003283	22	0	48	
MYCO003284	49	0	19	
MYCO003286	520	0	41	
MYCO003287	15	0	12	
MYCO003288	6	0	18	
MYCO003289	38	0	27	
MYCO003291	26	0	16	
MYCO003292	234	0	62	
MYCO003293	631	0	62	
MYCO003294	16	0	38	
MYCO003295	25	0	29	
MYCO003297	98	0	43	
MYCO003298	278	0	30	
MYCO003299	794	0	157	
MYCO003300	70	0	42	
MYCO003301	25	0	36	
MYCO003307	162	0	39	
MYCO003308	611	0	75	
MYCO003309	21	0	26	
MYCO003310	32	0	41	
MYCO003311	54	0	58	
MYCO003312	32	0	40	
MYCO003314	122	0	46	
MYCO003315	13	0	24	
MYCO003316	4	0	10	
MYCO003320	49	0	20	
MYCO003321	2	0	7	
MYCO003322	21	0	31	
MYCO003323	284	0	39	
MYCO003324	271	0	25	
MYCO003325	616	2	20	
MYCO003326	5119	0	0	
MYCO003327	5061	0	7	
MYCO003331	455	0	64	
MYCO003332	417	0	64	
MYCO003333	1237	0	36	
MYCO003334	9	0	26	
MYCO003335	93	0	37	
MYCO003337	584	0	21	
MYCO003338	55	0	39	
MYCO003339	73	0	53	
MYCO003342	367	0	20	
MYCO003343	5106	0	13	
MYCO003344	5119	0	0	
MYCO003345	5095	0	11	
MYCO003346	1597	1	19	
MYCO003347	3966	0	216	
MYCO003348	137	5	29	
MYCO003349	2660	0	27	
MYCO003350	4237	0	218	
MYCO003351	667	0	33	
MYCO003352	645	0	15	
MYCO003353	622	0	10	
MYCO003354	621	0	18	
MYCO003355	641	1	17	
MYCO003357	14	0	16	
MYCO003358	4	0	10	
MYCO003359	306	0	41	
MYCO003360	763	0	15	
MYCO003361	63	0	34	
MYCO003362	63	0	36	
MYCO003363	290	0	20	
MYCO003364	68	0	18	
MYCO003365	4628	0	26	
MYCO003366	51	0	24	
MYCO003367	2337	0	82	
MYCO003368	122	0	32	
MYCO003369	171	0	18	
MYCO003370	1086	0	118	
MYCO003371	483	0	72	
MYCO003372	304	0	56	
MYCO003373	616	0	26	
MYCO003374	6	0	13	
MYCO003375	209	0	73	
MYCO003376	22	0	31	
MYCO003377	368	0	76	
MYCO003378	129	0	64	
MYCO003379	82	0	82	
MYCO003380	5119	0	0	
MYCO003381	616	2	20	
MYCO003382	179	0	38	
MYCO003383	1106	0	73	
MYCO003384	57	0	18	
MYCO003385	105	0	11	
MYCO003386	249	0	39	
MYCO003387	19	0	35	
MYCO003388	3823	0	59	
MYCO003389	402	0	58	
MYCO003390	29	0	48	
MYCO003391	312	0	104	
MYCO003393	95	0	38	
MYCO003394	1468	0	57	
MYCO003395	126	0	37	
MYCO003397	23	0	34	
MYCO003398	122	0	61	
MYCO003399	41	0	41	
MYCO003400	155	0	25	
MYCO003401	558	0	108	
MYCO003402	156	0	51	
MYCO003403	71	0	93	
MYCO003404	43	0	43	
MYCO003405	8	0	26	
MYCO003406	158	0	44	
MYCO003407	13	0	8	
MYCO003408	5	0	16	
MYCO003413	431	0	33	
MYCO003414	24	0	33	
MYCO003415	406	0	46	
MYCO003416	48	0	13	
MYCO003420	105	0	22	
MYCO003421	1228	0	45	
MYCO003423	54	0	71	
MYCO003424	332	3	27	
MYCO003425	236	1374	56	
MYCO003426	5008	0	3	
MYCO003427	1428	0	28	
MYCO003428	4861	0	7	
MYCO003429	236	1144	54	
MYCO003430	355	0	89	
MYCO003431	71	0	36	
MYCO003434	232	0	51	
MYCO003435	21	0	64	
MYCO003437	215	0	28	
MYCO003438	64	0	43	
MYCO003439	899	0	69	
MYCO003440	57	0	24	
MYCO003444	18	0	19	
MYCO003445	30	0	20	
MYCO003446	931	0	75	
MYCO003447	442	0	159	
MYCO003448	246	0	69	
MYCO003449	192	0	78	
MYCO003450	736	0	83	
MYCO003451	82	0	54	
MYCO003452	591	0	38	
MYCO003453	3175	0	5	
MYCO003454	82	0	69	
MYCO003463	146	0	39	
MYCO003465	9	0	26	
MYCO003466	4932	49	49	
MYCO003467	4964	69	29	
MYCO003468	76	0	57	
MYCO003469	27	0	56	
MYCO003470	259	0	93	
MYCO003471	40	0	25	
MYCO003472	34	0	29	
MYCO003473	31	0	46	
MYCO003474	616	2	20	
MYCO003475	5119	0	0	
MYCO003476	59	0	68	
MYCO003477	125	0	14	
MYCO003478	2555	284	350	
MYCO003479	256	0	156	
MYCO003480	262	0	80	
MYCO003481	60	0	29	
MYCO003482	38	0	39	
MYCO003483	1131	0	37	
MYCO003484	122	0	66	
MYCO003485	676	0	46	
MYCO003486	316	0	18	
MYCO003487	1109	0	43	
MYCO003488	162	0	13	
MYCO003489	4	0	8	
MYCO003491	15	0	34	
MYCO003492	2	0	25	
MYCO003493	393	0	29	
MYCO003494	1075	0	61	
MYCO003495	32	0	45	
MYCO003496	330	0	47	
MYCO003497	15	0	52	
MYCO003498	115	0	46	
MYCO003499	15	0	47	
MYCO003502	43	0	36	
MYCO003503	0	0	8	
MYCO003505	153	0	49	
MYCO003506	101	0	97	
MYCO003507	4784	0	85	
MYCO003508	5116	0	3	
MYCO003509	513	0	80	
MYCO003510	175	0	42	
MYCO003511	5108	0	5	
MYCO003512	5119	0	0	
MYCO003513	4870	0	16	
MYCO003514	5118	0	1	
MYCO003515	4593	0	28	
MYCO003516	767	0	34	
MYCO003517	1125	0	34	
MYCO003518	153	0	46	
MYCO003519	28	0	37	
MYCO003521	42	0	40	
MYCO003522	13	0	51	
MYCO003523	466	0	40	
MYCO003524	64	0	67	
MYCO003525	302	0	24	
MYCO003526	13	0	38	
MYCO003527	9	0	28	
MYCO003528	72	0	56	
MYCO003529	587	0	61	
MYCO003530	32	1871	40	
MYCO003531	108	0	66	
MYCO003532	406	0	65	
MYCO003533	1551	0	88	
MYCO003534	75	0	43	
MYCO003535	1264	0	36	
MYCO003536	19	0	37	
MYCO003537	35	0	61	
MYCO003538	8	0	36	
MYCO003539	638	0	65	
MYCO003540	431	0	49	
MYCO003541	3	0	19	
MYCO003542	124	0	40	
MYCO003543	111	0	45	
MYCO003544	56	0	45	
MYCO003545	35	0	75	
MYCO003546	114	0	44	
MYCO003547	60	0	34	
MYCO003548	27	0	27	
MYCO003549	172	0	40	
MYCO003550	74	0	31	
MYCO003551	72	0	33	
MYCO003552	11	0	28	
MYCO003553	519	0	37	
MYCO003554	97	0	114	
MYCO003555	747	0	39	
MYCO003556	144	0	36	
MYCO003557	0	0	29	
MYCO003558	1213	0	69	
MYCO003559	307	0	33	
MYCO003560	158	0	53	
MYCO003561	789	0	72	
MYCO003562	86	0	57	
MYCO003563	205	0	47	
MYCO003564	703	0	31	
MYCO003565	97	0	69	
MYCO003566	156	0	46	
MYCO003567	52	0	22	
MYCO003568	572	0	30	
MYCO003569	435	0	35	
MYCO003572	42	0	28	
MYCO003573	519	0	85	
MYCO003574	78	0	23	
MYCO003575	135	0	40	
MYCO003576	80	0	39	
MYCO003577	85	0	34	
MYCO003578	406	0	69	
MYCO003581	16	0	24	
MYCO003582	38	0	35	
MYCO003584	18	0	23	
MYCO003585	55	0	67	
MYCO003586	21	0	51	
MYCO003587	237	0	42	
MYCO003588	69	0	16	
MYCO003590	3541	0	57	
MYCO003591	31	0	49	
MYCO003593	4	0	73	
MYCO003594	87	0	47	
MYCO003595	2290	0	58	
MYCO003597	337	0	14	
MYCO003599	217	0	6	
MYCO003602	776	0	42	
MYCO003603	273	0	44	
MYCO003604	1084	0	64	
MYCO003605	350	0	21	
MYCO003606	18	0	26	
MYCO003607	182	0	19	
MYCO003608	57	0	38	
MYCO003611	5071	0	5	
MYCO003612	52	0	20	
MYCO003613	4	0	8	
MYCO003614	8	0	42	
MYCO003615	8	0	11	
MYCO003616	81	0	67	
MYCO003617	129	0	48	
MYCO003618	114	0	47	
MYCO003619	447	2403	136	
MYCO003620	2877	578	109	
MYCO003621	758	0	52	
MYCO003622	138	0	15	
MYCO003623	288	0	39	
MYCO003625	315	0	46	
MYCO003626	407	0	48	
MYCO003627	74	0	73	
MYCO003629	47	0	59	
MYCO003630	21	1241	59	
MYCO003631	12	0	28	
MYCO003632	5	0	10	
MYCO003633	82	0	52	
MYCO003634	146	0	35	
MYCO003635	183	0	88	
MYCO003636	16	0	24	
MYCO003637	82	0	31	
MYCO003638	20	0	42	
MYCO003639	471	0	37	
MYCO003640	199	0	60	
MYCO003641	19	0	31	
MYCO003642	9	0	14	
MYCO003643	6	0	11	
MYCO003645	1061	0	67	
MYCO003649	762	0	116	
MYCO003650	111	0	15	
MYCO003651	485	0	48	
MYCO003652	1162	0	20	
MYCO003653	3008	0	34	
MYCO003654	629	0	26	
MYCO003655	5116	0	1	
MYCO003656	25	0	14	
MYCO003657	1549	1241	27	
MYCO003658	556	0	43	
MYCO003659	1024	0	52	
MYCO003660	226	0	69	
MYCO003661	77	0	29	
MYCO003662	1398	0	47	
MYCO003663	524	0	83	
MYCO003664	19	0	48	
MYCO003665	14	0	53	
MYCO003666	144	1367	65	
MYCO003667	379	0	101	
MYCO003669	10	0	26	
MYCO003671	26	0	56	
MYCO003672	81	0	40	
MYCO003673	185	0	33	
MYCO003675	1	0	21	
MYCO003678	16	0	25	
MYCO003681	23	0	25	
MYCO003685	142	0	75	
MYCO003686	95	0	16	
MYCO003687	23	0	20	
MYCO003688	36	0	30	
MYCO003689	261	0	99	
MYCO003690	477	0	25	
MYCO003691	108	0	59	
MYCO003692	84	0	46	
MYCO003693	1752	0	56	
MYCO003694	16	0	45	
MYCO003697	40	0	28	
MYCO003698	209	0	82	
MYCO003699	48	0	38	
MYCO003700	775	0	54	
MYCO003701	167	0	49	
MYCO003702	38	0	43	
MYCO003703	86	0	74	
MYCO003704	88	0	64	
MYCO003706	245	0	16	
MYCO003714	85	0	55	
MYCO003716	346	0	23	
MYCO003723	34	0	37	
MYCO003725	2506	0	23	
MYCO003726	386	0	59	
MYCO003727	331	0	101	
MYCO003728	3235	0	96	
MYCO003729	479	0	126	
MYCO003730	15	0	56	
MYCO003731	19	0	61	
MYCO003732	133	0	58	
MYCO003733	18	0	29	
MYCO003734	92	0	78	
MYCO003735	22	0	31	
MYCO003736	95	0	68	
MYCO003737	951	0	79	
MYCO003738	1765	0	45	
MYCO003739	1242	0	15	
MYCO003740	149	0	68	
MYCO003741	32	0	46	
MYCO003742	16	0	29	
MYCO003743	215	0	120	
MYCO003744	7	0	25	
MYCO003745	20	1604	12	
MYCO003746	14	0	25	
MYCO003747	30	0	16	
MYCO003748	27	0	22	
MYCO003749	37	0	25	
MYCO003750	17	0	18	
MYCO003751	16	0	14	
MYCO003752	398	0	15	
MYCO003753	599	0	19	
MYCO003754	311	0	41	
MYCO003755	19	0	25	
MYCO003756	28	0	44	
MYCO003757	200	0	47	
MYCO003758	60	0	47	
MYCO003759	40	0	70	
MYCO003760	34	0	12	
MYCO003761	205	0	43	
MYCO003762	28	0	108	
MYCO003763	43	0	31	
MYCO003764	60	0	66	
MYCO003766	142	0	41	
MYCO003767	134	0	43	
MYCO003768	127	0	18	
MYCO003769	114	0	21	
MYCO003770	145	0	29	
MYCO003771	50	0	29	
MYCO003772	81	0	51	
MYCO003773	125	0	32	
MYCO003776	947	0	85	
MYCO003779	583	0	98	
MYCO003784	301	0	63	
MYCO003785	2240	0	43	
MYCO003786	409	0	62	
MYCO003787	118	0	56	
MYCO003788	15	0	25	
MYCO003789	4	0	19	
MYCO003792	278	0	112	
MYCO003796	35	0	68	
MYCO003797	263	0	103	
MYCO003798	2744	51	37	
MYCO003800	1090	0	215	
MYCO003803	85	0	50	
MYCO003805	46	0	85	
MYCO003807	197	0	23	
MYCO003810	1412	0	35	
MYCO003811	219	0	78	
MYCO003812	1958	0	67	
MYCO003813	137	0	37	
MYCO003814	59	0	31	
MYCO003815	164	0	39	
MYCO003817	421	0	41	
MYCO003818	77	0	67	
MYCO003819	41	0	24	
MYCO003820	225	0	88	
MYCO003821	22	0	43	
MYCO003822	92	0	83	
MYCO003823	66	0	176	
MYCO003824	100	0	104	
MYCO003825	300	0	332	
MYCO003826	99	0	113	
MYCO003827	213	0	96	
MYCO003828	4	1968	24	
MYCO003829	1067	0	101	
MYCO003830	1191	0	46	
MYCO003831	24	0	44	
MYCO003832	151	0	42	
MYCO003833	635	0	54	
MYCO003836	581	0	30	
MYCO003837	48	0	54	
MYCO003838	167	0	59	
MYCO003839	15	0	50	
MYCO003840	83	0	40	
MYCO003841	12	0	36	
MYCO003843	447	0	59	
MYCO003844	137	5	29	
MYCO003845	3753	0	10	
MYCO003846	15	0	33	
MYCO003848	126	0	71	
MYCO003850	86	0	42	
MYCO003851	75	0	17	
MYCO003852	66	0	24	
MYCO003853	8	0	21	
MYCO003854	242	0	155	
MYCO003855	11	0	46	
MYCO003856	113	0	70	
MYCO003857	14	0	7	
MYCO003860	571	0	93	
MYCO003861	149	0	34	
MYCO003862	79	0	78	
MYCO003863	239	0	70	
MYCO003864	158	0	90	
MYCO003865	66	0	20	
MYCO003866	159	0	46	
MYCO003867	118	0	34	
MYCO003868	239	0	85	
MYCO003869	664	0	104	
MYCO003870	64	0	152	
MYCO003871	383	0	120	
MYCO003872	250	0	18	
MYCO003873	261	0	65	
MYCO003874	51	0	15	
MYCO003875	15	0	18	
MYCO003876	2294	0	97	
MYCO003877	64	0	123	
MYCO003878	624	0	53	
MYCO003879	2217	0	143	
MYCO003880	6	0	22	
MYCO003881	556	0	120	
MYCO003882	639	0	122	
MYCO003883	64	0	100	
MYCO003884	282	0	113	
MYCO003885	183	0	131	
MYCO003886	1747	0	77	
MYCO003887	534	0	97	
MYCO003888	149	0	93	
MYCO003889	348	0	81	
MYCO003890	108	0	21	
MYCO003891	27	0	33	
MYCO003892	1161	0	88	
MYCO003893	100	0	22	
MYCO003894	1455	0	250	
MYCO003895	1370	0	83	
MYCO003896	302	0	75	
MYCO003897	5076	0	2	
MYCO003898	2513	0	11	
MYCO003899	1447	0	80	
MYCO003900	804	0	106	
MYCO003901	94	0	40	
MYCO003902	26	0	43	
MYCO003903	1618	0	153	
MYCO003904	16	0	29	
MYCO003905	38	0	27	
MYCO003906	66	0	47	
MYCO003909	272	0	158	
MYCO003910	339	0	303	
MYCO003911	5109	0	5	
MYCO003912	239	0	86	
MYCO003914	7	0	25	
MYCO003916	5	0	71	
MYCO003919	293	0	224	
MYCO003922	4	0	36	
MYCO003923	9	0	36	
MYCO010064	14	0	11	
MYCO010078	14	0	45	
MYCO010157	2	0	7	
MYCO010186	51	0	9	
MYCO010192	1164	0	16	
MYCO010236	39	0	6	
MYCO010277	5119	0	0	
MYCO010397	6	2514	14	
MYCO010456	14	0	16	
MYCO010470	730	0	17	
MYCO010492	47	0	14	
MYCO010500	237	0	6	
MYCO010530	9	0	10	
MYCO010590	30	0	8	
MYCO010609	17	0	12	
MYCO010616	2	0	20	
MYCO010634	11	0	13	
MYCO010691	3	0	9	
MYCO010724	5119	0	0	
MYCO010749	13	0	9	
MYCO010755	93	0	6	
MYCO010787	42	0	7	
MYCO010959	8	0	9	
MYCO011028	3	0	8	
MYCO011087	40	0	8	
MYCO011089	6	0	8	
MYCO011116	23	0	11	
MYCO011135	4	0	22	
MYCO011159	9	0	13	
MYCO011290	47	0	14	
MYCO011322	17	0	30	
MYCO011366	18	0	12	
MYCO011473	39	0	13	
MYCO011489	135	0	10	
MYCO011498	78	0	15	
MYCO011507	94	0	39	
MYCO011508	43	0	12	
MYCO011638	338	0	15	
MYCO011706	8	0	9	
MYCO011765	43	0	15	
MYCO011888	2	0	14	
MYCO011954	22	0	12	
MYCO011962	1	3023	16	
MYCO011982	15	0	8	
MYCO011990	54	0	19	
MYCO011991	1	0	9	
MYCO012023	50	0	56	
MYCO012063	138	0	20	
MYCO012077	156	0	18	
MYCO012142	3	0	13	
MYCO012160	2781	0	12	
MYCO012219	6	0	18	
MYCO012231	40	0	26	
MYCO012237	31	0	11	
MYCO012250	5116	0	1	
MYCO012274	188	0	15	
MYCO012306	44	0	32	
MYCO012307	9	0	5	
MYCO012309	8	0	19	
MYCO012331	5	0	11	
MYCO012395	20	0	10	
MYCO012401	25	0	6	
MYCO012427	5119	0	0	
MYCO012438	9	0	18	
MYCO012468	1	0	13	
MYCO012530	4	0	15	
MYCO012548	12	0	14	
MYCO012601	4	0	12	
MYCO012614	590	0	14	
MYCO012737	15	0	11	
MYCO012801	3	0	10	
MYCO012828	920	0	16	
MYCO012862	5119	0	0	
MYCO012922	19	0	16	
MYCO012943	25	0	32	
MYCO012970	24	0	6	
MYCO012998	5	0	16	
MYCO013018	1912	3	8	
MYCO013022	803	0	12	
MYCO013032	24	0	18	
MYCO013098	15	0	20	
MYCO013136	6	0	26	
MYCO013190	185	0	11	
MYCO013196	5	0	7	
MYCO013197	51	0	14	
MYCO013198	7	0	15	
MYCO013208	7	0	16	
MYCO013221	2	0	15	
MYCO013224	20	0	17	
MYCO013312	69	0	21	
MYCO013324	5119	0	0	
MYCO013395	190	0	28	
MYCO013566	5	0	17	
MYCO013697	53	0	13	
MYCO013705	42	0	26	
MYCO013724	574	0	10	
MYCO013770	6	0	11	
MYCO020078	3	0	21	
MYCO020456	5119	0	0	
MYCO020500	0	0	5	
MYCO022231	3643	0	17	
MYCO022306	82	0	21	
MYCO022307	61	0	26	
MYCO022395	53	0	16	
MYCO023224	35	0	11	
MYCO023724	606	0	28	
MYCO023770	8	0	12	
MYCO032307	0	0	9	
