GbGDiv simplified results table from 'accumulate-29.txt' records table.
Isolate records read from table: 7414

Locus	Missing	Paralogous	CountNuc
id	0	0	7414	
isolate	0	0	7413	
rMLST_database_accession	0	0	7414	
BACT000001	20	0	102	
BACT000002	210	0	39	
BACT000003	725	0	45	
BACT000004	40	0	32	
BACT000005	123	0	36	
BACT000006	7	0	19	
BACT000007	16	0	21	
BACT000008	30	0	28	
BACT000009	32	0	32	
BACT000010	3	0	14	
BACT000011	59	0	26	
BACT000012	4	0	24	
BACT000013	18	0	29	
BACT000014	3	6817	2	
BACT000015	10	0	9	
BACT000016	55	0	35	
BACT000017	25	0	22	
BACT000018	1	5789	4	
BACT000019	3	0	14	
BACT000020	7	0	16	
BACT000021	7413	0	1	
BACT000030	78	2077	35	
BACT000031	5	0	33	
BACT000032	16	0	29	
BACT000033	198	0	37	
BACT000034	13	0	30	
BACT000035	7	0	30	
BACT000036	471	0	25	
BACT000038	34	0	21	
BACT000039	27	0	28	
BACT000040	887	0	22	
BACT000042	11	0	31	
BACT000043	6	0	25	
BACT000044	41	0	24	
BACT000045	31	0	22	
BACT000046	8	0	39	
BACT000047	94	0	19	
BACT000048	2	0	21	
BACT000049	9	0	21	
BACT000050	41	0	17	
BACT000051	222	0	33	
BACT000052	3	0	17	
BACT000053	7	0	18	
BACT000056	11	0	13	
BACT000057	6	7176	6	
BACT000058	1	1	15	
BACT000059	0	0	14	
BACT000060	4	0	12	
BACT000061	22	0	18	
BACT000062	3	6183	8	
BACT000063	3	1	16	
BACT000064	5	0	15	
BACT000065	5	0	6	
MYCO000001	53	0	154	
MYCO000005	43	0	174	
MYCO000006	74	0	291	
MYCO000009	21	0	40	
MYCO000011	13	0	31	
MYCO000013	10	0	69	
MYCO000015	1656	0	97	
MYCO000016	116	0	107	
MYCO000017	96	0	107	
MYCO000019	12	0	42	
MYCO000038	477	0	43	
MYCO000046	22	0	78	
MYCO000047	27	0	42	
MYCO000049	50	0	32	
MYCO000050	802	0	178	
MYCO000051	617	0	133	
MYCO000054	288	0	33	
MYCO000066	36	0	150	
MYCO000068	208	0	96	
MYCO000129	71	0	42	
MYCO000183	388	0	63	
MYCO000184	436	0	42	
MYCO000189	973	0	77	
MYCO000198	83	0	132	
MYCO000204	230	0	65	
MYCO000207	25	0	51	
MYCO000211	87	0	131	
MYCO000223	743	0	89	
MYCO000225	50	0	50	
MYCO000227	828	0	70	
MYCO000228	173	0	77	
MYCO000236	1662	0	212	
MYCO000237	183	0	89	
MYCO000238	24	0	42	
MYCO000241	48	0	75	
MYCO000242	1227	0	79	
MYCO000243	674	0	79	
MYCO000244	151	3701	93	
MYCO000247	16	0	37	
MYCO000248	42	0	70	
MYCO000270	65	0	111	
MYCO000274	464	0	48	
MYCO000321	12	0	34	
MYCO000322	93	0	69	
MYCO000334	10	0	38	
MYCO000337	60	0	58	
MYCO000350	124	0	68	
MYCO000352	760	0	55	
MYCO000357	25	0	61	
MYCO000360	240	0	34	
MYCO000383	1381	0	40	
MYCO000384	935	0	105	
MYCO000407	343	0	63	
MYCO000410	229	0	122	
MYCO000411	206	0	55	
MYCO000414	1532	0	35	
MYCO000415	1621	0	52	
MYCO000417	511	1854	35	
MYCO000423	45	0	66	
MYCO000429	17	0	34	
MYCO000432	25	0	34	
MYCO000433	46	0	48	
MYCO000439	281	0	58	
MYCO000440	87	0	69	
MYCO000462	17	0	53	
MYCO000465	65	0	84	
MYCO000466	32	0	38	
MYCO000467	29	0	52	
MYCO000468	69	0	46	
MYCO000472	17	0	36	
MYCO000475	169	0	45	
MYCO000483	79	0	68	
MYCO000484	74	0	45	
MYCO000486	445	0	73	
MYCO000489	1098	0	33	
MYCO000490	90	0	48	
MYCO000491	10	0	21	
MYCO000495	21	0	49	
MYCO000496	93	0	47	
MYCO000498	125	0	55	
MYCO000501	37	0	64	
MYCO000502	57	0	50	
MYCO000505	1782	0	43	
MYCO000509	162	0	74	
MYCO000510	120	0	44	
MYCO000512	161	0	52	
MYCO000524	596	0	68	
MYCO000527	223	0	42	
MYCO000528	1134	0	70	
MYCO000529	277	0	58	
MYCO000548	51	0	46	
MYCO000551	259	0	102	
MYCO000553	695	0	50	
MYCO000555	688	0	66	
MYCO000557	86	0	96	
MYCO000558	369	0	32	
MYCO000562	35	0	57	
MYCO000563	154	0	52	
MYCO000564	92	0	65	
MYCO000566	25	0	25	
MYCO000636	13	0	29	
MYCO000639	282	0	29	
MYCO000647	269	0	76	
MYCO000655	37	0	59	
MYCO000667	356	0	314	
MYCO000668	279	0	309	
MYCO000672	310	0	114	
MYCO000684	98	0	111	
MYCO000685	29	0	38	
MYCO000693	711	0	51	
MYCO000696	113	0	79	
MYCO000732	20	0	72	
MYCO000733	14	0	25	
MYCO000734	767	0	36	
MYCO000757	14	0	38	
MYCO000758	196	0	190	
MYCO000772	228	0	62	
MYCO000777	77	0	50	
MYCO000780	28	0	46	
MYCO000782	7246	0	5	
MYCO000788	197	0	32	
MYCO000803	162	0	108	
MYCO000808	139	0	77	
MYCO000809	12	0	45	
MYCO000810	7	0	10	
MYCO000814	1477	26	13	
MYCO000815	113	7	50	
MYCO000820	22	0	31	
MYCO000821	36	0	23	
MYCO000823	144	0	72	
MYCO000824	14	0	29	
MYCO000859	107	0	88	
MYCO000860	438	0	129	
MYCO000861	81	0	85	
MYCO000871	22	0	17	
MYCO000876	13	0	84	
MYCO000884	25	0	57	
MYCO000885	97	0	44	
MYCO000886	1713	0	93	
MYCO000889	1465	0	67	
MYCO000896	103	0	66	
MYCO000902	57	0	42	
MYCO000903	18	0	16	
MYCO000906	1887	0	61	
MYCO000926	38	0	77	
MYCO000927	324	0	51	
MYCO000929	655	0	39	
MYCO000946	74	0	84	
MYCO000949	316	0	117	
MYCO000951	60	0	58	
MYCO000952	139	0	54	
MYCO000953	529	0	59	
MYCO000957	790	0	70	
MYCO000981	71	0	40	
MYCO000983	922	0	78	
MYCO000993	223	0	43	
MYCO000994	494	0	70	
MYCO000995	26	0	42	
MYCO001001	63	0	74	
MYCO001002	108	0	80	
MYCO001007	19	0	68	
MYCO001008	431	0	48	
MYCO001009	353	0	61	
MYCO001010	158	0	61	
MYCO001011	58	0	45	
MYCO001013	86	0	76	
MYCO001014	57	0	38	
MYCO001015	46	0	39	
MYCO001017	15	0	39	
MYCO001018	86	0	83	
MYCO001020	837	0	193	
MYCO001022	348	0	36	
MYCO001023	265	0	74	
MYCO001026	479	0	54	
MYCO001070	41	0	33	
MYCO001071	33	0	64	
MYCO001072	8	0	42	
MYCO001077	107	0	75	
MYCO001079	132	0	46	
MYCO001080	403	0	23	
MYCO001082	73	0	38	
MYCO001086	104	0	46	
MYCO001092	198	0	39	
MYCO001094	127	0	28	
MYCO001095	187	0	66	
MYCO001098	133	0	54	
MYCO001099	460	0	60	
MYCO001108	153	0	65	
MYCO001110	27	0	43	
MYCO001112	961	0	53	
MYCO001165	347	0	100	
MYCO001173	422	0	127	
MYCO001177	23	0	8	
MYCO001178	272	0	75	
MYCO001193	705	0	59	
MYCO001201	441	0	50	
MYCO001202	350	0	43	
MYCO001207	498	0	55	
MYCO001208	53	0	38	
MYCO001213	338	0	75	
MYCO001220	436	0	26	
MYCO001221	9	0	39	
MYCO001223	1208	0	87	
MYCO001229	212	0	64	
MYCO001238	82	0	49	
MYCO001239	31	0	56	
MYCO001245	144	0	53	
MYCO001248	821	0	181	
MYCO001253	327	0	100	
MYCO001272	559	0	86	
MYCO001273	29	0	94	
MYCO001277	797	0	51	
MYCO001292	57	0	89	
MYCO001293	99	0	62	
MYCO001294	133	0	59	
MYCO001295	98	0	53	
MYCO001297	612	0	78	
MYCO001299	66	0	33	
MYCO001302	21	0	48	
MYCO001305	12	0	11	
MYCO001308	106	0	64	
MYCO001309	27	0	51	
MYCO001310	34	0	56	
MYCO001311	31	0	28	
MYCO001315	50	0	50	
MYCO001321	115	0	36	
MYCO001323	163	0	64	
MYCO001326	93	0	112	
MYCO001327	131	0	96	
MYCO001328	258	0	138	
MYCO001338	187	0	38	
MYCO001340	99	0	36	
MYCO001380	83	0	43	
MYCO001381	795	0	56	
MYCO001383	72	0	61	
MYCO001384	680	0	196	
MYCO001385	1187	0	45	
MYCO001388	11	0	33	
MYCO001390	2	0	17	
MYCO001391	1295	0	70	
MYCO001392	713	0	77	
MYCO001402	2972	0	83	
MYCO001407	1025	0	87	
MYCO001408	251	0	37	
MYCO001410	26	0	70	
MYCO001412	33	0	33	
MYCO001415	39	0	53	
MYCO001416	12	0	26	
MYCO001420	50	0	98	
MYCO001421	38	0	52	
MYCO001436	20	0	52	
MYCO001437	81	0	59	
MYCO001438	39	0	44	
MYCO001440	37	0	17	
MYCO001445	489	0	40	
MYCO001447	879	0	109	
MYCO001448	94	0	61	
MYCO001449	378	0	108	
MYCO001451	141	0	49	
MYCO001457	15	0	38	
MYCO001458	47	0	52	
MYCO001462	90	0	68	
MYCO001463	30	0	37	
MYCO001464	386	0	63	
MYCO001465	29	0	19	
MYCO001466	16	0	11	
MYCO001467	151	3767	74	
MYCO001473	66	0	70	
MYCO001474	223	0	22	
MYCO001475	41	0	113	
MYCO001479	161	0	61	
MYCO001480	241	0	49	
MYCO001481	45	0	52	
MYCO001483	201	0	29	
MYCO001484	58	0	42	
MYCO001485	219	0	40	
MYCO001493	1144	0	82	
MYCO001536	253	0	163	
MYCO001540	53	0	58	
MYCO001547	268	0	143	
MYCO001557	1236	0	70	
MYCO001559	1599	0	72	
MYCO001564	91	0	116	
MYCO001568	452	0	63	
MYCO001569	1399	0	44	
MYCO001589	28	0	48	
MYCO001593	15	0	37	
MYCO001594	86	0	62	
MYCO001595	801	0	85	
MYCO001599	677	0	62	
MYCO001600	16	0	59	
MYCO001601	3	0	36	
MYCO001603	20	0	46	
MYCO001605	32	0	42	
MYCO001609	177	0	92	
MYCO001611	130	0	31	
MYCO001612	21	0	65	
MYCO001617	94	0	76	
MYCO001626	40	0	34	
MYCO001627	221	0	53	
MYCO001629	263	0	162	
MYCO001633	965	0	114	
MYCO001638	343	0	149	
MYCO001641	7414	0	0	
MYCO001649	564	0	50	
MYCO001652	426	0	54	
MYCO001653	1291	0	48	
MYCO001654	196	0	36	
MYCO001655	829	0	63	
MYCO001656	612	0	48	
MYCO001657	681	0	29	
MYCO001658	234	0	64	
MYCO001659	670	0	70	
MYCO001689	28	0	58	
MYCO001694	263	0	47	
MYCO001695	10	0	44	
MYCO001697	12	0	41	
MYCO001699	41	0	120	
MYCO001701	123	0	36	
MYCO001708	38	0	37	
MYCO001709	10	0	55	
MYCO001711	8	0	45	
MYCO001712	46	0	40	
MYCO001713	333	0	75	
MYCO001821	73	0	120	
MYCO001827	13	0	23	
MYCO001829	79	0	24	
MYCO001830	40	0	76	
MYCO001832	202	0	157	
MYCO001837	181	0	127	
MYCO001842	154	0	87	
MYCO001843	183	0	90	
MYCO001844	98	0	103	
MYCO001854	83	0	75	
MYCO001886	137	0	62	
MYCO001894	320	0	72	
MYCO001981	29	0	32	
MYCO002050	8	0	13	
MYCO002089	560	0	71	
MYCO002090	7247	0	14	
MYCO002092	884	0	149	
MYCO002093	79	0	45	
MYCO002096	52	0	64	
MYCO002097	169	0	58	
MYCO002109	29	0	43	
MYCO002110	90	0	43	
MYCO002111	205	0	11	
MYCO002112	3194	0	66	
MYCO002115	69	0	94	
MYCO002118	33	0	31	
MYCO002119	47	0	57	
MYCO002121	101	0	38	
MYCO002122	7	0	22	
MYCO002125	65	0	41	
MYCO002130	927	0	49	
MYCO002134	36	0	30	
MYCO002139	153	0	54	
MYCO002140	3	0	29	
MYCO002141	119	0	73	
MYCO002145	110	0	34	
MYCO002150	448	0	37	
MYCO002151	508	0	38	
MYCO002153	1412	0	74	
MYCO002154	1550	0	50	
MYCO002155	1227	0	108	
MYCO002156	36	0	58	
MYCO002157	3228	0	63	
MYCO002163	326	0	90	
MYCO002166	28	0	17	
MYCO002170	894	0	39	
MYCO002176	193	0	65	
MYCO002178	41	0	42	
MYCO002179	140	0	21	
MYCO002182	52	0	34	
MYCO002186	7	0	19	
MYCO002187	2084	0	82	
MYCO002188	76	0	69	
MYCO002192	232	0	54	
MYCO002193	12	0	28	
MYCO002194	65	0	43	
MYCO002195	36	0	58	
MYCO002196	34	0	87	
MYCO002199	5	0	24	
MYCO002200	44	0	59	
MYCO002201	321	0	86	
MYCO002202	337	0	50	
MYCO002210	154	0	60	
MYCO002211	210	0	65	
MYCO002213	385	0	93	
MYCO002216	70	0	65	
MYCO002217	407	0	44	
MYCO002218	315	0	58	
MYCO002219	244	0	43	
MYCO002220	50	0	70	
MYCO002221	1615	0	123	
MYCO002222	79	0	62	
MYCO002225	240	0	51	
MYCO002228	106	0	59	
MYCO002230	490	0	61	
MYCO002235	129	0	55	
MYCO002239	5	0	24	
MYCO002241	920	0	91	
MYCO002242	343	0	51	
MYCO002243	783	0	49	
MYCO002244	9	0	13	
MYCO002245	133	0	57	
MYCO002246	91	0	52	
MYCO002247	309	0	62	
MYCO002257	79	0	48	
MYCO002259	378	0	56	
MYCO002315	1263	0	84	
MYCO002343	375	0	88	
MYCO002344	1128	0	56	
MYCO002357	23	0	46	
MYCO002361	23	0	33	
MYCO002362	205	0	35	
MYCO002364	19	0	48	
MYCO002366	27	0	77	
MYCO002367	14	0	21	
MYCO002368	72	0	59	
MYCO002373	110	0	60	
MYCO002374	240	0	64	
MYCO002399	97	0	51	
MYCO002400	75	0	66	
MYCO002402	118	0	125	
MYCO002404	56	0	104	
MYCO002409	28	0	37	
MYCO002410	14	0	34	
MYCO002411	182	0	88	
MYCO002413	273	0	45	
MYCO002420	322	0	28	
MYCO002421	6	0	21	
MYCO002425	600	0	57	
MYCO002426	2097	0	56	
MYCO002427	661	0	62	
MYCO002439	1131	0	44	
MYCO002440	178	0	82	
MYCO002445	48	0	19	
MYCO002447	133	0	84	
MYCO002448	317	0	127	
MYCO002454	49	0	62	
MYCO002455	120	0	87	
MYCO002457	49	0	45	
MYCO002460	10	0	21	
MYCO002461	13	0	32	
MYCO002462	464	0	62	
MYCO002465	118	0	24	
MYCO002466	70	0	32	
MYCO002467	164	0	126	
MYCO002470	15	0	28	
MYCO002477	46	0	80	
MYCO002500	19	0	62	
MYCO002502	91	0	85	
MYCO002509	22	0	54	
MYCO002511	26	0	27	
MYCO002518	883	0	55	
MYCO002521	5	0	30	
MYCO002523	71	0	16	
MYCO002524	2141	0	351	
MYCO002533	34	0	28	
MYCO002534	10	0	29	
MYCO002538	389	0	59	
MYCO002540	1608	0	67	
MYCO002555	140	0	101	
MYCO002559	634	0	60	
MYCO002568	93	0	53	
MYCO002572	259	0	87	
MYCO002575	116	0	50	
MYCO002580	348	0	50	
MYCO002582	58	0	44	
MYCO002583	194	0	103	
MYCO002587	1113	0	96	
MYCO002589	244	0	68	
MYCO002592	311	0	45	
MYCO002593	160	0	35	
MYCO002594	5	0	22	
MYCO002603	19	0	36	
MYCO002606	73	0	42	
MYCO002610	185	0	54	
MYCO002611	144	0	61	
MYCO002612	14	0	36	
MYCO002613	15	0	19	
MYCO002614	130	0	75	
MYCO002670	44	0	55	
MYCO002673	855	1888	58	
MYCO002676	41	0	28	
MYCO002678	657	0	52	
MYCO002682	170	0	78	
MYCO002696	192	0	51	
MYCO002697	18	0	22	
MYCO002699	0	0	14	
MYCO002702	18	0	53	
MYCO002703	256	0	61	
MYCO002708	9	0	20	
MYCO002710	131	0	47	
MYCO002711	52	0	36	
MYCO002714	51	0	46	
MYCO002715	958	0	70	
MYCO002720	27	0	52	
MYCO002724	79	0	83	
MYCO002725	191	0	77	
MYCO002726	100	0	43	
MYCO002727	375	0	55	
MYCO002731	824	0	60	
MYCO002733	1689	0	75	
MYCO002744	216	0	42	
MYCO002748	701	0	137	
MYCO002750	142	0	43	
MYCO002753	22	0	56	
MYCO002754	72	0	39	
MYCO002764	133	0	63	
MYCO002773	41	0	42	
MYCO002782	553	0	72	
MYCO002783	247	0	92	
MYCO002788	814	0	24	
MYCO002794	41	0	41	
MYCO002795	145	0	53	
MYCO002828	3352	897	57	
MYCO002838	138	0	30	
MYCO002839	2825	0	108	
MYCO002841	41	0	60	
MYCO002846	21	0	62	
MYCO002847	173	0	61	
MYCO002861	37	0	40	
MYCO002864	80	0	68	
MYCO002868	21	0	46	
MYCO002870	165	0	51	
MYCO002882	18	0	34	
MYCO002883	15	0	42	
MYCO002889	148	0	33	
MYCO002894	940	0	38	
MYCO002901	5	0	10	
MYCO002902	419	0	46	
MYCO002915	139	0	63	
MYCO002916	584	0	60	
MYCO002917	1175	0	85	
MYCO002918	443	0	131	
MYCO002919	11	0	18	
MYCO002921	250	0	74	
MYCO002927	40	0	38	
MYCO002965	4	0	17	
MYCO002967	477	0	117	
MYCO002976	120	0	41	
MYCO002981	318	0	65	
MYCO002982	43	0	55	
MYCO002984	101	0	80	
MYCO002988	176	0	54	
MYCO002992	220	0	83	
MYCO002993	16	0	39	
MYCO002995	268	0	54	
MYCO002996	474	0	78	
MYCO003001	34	0	44	
MYCO003003	335	0	80	
MYCO003006	257	0	49	
MYCO003009	36	0	74	
MYCO003010	673	0	49	
MYCO003011	1315	0	65	
MYCO003014	685	0	103	
MYCO003024	339	0	64	
MYCO003025	211	0	63	
MYCO003027	57	0	60	
MYCO003028	939	0	46	
MYCO003029	33	0	34	
MYCO003031	409	0	81	
MYCO003032	741	0	52	
MYCO003034	35	0	40	
MYCO003038	19	0	46	
MYCO003042	132	0	54	
MYCO003043	26	0	67	
MYCO003045	15	0	48	
MYCO003048	28	0	53	
MYCO003049	193	0	90	
MYCO003051	58	0	65	
MYCO003052	32	0	22	
MYCO003053	9	0	9	
MYCO003054	247	0	43	
MYCO003057	32	0	47	
MYCO003085	455	0	52	
MYCO003100	15	0	23	
MYCO003101	42	0	34	
MYCO003102	6	0	34	
MYCO003105	333	0	58	
MYCO003117	113	7	50	
MYCO003118	1477	26	13	
MYCO003139	33	0	82	
MYCO003140	35	0	76	
MYCO003193	107	0	157	
MYCO003194	8	0	44	
MYCO003195	578	0	90	
MYCO003197	47	0	71	
MYCO003198	523	0	91	
MYCO003205	72	0	45	
MYCO003206	48	0	74	
MYCO003207	26	0	44	
MYCO003208	91	0	34	
MYCO003211	564	0	99	
MYCO003213	30	0	52	
MYCO003214	53	0	44	
MYCO003219	9	0	9	
MYCO003220	42	0	64	
MYCO003221	0	0	14	
MYCO003223	6	0	35	
MYCO003228	702	0	54	
MYCO003229	42	0	88	
MYCO003240	781	0	118	
MYCO003241	336	0	37	
MYCO003245	30	0	72	
MYCO003246	19	0	21	
MYCO003248	86	0	90	
MYCO003252	356	0	68	
MYCO003255	199	0	51	
MYCO003257	363	0	60	
MYCO003258	493	0	26	
MYCO003261	28	0	51	
MYCO003262	424	0	65	
MYCO003264	29	0	44	
MYCO003265	180	0	49	
MYCO003267	504	0	54	
MYCO003274	11	0	58	
MYCO003275	228	0	28	
MYCO003276	190	0	64	
MYCO003277	14	0	36	
MYCO003280	56	0	70	
MYCO003285	233	0	75	
MYCO003290	43	0	53	
MYCO003296	2212	0	237	
MYCO003302	139	0	69	
MYCO003303	7347	0	2	
MYCO003304	81	0	18	
MYCO003305	142	0	53	
MYCO003306	450	0	65	
MYCO003313	45	0	35	
MYCO003317	28	0	34	
MYCO003318	387	0	75	
MYCO003319	101	0	45	
MYCO003328	568	0	63	
MYCO003329	82	0	84	
MYCO003330	734	0	67	
MYCO003336	23	0	44	
MYCO003340	36	0	57	
MYCO003341	962	0	62	
MYCO003356	42	0	39	
MYCO003392	72	5658	22	
MYCO003396	131	0	67	
MYCO003409	193	0	75	
MYCO003410	1291	0	55	
MYCO003411	330	0	80	
MYCO003412	15	0	21	
MYCO003417	21	4242	55	
MYCO003418	4	0	12	
MYCO003419	306	0	48	
MYCO003422	8	0	25	
MYCO003432	58	0	66	
MYCO003433	2623	0	55	
MYCO003436	1827	0	77	
MYCO003441	791	0	72	
MYCO003455	344	0	41	
MYCO003457	33	0	57	
MYCO003462	10	0	17	
MYCO003464	23	0	48	
MYCO003490	95	0	81	
MYCO003500	33	0	42	
MYCO003501	55	0	37	
MYCO003504	55	0	70	
MYCO003520	91	0	66	
MYCO003570	25	0	42	
MYCO003571	82	0	56	
MYCO003579	1059	0	70	
MYCO003580	144	0	53	
MYCO003583	6	0	25	
MYCO003589	1729	0	49	
MYCO003592	12	0	19	
MYCO003596	568	0	127	
MYCO003598	60	0	59	
MYCO003600	64	0	39	
MYCO003601	58	0	26	
MYCO003609	8	0	19	
MYCO003610	717	0	99	
MYCO003624	19	0	46	
MYCO003628	33	0	32	
MYCO003644	400	0	71	
MYCO003646	1103	0	128	
MYCO003647	113	0	30	
MYCO003648	12	0	34	
MYCO003668	16	0	36	
MYCO003670	379	0	53	
MYCO003674	16	0	37	
MYCO003676	14	0	29	
MYCO003677	103	0	49	
MYCO003679	39	0	65	
MYCO003680	183	0	58	
MYCO003682	250	0	117	
MYCO003683	125	0	59	
MYCO003684	105	0	39	
MYCO003695	55	0	61	
MYCO003696	297	0	115	
MYCO003705	13	0	43	
MYCO003707	212	0	54	
MYCO003708	218	0	54	
MYCO003709	125	0	58	
MYCO003710	2935	0	62	
MYCO003711	71	0	70	
MYCO003712	969	0	62	
MYCO003713	73	0	29	
MYCO003715	9	0	24	
MYCO003717	8	0	42	
MYCO003718	7	0	19	
MYCO003719	40	0	69	
MYCO003720	250	0	74	
MYCO003721	619	0	91	
MYCO003722	30	0	78	
MYCO003765	825	0	54	
MYCO003774	38	0	58	
MYCO003775	110	0	85	
MYCO003777	441	0	55	
MYCO003778	71	0	74	
MYCO003780	701	0	33	
MYCO003781	16	0	39	
MYCO003782	72	0	49	
MYCO003783	74	0	44	
MYCO003790	40	0	75	
MYCO003791	79	0	60	
MYCO003793	1228	0	207	
MYCO003794	394	0	231	
MYCO003795	343	0	314	
MYCO003799	34	0	84	
MYCO003801	77	0	84	
MYCO003802	141	0	56	
MYCO003804	75	0	59	
MYCO003806	25	0	94	
MYCO003808	462	0	89	
MYCO003809	13	0	54	
MYCO003816	539	0	51	
MYCO003834	211	0	70	
MYCO003835	970	0	82	
MYCO003842	193	0	85	
MYCO003847	2775	0	31	
MYCO003849	17	0	22	
MYCO003858	74	0	65	
MYCO003859	751	0	226	
MYCO003907	73	0	113	
MYCO003908	270	0	55	
MYCO003913	137	0	102	
MYCO003915	17	0	100	
MYCO003917	32	0	109	
MYCO003918	20	0	111	
MYCO003920	16	0	57	
MYCO003921	36	0	110	
MYCO013678	5	0	17	
MYCO000002	80	0	104	
MYCO000003	73	0	96	
MYCO000004	23	0	80	
MYCO000007	800	0	134	
MYCO000008	42	0	56	
MYCO000010	29	0	86	
MYCO000012	62	0	91	
MYCO000014	23	0	140	
MYCO000018	446	0	113	
MYCO000020	368	0	171	
MYCO000021	1001	0	78	
MYCO000022	93	0	53	
MYCO000023	61	0	73	
MYCO000024	2272	0	70	
MYCO000025	803	0	47	
MYCO000026	248	0	124	
MYCO000027	42	0	23	
MYCO000028	23	0	27	
MYCO000029	560	0	109	
MYCO000030	1435	0	32	
MYCO000031	68	0	22	
MYCO000032	2257	0	151	
MYCO000033	27	0	17	
MYCO000034	18	0	30	
MYCO000035	118	0	169	
MYCO000036	152	0	68	
MYCO000037	101	0	102	
MYCO000039	328	0	33	
MYCO000040	115	0	80	
MYCO000041	662	0	211	
MYCO000042	499	0	90	
MYCO000043	68	0	63	
MYCO000044	924	0	63	
MYCO000045	3264	0	65	
MYCO000048	52	0	84	
MYCO000052	212	30	58	
MYCO000057	31	4402	70	
MYCO000058	115	0	173	
MYCO000059	32	0	61	
MYCO000060	17	0	65	
MYCO000061	1709	0	22	
MYCO000062	404	0	111	
MYCO000063	546	0	135	
MYCO000064	3036	0	189	
MYCO000065	18	0	20	
MYCO000067	25	0	42	
MYCO000069	165	0	93	
MYCO000070	38	4298	56	
MYCO000071	2049	0	78	
MYCO000072	1745	0	65	
MYCO000073	58	3154	60	
MYCO000074	2850	0	77	
MYCO000075	358	0	81	
MYCO000076	23	0	28	
MYCO000077	73	0	66	
MYCO000078	91	0	32	
MYCO000079	116	0	45	
MYCO000080	138	0	53	
MYCO000081	13	0	34	
MYCO000082	1957	0	33	
MYCO000083	2666	0	69	
MYCO000084	60	0	58	
MYCO000085	467	0	52	
MYCO000086	593	0	99	
MYCO000087	524	0	106	
MYCO000088	43	0	55	
MYCO000089	77	0	47	
MYCO000090	106	0	65	
MYCO000091	118	0	47	
MYCO000092	414	0	142	
MYCO000093	217	0	70	
MYCO000094	7156	98	46	
MYCO000095	3166	0	211	
MYCO000096	819	0	110	
MYCO000097	17	0	35	
MYCO000098	13	0	36	
MYCO000099	2092	0	84	
MYCO000100	11	0	9	
MYCO000101	299	0	442	
MYCO000102	175	0	137	
MYCO000103	312	0	142	
MYCO000104	2371	0	98	
MYCO000106	181	0	60	
MYCO000107	7348	0	6	
MYCO000108	23	0	17	
MYCO000109	2343	0	85	
MYCO000110	32	0	47	
MYCO000111	267	0	116	
MYCO000112	57	0	88	
MYCO000113	413	0	67	
MYCO000114	305	0	44	
MYCO000115	969	0	86	
MYCO000116	36	0	56	
MYCO000117	26	0	66	
MYCO000118	255	0	136	
MYCO000119	190	0	101	
MYCO000120	179	0	156	
MYCO000121	246	0	34	
MYCO000122	31	0	25	
MYCO000123	9	0	21	
MYCO000124	7213	0	8	
MYCO000125	423	0	66	
MYCO000126	65	0	118	
MYCO000127	68	0	71	
MYCO000128	74	0	43	
MYCO000130	11	0	48	
MYCO000131	54	0	78	
MYCO000132	310	0	61	
MYCO000133	860	0	52	
MYCO000134	2524	0	39	
MYCO000135	19	0	33	
MYCO000136	747	0	114	
MYCO000137	826	0	39	
MYCO000138	766	0	38	
MYCO000139	71	0	63	
MYCO000140	22	0	27	
MYCO000141	19	0	31	
MYCO000142	1158	0	70	
MYCO000143	438	0	112	
MYCO000144	493	0	49	
MYCO000145	353	0	76	
MYCO000146	1225	0	70	
MYCO000147	259	0	122	
MYCO000148	74	0	46	
MYCO000149	1323	0	58	
MYCO000150	53	0	23	
MYCO000151	535	0	136	
MYCO000152	159	0	128	
MYCO000153	136	0	51	
MYCO000154	81	0	61	
MYCO000155	209	0	60	
MYCO000156	8	0	19	
MYCO000157	562	0	78	
MYCO000158	19	0	40	
MYCO000159	606	0	111	
MYCO000160	70	0	114	
MYCO000161	219	0	92	
MYCO000162	404	0	78	
MYCO000163	9	0	38	
MYCO000164	17	0	28	
MYCO000165	3653	0	22	
MYCO000166	128	0	111	
MYCO000167	15	3701	31	
MYCO000168	110	0	64	
MYCO000169	205	0	102	
MYCO000170	18	0	52	
MYCO000171	1938	0	98	
MYCO000172	312	0	114	
MYCO000173	21	0	64	
MYCO000174	129	0	103	
MYCO000175	112	0	66	
MYCO000176	294	0	71	
MYCO000177	4	0	29	
MYCO000178	42	0	50	
MYCO000179	435	0	76	
MYCO000180	890	0	97	
MYCO000181	19	0	42	
MYCO000182	552	0	87	
MYCO000185	150	0	25	
MYCO000186	402	0	135	
MYCO000187	135	0	54	
MYCO000188	29	0	32	
MYCO000190	2	0	16	
MYCO000191	747	0	73	
MYCO000192	1716	0	62	
MYCO000193	69	0	138	
MYCO000194	573	0	241	
MYCO000195	1169	0	38	
MYCO000196	110	0	29	
MYCO000197	7410	0	4	
MYCO000199	11	0	38	
MYCO000200	116	0	36	
MYCO000201	563	0	27	
MYCO000202	272	0	167	
MYCO000203	319	0	26	
MYCO000205	937	0	56	
MYCO000206	471	0	145	
MYCO000208	46	0	37	
MYCO000209	559	0	71	
MYCO000210	672	0	81	
MYCO000212	91	0	65	
MYCO000213	41	0	80	
MYCO000214	118	0	111	
MYCO000215	878	0	56	
MYCO000216	103	0	58	
MYCO000217	665	0	64	
MYCO000218	2202	0	68	
MYCO000219	12	0	43	
MYCO000220	289	0	77	
MYCO000221	825	0	73	
MYCO000222	168	0	50	
MYCO000224	89	0	33	
MYCO000226	465	0	100	
MYCO000229	45	0	45	
MYCO000230	31	0	74	
MYCO000231	99	0	106	
MYCO000232	47	0	50	
MYCO000233	769	0	52	
MYCO000234	407	0	82	
MYCO000235	116	0	130	
MYCO000239	22	0	22	
MYCO000240	16	0	31	
MYCO000245	38	0	40	
MYCO000246	342	0	81	
MYCO000249	36	0	43	
MYCO000250	14	0	22	
MYCO000251	13	0	45	
MYCO000252	127	0	184	
MYCO000253	44	0	22	
MYCO000254	98	0	28	
MYCO000255	659	0	99	
MYCO000256	2022	0	107	
MYCO000257	954	0	36	
MYCO000258	81	0	33	
MYCO000259	16	0	50	
MYCO000260	113	0	81	
MYCO000261	98	0	106	
MYCO000262	35	0	34	
MYCO000263	682	0	54	
MYCO000264	152	0	43	
MYCO000265	42	0	73	
MYCO000266	1849	0	184	
MYCO000267	804	0	76	
MYCO000268	74	0	40	
MYCO000269	155	0	71	
MYCO000271	256	0	134	
MYCO000272	131	0	88	
MYCO000273	115	0	43	
MYCO000275	726	0	64	
MYCO000276	345	2072	62	
MYCO000277	234	3126	91	
MYCO000278	7398	0	6	
MYCO000279	7012	0	100	
MYCO000280	3178	0	99	
MYCO000281	376	0	55	
MYCO000282	100	0	104	
MYCO000283	636	0	95	
MYCO000284	1354	0	214	
MYCO000285	258	0	14	
MYCO000286	2142	0	89	
MYCO000287	31	27	18	
MYCO000288	3	0	32	
MYCO000289	164	0	79	
MYCO000290	1184	0	105	
MYCO000291	995	0	86	
MYCO000292	73	0	61	
MYCO000293	221	0	93	
MYCO000294	192	0	59	
MYCO000295	30	0	45	
MYCO000296	116	0	77	
MYCO000297	3876	0	129	
MYCO000298	13	0	19	
MYCO000299	11	0	27	
MYCO000300	8	0	12	
MYCO000301	9	0	30	
MYCO000302	118	0	44	
MYCO000303	82	0	71	
MYCO000304	1024	0	489	
MYCO000305	7303	0	17	
MYCO000306	30	0	39	
MYCO000307	36	0	32	
MYCO000308	13	0	51	
MYCO000309	40	0	34	
MYCO000310	5	0	25	
MYCO000311	52	0	81	
MYCO000312	634	0	96	
MYCO000313	8	0	27	
MYCO000314	270	0	49	
MYCO000315	1755	0	48	
MYCO000316	711	0	38	
MYCO000317	109	0	57	
MYCO000318	44	0	50	
MYCO000319	96	0	45	
MYCO000320	26	0	41	
MYCO000323	773	0	48	
MYCO000324	43	0	42	
MYCO000325	3578	0	7	
MYCO000326	351	0	27	
MYCO000327	424	0	80	
MYCO000328	16	0	33	
MYCO000329	206	0	48	
MYCO000330	54	0	54	
MYCO000331	405	0	95	
MYCO000332	77	0	52	
MYCO000333	8	0	25	
MYCO000335	1051	0	32	
MYCO000336	6418	829	30	
MYCO000338	1388	0	122	
MYCO000339	1052	0	147	
MYCO000340	27	0	41	
MYCO000341	2264	0	72	
MYCO000342	263	0	96	
MYCO000343	307	0	95	
MYCO000344	38	0	30	
MYCO000345	15	0	32	
MYCO000346	329	0	72	
MYCO000347	14	31	38	
MYCO000348	12	0	29	
MYCO000349	34	0	40	
MYCO000351	200	0	35	
MYCO000353	11	0	26	
MYCO000354	7410	0	1	
MYCO000355	4509	0	463	
MYCO000356	639	0	52	
MYCO000358	1991	0	38	
MYCO000359	98	0	52	
MYCO000361	20	0	43	
MYCO000362	50	0	98	
MYCO000363	64	0	61	
MYCO000364	22	0	41	
MYCO000365	209	0	71	
MYCO000366	119	0	40	
MYCO000367	58	0	20	
MYCO000368	339	0	85	
MYCO000369	19	0	30	
MYCO000370	65	0	82	
MYCO000371	53	0	30	
MYCO000372	226	0	57	
MYCO000373	284	0	174	
MYCO000374	28	0	37	
MYCO000375	778	0	42	
MYCO000376	590	0	73	
MYCO000377	528	0	69	
MYCO000378	1010	0	15	
MYCO000379	21	0	17	
MYCO000380	124	0	35	
MYCO000381	98	0	46	
MYCO000382	48	0	27	
MYCO000385	29	0	53	
MYCO000386	620	0	189	
MYCO000387	2687	0	33	
MYCO000388	7407	0	4	
MYCO000389	913	0	85	
MYCO000390	10	0	25	
MYCO000391	144	0	55	
MYCO000392	448	0	93	
MYCO000393	2309	0	127	
MYCO000394	86	0	46	
MYCO000395	1159	0	17	
MYCO000396	53	0	25	
MYCO000397	1135	2477	87	
MYCO000398	486	0	33	
MYCO000399	132	0	90	
MYCO000400	190	0	68	
MYCO000401	362	0	30	
MYCO000402	1254	0	154	
MYCO000403	1686	0	23	
MYCO000404	212	0	171	
MYCO000405	3555	0	200	
MYCO000406	100	0	48	
MYCO000408	46	0	123	
MYCO000409	51	0	62	
MYCO000412	51	0	76	
MYCO000413	225	0	33	
MYCO000416	2	0	9	
MYCO000418	67	0	88	
MYCO000419	151	0	97	
MYCO000420	9	0	42	
MYCO000421	48	0	44	
MYCO000422	39	0	43	
MYCO000424	4	0	20	
MYCO000425	1725	0	223	
MYCO000426	132	0	33	
MYCO000427	94	0	56	
MYCO000428	380	0	49	
MYCO000430	104	0	11	
MYCO000431	36	0	23	
MYCO000434	80	0	38	
MYCO000435	496	0	127	
MYCO000436	513	0	46	
MYCO000437	413	0	27	
MYCO000438	130	0	77	
MYCO000441	445	0	25	
MYCO000442	222	0	104	
MYCO000443	270	0	29	
MYCO000444	1116	0	42	
MYCO000445	26	0	26	
MYCO000446	1520	0	41	
MYCO000447	307	0	76	
MYCO000448	134	0	37	
MYCO000449	108	0	60	
MYCO000450	107	0	144	
MYCO000451	16	0	34	
MYCO000452	18	0	34	
MYCO000453	1926	0	59	
MYCO000454	28	0	25	
MYCO000455	4	0	26	
MYCO000456	91	0	62	
MYCO000457	878	0	101	
MYCO000458	542	0	101	
MYCO000459	222	0	44	
MYCO000460	8	0	14	
MYCO000461	79	0	43	
MYCO000463	124	0	14	
MYCO000464	7	0	27	
MYCO000469	121	0	68	
MYCO000470	55	0	39	
MYCO000471	148	0	41	
MYCO000473	54	0	68	
MYCO000474	12	0	23	
MYCO000476	22	0	14	
MYCO000477	100	0	28	
MYCO000478	43	0	42	
MYCO000479	741	0	41	
MYCO000480	240	0	47	
MYCO000481	39	0	32	
MYCO000482	71	0	50	
MYCO000485	132	0	66	
MYCO000487	229	0	46	
MYCO000488	39	0	35	
MYCO000492	963	0	111	
MYCO000493	290	0	68	
MYCO000494	196	0	43	
MYCO000497	887	0	46	
MYCO000499	187	0	48	
MYCO000500	611	0	42	
MYCO000503	15	0	39	
MYCO000504	8	0	22	
MYCO000506	43	0	14	
MYCO000507	596	0	215	
MYCO000508	0	0	14	
MYCO000511	1169	0	79	
MYCO000513	121	0	24	
MYCO000514	62	0	31	
MYCO000515	6418	506	29	
MYCO000516	36	0	24	
MYCO000517	169	0	82	
MYCO000518	39	0	39	
MYCO000519	875	0	49	
MYCO000520	80	0	20	
MYCO000521	10	0	21	
MYCO000522	47	0	60	
MYCO000523	350	0	24	
MYCO000525	718	0	47	
MYCO000526	105	0	39	
MYCO000530	607	0	92	
MYCO000531	970	0	19	
MYCO000532	6962	0	18	
MYCO000533	158	0	48	
MYCO000534	305	0	59	
MYCO000535	121	0	47	
MYCO000536	1128	0	49	
MYCO000537	563	0	95	
MYCO000538	1804	0	145	
MYCO000539	2927	0	27	
MYCO000540	632	0	32	
MYCO000541	263	0	78	
MYCO000542	950	0	62	
MYCO000543	1	0	12	
MYCO000544	671	0	21	
MYCO000545	277	0	71	
MYCO000546	25	0	27	
MYCO000547	446	0	55	
MYCO000549	101	0	27	
MYCO000550	42	0	17	
MYCO000552	1521	0	85	
MYCO000554	488	0	44	
MYCO000556	13	0	26	
MYCO000559	121	0	22	
MYCO000560	43	0	45	
MYCO000561	484	0	53	
MYCO000565	281	0	120	
MYCO000567	129	0	61	
MYCO000568	241	0	78	
MYCO000569	14	0	15	
MYCO000570	421	0	144	
MYCO000571	692	0	69	
MYCO000572	32	0	25	
MYCO000573	451	0	83	
MYCO000574	378	0	65	
MYCO000575	481	0	73	
MYCO000576	593	0	82	
MYCO000577	604	0	57	
MYCO000578	5593	0	160	
MYCO000579	364	0	56	
MYCO000580	47	0	33	
MYCO000581	243	0	18	
MYCO000582	30	0	21	
MYCO000583	192	0	49	
MYCO000584	91	0	175	
MYCO000585	251	0	136	
MYCO000586	31	2304	44	
MYCO000587	222	0	66	
MYCO000588	311	0	62	
MYCO000589	97	0	85	
MYCO000590	3588	0	33	
MYCO000591	580	0	102	
MYCO000592	1297	0	69	
MYCO000593	91	0	69	
MYCO000594	391	0	123	
MYCO000595	48	0	32	
MYCO000596	55	0	13	
MYCO000597	29	0	66	
MYCO000598	27	0	26	
MYCO000599	13	4122	19	
MYCO000600	375	0	28	
MYCO000601	332	0	44	
MYCO000602	916	0	51	
MYCO000603	1364	0	19	
MYCO000604	372	0	66	
MYCO000605	50	0	31	
MYCO000606	151	0	47	
MYCO000607	17	0	21	
MYCO000608	4	0	11	
MYCO000609	46	0	34	
MYCO000610	881	0	58	
MYCO000611	16	0	29	
MYCO000612	948	0	37	
MYCO000613	1969	0	133	
MYCO000614	259	0	59	
MYCO000615	105	0	15	
MYCO000616	54	0	29	
MYCO000617	22	0	27	
MYCO000618	968	0	40	
MYCO000619	7414	0	0	
MYCO000620	1942	0	68	
MYCO000621	1000	0	53	
MYCO000622	27	0	56	
MYCO000623	18	0	15	
MYCO000624	19	0	28	
MYCO000625	522	0	45	
MYCO000626	47	0	15	
MYCO000627	52	0	22	
MYCO000628	627	3435	61	
MYCO000629	1278	0	98	
MYCO000630	1973	0	147	
MYCO000631	1979	0	149	
MYCO000632	10	0	34	
MYCO000633	54	0	59	
MYCO000634	16	0	37	
MYCO000635	16	0	29	
MYCO000637	9	0	38	
MYCO000638	108	0	35	
MYCO000642	43	0	53	
MYCO000643	193	0	53	
MYCO000644	11	26	40	
MYCO000645	8	0	39	
MYCO000646	114	0	54	
MYCO000648	2499	0	168	
MYCO000649	2852	0	41	
MYCO000650	2064	0	47	
MYCO000653	40	0	36	
MYCO000654	788	0	89	
MYCO000656	42	0	28	
MYCO000657	5	0	7	
MYCO000658	44	0	49	
MYCO000659	18	0	24	
MYCO000660	88	0	21	
MYCO000661	95	0	24	
MYCO000662	119	0	14	
MYCO000663	592	0	158	
MYCO000664	8	0	17	
MYCO000665	80	0	20	
MYCO000666	7	0	16	
MYCO000669	719	0	112	
MYCO000670	1269	0	30	
MYCO000671	150	0	52	
MYCO000673	993	0	55	
MYCO000674	97	0	34	
MYCO000675	338	0	42	
MYCO000676	33	3299	112	
MYCO000677	14	0	26	
MYCO000678	33	0	37	
MYCO000679	106	0	32	
MYCO000680	19	0	23	
MYCO000681	15	0	42	
MYCO000686	1118	0	43	
MYCO000687	99	0	39	
MYCO000688	75	0	59	
MYCO000689	347	0	19	
MYCO000690	92	0	44	
MYCO000691	4	0	42	
MYCO000692	10	0	20	
MYCO000694	421	0	53	
MYCO000695	96	0	38	
MYCO000697	33	0	78	
MYCO000698	1363	0	33	
MYCO000699	3	0	11	
MYCO000711	524	0	117	
MYCO000712	28	0	37	
MYCO000713	30	0	70	
MYCO000724	701	0	105	
MYCO000725	90	0	48	
MYCO000726	188	0	75	
MYCO000727	460	0	45	
MYCO000728	205	0	63	
MYCO000729	1083	0	83	
MYCO000730	225	0	41	
MYCO000731	603	0	54	
MYCO000735	21	0	36	
MYCO000736	167	0	51	
MYCO000737	34	0	25	
MYCO000738	914	0	35	
MYCO000739	3654	0	28	
MYCO000740	1824	0	44	
MYCO000741	37	892	24	
MYCO000742	7414	0	0	
MYCO000743	25	0	28	
MYCO000744	354	0	32	
MYCO000745	993	0	37	
MYCO000746	6722	0	33	
MYCO000747	6697	0	51	
MYCO000748	733	0	27	
MYCO000749	234	3540	64	
MYCO000750	1692	2756	28	
MYCO000751	264	0	49	
MYCO000752	190	0	70	
MYCO000753	372	0	83	
MYCO000754	2031	0	89	
MYCO000755	924	0	147	
MYCO000756	196	0	41	
MYCO000759	2	0	14	
MYCO000760	232	0	27	
MYCO000761	63	0	41	
MYCO000762	28	0	30	
MYCO000763	15	0	13	
MYCO000764	47	0	68	
MYCO000765	162	0	50	
MYCO000766	1743	0	64	
MYCO000767	554	0	43	
MYCO000768	84	0	90	
MYCO000769	16	0	44	
MYCO000770	447	0	49	
MYCO000771	100	0	30	
MYCO000773	142	0	96	
MYCO000774	307	0	59	
MYCO000775	132	0	44	
MYCO000776	303	0	41	
MYCO000778	398	0	70	
MYCO000779	2336	0	35	
MYCO000781	7245	0	2	
MYCO000783	68	0	116	
MYCO000784	214	0	44	
MYCO000785	224	0	78	
MYCO000786	278	0	27	
MYCO000787	1080	0	57	
MYCO000789	18	0	29	
MYCO000790	49	0	51	
MYCO000791	186	0	69	
MYCO000792	42	0	51	
MYCO000793	20	0	17	
MYCO000794	111	0	81	
MYCO000795	914	2	22	
MYCO000796	7414	0	0	
MYCO000797	7296	0	13	
MYCO000798	37	0	38	
MYCO000799	12	0	39	
MYCO000800	93	0	81	
MYCO000801	15	0	25	
MYCO000802	168	0	52	
MYCO000804	1287	0	29	
MYCO000805	24	0	69	
MYCO000806	33	0	78	
MYCO000807	29	0	16	
MYCO000811	479	0	56	
MYCO000812	35	0	45	
MYCO000813	553	0	46	
MYCO000816	14	0	33	
MYCO000817	12	0	40	
MYCO000818	167	0	35	
MYCO000819	109	0	58	
MYCO000822	1300	0	101	
MYCO000825	79	0	62	
MYCO000826	441	0	50	
MYCO000827	568	0	29	
MYCO000828	153	0	36	
MYCO000829	198	2344	41	
MYCO000830	40	0	63	
MYCO000831	52	0	46	
MYCO000832	1754	0	20	
MYCO000833	5932	0	83	
MYCO000834	4445	0	109	
MYCO000835	543	0	66	
MYCO000836	3687	0	19	
MYCO000837	261	0	63	
MYCO000838	87	0	47	
MYCO000839	113	0	37	
MYCO000840	131	0	45	
MYCO000841	77	0	23	
MYCO000842	361	0	80	
MYCO000843	44	0	67	
MYCO000844	198	0	50	
MYCO000845	90	0	81	
MYCO000846	317	0	78	
MYCO000847	939	0	19	
MYCO000848	119	0	77	
MYCO000849	967	0	86	
MYCO000850	40	0	20	
MYCO000851	561	0	41	
MYCO000852	53	0	56	
MYCO000853	279	0	94	
MYCO000854	17	0	33	
MYCO000855	198	0	63	
MYCO000856	18	0	29	
MYCO000857	32	0	25	
MYCO000858	408	0	84	
MYCO000862	652	0	143	
MYCO000863	15	0	15	
MYCO000864	36	0	30	
MYCO000865	59	0	20	
MYCO000866	558	0	32	
MYCO000867	3687	0	103	
MYCO000868	44	0	17	
MYCO000869	536	0	68	
MYCO000870	28	0	25	
MYCO000872	3368	0	101	
MYCO000873	96	0	111	
MYCO000874	628	3524	58	
MYCO000875	39	0	27	
MYCO000877	51	0	37	
MYCO000878	5383	0	54	
MYCO000879	183	0	25	
MYCO000880	94	0	24	
MYCO000881	42	0	47	
MYCO000882	69	0	24	
MYCO000883	253	0	37	
MYCO000887	26	0	20	
MYCO000888	1698	0	81	
MYCO000890	286	0	173	
MYCO000891	214	0	48	
MYCO000892	62	0	107	
MYCO000893	63	0	78	
MYCO000894	102	0	76	
MYCO000895	214	0	80	
MYCO000897	1546	0	92	
MYCO000898	9	0	15	
MYCO000899	29	0	43	
MYCO000900	23	0	8	
MYCO000901	389	0	36	
MYCO000904	1138	0	70	
MYCO000905	54	0	42	
MYCO000907	7410	0	1	
MYCO000908	44	0	129	
MYCO000909	62	0	16	
MYCO000910	30	0	32	
MYCO000911	425	0	54	
MYCO000912	14	0	28	
MYCO000913	198	0	95	
MYCO000914	260	0	92	
MYCO000915	1190	0	65	
MYCO000916	27	0	24	
MYCO000917	181	0	81	
MYCO000918	85	0	37	
MYCO000919	8	0	31	
MYCO000920	79	0	87	
MYCO000921	50	0	37	
MYCO000922	233	0	111	
MYCO000923	45	0	79	
MYCO000924	618	0	63	
MYCO000925	107	0	43	
MYCO000928	99	0	50	
MYCO000930	108	0	13	
MYCO000931	312	0	130	
MYCO000932	89	0	85	
MYCO000933	73	0	54	
MYCO000934	916	0	64	
MYCO000935	111	0	64	
MYCO000936	141	0	49	
MYCO000937	9	0	36	
MYCO000938	54	0	120	
MYCO000939	179	0	117	
MYCO000940	19	0	53	
MYCO000941	39	0	43	
MYCO000942	39	0	18	
MYCO000943	88	0	70	
MYCO000944	109	0	35	
MYCO000945	197	0	61	
MYCO000947	22	0	19	
MYCO000948	5	0	19	
MYCO000950	288	0	62	
MYCO000954	177	0	68	
MYCO000955	1592	0	62	
MYCO000956	693	0	33	
MYCO000958	941	0	76	
MYCO000959	1294	0	115	
MYCO000960	55	0	21	
MYCO000961	61	4586	24	
MYCO000962	396	0	33	
MYCO000963	464	0	59	
MYCO000964	46	0	29	
MYCO000965	14	0	37	
MYCO000966	803	0	32	
MYCO000967	46	0	17	
MYCO000968	72	0	21	
MYCO000969	1780	0	124	
MYCO000970	16	0	38	
MYCO000971	765	0	43	
MYCO000972	97	0	81	
MYCO000973	480	0	139	
MYCO000974	300	0	117	
MYCO000975	689	0	65	
MYCO000976	902	0	98	
MYCO000977	4450	0	113	
MYCO000978	6898	0	79	
MYCO000979	32	0	17	
MYCO000980	7141	0	71	
MYCO000982	299	0	77	
MYCO000984	66	0	21	
MYCO000985	26	0	39	
MYCO000986	242	0	62	
MYCO000987	360	0	250	
MYCO000988	165	0	117	
MYCO000989	88	0	84	
MYCO000990	232	0	50	
MYCO000991	9	0	21	
MYCO000992	371	0	41	
MYCO000996	33	0	62	
MYCO000997	10	0	28	
MYCO000998	235	0	57	
MYCO000999	77	0	42	
MYCO001000	62	0	32	
MYCO001003	382	0	58	
MYCO001004	2858	0	79	
MYCO001005	1922	0	37	
MYCO001006	154	0	88	
MYCO001012	858	0	14	
MYCO001016	44	0	30	
MYCO001019	7	0	25	
MYCO001021	50	0	46	
MYCO001024	589	0	33	
MYCO001025	102	0	26	
MYCO001027	62	0	48	
MYCO001028	1977	0	126	
MYCO001029	81	0	108	
MYCO001030	80	0	133	
MYCO001031	124	0	34	
MYCO001032	133	0	93	
MYCO001033	59	0	34	
MYCO001034	929	0	21	
MYCO001035	1167	0	36	
MYCO001036	173	0	23	
MYCO001037	656	3454	146	
MYCO001038	4169	778	124	
MYCO001039	1564	0	64	
MYCO001040	772	0	48	
MYCO001041	274	41	64	
MYCO001042	77	4	35	
MYCO001043	38	0	60	
MYCO001044	11	0	26	
MYCO001045	1513	0	39	
MYCO001046	7410	0	1	
MYCO001047	7219	60	9	
MYCO001048	34	0	93	
MYCO001049	36	0	37	
MYCO001050	318	0	48	
MYCO001051	60	0	62	
MYCO001052	79	0	24	
MYCO001053	34	0	17	
MYCO001054	15	0	20	
MYCO001055	2	0	9	
MYCO001056	58	243	43	
MYCO001057	57	0	88	
MYCO001058	197	0	72	
MYCO001059	123	0	72	
MYCO001060	52	0	28	
MYCO001061	42	0	48	
MYCO001062	463	0	46	
MYCO001063	128	0	68	
MYCO001064	503	0	28	
MYCO001065	136	0	42	
MYCO001066	819	0	19	
MYCO001067	7358	0	24	
MYCO001068	7193	0	25	
MYCO001069	174	0	109	
MYCO001073	148	0	63	
MYCO001074	165	0	58	
MYCO001075	232	0	73	
MYCO001076	80	0	69	
MYCO001078	1768	0	33	
MYCO001081	103	0	20	
MYCO001083	21	0	12	
MYCO001084	2608	0	78	
MYCO001085	57	0	32	
MYCO001087	6183	0	124	
MYCO001088	618	0	32	
MYCO001089	7414	0	0	
MYCO001090	65	0	34	
MYCO001091	6739	0	95	
MYCO001093	89	0	60	
MYCO001096	92	0	60	
MYCO001097	40	0	58	
MYCO001100	51	0	43	
MYCO001101	199	0	56	
MYCO001102	37	0	16	
MYCO001103	17	0	17	
MYCO001104	22	0	46	
MYCO001105	69	0	30	
MYCO001106	150	0	44	
MYCO001107	1	0	12	
MYCO001109	23	0	32	
MYCO001111	73	0	44	
MYCO001113	15	0	8	
MYCO001114	13	0	24	
MYCO001115	136	0	54	
MYCO001116	31	0	11	
MYCO001117	9	0	18	
MYCO001118	397	0	44	
MYCO001119	34	0	9	
MYCO001120	37	0	35	
MYCO001121	147	0	90	
MYCO001122	702	0	52	
MYCO001123	105	0	60	
MYCO001124	160	0	51	
MYCO001125	878	0	73	
MYCO001126	36	0	33	
MYCO001127	41	0	84	
MYCO001128	2479	0	77	
MYCO001129	49	0	132	
MYCO001130	98	0	92	
MYCO001131	24	0	61	
MYCO001132	1240	0	102	
MYCO001133	983	0	84	
MYCO001134	521	0	17	
MYCO001135	2293	0	116	
MYCO001136	8	0	25	
MYCO001137	40	0	15	
MYCO001138	87	0	56	
MYCO001139	545	0	40	
MYCO001140	21	0	38	
MYCO001141	80	3756	33	
MYCO001142	80	4215	29	
MYCO001143	97	0	47	
MYCO001144	98	0	44	
MYCO001145	3628	0	27	
MYCO001146	59	0	70	
MYCO001147	51	0	39	
MYCO001148	7167	61	41	
MYCO001149	77	2	35	
MYCO001150	7414	0	0	
MYCO001151	67	0	33	
MYCO001152	45	0	23	
MYCO001153	138	0	55	
MYCO001154	21	0	44	
MYCO001155	52	0	29	
MYCO001156	56	0	37	
MYCO001157	3041	0	51	
MYCO001158	1589	0	41	
MYCO001159	26	0	68	
MYCO001160	109	0	23	
MYCO001161	201	0	172	
MYCO001162	102	0	89	
MYCO001163	88	0	26	
MYCO001164	36	0	41	
MYCO001166	310	0	74	
MYCO001167	52	0	24	
MYCO001168	1065	0	70	
MYCO001169	24	0	21	
MYCO001170	77	0	49	
MYCO001171	27	0	32	
MYCO001172	991	0	55	
MYCO001174	12	0	26	
MYCO001175	2841	0	112	
MYCO001176	389	0	33	
MYCO001179	1355	0	170	
MYCO001180	7399	0	1	
MYCO001181	416	0	237	
MYCO001182	39	0	50	
MYCO001183	65	0	172	
MYCO001184	46	0	54	
MYCO001185	92	0	79	
MYCO001186	571	0	103	
MYCO001187	757	0	84	
MYCO001188	428	0	65	
MYCO001189	130	0	46	
MYCO001190	945	0	43	
MYCO001191	1279	0	50	
MYCO001192	754	0	37	
MYCO001194	126	0	89	
MYCO001195	43	0	19	
MYCO001196	3667	543	492	
MYCO001197	4168	841	129	
MYCO001198	656	3498	144	
MYCO001199	7219	60	10	
MYCO001200	546	0	78	
MYCO001203	552	0	40	
MYCO001204	535	0	85	
MYCO001205	128	0	36	
MYCO001206	125	0	78	
MYCO001209	103	0	21	
MYCO001210	50	0	21	
MYCO001211	15	0	8	
MYCO001212	88	0	58	
MYCO001214	226	0	23	
MYCO001215	1012	0	108	
MYCO001216	125	0	43	
MYCO001217	1174	0	103	
MYCO001218	26	0	70	
MYCO001219	60	0	49	
MYCO001222	19	0	28	
MYCO001224	30	0	29	
MYCO001225	1909	0	49	
MYCO001226	969	0	100	
MYCO001227	44	0	44	
MYCO001228	27	0	45	
MYCO001230	660	0	91	
MYCO001231	222	0	33	
MYCO001232	194	0	84	
MYCO001233	269	0	43	
MYCO001234	60	0	29	
MYCO001235	38	0	61	
MYCO001236	88	0	57	
MYCO001237	25	0	38	
MYCO001240	129	0	57	
MYCO001241	71	0	17	
MYCO001242	64	0	26	
MYCO001243	4867	0	58	
MYCO001244	1104	0	61	
MYCO001246	12	0	21	
MYCO001247	12	0	11	
MYCO001249	143	0	54	
MYCO001250	868	0	91	
MYCO001251	1993	0	120	
MYCO001252	37	0	33	
MYCO001254	707	0	52	
MYCO001255	96	0	44	
MYCO001256	217	0	70	
MYCO001257	80	0	90	
MYCO001258	1787	0	69	
MYCO001259	289	0	44	
MYCO001260	778	0	43	
MYCO001261	38	0	26	
MYCO001262	42	0	30	
MYCO001263	703	0	86	
MYCO001264	217	0	92	
MYCO001265	180	0	31	
MYCO001266	1655	0	107	
MYCO001267	64	0	67	
MYCO001268	465	0	58	
MYCO001269	1484	0	27	
MYCO001270	348	0	43	
MYCO001271	37	0	21	
MYCO001274	732	0	28	
MYCO001275	19	0	38	
MYCO001276	382	0	36	
MYCO001278	1447	0	117	
MYCO001279	119	0	85	
MYCO001280	52	0	99	
MYCO001281	146	0	82	
MYCO001282	5	0	44	
MYCO001283	172	0	42	
MYCO001284	18	0	22	
MYCO001285	34	0	75	
MYCO001286	41	0	109	
MYCO001287	25	0	17	
MYCO001288	2895	0	84	
MYCO001289	23	0	44	
MYCO001290	1138	1587	84	
MYCO001291	27	0	22	
MYCO001296	332	0	52	
MYCO001300	681	0	53	
MYCO001301	24	0	33	
MYCO001303	16	0	24	
MYCO001304	26	0	46	
MYCO001306	20	0	26	
MYCO001307	78	0	77	
MYCO001312	54	0	27	
MYCO001313	3961	72	44	
MYCO001314	89	0	49	
MYCO001316	70	0	36	
MYCO001317	303	0	96	
MYCO001318	339	0	86	
MYCO001319	5569	0	77	
MYCO001320	367	0	110	
MYCO001322	370	0	23	
MYCO001324	760	0	49	
MYCO001325	4752	0	84	
MYCO001329	868	0	111	
MYCO001330	508	0	85	
MYCO001331	23	0	13	
MYCO001332	21	0	37	
MYCO001333	420	0	58	
MYCO001334	200	0	21	
MYCO001335	184	0	20	
MYCO001336	532	0	45	
MYCO001337	8	0	40	
MYCO001339	28	0	45	
MYCO001341	58	0	32	
MYCO001342	14	0	23	
MYCO001343	35	0	37	
MYCO001344	3	0	18	
MYCO001345	84	0	75	
MYCO001346	22	0	43	
MYCO001347	17	0	42	
MYCO001348	499	0	119	
MYCO001349	207	0	74	
MYCO001350	21	0	41	
MYCO001351	36	0	24	
MYCO001352	29	0	36	
MYCO001353	341	0	45	
MYCO001354	409	0	121	
MYCO001355	1135	0	151	
MYCO001356	413	0	55	
MYCO001357	69	0	61	
MYCO001358	1977	0	170	
MYCO001359	105	0	38	
MYCO001360	211	0	45	
MYCO001361	3560	562	516	
MYCO001362	53	0	39	
MYCO001363	613	0	45	
MYCO001364	572	0	103	
MYCO001365	44	0	25	
MYCO001366	447	0	46	
MYCO001367	550	0	72	
MYCO001368	146	0	50	
MYCO001369	7414	0	0	
MYCO001370	914	2	22	
MYCO001371	1804	0	61	
MYCO001372	48	0	81	
MYCO001373	171	0	58	
MYCO001374	11	0	40	
MYCO001375	397	0	91	
MYCO001376	629	0	73	
MYCO001377	18	0	31	
MYCO001378	969	0	85	
MYCO001379	79	0	23	
MYCO001382	224	0	38	
MYCO001386	223	0	26	
MYCO001387	2784	0	74	
MYCO001389	149	0	42	
MYCO001393	203	0	80	
MYCO001394	57	0	89	
MYCO001395	57	0	71	
MYCO001396	5054	0	63	
MYCO001397	25	0	26	
MYCO001398	11	0	19	
MYCO001399	205	0	66	
MYCO001400	221	0	55	
MYCO001401	271	0	43	
MYCO001403	422	0	52	
MYCO001404	15	0	26	
MYCO001405	40	0	54	
MYCO001406	544	0	51	
MYCO001409	937	0	39	
MYCO001411	17	0	46	
MYCO001413	33	0	42	
MYCO001414	25	0	25	
MYCO001417	13	0	34	
MYCO001418	28	0	38	
MYCO001419	25	0	34	
MYCO001422	386	0	49	
MYCO001423	490	0	60	
MYCO001424	94	0	53	
MYCO001425	54	0	77	
MYCO001426	124	0	89	
MYCO001427	345	0	90	
MYCO001428	14	0	52	
MYCO001429	319	0	79	
MYCO001430	865	0	78	
MYCO001431	92	0	124	
MYCO001432	725	0	58	
MYCO001433	15	0	46	
MYCO001434	40	0	10	
MYCO001435	1539	0	46	
MYCO001439	19	1944	25	
MYCO001441	4075	0	125	
MYCO001442	385	0	161	
MYCO001443	55	0	27	
MYCO001444	80	0	32	
MYCO001446	1082	0	63	
MYCO001450	7405	0	5	
MYCO001452	6934	0	116	
MYCO001453	141	0	80	
MYCO001454	59	0	64	
MYCO001455	171	0	59	
MYCO001456	204	0	61	
MYCO001459	623	0	104	
MYCO001460	1139	0	34	
MYCO001461	117	0	139	
MYCO001468	3777	0	51	
MYCO001469	622	0	107	
MYCO001470	23	0	21	
MYCO001471	41	0	20	
MYCO001472	74	0	62	
MYCO001476	6	0	35	
MYCO001477	174	0	70	
MYCO001478	85	0	37	
MYCO001482	71	0	54	
MYCO001486	49	0	53	
MYCO001487	17	0	26	
MYCO001488	93	0	50	
MYCO001489	24	0	22	
MYCO001490	73	0	94	
MYCO001491	16	0	50	
MYCO001492	839	0	94	
MYCO001494	14	0	13	
MYCO001495	16	0	24	
MYCO001496	71	0	52	
MYCO001497	245	0	83	
MYCO001498	98	0	47	
MYCO001499	55	0	24	
MYCO001500	130	0	75	
MYCO001501	81	0	47	
MYCO001502	155	0	72	
MYCO001503	7414	0	0	
MYCO001504	1961	0	24	
MYCO001505	90	0	55	
MYCO001506	197	0	35	
MYCO001507	153	0	49	
MYCO001508	316	208	118	
MYCO001509	625	0	48	
MYCO001510	34	4048	55	
MYCO001511	132	0	66	
MYCO001512	86	0	60	
MYCO001513	98	0	33	
MYCO001514	67	0	43	
MYCO001515	87	0	57	
MYCO001516	419	0	59	
MYCO001517	61	0	38	
MYCO001518	226	0	55	
MYCO001519	1078	0	16	
MYCO001520	1122	0	60	
MYCO001521	233	0	86	
MYCO001522	678	0	195	
MYCO001523	139	0	57	
MYCO001524	829	0	63	
MYCO001525	934	0	48	
MYCO001526	809	0	71	
MYCO001527	1807	0	352	
MYCO001528	67	0	23	
MYCO001529	129	0	109	
MYCO001530	102	0	82	
MYCO001531	32	0	29	
MYCO001532	127	0	28	
MYCO001533	234	0	51	
MYCO001534	40	0	39	
MYCO001535	9	0	14	
MYCO001537	254	0	87	
MYCO001538	527	0	61	
MYCO001539	34	0	34	
MYCO001541	56	0	29	
MYCO001542	35	28	25	
MYCO001543	25	0	58	
MYCO001544	147	0	51	
MYCO001545	38	0	15	
MYCO001546	118	0	39	
MYCO001548	284	0	131	
MYCO001549	7345	0	2	
MYCO001550	893	0	76	
MYCO001551	1778	0	94	
MYCO001552	224	0	110	
MYCO001553	277	0	32	
MYCO001554	19	0	22	
MYCO001555	14	0	22	
MYCO001556	45	0	42	
MYCO001558	42	0	23	
MYCO001560	6	0	9	
MYCO001561	18	0	31	
MYCO001562	792	0	89	
MYCO001563	568	0	132	
MYCO001565	926	0	98	
MYCO001566	331	0	50	
MYCO001567	11	0	30	
MYCO001570	832	0	35	
MYCO001571	723	0	33	
MYCO001572	5203	0	12	
MYCO001573	4727	0	12	
MYCO001574	4925	0	22	
MYCO001575	7408	0	3	
MYCO001576	1429	935	164	
MYCO001577	4493	0	23	
MYCO001578	4517	0	29	
MYCO001579	4465	0	24	
MYCO001580	4512	0	15	
MYCO001581	5466	0	10	
MYCO001582	4506	0	55	
MYCO001583	586	1289	35	
MYCO001584	4724	0	11	
MYCO001585	5029	0	28	
MYCO001586	4661	0	56	
MYCO001587	7338	0	14	
MYCO001588	7141	6	69	
MYCO001590	25	0	13	
MYCO001591	53	0	52	
MYCO001592	39	0	92	
MYCO001596	23	0	34	
MYCO001597	64	0	46	
MYCO001598	79	0	18	
MYCO001602	22	0	36	
MYCO001604	56	0	47	
MYCO001606	37	0	26	
MYCO001607	105	0	40	
MYCO001608	5	0	20	
MYCO001610	885	0	40	
MYCO001613	21	0	52	
MYCO001614	95	0	70	
MYCO001615	12	0	36	
MYCO001616	22	0	24	
MYCO001618	40	0	38	
MYCO001619	384	0	72	
MYCO001620	1148	0	78	
MYCO001621	993	0	77	
MYCO001622	37	0	60	
MYCO001623	20	0	75	
MYCO001624	37	0	44	
MYCO001625	361	0	87	
MYCO001628	117	0	21	
MYCO001631	104	0	63	
MYCO001632	127	0	23	
MYCO001634	124	0	73	
MYCO001635	106	0	81	
MYCO001636	8	0	29	
MYCO001637	434	0	55	
MYCO001639	1510	2295	75	
MYCO001640	176	0	182	
MYCO001644	508	0	51	
MYCO001645	775	0	66	
MYCO001646	695	0	61	
MYCO001647	1905	0	46	
MYCO001648	25	0	54	
MYCO001650	1130	0	149	
MYCO001651	4156	0	151	
MYCO001660	1234	0	64	
MYCO001661	2141	0	334	
MYCO001662	1818	0	318	
MYCO001663	238	0	109	
MYCO001664	614	0	194	
MYCO001665	355	0	74	
MYCO001666	267	0	70	
MYCO001667	116	0	38	
MYCO001668	7242	0	5	
MYCO001669	214	0	19	
MYCO001670	55	0	22	
MYCO001671	18	0	32	
MYCO001672	639	0	83	
MYCO001673	552	0	59	
MYCO001674	594	0	36	
MYCO001675	479	0	49	
MYCO001676	30	0	64	
MYCO001677	31	0	36	
MYCO001678	902	0	60	
MYCO001679	94	0	60	
MYCO001680	104	0	49	
MYCO001681	79	0	60	
MYCO001682	619	0	51	
MYCO001683	1105	0	132	
MYCO001684	59	0	16	
MYCO001685	31	0	36	
MYCO001686	37	0	48	
MYCO001687	37	0	60	
MYCO001688	236	0	44	
MYCO001690	29	0	21	
MYCO001691	415	0	57	
MYCO001692	812	0	48	
MYCO001693	16	0	15	
MYCO001696	61	0	88	
MYCO001698	711	0	40	
MYCO001700	13	0	42	
MYCO001702	811	0	84	
MYCO001703	25	0	32	
MYCO001704	57	0	103	
MYCO001705	1585	0	59	
MYCO001706	569	0	63	
MYCO001707	107	0	92	
MYCO001710	15	0	40	
MYCO001714	950	0	57	
MYCO001715	809	0	57	
MYCO001716	22	0	64	
MYCO001717	1445	0	27	
MYCO001718	142	0	62	
MYCO001719	241	0	67	
MYCO001720	118	0	24	
MYCO001721	9	0	9	
MYCO001722	772	0	93	
MYCO001723	385	0	77	
MYCO001724	122	0	17	
MYCO001725	410	0	50	
MYCO001726	498	0	117	
MYCO001727	96	0	40	
MYCO001728	23	0	44	
MYCO001729	55	0	53	
MYCO001730	1373	0	111	
MYCO001731	544	0	82	
MYCO001732	443	0	22	
MYCO001733	18	0	47	
MYCO001734	14	0	16	
MYCO001735	49	0	37	
MYCO001736	1174	3101	129	
MYCO001737	1197	0	61	
MYCO001738	97	0	27	
MYCO001739	432	0	100	
MYCO001740	17	0	13	
MYCO001741	10	2301	19	
MYCO001742	229	0	46	
MYCO001743	795	0	83	
MYCO001744	1119	0	30	
MYCO001745	56	0	39	
MYCO001746	380	0	93	
MYCO001747	532	0	112	
MYCO001748	37	0	51	
MYCO001749	54	0	39	
MYCO001750	294	0	94	
MYCO001751	187	0	77	
MYCO001752	38	0	34	
MYCO001753	7363	0	25	
MYCO001754	3220	0	59	
MYCO001755	7414	0	0	
MYCO001756	7414	0	0	
MYCO001757	914	2	22	
MYCO001758	5094	0	38	
MYCO001759	6979	0	45	
MYCO001760	3914	0	62	
MYCO001761	3858	0	21	
MYCO001762	3930	0	26	
MYCO001763	914	2	22	
MYCO001764	7414	0	0	
MYCO001765	7405	0	2	
MYCO001766	25	0	11	
MYCO001767	20	0	19	
MYCO001768	3539	0	89	
MYCO001769	458	0	74	
MYCO001770	439	0	87	
MYCO001771	17	0	76	
MYCO001772	26	0	17	
MYCO001773	35	0	42	
MYCO001774	120	0	102	
MYCO001775	1980	0	34	
MYCO001776	53	0	42	
MYCO001777	460	0	94	
MYCO001778	798	0	19	
MYCO001779	667	0	128	
MYCO001780	21	0	28	
MYCO001781	797	0	139	
MYCO001782	182	0	63	
MYCO001783	390	0	146	
MYCO001785	39	0	58	
MYCO001786	4	0	15	
MYCO001787	6506	0	49	
MYCO001788	22	21	27	
MYCO001789	755	0	75	
MYCO001790	3145	0	80	
MYCO001791	30	0	13	
MYCO001792	7414	0	0	
MYCO001793	656	2808	123	
MYCO001794	14	0	51	
MYCO001795	732	0	82	
MYCO001796	353	0	92	
MYCO001797	28	0	84	
MYCO001798	41	0	75	
MYCO001799	623	0	17	
MYCO001800	274	0	128	
MYCO001801	2005	0	97	
MYCO001802	1374	0	76	
MYCO001803	2140	0	99	
MYCO001804	51	0	24	
MYCO001805	11	0	35	
MYCO001806	21	0	23	
MYCO001807	7414	0	0	
MYCO001808	516	0	72	
MYCO001809	341	0	60	
MYCO001810	6	0	22	
MYCO001811	63	0	58	
MYCO001812	363	0	82	
MYCO001813	29	0	31	
MYCO001814	348	0	82	
MYCO001815	1065	0	62	
MYCO001816	1008	2084	33	
MYCO001817	804	0	97	
MYCO001818	4876	0	72	
MYCO001819	258	0	81	
MYCO001820	242	0	86	
MYCO001822	35	0	39	
MYCO001823	202	0	56	
MYCO001824	29	0	23	
MYCO001825	36	0	51	
MYCO001826	2	0	18	
MYCO001828	31	0	37	
MYCO001831	65	0	16	
MYCO001833	37	0	55	
MYCO001834	67	0	44	
MYCO001835	410	0	119	
MYCO001836	463	0	114	
MYCO001838	25	0	21	
MYCO001839	5	0	11	
MYCO001840	3577	0	84	
MYCO001841	104	0	65	
MYCO001845	1339	0	43	
MYCO001846	58	0	38	
MYCO001847	84	0	42	
MYCO001848	101	0	22	
MYCO001849	6	0	12	
MYCO001850	409	0	99	
MYCO001851	732	0	40	
MYCO001852	145	0	34	
MYCO001853	45	0	36	
MYCO001855	104	0	60	
MYCO001856	1020	0	43	
MYCO001857	14	0	40	
MYCO001858	42	0	30	
MYCO001859	126	0	60	
MYCO001860	1137	0	69	
MYCO001861	9	0	25	
MYCO001862	73	0	59	
MYCO001863	58	0	49	
MYCO001864	27	0	45	
MYCO001865	20	0	50	
MYCO001866	160	0	135	
MYCO001867	390	0	95	
MYCO001868	610	0	127	
MYCO001869	269	0	54	
MYCO001870	850	0	37	
MYCO001871	254	0	34	
MYCO001872	65	0	95	
MYCO001873	87	0	34	
MYCO001874	43	0	51	
MYCO001875	45	0	35	
MYCO001876	101	0	33	
MYCO001877	334	0	121	
MYCO001878	514	0	81	
MYCO001879	319	0	62	
MYCO001880	92	0	80	
MYCO001881	75	0	31	
MYCO001882	29	0	48	
MYCO001883	51	0	34	
MYCO001884	29	0	32	
MYCO001885	54	0	52	
MYCO001887	382	0	79	
MYCO001888	6170	0	7	
MYCO001889	43	0	19	
MYCO001890	39	0	38	
MYCO001891	18	0	34	
MYCO001892	38	0	17	
MYCO001893	18	0	18	
MYCO001895	2080	0	42	
MYCO001896	490	0	74	
MYCO001897	61	0	30	
MYCO001898	28	0	21	
MYCO001899	2718	0	70	
MYCO001900	206	0	101	
MYCO001901	259	0	90	
MYCO001902	216	0	80	
MYCO001903	35	0	32	
MYCO001904	25	0	30	
MYCO001905	84	0	65	
MYCO001906	25	0	30	
MYCO001907	5268	0	46	
MYCO001908	258	0	225	
MYCO001909	30	0	36	
MYCO001910	238	0	44	
MYCO001911	266	0	33	
MYCO001912	2192	0	40	
MYCO001913	42	0	46	
MYCO001914	25	0	33	
MYCO001915	4601	0	25	
MYCO001916	99	0	55	
MYCO001917	7383	0	14	
MYCO001918	1432	0	187	
MYCO001919	16	0	26	
MYCO001920	23	0	67	
MYCO001921	1153	0	69	
MYCO001922	117	0	63	
MYCO001923	146	0	94	
MYCO001924	30	0	30	
MYCO001925	85	0	91	
MYCO001926	21	0	30	
MYCO001927	213	0	59	
MYCO001928	1304	0	47	
MYCO001929	1461	0	56	
MYCO001930	260	0	43	
MYCO001931	80	0	50	
MYCO001932	73	0	32	
MYCO001933	1108	0	66	
MYCO001934	696	0	78	
MYCO001935	71	0	67	
MYCO001936	52	0	79	
MYCO001937	769	0	142	
MYCO001938	116	0	69	
MYCO001939	670	0	41	
MYCO001940	6110	0	24	
MYCO001941	118	0	48	
MYCO001942	7	0	22	
MYCO001943	27	0	25	
MYCO001944	63	0	47	
MYCO001945	6970	84	48	
MYCO001946	82	0	34	
MYCO001947	142	0	22	
MYCO001948	219	0	39	
MYCO001949	7414	0	0	
MYCO001950	32	0	11	
MYCO001951	323	0	18	
MYCO001952	23	0	11	
MYCO001953	29	0	32	
MYCO001954	71	0	33	
MYCO001955	53	0	21	
MYCO001956	77	0	42	
MYCO001957	37	0	35	
MYCO001958	102	0	54	
MYCO001959	6	0	18	
MYCO001960	7	0	13	
MYCO001961	210	0	40	
MYCO001962	19	0	27	
MYCO001963	196	0	59	
MYCO001964	266	0	43	
MYCO001965	251	0	50	
MYCO001966	205	0	77	
MYCO001967	205	0	80	
MYCO001968	2379	0	70	
MYCO001969	318	0	76	
MYCO001970	171	0	68	
MYCO001971	693	0	91	
MYCO001972	143	0	38	
MYCO001973	318	0	29	
MYCO001974	109	0	30	
MYCO001975	901	0	37	
MYCO001976	188	0	25	
MYCO001977	944	0	48	
MYCO001978	1342	0	50	
MYCO001979	183	0	78	
MYCO001980	44	0	45	
MYCO001982	55	0	40	
MYCO001983	2036	0	87	
MYCO001984	353	0	43	
MYCO001985	204	0	51	
MYCO001986	78	0	46	
MYCO001987	67	0	32	
MYCO001988	187	0	33	
MYCO001989	61	0	32	
MYCO001990	6	0	16	
MYCO001991	8	0	19	
MYCO001992	2335	0	107	
MYCO001993	1403	0	24	
MYCO001994	979	0	22	
MYCO001995	1369	0	44	
MYCO001996	1333	0	49	
MYCO001997	3249	0	132	
MYCO001998	89	0	56	
MYCO001999	542	0	90	
MYCO002000	186	0	111	
MYCO002001	40	0	61	
MYCO002002	71	0	41	
MYCO002003	166	0	64	
MYCO002004	258	0	80	
MYCO002005	27	0	43	
MYCO002006	374	0	244	
MYCO002007	11	0	12	
MYCO002008	47	0	85	
MYCO002009	11	0	12	
MYCO002010	34	0	17	
MYCO002011	9	0	29	
MYCO002012	24	0	43	
MYCO002013	696	0	26	
MYCO002014	166	0	40	
MYCO002015	2079	0	89	
MYCO002016	1749	0	28	
MYCO002017	145	0	64	
MYCO002018	212	0	30	
MYCO002019	654	0	28	
MYCO002020	279	0	20	
MYCO002021	167	0	20	
MYCO002022	202	0	54	
MYCO002023	501	0	17	
MYCO002024	6806	0	22	
MYCO002025	167	0	66	
MYCO002026	53	0	58	
MYCO002027	1725	0	63	
MYCO002028	325	0	41	
MYCO002029	256	0	61	
MYCO002030	465	0	124	
MYCO002031	17	0	29	
MYCO002032	303	0	62	
MYCO002033	999	0	56	
MYCO002034	365	0	19	
MYCO002035	12	0	34	
MYCO002036	33	0	39	
MYCO002037	82	0	74	
MYCO002038	14	0	56	
MYCO002039	12	0	44	
MYCO002040	19	0	33	
MYCO002041	33	0	76	
MYCO002042	162	0	52	
MYCO002043	289	0	207	
MYCO002044	1097	0	18	
MYCO002045	92	0	98	
MYCO002046	288	0	51	
MYCO002047	400	0	125	
MYCO002048	7344	0	39	
MYCO002049	42	0	15	
MYCO002051	461	0	134	
MYCO002052	1099	0	104	
MYCO002053	36	0	46	
MYCO002054	64	0	54	
MYCO002059	457	0	119	
MYCO002060	350	0	30	
MYCO002061	54	0	31	
MYCO002062	1466	0	208	
MYCO002063	5	0	15	
MYCO002064	1135	0	57	
MYCO002065	1233	0	35	
MYCO002066	907	0	106	
MYCO002067	82	0	69	
MYCO002068	32	0	55	
MYCO002069	183	0	24	
MYCO002070	2798	0	36	
MYCO002071	99	0	59	
MYCO002072	450	0	66	
MYCO002073	379	0	43	
MYCO002074	160	0	24	
MYCO002075	378	0	94	
MYCO002076	12	0	12	
MYCO002077	157	0	62	
MYCO002078	15	0	29	
MYCO002079	1750	0	97	
MYCO002080	46	0	44	
MYCO002081	4311	0	32	
MYCO002082	3526	0	146	
MYCO002083	535	0	68	
MYCO002084	3691	0	22	
MYCO002085	46	0	22	
MYCO002086	20	0	34	
MYCO002087	16	0	18	
MYCO002088	2325	0	81	
MYCO002091	87	0	44	
MYCO002094	2	0	14	
MYCO002095	903	0	56	
MYCO002098	7414	0	0	
MYCO002099	7414	0	0	
MYCO002100	1547	0	102	
MYCO002101	1467	0	158	
MYCO002102	390	0	40	
MYCO002103	78	0	31	
MYCO002104	5	0	20	
MYCO002105	914	2	22	
MYCO002106	7414	0	0	
MYCO002107	127	0	29	
MYCO002108	237	0	42	
MYCO002113	158	0	73	
MYCO002114	107	0	40	
MYCO002116	90	0	33	
MYCO002117	70	0	13	
MYCO002120	563	0	29	
MYCO002123	4355	0	50	
MYCO002124	543	0	197	
MYCO002126	3556	0	41	
MYCO002127	287	0	95	
MYCO002128	4	0	15	
MYCO002129	110	0	59	
MYCO002131	85	0	44	
MYCO002132	66	0	15	
MYCO002133	81	0	42	
MYCO002135	1043	0	31	
MYCO002136	123	0	47	
MYCO002137	39	0	25	
MYCO002138	127	0	62	
MYCO002142	18	0	23	
MYCO002143	161	0	74	
MYCO002144	82	0	23	
MYCO002146	3	0	14	
MYCO002147	1326	0	39	
MYCO002148	1324	0	36	
MYCO002149	115	0	27	
MYCO002152	589	0	84	
MYCO002158	2099	0	93	
MYCO002159	1400	0	70	
MYCO002160	3932	0	16	
MYCO002161	972	2154	59	
MYCO002162	5373	0	81	
MYCO002164	708	0	68	
MYCO002165	48	0	72	
MYCO002167	7414	0	0	
MYCO002168	914	2	22	
MYCO002169	30	0	26	
MYCO002171	26	0	40	
MYCO002172	24	0	50	
MYCO002173	383	0	63	
MYCO002174	106	0	80	
MYCO002175	7	0	24	
MYCO002177	3841	240	52	
MYCO002180	1388	0	51	
MYCO002181	70	0	61	
MYCO002183	5	0	18	
MYCO002184	30	0	61	
MYCO002185	5	0	26	
MYCO002189	852	0	44	
MYCO002190	1119	0	52	
MYCO002191	662	0	107	
MYCO002197	166	0	42	
MYCO002198	974	0	65	
MYCO002203	362	0	41	
MYCO002204	8	0	24	
MYCO002205	914	0	75	
MYCO002206	31	0	49	
MYCO002207	1333	0	49	
MYCO002208	532	0	54	
MYCO002209	516	0	86	
MYCO002212	92	0	78	
MYCO002214	106	0	93	
MYCO002215	1075	0	89	
MYCO002223	375	0	90	
MYCO002224	74	0	78	
MYCO002226	971	0	91	
MYCO002227	916	0	30	
MYCO002229	38	0	32	
MYCO002231	184	0	60	
MYCO002232	279	0	50	
MYCO002234	30	0	28	
MYCO002236	1295	0	56	
MYCO002237	11	0	50	
MYCO002238	9	0	14	
MYCO002240	54	0	36	
MYCO002248	210	0	31	
MYCO002249	930	0	77	
MYCO002250	31	0	25	
MYCO002251	7409	0	2	
MYCO002252	36	0	63	
MYCO002253	62	0	34	
MYCO002254	38	0	34	
MYCO002255	42	0	20	
MYCO002256	8	0	25	
MYCO002258	722	0	62	
MYCO002260	18	0	35	
MYCO002261	56	0	26	
MYCO002262	7346	0	4	
MYCO002263	1615	0	52	
MYCO002264	3488	0	85	
MYCO002265	757	0	59	
MYCO002266	31	0	83	
MYCO002267	98	0	63	
MYCO002268	426	0	91	
MYCO002269	30	0	29	
MYCO002270	299	0	37	
MYCO002271	272	0	18	
MYCO002272	275	0	16	
MYCO002273	300	0	23	
MYCO002274	319	0	37	
MYCO002275	956	0	41	
MYCO002276	329	0	79	
MYCO002277	315	6889	60	
MYCO002278	914	2	22	
MYCO002279	7414	0	0	
MYCO002280	477	0	79	
MYCO002281	60	0	101	
MYCO002282	968	2420	49	
MYCO002283	50	0	15	
MYCO002284	362	0	50	
MYCO002285	675	0	66	
MYCO002286	719	1991	43	
MYCO002287	199	0	87	
MYCO002288	17	0	29	
MYCO002289	165	0	43	
MYCO002290	57	0	42	
MYCO002291	82	0	51	
MYCO002292	31	0	8	
MYCO002293	3595	0	20	
MYCO002294	61	0	81	
MYCO002295	35	0	44	
MYCO002296	179	0	55	
MYCO002297	18	0	30	
MYCO002298	39	0	64	
MYCO002299	104	0	88	
MYCO002300	124	0	58	
MYCO002301	103	0	50	
MYCO002302	10	0	18	
MYCO002303	32	0	73	
MYCO002304	16	0	9	
MYCO002305	586	0	82	
MYCO002307	521	0	54	
MYCO002308	240	0	55	
MYCO002309	32	0	35	
MYCO002310	142	0	29	
MYCO002311	97	0	28	
MYCO002312	8	0	14	
MYCO002313	112	0	54	
MYCO002314	227	0	78	
MYCO002316	19	0	50	
MYCO002317	26	0	34	
MYCO002318	1489	0	57	
MYCO002319	2858	0	49	
MYCO002320	86	0	79	
MYCO002321	19	0	37	
MYCO002322	30	0	38	
MYCO002323	46	0	65	
MYCO002324	16	0	39	
MYCO002325	453	0	45	
MYCO002326	647	0	101	
MYCO002327	134	0	24	
MYCO002328	87	0	65	
MYCO002329	388	0	101	
MYCO002330	29	0	36	
MYCO002331	18	0	26	
MYCO002332	77	0	81	
MYCO002333	1130	0	59	
MYCO002334	140	0	56	
MYCO002335	208	0	43	
MYCO002336	439	0	65	
MYCO002337	232	0	66	
MYCO002338	814	0	64	
MYCO002339	1950	0	146	
MYCO002340	880	0	79	
MYCO002341	143	0	26	
MYCO002342	39	0	22	
MYCO002345	649	0	115	
MYCO002346	656	3272	134	
MYCO002347	4169	807	127	
MYCO002348	46	0	23	
MYCO002349	783	0	101	
MYCO002350	893	2796	53	
MYCO002351	901	2844	59	
MYCO002352	1741	54	74	
MYCO002353	7254	0	5	
MYCO002354	914	2	22	
MYCO002355	7414	0	0	
MYCO002356	5455	0	55	
MYCO002358	19	0	20	
MYCO002359	3	0	54	
MYCO002360	19	0	31	
MYCO002363	2014	0	47	
MYCO002365	770	0	16	
MYCO002369	68	0	22	
MYCO002370	100	0	84	
MYCO002371	311	0	11	
MYCO002372	258	0	46	
MYCO002375	12	0	18	
MYCO002376	123	0	32	
MYCO002377	29	0	12	
MYCO002378	135	0	52	
MYCO002379	614	0	162	
MYCO002380	1290	0	230	
MYCO002381	537	0	131	
MYCO002382	276	0	58	
MYCO002383	1126	864	220	
MYCO002384	596	0	68	
MYCO002385	150	0	74	
MYCO002386	244	0	65	
MYCO002387	36	0	63	
MYCO002388	229	0	65	
MYCO002389	19	0	27	
MYCO002390	98	0	34	
MYCO002391	32	0	79	
MYCO002392	169	0	42	
MYCO002393	269	4570	43	
MYCO002394	225	0	121	
MYCO002395	591	0	104	
MYCO002396	4166	0	63	
MYCO002397	169	0	63	
MYCO002398	8	0	42	
MYCO002401	6	0	17	
MYCO002403	127	0	38	
MYCO002405	64	0	38	
MYCO002406	267	0	22	
MYCO002407	391	0	58	
MYCO002408	502	0	38	
MYCO002414	605	0	92	
MYCO002415	157	0	51	
MYCO002416	183	0	91	
MYCO002417	1346	0	44	
MYCO002418	294	0	39	
MYCO002419	185	0	38	
MYCO002422	29	0	17	
MYCO002423	58	0	62	
MYCO002424	7095	0	26	
MYCO002428	122	0	41	
MYCO002429	23	0	22	
MYCO002430	58	0	35	
MYCO002431	21	2633	19	
MYCO002432	51	0	25	
MYCO002433	20	0	17	
MYCO002434	1429	0	84	
MYCO002435	241	0	125	
MYCO002436	524	0	61	
MYCO002437	1702	0	17	
MYCO002438	128	0	96	
MYCO002443	66	0	91	
MYCO002444	624	0	145	
MYCO002446	16	0	21	
MYCO002449	789	0	74	
MYCO002450	545	0	51	
MYCO002451	73	0	29	
MYCO002452	1	0	18	
MYCO002453	78	0	37	
MYCO002456	104	0	60	
MYCO002458	57	0	44	
MYCO002459	86	0	87	
MYCO002463	29	0	51	
MYCO002464	191	0	62	
MYCO002468	57	0	27	
MYCO002469	82	0	44	
MYCO002471	106	0	98	
MYCO002472	11	0	20	
MYCO002473	152	0	42	
MYCO002474	261	0	41	
MYCO002475	12	0	19	
MYCO002476	1598	0	206	
MYCO002478	562	0	33	
MYCO002479	7414	0	0	
MYCO002480	914	2	22	
MYCO002481	340	0	24	
MYCO002482	362	0	146	
MYCO002483	90	0	86	
MYCO002484	61	0	103	
MYCO002485	188	0	89	
MYCO002486	357	0	37	
MYCO002487	4347	0	99	
MYCO002488	1509	0	176	
MYCO002489	144	0	20	
MYCO002490	7165	0	42	
MYCO002491	133	0	50	
MYCO002492	170	0	65	
MYCO002493	20	0	12	
MYCO002494	17	0	27	
MYCO002495	299	0	70	
MYCO002496	45	0	50	
MYCO002497	61	0	47	
MYCO002498	97	0	54	
MYCO002499	16	0	32	
MYCO002501	686	0	113	
MYCO002503	50	0	47	
MYCO002504	63	0	48	
MYCO002505	261	0	101	
MYCO002506	80	0	33	
MYCO002507	474	0	55	
MYCO002508	161	0	81	
MYCO002510	245	0	110	
MYCO002512	7219	59	10	
MYCO002513	36	0	32	
MYCO002514	70	0	35	
MYCO002515	48	0	71	
MYCO002516	29	0	37	
MYCO002517	57	0	12	
MYCO002519	983	0	93	
MYCO002520	1	0	17	
MYCO002522	685	0	96	
MYCO002525	400	0	30	
MYCO002526	2150	0	8	
MYCO002527	45	0	23	
MYCO002528	27	0	50	
MYCO002529	670	0	94	
MYCO002530	19	0	33	
MYCO002531	186	0	165	
MYCO002532	50	0	23	
MYCO002535	420	0	45	
MYCO002536	47	0	32	
MYCO002537	18	0	23	
MYCO002539	755	0	25	
MYCO002541	3066	0	19	
MYCO002542	847	0	86	
MYCO002543	2669	2098	70	
MYCO002544	2675	2139	88	
MYCO002545	1679	0	20	
MYCO002546	6	0	26	
MYCO002547	33	0	22	
MYCO002548	53	0	23	
MYCO002549	120	0	23	
MYCO002550	5	0	16	
MYCO002551	496	0	22	
MYCO002552	549	0	46	
MYCO002553	251	0	69	
MYCO002554	187	0	25	
MYCO002556	13	0	22	
MYCO002557	45	0	44	
MYCO002558	67	0	35	
MYCO002560	230	0	65	
MYCO002561	7310	0	7	
MYCO002562	6	0	35	
MYCO002563	167	0	68	
MYCO002564	60	2751	52	
MYCO002565	180	0	99	
MYCO002566	2031	0	155	
MYCO002567	190	0	125	
MYCO002569	85	0	41	
MYCO002570	928	0	29	
MYCO002571	234	0	88	
MYCO002573	188	0	54	
MYCO002574	57	0	43	
MYCO002576	92	0	34	
MYCO002577	74	0	86	
MYCO002578	240	0	60	
MYCO002579	141	0	49	
MYCO002581	7	0	27	
MYCO002584	69	0	41	
MYCO002585	392	0	99	
MYCO002586	956	0	82	
MYCO002588	4	0	24	
MYCO002590	305	0	189	
MYCO002591	3452	0	104	
MYCO002595	57	0	13	
MYCO002596	19	0	35	
MYCO002597	67	0	38	
MYCO002598	68	0	31	
MYCO002599	391	0	30	
MYCO002600	60	0	23	
MYCO002601	611	0	80	
MYCO002602	14	0	28	
MYCO002604	96	0	32	
MYCO002605	151	0	46	
MYCO002607	22	0	33	
MYCO002608	1200	0	80	
MYCO002609	401	0	60	
MYCO002615	6891	0	101	
MYCO002616	99	0	35	
MYCO002617	8	0	25	
MYCO002618	409	0	32	
MYCO002619	9	0	14	
MYCO002620	13	0	20	
MYCO002621	562	0	55	
MYCO002622	118	0	51	
MYCO002623	215	0	46	
MYCO002624	396	0	55	
MYCO002625	70	0	57	
MYCO002626	18	0	28	
MYCO002627	94	0	89	
MYCO002628	123	0	42	
MYCO002629	649	0	58	
MYCO002630	21	0	39	
MYCO002631	132	0	79	
MYCO002632	9	0	15	
MYCO002633	15	0	36	
MYCO002634	4137	0	102	
MYCO002635	16	0	20	
MYCO002636	76	0	57	
MYCO002637	363	2316	42	
MYCO002638	146	0	32	
MYCO002639	56	0	22	
MYCO002640	82	0	21	
MYCO002641	24	0	30	
MYCO002642	41	0	26	
MYCO002643	373	0	111	
MYCO002644	51	0	21	
MYCO002645	1810	0	21	
MYCO002646	1226	0	65	
MYCO002647	856	0	18	
MYCO002648	914	2	22	
MYCO002649	7414	0	0	
MYCO002650	1429	821	161	
MYCO002651	288	1503	50	
MYCO002652	845	0	63	
MYCO002653	715	0	39	
MYCO002654	3829	0	17	
MYCO002655	2133	0	73	
MYCO002656	586	1193	33	
MYCO002657	862	0	21	
MYCO002658	677	0	15	
MYCO002659	731	0	44	
MYCO002660	20	0	18	
MYCO002661	32	0	22	
MYCO002662	14	0	16	
MYCO002663	4	0	18	
MYCO002664	31	0	17	
MYCO002665	459	0	23	
MYCO002666	7245	0	14	
MYCO002667	68	0	31	
MYCO002668	688	0	31	
MYCO002669	43	0	28	
MYCO002671	115	0	37	
MYCO002672	468	0	87	
MYCO002674	12	0	22	
MYCO002675	34	0	66	
MYCO002677	2127	0	61	
MYCO002679	192	0	51	
MYCO002680	786	0	49	
MYCO002681	941	0	65	
MYCO002683	9	0	34	
MYCO002684	48	581	71	
MYCO002685	526	0	62	
MYCO002686	46	0	40	
MYCO002687	70	0	48	
MYCO002688	140	0	60	
MYCO002689	239	0	70	
MYCO002690	160	0	62	
MYCO002691	20	0	40	
MYCO002692	48	0	34	
MYCO002693	24	0	35	
MYCO002694	15	0	35	
MYCO002695	674	0	33	
MYCO002698	11	0	27	
MYCO002700	4564	0	26	
MYCO002701	73	0	65	
MYCO002704	21	0	23	
MYCO002705	17	0	22	
MYCO002706	145	0	19	
MYCO002707	51	0	50	
MYCO002709	663	0	42	
MYCO002712	436	0	80	
MYCO002713	148	0	90	
MYCO002716	33	0	36	
MYCO002717	276	0	23	
MYCO002718	18	0	20	
MYCO002719	643	0	42	
MYCO002721	1580	0	111	
MYCO002722	10	0	21	
MYCO002723	52	0	76	
MYCO002728	119	0	41	
MYCO002729	71	0	59	
MYCO002730	12	0	30	
MYCO002732	117	0	56	
MYCO002734	33	0	44	
MYCO002735	1051	0	54	
MYCO002736	205	0	37	
MYCO002737	32	0	102	
MYCO002738	494	0	12	
MYCO002739	1989	0	36	
MYCO002740	23	0	29	
MYCO002741	4939	0	78	
MYCO002742	311	0	46	
MYCO002743	548	0	47	
MYCO002745	8	0	31	
MYCO002746	277	0	36	
MYCO002747	39	0	22	
MYCO002749	38	0	16	
MYCO002751	47	0	45	
MYCO002752	155	0	150	
MYCO002755	17	0	12	
MYCO002756	80	0	93	
MYCO002757	77	0	29	
MYCO002758	11	0	17	
MYCO002759	59	0	25	
MYCO002760	178	0	21	
MYCO002761	40	0	76	
MYCO002762	447	0	35	
MYCO002763	59	0	23	
MYCO002765	423	0	44	
MYCO002766	86	0	37	
MYCO002767	29	0	30	
MYCO002768	653	0	79	
MYCO002769	1235	0	57	
MYCO002770	272	0	73	
MYCO002771	42	0	25	
MYCO002772	68	0	29	
MYCO002774	1303	0	19	
MYCO002775	163	0	29	
MYCO002776	46	0	49	
MYCO002777	746	0	52	
MYCO002778	25	0	30	
MYCO002779	75	0	42	
MYCO002780	248	0	59	
MYCO002781	1141	0	67	
MYCO002784	18	0	27	
MYCO002786	13	0	53	
MYCO002787	423	0	126	
MYCO002789	87	0	63	
MYCO002790	549	0	65	
MYCO002791	157	3674	68	
MYCO002792	154	0	40	
MYCO002793	735	0	39	
MYCO002796	65	0	44	
MYCO002797	386	0	78	
MYCO002798	9	0	22	
MYCO002799	162	0	52	
MYCO002800	1372	0	96	
MYCO002801	103	0	18	
MYCO002802	1425	0	72	
MYCO002803	76	0	23	
MYCO002804	172	0	41	
MYCO002805	111	0	28	
MYCO002806	49	0	10	
MYCO002807	1935	0	59	
MYCO002808	419	0	11	
MYCO002809	110	0	16	
MYCO002810	7414	0	0	
MYCO002811	1303	0	37	
MYCO002812	905	0	94	
MYCO002813	652	0	44	
MYCO002814	7414	0	0	
MYCO002815	914	2	22	
MYCO002816	1757	0	17	
MYCO002817	1879	0	50	
MYCO002818	2090	0	41	
MYCO002819	1874	0	56	
MYCO002820	1734	0	50	
MYCO002821	85	0	38	
MYCO002822	32	0	22	
MYCO002823	136	0	129	
MYCO002824	55	0	55	
MYCO002825	5731	0	38	
MYCO002826	75	0	45	
MYCO002827	40	0	34	
MYCO002829	190	0	25	
MYCO002830	9	0	19	
MYCO002831	305	0	43	
MYCO002832	226	0	78	
MYCO002833	428	0	83	
MYCO002834	57	0	48	
MYCO002835	36	0	58	
MYCO002836	444	0	79	
MYCO002837	192	0	44	
MYCO002840	10	0	21	
MYCO002842	7	0	32	
MYCO002843	301	0	23	
MYCO002844	33	0	27	
MYCO002845	308	0	75	
MYCO002848	1858	0	55	
MYCO002849	66	0	44	
MYCO002850	2272	0	119	
MYCO002851	31	0	23	
MYCO002852	184	0	84	
MYCO002853	3195	0	121	
MYCO002854	60	0	61	
MYCO002855	324	0	69	
MYCO002856	54	0	45	
MYCO002857	21	0	34	
MYCO002858	723	0	88	
MYCO002859	2278	0	64	
MYCO002860	60	0	67	
MYCO002862	28	0	32	
MYCO002863	15	0	16	
MYCO002865	15	0	15	
MYCO002866	12	0	15	
MYCO002867	865	0	50	
MYCO002869	44	0	64	
MYCO002871	1285	0	14	
MYCO002872	120	0	32	
MYCO002873	15	0	33	
MYCO002874	401	0	124	
MYCO002875	207	0	28	
MYCO002876	5	0	32	
MYCO002877	219	0	64	
MYCO002878	24	0	24	
MYCO002879	7414	0	0	
MYCO002880	6859	0	9	
MYCO002881	18	0	42	
MYCO002884	178	0	39	
MYCO002885	314	1283	89	
MYCO002886	186	0	47	
MYCO002887	41	0	20	
MYCO002888	613	0	71	
MYCO002891	1273	0	45	
MYCO002892	391	0	74	
MYCO002893	98	0	73	
MYCO002895	305	0	50	
MYCO002896	567	0	69	
MYCO002897	459	0	101	
MYCO002898	30	0	33	
MYCO002899	17	0	43	
MYCO002900	78	0	104	
MYCO002903	96	0	48	
MYCO002905	56	0	66	
MYCO002906	29	0	27	
MYCO002907	149	0	30	
MYCO002908	65	0	12	
MYCO002910	14	0	31	
MYCO002911	179	0	49	
MYCO002912	40	0	25	
MYCO002913	158	0	109	
MYCO002914	472	0	85	
MYCO002920	178	0	94	
MYCO002922	1327	0	141	
MYCO002923	73	0	27	
MYCO002924	109	0	41	
MYCO002925	34	0	37	
MYCO002926	13	0	40	
MYCO002928	33	0	34	
MYCO002929	31	0	22	
MYCO002930	70	0	81	
MYCO002931	6657	0	120	
MYCO002932	2065	0	221	
MYCO002933	1904	0	224	
MYCO002934	2129	0	216	
MYCO002935	1010	0	195	
MYCO002936	50	0	49	
MYCO002937	22	0	36	
MYCO002938	20	0	35	
MYCO002939	32	3479	62	
MYCO002940	385	0	267	
MYCO002941	49	0	101	
MYCO002942	181	0	165	
MYCO002943	285	0	87	
MYCO002944	38	0	57	
MYCO002945	3	0	36	
MYCO002946	1378	0	245	
MYCO002947	3733	0	34	
MYCO002948	147	0	122	
MYCO002949	151	0	49	
MYCO002950	284	0	102	
MYCO002951	197	0	58	
MYCO002952	27	0	40	
MYCO002953	82	0	66	
MYCO002954	60	0	44	
MYCO002955	273	0	67	
MYCO002956	48	0	59	
MYCO002957	89	0	51	
MYCO002958	315	0	85	
MYCO002959	934	0	51	
MYCO002960	30	0	20	
MYCO002961	29	0	15	
MYCO002962	807	0	63	
MYCO002963	927	0	56	
MYCO002964	89	0	50	
MYCO002966	272	0	24	
MYCO002968	33	0	25	
MYCO002969	69	0	35	
MYCO002970	111	0	55	
MYCO002971	148	0	45	
MYCO002972	31	0	43	
MYCO002973	296	0	79	
MYCO002974	889	0	88	
MYCO002975	3577	0	10	
MYCO002977	457	0	36	
MYCO002978	156	3192	66	
MYCO002979	43	0	36	
MYCO002980	623	0	33	
MYCO002983	842	0	37	
MYCO002985	95	0	66	
MYCO002986	96	0	32	
MYCO002987	32	0	21	
MYCO002989	708	0	40	
MYCO002990	42	0	46	
MYCO002991	53	0	25	
MYCO002994	807	0	64	
MYCO002997	698	0	66	
MYCO002998	15	0	21	
MYCO002999	46	0	64	
MYCO003000	56	0	33	
MYCO003002	6	0	23	
MYCO003004	42	0	21	
MYCO003005	58	0	30	
MYCO003007	695	0	31	
MYCO003008	80	0	43	
MYCO003012	16	0	13	
MYCO003013	635	0	33	
MYCO003015	426	0	64	
MYCO003016	46	0	33	
MYCO003017	781	0	24	
MYCO003018	5642	0	40	
MYCO003019	1	131	37	
MYCO003020	31	24	23	
MYCO003021	7380	0	10	
MYCO003022	7414	0	0	
MYCO003023	7219	59	9	
MYCO003026	114	0	58	
MYCO003030	187	0	42	
MYCO003033	23	0	37	
MYCO003035	350	0	48	
MYCO003036	25	0	42	
MYCO003037	447	0	66	
MYCO003039	189	0	37	
MYCO003040	367	0	56	
MYCO003041	24	0	40	
MYCO003044	506	0	77	
MYCO003046	26	0	22	
MYCO003047	213	0	25	
MYCO003050	34	0	48	
MYCO003055	50	2312	37	
MYCO003056	64	0	74	
MYCO003058	12	0	31	
MYCO003059	89	0	66	
MYCO003060	1257	0	100	
MYCO003061	725	0	119	
MYCO003062	2006	0	86	
MYCO003063	279	0	165	
MYCO003064	136	0	32	
MYCO003065	197	0	25	
MYCO003066	340	0	35	
MYCO003067	35	0	31	
MYCO003068	106	0	91	
MYCO003069	8	0	21	
MYCO003070	10	0	18	
MYCO003071	206	0	68	
MYCO003072	40	0	41	
MYCO003073	25	0	27	
MYCO003074	2223	2645	72	
MYCO003075	40	0	38	
MYCO003076	20	0	23	
MYCO003077	486	0	127	
MYCO003078	48	0	26	
MYCO003079	683	0	32	
MYCO003080	835	0	191	
MYCO003081	256	0	60	
MYCO003082	45	0	57	
MYCO003083	449	0	107	
MYCO003084	913	0	51	
MYCO003086	225	0	47	
MYCO003087	435	0	100	
MYCO003088	261	0	87	
MYCO003089	295	0	79	
MYCO003090	253	1805	65	
MYCO003091	343	0	88	
MYCO003092	770	0	58	
MYCO003093	1798	0	44	
MYCO003094	784	0	67	
MYCO003095	8	0	29	
MYCO003096	63	0	72	
MYCO003097	140	0	87	
MYCO003098	39	0	32	
MYCO003099	132	0	52	
MYCO003103	43	0	29	
MYCO003104	40	0	52	
MYCO003106	97	0	78	
MYCO003107	129	0	89	
MYCO003108	42	0	33	
MYCO003109	128	0	85	
MYCO003110	28	0	15	
MYCO003111	43	0	49	
MYCO003112	49	0	18	
MYCO003113	1596	0	42	
MYCO003114	122	0	32	
MYCO003115	7219	59	9	
MYCO003116	207	0	71	
MYCO003119	57	0	30	
MYCO003120	73	0	36	
MYCO003121	186	0	76	
MYCO003122	80	0	27	
MYCO003123	45	0	33	
MYCO003124	137	0	53	
MYCO003125	1065	0	59	
MYCO003126	42	0	19	
MYCO003127	53	0	67	
MYCO003128	7414	0	0	
MYCO003129	690	0	14	
MYCO003130	88	0	84	
MYCO003131	91	0	45	
MYCO003132	189	0	89	
MYCO003133	11	0	18	
MYCO003134	56	0	52	
MYCO003135	4568	0	11	
MYCO003136	141	0	63	
MYCO003137	45	0	41	
MYCO003138	94	0	79	
MYCO003141	315	0	47	
MYCO003142	994	0	29	
MYCO003143	11	0	18	
MYCO003144	1216	0	67	
MYCO003145	31	0	16	
MYCO003146	7	0	28	
MYCO003147	56	0	16	
MYCO003148	42	0	58	
MYCO003149	68	0	38	
MYCO003150	680	0	52	
MYCO003151	1492	0	108	
MYCO003152	13	0	55	
MYCO003153	134	0	35	
MYCO003154	22	0	46	
MYCO003155	8	0	19	
MYCO003156	101	0	88	
MYCO003157	175	0	95	
MYCO003158	31	0	86	
MYCO003159	3775	0	101	
MYCO003160	24	0	26	
MYCO003161	560	0	91	
MYCO003162	92	0	20	
MYCO003163	35	0	60	
MYCO003164	34	0	31	
MYCO003165	150	0	22	
MYCO003166	781	0	54	
MYCO003167	68	0	42	
MYCO003168	272	0	85	
MYCO003169	943	0	67	
MYCO003170	766	0	66	
MYCO003171	58	0	73	
MYCO003172	14	0	32	
MYCO003173	18	0	41	
MYCO003174	27	0	63	
MYCO003175	2017	0	75	
MYCO003176	168	0	62	
MYCO003177	54	0	42	
MYCO003178	67	0	22	
MYCO003179	583	0	71	
MYCO003180	43	0	30	
MYCO003181	195	0	24	
MYCO003182	39	0	16	
MYCO003183	301	0	17	
MYCO003184	914	2	22	
MYCO003185	7414	0	0	
MYCO003186	914	2	22	
MYCO003187	7414	0	0	
MYCO003188	41	0	18	
MYCO003189	77	0	35	
MYCO003190	254	0	69	
MYCO003191	78	0	63	
MYCO003192	92	0	35	
MYCO003196	116	0	60	
MYCO003199	624	0	60	
MYCO003200	42	0	66	
MYCO003201	1271	0	142	
MYCO003202	1002	0	180	
MYCO003203	50	0	49	
MYCO003204	3	0	23	
MYCO003209	18	0	40	
MYCO003210	20	0	33	
MYCO003212	860	0	70	
MYCO003215	50	0	67	
MYCO003216	7414	0	0	
MYCO003217	463	0	22	
MYCO003218	45	0	57	
MYCO003222	93	0	25	
MYCO003224	380	0	51	
MYCO003225	127	0	75	
MYCO003226	60	0	43	
MYCO003227	392	0	75	
MYCO003230	174	0	67	
MYCO003231	79	0	23	
MYCO003232	20	0	44	
MYCO003233	9	0	41	
MYCO003234	3650	0	30	
MYCO003235	558	0	44	
MYCO003236	431	0	69	
MYCO003237	18	0	34	
MYCO003238	30	0	44	
MYCO003239	3734	0	122	
MYCO003242	133	0	40	
MYCO003243	109	0	45	
MYCO003244	550	0	77	
MYCO003247	83	0	32	
MYCO003249	277	0	32	
MYCO003250	5	0	11	
MYCO003251	12	0	13	
MYCO003253	86	0	73	
MYCO003254	155	0	75	
MYCO003256	950	0	62	
MYCO003259	40	0	12	
MYCO003260	2	0	15	
MYCO003263	270	0	83	
MYCO003266	215	0	49	
MYCO003268	194	0	46	
MYCO003269	19	0	14	
MYCO003270	467	0	111	
MYCO003271	44	0	41	
MYCO003272	146	0	74	
MYCO003273	29	0	120	
MYCO003278	20	0	25	
MYCO003279	24	0	43	
MYCO003281	7116	0	10	
MYCO003282	33	0	52	
MYCO003283	36	0	60	
MYCO003284	68	0	23	
MYCO003286	757	0	50	
MYCO003287	19	0	18	
MYCO003288	7	0	23	
MYCO003289	58	0	29	
MYCO003291	41	0	16	
MYCO003292	341	0	75	
MYCO003293	919	0	81	
MYCO003294	30	0	46	
MYCO003295	40	0	32	
MYCO003297	143	0	51	
MYCO003298	418	0	37	
MYCO003299	1136	0	187	
MYCO003300	95	0	56	
MYCO003301	34	0	46	
MYCO003307	232	0	49	
MYCO003308	882	0	92	
MYCO003309	36	0	30	
MYCO003310	44	0	57	
MYCO003311	62	0	68	
MYCO003312	48	0	45	
MYCO003314	170	0	57	
MYCO003315	22	0	26	
MYCO003316	7	0	14	
MYCO003320	66	0	26	
MYCO003321	4	0	9	
MYCO003322	30	0	40	
MYCO003323	394	0	44	
MYCO003324	381	0	29	
MYCO003325	914	2	22	
MYCO003326	7414	0	0	
MYCO003327	7322	0	8	
MYCO003331	646	0	80	
MYCO003332	608	0	80	
MYCO003333	1787	0	47	
MYCO003334	16	0	30	
MYCO003335	145	0	43	
MYCO003337	841	0	26	
MYCO003338	77	0	48	
MYCO003339	100	0	65	
MYCO003342	527	0	24	
MYCO003343	7395	0	18	
MYCO003344	7414	0	0	
MYCO003345	7378	0	12	
MYCO003346	2288	1	22	
MYCO003347	5730	0	278	
MYCO003348	183	7	38	
MYCO003349	3860	0	33	
MYCO003350	6122	0	293	
MYCO003351	956	0	45	
MYCO003352	927	0	16	
MYCO003353	895	0	13	
MYCO003354	896	0	21	
MYCO003355	919	1	21	
MYCO003357	20	0	16	
MYCO003358	10	0	13	
MYCO003359	441	0	47	
MYCO003360	1069	0	18	
MYCO003361	96	0	39	
MYCO003362	84	0	46	
MYCO003363	418	0	23	
MYCO003364	98	0	22	
MYCO003365	6680	0	37	
MYCO003366	72	0	30	
MYCO003367	3403	0	104	
MYCO003368	173	0	37	
MYCO003369	240	0	21	
MYCO003370	1563	0	155	
MYCO003371	683	0	91	
MYCO003372	439	0	67	
MYCO003373	882	0	32	
MYCO003374	12	0	14	
MYCO003375	304	0	86	
MYCO003376	33	0	36	
MYCO003377	525	0	92	
MYCO003378	192	0	79	
MYCO003379	119	0	105	
MYCO003380	7414	0	0	
MYCO003381	914	2	22	
MYCO003382	277	0	45	
MYCO003383	1609	0	78	
MYCO003384	83	0	27	
MYCO003385	162	0	13	
MYCO003386	355	0	49	
MYCO003387	26	0	43	
MYCO003388	5525	0	77	
MYCO003389	582	0	72	
MYCO003390	38	0	57	
MYCO003391	448	0	123	
MYCO003393	139	0	43	
MYCO003394	2137	0	68	
MYCO003395	184	0	43	
MYCO003397	29	0	40	
MYCO003398	170	0	70	
MYCO003399	56	0	52	
MYCO003400	225	0	36	
MYCO003401	810	0	130	
MYCO003402	216	0	63	
MYCO003403	104	0	112	
MYCO003404	55	0	47	
MYCO003405	10	0	32	
MYCO003406	234	0	58	
MYCO003407	24	0	11	
MYCO003408	7	0	18	
MYCO003413	627	0	40	
MYCO003414	36	0	43	
MYCO003415	598	0	56	
MYCO003416	70	0	15	
MYCO003420	154	0	30	
MYCO003421	1783	0	51	
MYCO003423	78	0	91	
MYCO003424	491	5	33	
MYCO003425	332	1977	62	
MYCO003426	7255	0	4	
MYCO003427	2069	0	36	
MYCO003428	7014	0	8	
MYCO003429	332	1626	60	
MYCO003430	510	0	106	
MYCO003431	95	0	50	
MYCO003434	340	0	61	
MYCO003435	28	0	72	
MYCO003437	297	0	36	
MYCO003438	90	0	53	
MYCO003439	1293	0	79	
MYCO003440	81	0	27	
MYCO003444	23	0	21	
MYCO003445	44	0	22	
MYCO003446	1357	0	85	
MYCO003447	637	0	210	
MYCO003448	360	0	85	
MYCO003449	273	0	93	
MYCO003450	1086	0	96	
MYCO003451	117	0	60	
MYCO003452	852	0	46	
MYCO003453	4566	0	6	
MYCO003454	130	0	85	
MYCO003463	201	0	48	
MYCO003465	11	0	30	
MYCO003466	7140	73	62	
MYCO003467	7185	97	34	
MYCO003468	113	0	72	
MYCO003469	39	0	68	
MYCO003470	352	0	105	
MYCO003471	52	0	28	
MYCO003472	42	0	40	
MYCO003473	49	0	57	
MYCO003474	914	2	22	
MYCO003475	7414	0	0	
MYCO003476	83	0	79	
MYCO003477	172	0	18	
MYCO003478	3672	405	458	
MYCO003479	376	0	192	
MYCO003480	378	0	91	
MYCO003481	103	0	32	
MYCO003482	58	0	43	
MYCO003483	1635	0	44	
MYCO003484	183	0	75	
MYCO003485	972	0	59	
MYCO003486	462	0	27	
MYCO003487	1568	0	51	
MYCO003488	213	0	16	
MYCO003489	5	0	9	
MYCO003491	22	0	42	
MYCO003492	3	0	28	
MYCO003493	563	0	35	
MYCO003494	1564	0	78	
MYCO003495	60	0	54	
MYCO003496	480	0	58	
MYCO003497	23	0	59	
MYCO003498	159	0	57	
MYCO003499	21	0	55	
MYCO003502	55	0	40	
MYCO003503	0	0	10	
MYCO003505	222	0	61	
MYCO003506	150	0	111	
MYCO003507	6943	0	107	
MYCO003508	7409	0	3	
MYCO003509	733	0	94	
MYCO003510	255	0	48	
MYCO003511	7398	0	7	
MYCO003512	7414	0	0	
MYCO003513	7053	0	17	
MYCO003514	7412	0	1	
MYCO003515	6644	0	33	
MYCO003516	1079	0	39	
MYCO003517	1604	0	49	
MYCO003518	220	0	56	
MYCO003519	39	0	39	
MYCO003521	58	0	54	
MYCO003522	19	0	69	
MYCO003523	669	0	50	
MYCO003524	96	0	75	
MYCO003525	423	0	28	
MYCO003526	19	0	48	
MYCO003527	12	0	32	
MYCO003528	111	0	68	
MYCO003529	845	0	77	
MYCO003530	47	2702	52	
MYCO003531	157	0	74	
MYCO003532	601	0	84	
MYCO003533	2268	0	106	
MYCO003534	104	0	51	
MYCO003535	1836	0	40	
MYCO003536	28	0	44	
MYCO003537	46	0	72	
MYCO003538	16	0	45	
MYCO003539	948	0	89	
MYCO003540	624	0	57	
MYCO003541	3	0	25	
MYCO003542	175	0	46	
MYCO003543	159	0	56	
MYCO003544	76	0	55	
MYCO003545	41	0	91	
MYCO003546	163	0	54	
MYCO003547	83	0	38	
MYCO003548	40	0	35	
MYCO003549	246	0	44	
MYCO003550	104	0	41	
MYCO003551	103	0	43	
MYCO003552	17	0	31	
MYCO003553	761	0	47	
MYCO003554	137	0	137	
MYCO003555	1088	0	47	
MYCO003556	206	0	49	
MYCO003557	2	0	37	
MYCO003558	1732	0	90	
MYCO003559	447	0	49	
MYCO003560	228	0	64	
MYCO003561	1153	0	77	
MYCO003562	118	0	67	
MYCO003563	288	0	54	
MYCO003564	1026	0	36	
MYCO003565	152	0	79	
MYCO003566	230	0	57	
MYCO003567	74	0	29	
MYCO003568	830	0	41	
MYCO003569	641	0	41	
MYCO003572	55	0	32	
MYCO003573	741	0	105	
MYCO003574	109	0	29	
MYCO003575	203	0	51	
MYCO003576	121	0	51	
MYCO003577	124	0	39	
MYCO003578	586	0	87	
MYCO003581	20	0	25	
MYCO003582	50	0	43	
MYCO003584	22	0	28	
MYCO003585	82	0	83	
MYCO003586	31	0	61	
MYCO003587	354	0	51	
MYCO003588	96	0	20	
MYCO003590	5108	0	71	
MYCO003591	52	0	62	
MYCO003593	6	0	89	
MYCO003594	126	0	57	
MYCO003595	3313	0	80	
MYCO003597	486	0	16	
MYCO003599	324	0	7	
MYCO003602	1129	0	57	
MYCO003603	395	0	56	
MYCO003604	1570	0	80	
MYCO003605	509	0	26	
MYCO003606	26	0	31	
MYCO003607	284	0	20	
MYCO003608	87	0	45	
MYCO003611	7344	0	7	
MYCO003612	80	0	24	
MYCO003613	5	0	8	
MYCO003614	9	0	55	
MYCO003615	11	0	17	
MYCO003616	111	0	83	
MYCO003617	179	0	54	
MYCO003618	169	0	61	
MYCO003619	656	3453	146	
MYCO003620	4168	826	124	
MYCO003621	1062	0	65	
MYCO003622	199	0	19	
MYCO003623	413	0	44	
MYCO003625	441	0	55	
MYCO003626	598	0	60	
MYCO003627	96	0	87	
MYCO003629	82	0	66	
MYCO003630	34	1789	67	
MYCO003631	19	0	35	
MYCO003632	7	0	12	
MYCO003633	109	0	62	
MYCO003634	213	0	44	
MYCO003635	253	0	106	
MYCO003636	20	0	24	
MYCO003637	124	0	39	
MYCO003638	29	0	50	
MYCO003639	675	0	47	
MYCO003640	288	0	73	
MYCO003641	30	0	35	
MYCO003642	11	0	15	
MYCO003643	8	0	14	
MYCO003645	1533	0	83	
MYCO003649	1086	0	150	
MYCO003650	154	0	20	
MYCO003651	705	0	59	
MYCO003652	1681	0	24	
MYCO003653	4356	0	40	
MYCO003654	893	0	29	
MYCO003655	7407	0	2	
MYCO003656	37	0	16	
MYCO003657	2248	1770	35	
MYCO003658	817	0	52	
MYCO003659	1469	0	65	
MYCO003660	326	0	75	
MYCO003661	104	0	37	
MYCO003662	2028	0	52	
MYCO003663	743	0	99	
MYCO003664	26	0	59	
MYCO003665	20	0	65	
MYCO003666	193	1983	81	
MYCO003667	547	0	116	
MYCO003669	13	0	31	
MYCO003671	33	0	71	
MYCO003672	118	0	45	
MYCO003673	263	0	44	
MYCO003675	4	0	25	
MYCO003678	20	0	27	
MYCO003681	34	0	32	
MYCO003685	197	0	91	
MYCO003686	135	0	19	
MYCO003687	28	0	31	
MYCO003688	44	0	36	
MYCO003689	377	0	112	
MYCO003690	698	0	31	
MYCO003691	143	0	69	
MYCO003692	118	0	59	
MYCO003693	2534	0	70	
MYCO003694	20	0	69	
MYCO003697	56	0	29	
MYCO003698	311	0	106	
MYCO003699	71	0	45	
MYCO003700	1127	0	64	
MYCO003701	244	0	57	
MYCO003702	58	0	52	
MYCO003703	124	0	94	
MYCO003704	121	0	79	
MYCO003706	344	0	20	
MYCO003714	112	0	66	
MYCO003716	525	0	27	
MYCO003723	40	0	46	
MYCO003725	3581	0	28	
MYCO003726	573	0	69	
MYCO003727	461	0	128	
MYCO003728	4703	0	125	
MYCO003729	701	0	156	
MYCO003730	22	0	63	
MYCO003731	23	0	71	
MYCO003732	203	0	71	
MYCO003733	22	0	34	
MYCO003734	127	0	87	
MYCO003735	29	0	46	
MYCO003736	145	0	83	
MYCO003737	1360	0	90	
MYCO003738	2535	0	51	
MYCO003739	1767	0	17	
MYCO003740	218	0	89	
MYCO003741	47	0	53	
MYCO003742	22	0	31	
MYCO003743	303	0	140	
MYCO003744	11	0	29	
MYCO003745	25	2317	14	
MYCO003746	22	0	27	
MYCO003747	49	0	17	
MYCO003748	38	0	23	
MYCO003749	55	0	32	
MYCO003750	34	0	22	
MYCO003751	30	0	16	
MYCO003752	575	0	20	
MYCO003753	864	0	21	
MYCO003754	432	0	52	
MYCO003755	26	0	36	
MYCO003756	36	0	53	
MYCO003757	280	0	57	
MYCO003758	81	0	60	
MYCO003759	50	0	85	
MYCO003760	50	0	14	
MYCO003761	295	0	55	
MYCO003762	46	0	128	
MYCO003763	59	0	37	
MYCO003764	76	0	75	
MYCO003766	215	0	49	
MYCO003767	198	0	60	
MYCO003768	187	0	23	
MYCO003769	177	0	27	
MYCO003770	201	0	39	
MYCO003771	73	0	32	
MYCO003772	112	0	62	
MYCO003773	187	0	39	
MYCO003776	1382	0	108	
MYCO003779	851	0	132	
MYCO003784	447	0	74	
MYCO003785	3199	0	52	
MYCO003786	588	0	73	
MYCO003787	163	0	70	
MYCO003788	23	0	29	
MYCO003789	8	0	24	
MYCO003792	386	0	136	
MYCO003796	57	0	79	
MYCO003797	378	0	123	
MYCO003798	3961	75	44	
MYCO003800	1586	0	257	
MYCO003803	122	0	64	
MYCO003805	66	0	106	
MYCO003807	291	0	26	
MYCO003810	2051	0	44	
MYCO003811	324	0	93	
MYCO003812	2807	0	77	
MYCO003813	192	0	47	
MYCO003814	78	0	37	
MYCO003815	229	0	52	
MYCO003817	598	0	54	
MYCO003818	103	0	82	
MYCO003819	59	0	26	
MYCO003820	337	0	99	
MYCO003821	36	0	52	
MYCO003822	135	0	102	
MYCO003823	97	0	219	
MYCO003824	141	0	128	
MYCO003825	421	0	393	
MYCO003826	144	0	133	
MYCO003827	313	0	118	
MYCO003828	7	2830	28	
MYCO003829	1551	0	120	
MYCO003830	1722	0	54	
MYCO003831	33	0	46	
MYCO003832	220	0	46	
MYCO003833	925	0	60	
MYCO003836	843	0	34	
MYCO003837	69	0	56	
MYCO003838	232	0	70	
MYCO003839	16	0	63	
MYCO003840	118	0	46	
MYCO003841	20	0	43	
MYCO003843	647	0	69	
MYCO003844	183	7	38	
MYCO003845	5452	0	15	
MYCO003846	16	0	36	
MYCO003848	180	0	87	
MYCO003850	120	0	50	
MYCO003851	103	0	19	
MYCO003852	91	0	29	
MYCO003853	9	0	27	
MYCO003854	342	0	190	
MYCO003855	13	0	50	
MYCO003856	154	0	86	
MYCO003857	16	0	13	
MYCO003860	851	0	115	
MYCO003861	217	0	39	
MYCO003862	116	0	97	
MYCO003863	344	0	82	
MYCO003864	224	0	108	
MYCO003865	94	0	24	
MYCO003866	236	0	58	
MYCO003867	168	0	42	
MYCO003868	338	0	103	
MYCO003869	969	0	117	
MYCO003870	89	0	178	
MYCO003871	552	0	144	
MYCO003872	350	0	23	
MYCO003873	375	0	76	
MYCO003874	71	0	19	
MYCO003875	16	0	26	
MYCO003876	3317	0	121	
MYCO003877	87	0	148	
MYCO003878	904	0	65	
MYCO003879	3238	0	194	
MYCO003880	11	0	27	
MYCO003881	808	0	150	
MYCO003882	934	0	148	
MYCO003883	85	0	122	
MYCO003884	404	0	135	
MYCO003885	269	0	158	
MYCO003886	2531	0	104	
MYCO003887	760	0	124	
MYCO003888	196	0	117	
MYCO003889	503	0	94	
MYCO003890	150	0	25	
MYCO003891	35	0	38	
MYCO003892	1695	0	109	
MYCO003893	139	0	26	
MYCO003894	2098	0	297	
MYCO003895	1997	0	110	
MYCO003896	415	0	89	
MYCO003897	7349	0	3	
MYCO003898	3596	0	14	
MYCO003899	2083	0	99	
MYCO003900	1158	0	131	
MYCO003901	130	0	44	
MYCO003902	38	0	55	
MYCO003903	2341	0	190	
MYCO003904	19	0	36	
MYCO003905	50	0	36	
MYCO003906	83	0	53	
MYCO003909	381	0	199	
MYCO003910	507	0	358	
MYCO003911	7401	0	5	
MYCO003912	362	0	100	
MYCO003914	10	0	33	
MYCO003916	6	0	85	
MYCO003919	409	0	269	
MYCO003922	6	0	42	
MYCO003923	14	0	46	
MYCO010064	20	0	15	
MYCO010078	18	0	49	
MYCO010157	4	0	10	
MYCO010186	69	0	9	
MYCO010192	1670	0	21	
MYCO010236	57	0	7	
MYCO010277	7414	0	0	
MYCO010397	8	3640	17	
MYCO010456	17	0	23	
MYCO010470	1028	0	21	
MYCO010492	67	0	14	
MYCO010500	347	0	7	
MYCO010530	18	0	10	
MYCO010590	50	0	10	
MYCO010609	35	0	18	
MYCO010616	3	0	21	
MYCO010634	14	0	17	
MYCO010691	3	0	12	
MYCO010724	7414	0	0	
MYCO010749	14	0	10	
MYCO010755	130	0	10	
MYCO010787	63	0	10	
MYCO010959	10	0	10	
MYCO011028	4	0	9	
MYCO011087	55	0	11	
MYCO011089	10	0	11	
MYCO011116	32	0	14	
MYCO011135	6	0	24	
MYCO011159	13	0	15	
MYCO011290	67	0	18	
MYCO011322	18	0	37	
MYCO011366	29	0	14	
MYCO011473	57	0	16	
MYCO011489	202	0	11	
MYCO011498	109	0	15	
MYCO011507	126	0	44	
MYCO011508	58	0	17	
MYCO011638	480	0	16	
MYCO011706	11	0	11	
MYCO011765	67	0	20	
MYCO011888	3	0	18	
MYCO011954	28	0	13	
MYCO011962	1	4348	19	
MYCO011982	17	0	11	
MYCO011990	83	0	23	
MYCO011991	2	0	9	
MYCO012023	74	0	63	
MYCO012063	199	0	21	
MYCO012077	234	0	19	
MYCO012142	3	0	13	
MYCO012160	3980	0	16	
MYCO012219	10	0	27	
MYCO012231	60	0	32	
MYCO012237	48	0	14	
MYCO012250	7409	0	1	
MYCO012274	279	0	17	
MYCO012306	58	0	40	
MYCO012307	16	0	7	
MYCO012309	8	0	23	
MYCO012331	8	0	14	
MYCO012395	28	0	14	
MYCO012401	37	0	10	
MYCO012427	7414	0	0	
MYCO012438	12	0	22	
MYCO012468	4	0	13	
MYCO012530	5	0	16	
MYCO012548	18	0	17	
MYCO012601	6	0	13	
MYCO012614	857	0	18	
MYCO012737	19	0	12	
MYCO012801	7	0	11	
MYCO012828	1343	0	17	
MYCO012862	7414	0	0	
MYCO012922	27	0	17	
MYCO012943	33	0	41	
MYCO012970	30	0	6	
MYCO012998	10	0	18	
MYCO013018	2741	5	12	
MYCO013022	1168	0	22	
MYCO013032	38	0	23	
MYCO013098	29	0	21	
MYCO013136	10	0	32	
MYCO013190	289	0	12	
MYCO013196	6	0	8	
MYCO013197	83	0	15	
MYCO013198	12	0	16	
MYCO013208	12	0	20	
MYCO013221	5	0	16	
MYCO013224	28	0	21	
MYCO013312	90	0	25	
MYCO013324	7414	0	0	
MYCO013395	274	0	30	
MYCO013566	7	0	21	
MYCO013697	78	0	15	
MYCO013705	59	0	29	
MYCO013724	825	0	12	
MYCO013770	11	0	13	
MYCO020078	5	0	23	
MYCO020456	7414	0	0	
MYCO020500	1	0	6	
MYCO022231	5309	0	23	
MYCO022306	109	0	25	
MYCO022307	84	0	37	
MYCO022395	69	0	18	
MYCO023224	47	0	12	
MYCO023724	867	0	32	
MYCO023770	14	0	15	
MYCO032307	0	0	12	
