GbGDiv simplified results table from 'accumulate-21.txt' records table.
Isolate records read from table: 5374

Locus	Missing	Paralogous	CountNuc
id	0	0	5374	
isolate	0	0	5374	
rMLST_database_accession	0	0	5374	
BACT000001	13	0	81	
BACT000002	157	0	34	
BACT000003	522	0	39	
BACT000004	32	0	28	
BACT000005	89	0	31	
BACT000006	5	0	18	
BACT000007	13	0	18	
BACT000008	25	0	25	
BACT000009	24	0	29	
BACT000010	1	0	10	
BACT000011	42	0	21	
BACT000012	3	0	21	
BACT000013	11	0	24	
BACT000014	3	4923	2	
BACT000015	5	0	9	
BACT000016	46	0	29	
BACT000017	18	0	21	
BACT000018	1	4188	4	
BACT000019	1	0	13	
BACT000020	6	0	16	
BACT000021	5373	0	1	
BACT000030	50	1507	29	
BACT000031	3	0	27	
BACT000032	13	0	24	
BACT000033	149	0	31	
BACT000034	12	0	25	
BACT000035	4	0	26	
BACT000036	347	0	22	
BACT000038	22	0	20	
BACT000039	19	0	25	
BACT000040	659	0	16	
BACT000042	8	0	26	
BACT000043	3	0	24	
BACT000044	32	0	19	
BACT000045	23	0	19	
BACT000046	6	0	33	
BACT000047	70	0	16	
BACT000048	1	0	16	
BACT000049	5	0	19	
BACT000050	30	0	15	
BACT000051	169	0	26	
BACT000052	2	0	15	
BACT000053	5	0	17	
BACT000056	9	0	13	
BACT000057	2	5211	4	
BACT000058	1	1	14	
BACT000059	0	0	13	
BACT000060	2	0	9	
BACT000061	15	0	15	
BACT000062	1	4496	8	
BACT000063	2	1	13	
BACT000064	3	0	14	
BACT000065	3	0	4	
MYCO000001	36	0	132	
MYCO000005	34	0	146	
MYCO000006	58	0	243	
MYCO000009	16	0	35	
MYCO000011	10	0	29	
MYCO000013	5	0	61	
MYCO000015	1199	0	77	
MYCO000016	86	0	94	
MYCO000017	72	0	91	
MYCO000019	9	0	34	
MYCO000038	353	0	38	
MYCO000046	16	0	68	
MYCO000047	21	0	35	
MYCO000049	33	0	30	
MYCO000050	592	0	154	
MYCO000051	455	0	115	
MYCO000054	211	0	32	
MYCO000066	25	0	133	
MYCO000068	148	0	85	
MYCO000129	46	0	39	
MYCO000183	281	0	55	
MYCO000184	318	0	33	
MYCO000189	695	0	65	
MYCO000198	58	0	118	
MYCO000204	165	0	54	
MYCO000207	15	0	41	
MYCO000211	66	0	112	
MYCO000223	547	0	81	
MYCO000225	38	0	40	
MYCO000227	604	0	60	
MYCO000228	122	0	59	
MYCO000236	1212	0	173	
MYCO000237	133	0	73	
MYCO000238	20	0	39	
MYCO000241	37	0	64	
MYCO000242	881	0	72	
MYCO000243	505	0	65	
MYCO000244	112	2680	80	
MYCO000247	12	0	33	
MYCO000248	31	0	67	
MYCO000270	51	0	97	
MYCO000274	340	0	42	
MYCO000321	12	0	28	
MYCO000322	66	0	55	
MYCO000334	6	0	34	
MYCO000337	47	0	52	
MYCO000350	91	0	62	
MYCO000352	557	0	49	
MYCO000357	18	0	53	
MYCO000360	182	0	28	
MYCO000383	1000	0	29	
MYCO000384	676	0	93	
MYCO000407	248	0	53	
MYCO000410	172	0	103	
MYCO000411	143	0	43	
MYCO000414	1119	0	32	
MYCO000415	1176	0	44	
MYCO000417	379	1344	31	
MYCO000423	32	0	52	
MYCO000429	14	0	31	
MYCO000432	15	0	31	
MYCO000433	33	0	45	
MYCO000439	206	0	51	
MYCO000440	59	0	56	
MYCO000462	14	0	43	
MYCO000465	48	0	76	
MYCO000466	24	0	33	
MYCO000467	21	0	46	
MYCO000468	46	0	40	
MYCO000472	13	0	31	
MYCO000475	127	0	36	
MYCO000483	58	0	54	
MYCO000484	56	0	38	
MYCO000486	322	0	65	
MYCO000489	790	0	27	
MYCO000490	68	0	41	
MYCO000491	7	0	19	
MYCO000495	14	0	44	
MYCO000496	67	0	43	
MYCO000498	91	0	45	
MYCO000501	29	0	47	
MYCO000502	44	0	42	
MYCO000505	1288	0	38	
MYCO000509	120	0	69	
MYCO000510	95	0	39	
MYCO000512	119	0	40	
MYCO000524	433	0	56	
MYCO000527	163	0	38	
MYCO000528	820	0	57	
MYCO000529	196	0	53	
MYCO000548	38	0	37	
MYCO000551	180	0	91	
MYCO000553	509	0	42	
MYCO000555	501	0	55	
MYCO000557	63	0	72	
MYCO000558	263	0	28	
MYCO000562	26	0	48	
MYCO000563	113	0	43	
MYCO000564	65	0	56	
MYCO000566	16	0	23	
MYCO000636	9	0	22	
MYCO000639	209	0	26	
MYCO000647	202	0	64	
MYCO000655	30	0	51	
MYCO000667	263	0	272	
MYCO000668	223	0	254	
MYCO000672	232	0	87	
MYCO000684	77	0	94	
MYCO000685	19	0	32	
MYCO000693	509	0	47	
MYCO000696	88	0	70	
MYCO000732	13	0	58	
MYCO000733	10	0	22	
MYCO000734	561	0	29	
MYCO000757	12	0	30	
MYCO000758	146	0	154	
MYCO000772	172	0	57	
MYCO000777	59	0	41	
MYCO000780	19	0	38	
MYCO000782	5249	0	5	
MYCO000788	152	0	25	
MYCO000803	126	0	91	
MYCO000808	100	0	69	
MYCO000809	9	0	42	
MYCO000810	6	0	9	
MYCO000814	1068	22	13	
MYCO000815	82	6	41	
MYCO000820	15	0	28	
MYCO000821	30	0	20	
MYCO000823	109	0	57	
MYCO000824	11	0	26	
MYCO000859	80	0	78	
MYCO000860	327	0	104	
MYCO000861	50	0	67	
MYCO000871	16	0	14	
MYCO000876	9	0	74	
MYCO000884	18	0	49	
MYCO000885	70	0	37	
MYCO000886	1249	0	77	
MYCO000889	1066	0	56	
MYCO000896	69	0	59	
MYCO000902	45	0	33	
MYCO000903	11	0	13	
MYCO000906	1379	0	52	
MYCO000926	26	0	67	
MYCO000927	237	0	42	
MYCO000929	470	0	35	
MYCO000946	58	0	74	
MYCO000949	224	0	103	
MYCO000951	46	0	53	
MYCO000952	97	0	45	
MYCO000953	386	0	54	
MYCO000957	571	0	58	
MYCO000981	56	0	33	
MYCO000983	673	0	64	
MYCO000993	165	0	33	
MYCO000994	361	0	59	
MYCO000995	22	0	35	
MYCO001001	46	0	64	
MYCO001002	83	0	71	
MYCO001007	16	0	63	
MYCO001008	311	0	38	
MYCO001009	269	0	44	
MYCO001010	114	0	51	
MYCO001011	46	0	34	
MYCO001013	64	0	62	
MYCO001014	40	0	36	
MYCO001015	36	0	35	
MYCO001017	7	0	34	
MYCO001018	62	0	71	
MYCO001020	615	0	168	
MYCO001022	252	0	35	
MYCO001023	191	0	60	
MYCO001026	356	0	43	
MYCO001070	33	0	24	
MYCO001071	23	0	58	
MYCO001072	5	0	34	
MYCO001077	85	0	66	
MYCO001079	96	0	41	
MYCO001080	288	0	20	
MYCO001082	50	0	32	
MYCO001086	74	0	44	
MYCO001092	142	0	35	
MYCO001094	95	0	26	
MYCO001095	137	0	53	
MYCO001098	96	0	46	
MYCO001099	338	0	44	
MYCO001108	107	0	51	
MYCO001110	18	0	39	
MYCO001112	705	0	43	
MYCO001165	252	0	88	
MYCO001173	305	0	102	
MYCO001177	17	0	8	
MYCO001178	203	0	62	
MYCO001193	515	0	52	
MYCO001201	314	0	41	
MYCO001202	251	0	36	
MYCO001207	367	0	46	
MYCO001208	36	0	32	
MYCO001213	251	0	62	
MYCO001220	315	0	22	
MYCO001221	7	0	32	
MYCO001223	863	0	73	
MYCO001229	158	0	55	
MYCO001238	63	0	41	
MYCO001239	21	0	49	
MYCO001245	106	0	50	
MYCO001248	610	0	144	
MYCO001253	234	0	87	
MYCO001272	406	0	73	
MYCO001273	25	0	79	
MYCO001277	589	0	43	
MYCO001292	43	0	72	
MYCO001293	68	0	50	
MYCO001294	97	0	51	
MYCO001295	74	0	46	
MYCO001297	456	0	63	
MYCO001299	51	0	31	
MYCO001302	16	0	38	
MYCO001305	9	0	9	
MYCO001308	85	0	55	
MYCO001309	19	0	41	
MYCO001310	25	0	47	
MYCO001311	19	0	24	
MYCO001315	31	0	39	
MYCO001321	87	0	31	
MYCO001323	113	0	55	
MYCO001326	74	0	94	
MYCO001327	96	0	77	
MYCO001328	188	0	117	
MYCO001338	140	0	33	
MYCO001340	72	0	30	
MYCO001380	63	0	36	
MYCO001381	571	0	50	
MYCO001383	53	0	47	
MYCO001384	508	0	166	
MYCO001385	841	0	39	
MYCO001388	7	0	27	
MYCO001390	2	0	14	
MYCO001391	952	0	59	
MYCO001392	520	0	69	
MYCO001402	2181	0	68	
MYCO001407	739	0	76	
MYCO001408	175	0	32	
MYCO001410	19	0	61	
MYCO001412	25	0	31	
MYCO001415	30	0	47	
MYCO001416	9	0	20	
MYCO001420	37	0	72	
MYCO001421	31	0	42	
MYCO001436	12	0	47	
MYCO001437	60	0	50	
MYCO001438	29	0	34	
MYCO001440	29	0	13	
MYCO001445	345	0	35	
MYCO001447	632	0	98	
MYCO001448	66	0	53	
MYCO001449	280	0	87	
MYCO001451	103	0	42	
MYCO001457	12	0	33	
MYCO001458	29	0	43	
MYCO001462	71	0	60	
MYCO001463	23	0	27	
MYCO001464	287	0	54	
MYCO001465	21	0	16	
MYCO001466	10	0	9	
MYCO001467	112	2728	66	
MYCO001473	55	0	54	
MYCO001474	166	0	18	
MYCO001475	31	0	95	
MYCO001479	119	0	51	
MYCO001480	168	0	43	
MYCO001481	32	0	46	
MYCO001483	144	0	24	
MYCO001484	42	0	38	
MYCO001485	167	0	36	
MYCO001493	848	0	75	
MYCO001536	179	0	139	
MYCO001540	42	0	54	
MYCO001547	193	0	118	
MYCO001557	905	0	57	
MYCO001559	1179	0	62	
MYCO001564	65	0	94	
MYCO001568	340	0	54	
MYCO001569	1016	0	38	
MYCO001589	21	0	37	
MYCO001593	8	0	28	
MYCO001594	69	0	53	
MYCO001595	584	0	67	
MYCO001599	488	0	56	
MYCO001600	11	0	51	
MYCO001601	2	0	29	
MYCO001603	14	0	38	
MYCO001605	24	0	34	
MYCO001609	129	0	74	
MYCO001611	97	0	28	
MYCO001612	15	0	58	
MYCO001617	70	0	65	
MYCO001626	28	0	27	
MYCO001627	161	0	40	
MYCO001629	193	0	132	
MYCO001633	697	0	98	
MYCO001638	249	0	124	
MYCO001641	5374	0	0	
MYCO001649	413	0	42	
MYCO001652	305	0	45	
MYCO001653	939	0	40	
MYCO001654	147	0	32	
MYCO001655	598	0	55	
MYCO001656	442	0	39	
MYCO001657	497	0	22	
MYCO001658	163	0	60	
MYCO001659	494	0	55	
MYCO001689	18	0	45	
MYCO001694	194	0	42	
MYCO001695	6	0	42	
MYCO001697	9	0	34	
MYCO001699	31	0	108	
MYCO001701	89	0	29	
MYCO001708	30	0	32	
MYCO001709	8	0	44	
MYCO001711	6	0	38	
MYCO001712	38	0	34	
MYCO001713	246	0	62	
MYCO001821	55	0	103	
MYCO001827	10	0	22	
MYCO001829	58	0	22	
MYCO001830	30	0	70	
MYCO001832	151	0	134	
MYCO001837	136	0	102	
MYCO001842	112	0	75	
MYCO001843	134	0	72	
MYCO001844	77	0	85	
MYCO001854	62	0	67	
MYCO001886	110	0	53	
MYCO001894	236	0	65	
MYCO001981	22	0	30	
MYCO002050	6	0	13	
MYCO002089	407	0	60	
MYCO002090	5254	0	12	
MYCO002092	645	0	128	
MYCO002093	57	0	39	
MYCO002096	38	0	52	
MYCO002097	120	0	49	
MYCO002109	21	0	32	
MYCO002110	60	0	40	
MYCO002111	149	0	10	
MYCO002112	2323	0	55	
MYCO002115	51	0	83	
MYCO002118	22	0	26	
MYCO002119	37	0	47	
MYCO002121	71	0	31	
MYCO002122	5	0	17	
MYCO002125	50	0	33	
MYCO002130	680	0	40	
MYCO002134	31	0	26	
MYCO002139	113	0	45	
MYCO002140	2	0	26	
MYCO002141	93	0	67	
MYCO002145	75	0	32	
MYCO002150	339	0	33	
MYCO002151	359	0	30	
MYCO002153	1025	0	64	
MYCO002154	1139	0	42	
MYCO002155	883	0	96	
MYCO002156	25	0	54	
MYCO002157	2344	0	54	
MYCO002163	234	0	77	
MYCO002166	20	0	14	
MYCO002170	648	0	32	
MYCO002176	140	0	53	
MYCO002178	30	0	35	
MYCO002179	106	0	18	
MYCO002182	42	0	29	
MYCO002186	6	0	15	
MYCO002187	1522	0	73	
MYCO002188	60	0	60	
MYCO002192	167	0	44	
MYCO002193	9	0	22	
MYCO002194	47	0	41	
MYCO002195	30	0	51	
MYCO002196	24	0	72	
MYCO002199	3	0	21	
MYCO002200	34	0	49	
MYCO002201	225	0	73	
MYCO002202	244	0	45	
MYCO002210	109	0	48	
MYCO002211	156	0	60	
MYCO002213	286	0	83	
MYCO002216	51	0	58	
MYCO002217	292	0	38	
MYCO002218	235	0	53	
MYCO002219	177	0	34	
MYCO002220	37	0	64	
MYCO002221	1192	0	109	
MYCO002222	59	0	56	
MYCO002225	174	0	47	
MYCO002228	80	0	50	
MYCO002230	362	0	49	
MYCO002235	95	0	49	
MYCO002239	3	0	23	
MYCO002241	666	0	80	
MYCO002242	235	0	44	
MYCO002243	572	0	37	
MYCO002244	7	0	10	
MYCO002245	98	0	50	
MYCO002246	64	0	48	
MYCO002247	234	0	51	
MYCO002257	60	0	43	
MYCO002259	270	0	47	
MYCO002315	934	0	69	
MYCO002343	268	0	77	
MYCO002344	827	0	45	
MYCO002357	17	0	35	
MYCO002361	14	0	27	
MYCO002362	154	0	31	
MYCO002364	14	0	38	
MYCO002366	18	0	67	
MYCO002367	11	0	20	
MYCO002368	57	0	46	
MYCO002373	82	0	51	
MYCO002374	173	0	55	
MYCO002399	78	0	39	
MYCO002400	61	0	59	
MYCO002402	90	0	107	
MYCO002404	43	0	89	
MYCO002409	24	0	34	
MYCO002410	11	0	30	
MYCO002411	134	0	67	
MYCO002413	204	0	40	
MYCO002420	240	0	25	
MYCO002421	2	0	17	
MYCO002425	441	0	45	
MYCO002426	1523	0	52	
MYCO002427	473	0	54	
MYCO002439	820	0	37	
MYCO002440	133	0	71	
MYCO002445	33	0	15	
MYCO002447	102	0	68	
MYCO002448	229	0	113	
MYCO002454	36	0	52	
MYCO002455	94	0	65	
MYCO002457	35	0	38	
MYCO002460	8	0	20	
MYCO002461	11	0	26	
MYCO002462	345	0	51	
MYCO002465	81	0	22	
MYCO002466	52	0	28	
MYCO002467	126	0	112	
MYCO002470	12	0	27	
MYCO002477	32	0	65	
MYCO002500	16	0	52	
MYCO002502	69	0	73	
MYCO002509	18	0	49	
MYCO002511	21	0	22	
MYCO002518	640	0	47	
MYCO002521	2	0	27	
MYCO002523	51	0	12	
MYCO002524	1558	0	292	
MYCO002533	23	0	22	
MYCO002534	6	0	23	
MYCO002538	291	0	49	
MYCO002540	1181	0	57	
MYCO002555	101	0	85	
MYCO002559	474	0	47	
MYCO002568	68	0	44	
MYCO002572	195	0	74	
MYCO002575	84	0	45	
MYCO002580	249	0	43	
MYCO002582	44	0	38	
MYCO002583	144	0	89	
MYCO002587	811	0	75	
MYCO002589	172	0	59	
MYCO002592	228	0	39	
MYCO002593	118	0	27	
MYCO002594	5	0	19	
MYCO002603	13	0	30	
MYCO002606	49	0	34	
MYCO002610	133	0	45	
MYCO002611	105	0	51	
MYCO002612	8	0	31	
MYCO002613	9	0	17	
MYCO002614	96	0	65	
MYCO002670	31	0	43	
MYCO002673	627	1364	47	
MYCO002676	33	0	20	
MYCO002678	480	0	47	
MYCO002682	116	0	68	
MYCO002696	142	0	42	
MYCO002697	13	0	18	
MYCO002699	0	0	13	
MYCO002702	13	0	44	
MYCO002703	192	0	54	
MYCO002708	5	0	13	
MYCO002710	101	0	37	
MYCO002711	39	0	34	
MYCO002714	39	0	45	
MYCO002715	699	0	60	
MYCO002720	20	0	44	
MYCO002724	59	0	71	
MYCO002725	143	0	62	
MYCO002726	76	0	34	
MYCO002727	288	0	47	
MYCO002731	602	0	53	
MYCO002733	1232	0	60	
MYCO002744	162	0	38	
MYCO002748	506	0	116	
MYCO002750	105	0	40	
MYCO002753	17	0	48	
MYCO002754	45	0	29	
MYCO002764	101	0	49	
MYCO002773	31	0	35	
MYCO002782	402	0	59	
MYCO002783	179	0	76	
MYCO002788	581	0	21	
MYCO002794	29	0	35	
MYCO002795	102	0	48	
MYCO002828	2428	643	49	
MYCO002838	104	0	25	
MYCO002839	2050	0	92	
MYCO002841	33	0	56	
MYCO002846	16	0	58	
MYCO002847	129	0	51	
MYCO002861	25	0	32	
MYCO002864	62	0	57	
MYCO002868	16	0	38	
MYCO002870	124	0	42	
MYCO002882	12	0	29	
MYCO002883	6	0	35	
MYCO002889	112	0	29	
MYCO002894	690	0	33	
MYCO002901	4	0	9	
MYCO002902	306	0	38	
MYCO002915	105	0	51	
MYCO002916	420	0	57	
MYCO002917	849	0	68	
MYCO002918	330	0	111	
MYCO002919	6	0	13	
MYCO002921	184	0	58	
MYCO002927	30	0	34	
MYCO002965	4	0	13	
MYCO002967	354	0	98	
MYCO002976	88	0	36	
MYCO002981	229	0	55	
MYCO002982	36	0	49	
MYCO002984	73	0	67	
MYCO002988	142	0	44	
MYCO002992	163	0	70	
MYCO002993	13	0	36	
MYCO002995	199	0	52	
MYCO002996	349	0	67	
MYCO003001	25	0	38	
MYCO003003	242	0	72	
MYCO003006	188	0	43	
MYCO003009	25	0	64	
MYCO003010	502	0	38	
MYCO003011	964	0	54	
MYCO003014	503	0	84	
MYCO003024	242	0	59	
MYCO003025	150	0	50	
MYCO003027	46	0	50	
MYCO003028	680	0	40	
MYCO003029	25	0	29	
MYCO003031	301	0	70	
MYCO003032	534	0	42	
MYCO003034	22	0	31	
MYCO003038	13	0	39	
MYCO003042	98	0	44	
MYCO003043	15	0	56	
MYCO003045	8	0	41	
MYCO003048	24	0	45	
MYCO003049	134	0	82	
MYCO003051	42	0	59	
MYCO003052	24	0	15	
MYCO003053	6	0	9	
MYCO003054	183	0	35	
MYCO003057	23	0	39	
MYCO003085	302	0	44	
MYCO003100	12	0	21	
MYCO003101	31	0	30	
MYCO003102	5	0	31	
MYCO003105	241	0	51	
MYCO003117	82	6	41	
MYCO003118	1068	22	13	
MYCO003139	27	0	70	
MYCO003140	26	0	63	
MYCO003193	90	0	127	
MYCO003194	6	0	38	
MYCO003195	429	0	72	
MYCO003197	36	0	58	
MYCO003198	384	0	78	
MYCO003205	54	0	35	
MYCO003206	32	0	61	
MYCO003207	21	0	40	
MYCO003208	69	0	28	
MYCO003211	423	0	80	
MYCO003213	18	0	47	
MYCO003214	35	0	38	
MYCO003219	8	0	8	
MYCO003220	30	0	55	
MYCO003221	0	0	12	
MYCO003223	5	0	31	
MYCO003228	504	0	48	
MYCO003229	32	0	74	
MYCO003240	580	0	96	
MYCO003241	244	0	28	
MYCO003245	24	0	61	
MYCO003246	15	0	18	
MYCO003248	58	0	76	
MYCO003252	260	0	54	
MYCO003255	145	0	41	
MYCO003257	268	0	54	
MYCO003258	358	0	20	
MYCO003261	21	0	45	
MYCO003262	311	0	51	
MYCO003264	23	0	32	
MYCO003265	132	0	41	
MYCO003267	369	0	50	
MYCO003274	10	0	51	
MYCO003275	166	0	27	
MYCO003276	147	0	54	
MYCO003277	10	0	30	
MYCO003280	44	0	60	
MYCO003285	174	0	64	
MYCO003290	30	0	46	
MYCO003296	1617	0	200	
MYCO003302	103	0	55	
MYCO003303	5326	0	2	
MYCO003304	58	0	15	
MYCO003305	109	0	44	
MYCO003306	334	0	55	
MYCO003313	35	0	29	
MYCO003317	22	0	29	
MYCO003318	276	0	62	
MYCO003319	71	0	41	
MYCO003328	407	0	54	
MYCO003329	66	0	70	
MYCO003330	542	0	54	
MYCO003336	17	0	35	
MYCO003340	28	0	49	
MYCO003341	710	0	55	
MYCO003356	29	0	36	
MYCO003392	56	4103	21	
MYCO003396	99	0	59	
MYCO003409	144	0	61	
MYCO003410	940	0	45	
MYCO003411	242	0	73	
MYCO003412	12	0	19	
MYCO003417	16	3078	50	
MYCO003418	1	0	10	
MYCO003419	223	0	42	
MYCO003422	6	0	21	
MYCO003432	44	0	49	
MYCO003433	1906	0	45	
MYCO003436	1332	0	63	
MYCO003441	589	0	64	
MYCO003455	257	0	36	
MYCO003457	21	0	49	
MYCO003462	8	0	14	
MYCO003464	17	0	41	
MYCO003490	67	0	68	
MYCO003500	26	0	39	
MYCO003501	36	0	32	
MYCO003504	40	0	51	
MYCO003520	62	0	58	
MYCO003570	20	0	36	
MYCO003571	66	0	44	
MYCO003579	776	0	58	
MYCO003580	110	0	44	
MYCO003583	5	0	21	
MYCO003589	1249	0	39	
MYCO003592	10	0	17	
MYCO003596	421	0	101	
MYCO003598	43	0	51	
MYCO003600	45	0	35	
MYCO003601	39	0	21	
MYCO003609	5	0	18	
MYCO003610	522	0	84	
MYCO003624	15	0	41	
MYCO003628	23	0	25	
MYCO003644	289	0	64	
MYCO003646	817	0	110	
MYCO003647	79	0	28	
MYCO003648	8	0	31	
MYCO003668	11	0	30	
MYCO003670	278	0	45	
MYCO003674	12	0	35	
MYCO003676	11	0	26	
MYCO003677	75	0	42	
MYCO003679	29	0	52	
MYCO003680	126	0	50	
MYCO003682	178	0	97	
MYCO003683	98	0	49	
MYCO003684	81	0	34	
MYCO003695	43	0	55	
MYCO003696	224	0	98	
MYCO003705	10	0	32	
MYCO003707	158	0	48	
MYCO003708	159	0	50	
MYCO003709	103	0	49	
MYCO003710	2137	0	52	
MYCO003711	46	0	58	
MYCO003712	693	0	52	
MYCO003713	53	0	25	
MYCO003715	7	0	22	
MYCO003717	6	0	35	
MYCO003718	4	0	16	
MYCO003719	32	0	63	
MYCO003720	178	0	65	
MYCO003721	468	0	81	
MYCO003722	23	0	69	
MYCO003765	603	0	48	
MYCO003774	25	0	54	
MYCO003775	77	0	75	
MYCO003777	318	0	49	
MYCO003778	59	0	65	
MYCO003780	509	0	29	
MYCO003781	12	0	32	
MYCO003782	53	0	46	
MYCO003783	54	0	37	
MYCO003790	31	0	65	
MYCO003791	58	0	49	
MYCO003793	907	0	171	
MYCO003794	293	0	188	
MYCO003795	255	0	276	
MYCO003799	26	0	72	
MYCO003801	56	0	71	
MYCO003802	106	0	46	
MYCO003804	59	0	55	
MYCO003806	20	0	82	
MYCO003808	340	0	68	
MYCO003809	10	0	45	
MYCO003816	389	0	42	
MYCO003834	155	0	57	
MYCO003835	702	0	72	
MYCO003842	140	0	71	
MYCO003847	2029	0	26	
MYCO003849	12	0	21	
MYCO003858	59	0	54	
MYCO003859	546	0	196	
MYCO003907	48	0	93	
MYCO003908	205	0	48	
MYCO003913	98	0	86	
MYCO003915	14	0	91	
MYCO003917	23	0	93	
MYCO003918	18	0	94	
MYCO003920	13	0	49	
MYCO003921	25	0	95	
MYCO013678	3	0	16	
MYCO000002	62	0	93	
MYCO000003	57	0	83	
MYCO000004	17	0	67	
MYCO000007	574	0	110	
MYCO000008	27	0	51	
MYCO000010	19	0	74	
MYCO000012	41	0	76	
MYCO000014	20	0	120	
MYCO000018	318	0	100	
MYCO000020	270	0	136	
MYCO000021	745	0	66	
MYCO000022	61	0	44	
MYCO000023	48	0	64	
MYCO000024	1636	0	60	
MYCO000025	577	0	39	
MYCO000026	176	0	98	
MYCO000027	27	0	19	
MYCO000028	18	0	23	
MYCO000029	397	0	96	
MYCO000030	1045	0	29	
MYCO000031	50	0	20	
MYCO000032	1645	0	127	
MYCO000033	19	0	15	
MYCO000034	13	0	27	
MYCO000035	81	0	147	
MYCO000036	114	0	61	
MYCO000037	71	0	90	
MYCO000039	234	0	29	
MYCO000040	83	0	67	
MYCO000041	490	0	181	
MYCO000042	364	0	82	
MYCO000043	44	0	55	
MYCO000044	672	0	52	
MYCO000045	2393	0	60	
MYCO000048	35	0	77	
MYCO000052	162	22	50	
MYCO000057	23	3200	60	
MYCO000058	81	0	150	
MYCO000059	25	0	56	
MYCO000060	12	0	58	
MYCO000061	1236	0	20	
MYCO000062	288	0	93	
MYCO000063	387	0	117	
MYCO000064	2208	0	149	
MYCO000065	13	0	16	
MYCO000067	21	0	37	
MYCO000069	121	0	74	
MYCO000070	27	3104	52	
MYCO000071	1480	0	59	
MYCO000072	1263	0	52	
MYCO000073	41	2272	55	
MYCO000074	2076	0	70	
MYCO000075	269	0	72	
MYCO000076	17	0	27	
MYCO000077	55	0	55	
MYCO000078	62	0	28	
MYCO000079	88	0	41	
MYCO000080	101	0	44	
MYCO000081	8	0	32	
MYCO000082	1389	0	29	
MYCO000083	1944	0	62	
MYCO000084	39	0	54	
MYCO000085	343	0	43	
MYCO000086	440	0	81	
MYCO000087	380	0	85	
MYCO000088	33	0	51	
MYCO000089	56	0	41	
MYCO000090	75	0	56	
MYCO000091	86	0	37	
MYCO000092	310	0	117	
MYCO000093	156	0	60	
MYCO000094	5187	78	38	
MYCO000095	2317	0	181	
MYCO000096	597	0	85	
MYCO000097	10	0	31	
MYCO000098	10	0	29	
MYCO000099	1526	0	73	
MYCO000100	8	0	8	
MYCO000101	224	0	372	
MYCO000102	132	0	120	
MYCO000103	231	0	125	
MYCO000104	1714	0	83	
MYCO000106	127	0	50	
MYCO000107	5325	0	6	
MYCO000108	16	0	14	
MYCO000109	1682	0	68	
MYCO000110	21	0	44	
MYCO000111	190	0	99	
MYCO000112	40	0	75	
MYCO000113	297	0	57	
MYCO000114	230	0	39	
MYCO000115	711	0	76	
MYCO000116	30	0	44	
MYCO000117	21	0	53	
MYCO000118	185	0	109	
MYCO000119	144	0	90	
MYCO000120	129	0	133	
MYCO000121	175	0	30	
MYCO000122	23	0	19	
MYCO000123	8	0	20	
MYCO000124	5226	0	6	
MYCO000125	303	0	60	
MYCO000126	53	0	102	
MYCO000127	42	0	61	
MYCO000128	55	0	32	
MYCO000130	8	0	42	
MYCO000131	41	0	67	
MYCO000132	229	0	53	
MYCO000133	632	0	48	
MYCO000134	1835	0	31	
MYCO000135	15	0	25	
MYCO000136	543	0	94	
MYCO000137	602	0	36	
MYCO000138	556	0	30	
MYCO000139	58	0	51	
MYCO000140	14	0	24	
MYCO000141	15	0	28	
MYCO000142	831	0	58	
MYCO000143	331	0	92	
MYCO000144	354	0	43	
MYCO000145	258	0	64	
MYCO000146	916	0	58	
MYCO000147	196	0	103	
MYCO000148	56	0	39	
MYCO000149	978	0	49	
MYCO000150	37	0	19	
MYCO000151	389	0	112	
MYCO000152	129	0	109	
MYCO000153	101	0	43	
MYCO000154	64	0	52	
MYCO000155	154	0	53	
MYCO000156	5	0	16	
MYCO000157	401	0	69	
MYCO000158	16	0	36	
MYCO000159	443	0	92	
MYCO000160	54	0	102	
MYCO000161	166	0	78	
MYCO000162	303	0	68	
MYCO000163	4	0	34	
MYCO000164	14	0	21	
MYCO000165	2671	0	16	
MYCO000166	95	0	92	
MYCO000167	12	2671	30	
MYCO000168	80	0	57	
MYCO000169	155	0	89	
MYCO000170	15	0	45	
MYCO000171	1403	0	81	
MYCO000172	232	0	92	
MYCO000173	17	0	59	
MYCO000174	98	0	84	
MYCO000175	81	0	54	
MYCO000176	216	0	59	
MYCO000177	3	0	24	
MYCO000178	27	0	46	
MYCO000179	319	0	66	
MYCO000180	641	0	82	
MYCO000181	13	0	38	
MYCO000182	399	0	76	
MYCO000185	116	0	22	
MYCO000186	300	0	110	
MYCO000187	89	0	41	
MYCO000188	22	0	28	
MYCO000190	1	0	16	
MYCO000191	542	0	61	
MYCO000192	1243	0	54	
MYCO000193	49	0	119	
MYCO000194	419	0	207	
MYCO000195	874	0	37	
MYCO000196	86	0	26	
MYCO000197	5371	0	3	
MYCO000199	8	0	32	
MYCO000200	87	0	32	
MYCO000201	412	0	25	
MYCO000202	190	0	145	
MYCO000203	241	0	23	
MYCO000205	695	0	51	
MYCO000206	349	0	118	
MYCO000208	31	0	30	
MYCO000209	410	0	59	
MYCO000210	485	0	65	
MYCO000212	72	0	57	
MYCO000213	33	0	64	
MYCO000214	85	0	97	
MYCO000215	636	0	50	
MYCO000216	82	0	48	
MYCO000217	481	0	51	
MYCO000218	1590	0	60	
MYCO000219	6	0	42	
MYCO000220	223	0	62	
MYCO000221	601	0	59	
MYCO000222	131	0	41	
MYCO000224	71	0	27	
MYCO000226	335	0	82	
MYCO000229	27	0	41	
MYCO000230	19	0	64	
MYCO000231	77	0	85	
MYCO000232	41	0	44	
MYCO000233	562	0	43	
MYCO000234	286	0	71	
MYCO000235	88	0	109	
MYCO000239	10	0	20	
MYCO000240	13	0	27	
MYCO000245	31	0	37	
MYCO000246	249	0	70	
MYCO000249	28	0	38	
MYCO000250	7	0	16	
MYCO000251	8	0	38	
MYCO000252	99	0	151	
MYCO000253	33	0	19	
MYCO000254	73	0	21	
MYCO000255	489	0	82	
MYCO000256	1463	0	87	
MYCO000257	693	0	32	
MYCO000258	59	0	28	
MYCO000259	11	0	43	
MYCO000260	85	0	71	
MYCO000261	74	0	90	
MYCO000262	27	0	27	
MYCO000263	488	0	46	
MYCO000264	114	0	37	
MYCO000265	30	0	67	
MYCO000266	1358	0	157	
MYCO000267	593	0	65	
MYCO000268	53	0	34	
MYCO000269	112	0	61	
MYCO000271	186	0	113	
MYCO000272	101	0	78	
MYCO000273	84	0	38	
MYCO000275	521	0	58	
MYCO000276	251	1506	52	
MYCO000277	168	2265	78	
MYCO000278	5363	0	5	
MYCO000279	5077	0	83	
MYCO000280	2313	0	77	
MYCO000281	274	0	49	
MYCO000282	76	0	84	
MYCO000283	460	0	77	
MYCO000284	986	0	182	
MYCO000285	183	0	13	
MYCO000286	1549	0	71	
MYCO000287	21	20	15	
MYCO000288	3	0	28	
MYCO000289	113	0	66	
MYCO000290	876	0	90	
MYCO000291	724	0	70	
MYCO000292	50	0	50	
MYCO000293	151	0	71	
MYCO000294	137	0	50	
MYCO000295	24	0	36	
MYCO000296	86	0	66	
MYCO000297	2827	0	113	
MYCO000298	8	0	16	
MYCO000299	9	0	26	
MYCO000300	4	0	11	
MYCO000301	4	0	25	
MYCO000302	89	0	42	
MYCO000303	60	0	61	
MYCO000304	738	0	417	
MYCO000305	5294	0	12	
MYCO000306	19	0	32	
MYCO000307	22	0	29	
MYCO000308	10	0	42	
MYCO000309	35	0	29	
MYCO000310	5	0	19	
MYCO000311	33	0	70	
MYCO000312	449	0	86	
MYCO000313	6	0	23	
MYCO000314	200	0	47	
MYCO000315	1277	0	42	
MYCO000316	505	0	33	
MYCO000317	79	0	53	
MYCO000318	32	0	37	
MYCO000319	73	0	41	
MYCO000320	20	0	36	
MYCO000323	572	0	41	
MYCO000324	29	0	36	
MYCO000325	2614	0	6	
MYCO000326	260	0	25	
MYCO000327	314	0	66	
MYCO000328	12	0	25	
MYCO000329	153	0	42	
MYCO000330	39	0	44	
MYCO000331	291	0	88	
MYCO000332	53	0	46	
MYCO000333	5	0	22	
MYCO000335	754	0	30	
MYCO000336	4653	600	24	
MYCO000338	1012	0	104	
MYCO000339	781	0	129	
MYCO000340	17	0	34	
MYCO000341	1647	0	63	
MYCO000342	181	0	81	
MYCO000343	224	0	80	
MYCO000344	26	0	27	
MYCO000345	11	0	30	
MYCO000346	242	0	63	
MYCO000347	12	23	32	
MYCO000348	9	0	21	
MYCO000349	23	0	34	
MYCO000351	134	0	27	
MYCO000353	6	0	24	
MYCO000354	5370	0	1	
MYCO000355	3265	0	394	
MYCO000356	457	0	43	
MYCO000358	1450	0	36	
MYCO000359	78	0	46	
MYCO000361	16	0	38	
MYCO000362	36	0	82	
MYCO000363	44	0	55	
MYCO000364	18	0	36	
MYCO000365	156	0	57	
MYCO000366	91	0	36	
MYCO000367	41	0	16	
MYCO000368	244	0	72	
MYCO000369	14	0	29	
MYCO000370	45	0	68	
MYCO000371	40	0	24	
MYCO000372	163	0	48	
MYCO000373	209	0	151	
MYCO000374	23	0	31	
MYCO000375	577	0	34	
MYCO000376	435	0	62	
MYCO000377	402	0	63	
MYCO000378	731	0	14	
MYCO000379	16	0	17	
MYCO000380	86	0	29	
MYCO000381	75	0	42	
MYCO000382	33	0	19	
MYCO000385	19	0	43	
MYCO000386	454	0	154	
MYCO000387	1941	0	28	
MYCO000388	5369	0	3	
MYCO000389	675	0	70	
MYCO000390	8	0	24	
MYCO000391	109	0	47	
MYCO000392	327	0	78	
MYCO000393	1668	0	107	
MYCO000394	61	0	34	
MYCO000395	863	0	16	
MYCO000396	40	0	22	
MYCO000397	821	1808	80	
MYCO000398	345	0	32	
MYCO000399	88	0	76	
MYCO000400	146	0	53	
MYCO000401	268	0	23	
MYCO000402	934	0	122	
MYCO000403	1219	0	21	
MYCO000404	175	0	143	
MYCO000405	2615	0	171	
MYCO000406	75	0	42	
MYCO000408	35	0	101	
MYCO000409	40	0	51	
MYCO000412	36	0	64	
MYCO000413	166	0	25	
MYCO000416	1	0	8	
MYCO000418	48	0	76	
MYCO000419	109	0	82	
MYCO000420	6	0	37	
MYCO000421	37	0	38	
MYCO000422	28	0	37	
MYCO000424	3	0	17	
MYCO000425	1268	0	191	
MYCO000426	95	0	30	
MYCO000427	70	0	47	
MYCO000428	278	0	44	
MYCO000430	82	0	8	
MYCO000431	28	0	20	
MYCO000434	59	0	34	
MYCO000435	362	0	112	
MYCO000436	367	0	40	
MYCO000437	300	0	25	
MYCO000438	97	0	61	
MYCO000441	329	0	24	
MYCO000442	156	0	80	
MYCO000443	190	0	23	
MYCO000444	819	0	39	
MYCO000445	20	0	23	
MYCO000446	1111	0	33	
MYCO000447	217	0	65	
MYCO000448	92	0	27	
MYCO000449	85	0	50	
MYCO000450	80	0	121	
MYCO000451	11	0	29	
MYCO000452	12	0	29	
MYCO000453	1385	0	51	
MYCO000454	19	0	21	
MYCO000455	3	0	25	
MYCO000456	63	0	52	
MYCO000457	626	0	84	
MYCO000458	398	0	85	
MYCO000459	151	0	43	
MYCO000460	4	0	14	
MYCO000461	56	0	34	
MYCO000463	95	0	11	
MYCO000464	6	0	26	
MYCO000469	94	0	61	
MYCO000470	43	0	32	
MYCO000471	106	0	35	
MYCO000473	42	0	62	
MYCO000474	9	0	21	
MYCO000476	15	0	13	
MYCO000477	72	0	21	
MYCO000478	30	0	38	
MYCO000479	546	0	34	
MYCO000480	177	0	35	
MYCO000481	31	0	25	
MYCO000482	53	0	46	
MYCO000485	92	0	55	
MYCO000487	166	0	37	
MYCO000488	28	0	34	
MYCO000492	710	0	94	
MYCO000493	208	0	58	
MYCO000494	153	0	37	
MYCO000497	664	0	41	
MYCO000499	135	0	41	
MYCO000500	454	0	39	
MYCO000503	11	0	30	
MYCO000504	6	0	17	
MYCO000506	29	0	12	
MYCO000507	435	0	183	
MYCO000508	0	0	12	
MYCO000511	848	0	70	
MYCO000513	78	0	22	
MYCO000514	46	0	28	
MYCO000515	4653	354	23	
MYCO000516	20	0	23	
MYCO000517	125	0	70	
MYCO000518	26	0	34	
MYCO000519	622	0	41	
MYCO000520	60	0	16	
MYCO000521	8	0	16	
MYCO000522	29	0	47	
MYCO000523	254	0	23	
MYCO000525	515	0	39	
MYCO000526	73	0	33	
MYCO000530	446	0	76	
MYCO000531	696	0	17	
MYCO000532	5039	0	15	
MYCO000533	115	0	40	
MYCO000534	212	0	52	
MYCO000535	82	0	39	
MYCO000536	830	0	43	
MYCO000537	408	0	80	
MYCO000538	1298	0	119	
MYCO000539	2126	0	23	
MYCO000540	463	0	24	
MYCO000541	198	0	65	
MYCO000542	694	0	50	
MYCO000543	0	0	10	
MYCO000544	488	0	16	
MYCO000545	189	0	60	
MYCO000546	17	0	21	
MYCO000547	328	0	51	
MYCO000549	72	0	23	
MYCO000550	29	0	13	
MYCO000552	1116	0	73	
MYCO000554	363	0	36	
MYCO000556	10	0	25	
MYCO000559	92	0	17	
MYCO000560	31	0	38	
MYCO000561	353	0	45	
MYCO000565	204	0	106	
MYCO000567	95	0	55	
MYCO000568	185	0	67	
MYCO000569	10	0	14	
MYCO000570	312	0	118	
MYCO000571	505	0	60	
MYCO000572	18	0	23	
MYCO000573	326	0	71	
MYCO000574	277	0	53	
MYCO000575	360	0	63	
MYCO000576	420	0	68	
MYCO000577	441	0	46	
MYCO000578	4049	0	132	
MYCO000579	266	0	46	
MYCO000580	31	0	27	
MYCO000581	179	0	13	
MYCO000582	23	0	18	
MYCO000583	132	0	39	
MYCO000584	75	0	148	
MYCO000585	187	0	115	
MYCO000586	27	1676	37	
MYCO000587	174	0	60	
MYCO000588	229	0	52	
MYCO000589	71	0	71	
MYCO000590	2627	0	28	
MYCO000591	412	0	86	
MYCO000592	959	0	57	
MYCO000593	65	0	61	
MYCO000594	296	0	99	
MYCO000595	36	0	23	
MYCO000596	42	0	12	
MYCO000597	21	0	58	
MYCO000598	20	0	24	
MYCO000599	9	2993	15	
MYCO000600	272	0	25	
MYCO000601	236	0	39	
MYCO000602	657	0	44	
MYCO000603	995	0	16	
MYCO000604	274	0	54	
MYCO000605	37	0	22	
MYCO000606	113	0	40	
MYCO000607	12	0	20	
MYCO000608	2	0	9	
MYCO000609	31	0	26	
MYCO000610	635	0	47	
MYCO000611	13	0	26	
MYCO000612	698	0	29	
MYCO000613	1426	0	100	
MYCO000614	194	0	51	
MYCO000615	73	0	11	
MYCO000616	36	0	22	
MYCO000617	16	0	23	
MYCO000618	704	0	26	
MYCO000619	5374	0	0	
MYCO000620	1406	0	61	
MYCO000621	722	0	48	
MYCO000622	19	0	46	
MYCO000623	9	0	12	
MYCO000624	13	0	26	
MYCO000625	379	0	39	
MYCO000626	35	0	14	
MYCO000627	40	0	19	
MYCO000628	455	2494	58	
MYCO000629	928	0	84	
MYCO000630	1443	0	122	
MYCO000631	1456	0	125	
MYCO000632	6	0	29	
MYCO000633	43	0	51	
MYCO000634	12	0	29	
MYCO000635	9	0	25	
MYCO000637	6	0	35	
MYCO000638	82	0	30	
MYCO000642	34	0	43	
MYCO000643	139	0	43	
MYCO000644	8	19	35	
MYCO000645	5	0	34	
MYCO000646	90	0	45	
MYCO000648	1809	0	142	
MYCO000649	2058	0	37	
MYCO000650	1499	0	38	
MYCO000653	32	0	30	
MYCO000654	563	0	76	
MYCO000656	37	0	24	
MYCO000657	5	0	7	
MYCO000658	34	0	42	
MYCO000659	14	0	21	
MYCO000660	62	0	15	
MYCO000661	75	0	22	
MYCO000662	85	0	12	
MYCO000663	442	0	130	
MYCO000664	5	0	12	
MYCO000665	63	0	17	
MYCO000666	7	0	15	
MYCO000669	516	0	93	
MYCO000670	928	0	25	
MYCO000671	110	0	46	
MYCO000673	718	0	49	
MYCO000674	69	0	27	
MYCO000675	254	0	30	
MYCO000676	27	2391	98	
MYCO000677	11	0	22	
MYCO000678	26	0	27	
MYCO000679	80	0	26	
MYCO000680	13	0	22	
MYCO000681	11	0	36	
MYCO000686	809	0	32	
MYCO000687	73	0	32	
MYCO000688	58	0	53	
MYCO000689	260	0	17	
MYCO000690	68	0	37	
MYCO000691	2	0	37	
MYCO000692	8	0	17	
MYCO000694	289	0	45	
MYCO000695	67	0	30	
MYCO000697	26	0	67	
MYCO000698	986	0	33	
MYCO000699	2	0	10	
MYCO000711	382	0	96	
MYCO000712	18	0	31	
MYCO000713	21	0	59	
MYCO000724	516	0	92	
MYCO000725	64	0	38	
MYCO000726	141	0	59	
MYCO000727	329	0	39	
MYCO000728	159	0	54	
MYCO000729	793	0	72	
MYCO000730	162	0	34	
MYCO000731	446	0	49	
MYCO000735	15	0	31	
MYCO000736	119	0	41	
MYCO000737	24	0	20	
MYCO000738	668	0	31	
MYCO000739	2684	0	23	
MYCO000740	1326	0	39	
MYCO000741	33	643	22	
MYCO000742	5374	0	0	
MYCO000743	17	0	24	
MYCO000744	260	0	28	
MYCO000745	726	0	33	
MYCO000746	4875	0	28	
MYCO000747	4856	0	41	
MYCO000748	526	0	26	
MYCO000749	168	2580	55	
MYCO000750	1228	1992	24	
MYCO000751	196	0	42	
MYCO000752	145	0	57	
MYCO000753	273	0	67	
MYCO000754	1466	0	75	
MYCO000755	672	0	121	
MYCO000756	148	0	37	
MYCO000759	1	0	12	
MYCO000760	181	0	21	
MYCO000761	44	0	36	
MYCO000762	21	0	28	
MYCO000763	10	0	11	
MYCO000764	34	0	55	
MYCO000765	117	0	46	
MYCO000766	1277	0	54	
MYCO000767	409	0	35	
MYCO000768	63	0	79	
MYCO000769	13	0	39	
MYCO000770	322	0	40	
MYCO000771	69	0	26	
MYCO000773	109	0	83	
MYCO000774	220	0	55	
MYCO000775	92	0	37	
MYCO000776	227	0	38	
MYCO000778	302	0	56	
MYCO000779	1689	0	27	
MYCO000781	5249	0	1	
MYCO000783	46	0	89	
MYCO000784	160	0	38	
MYCO000785	160	0	67	
MYCO000786	204	0	23	
MYCO000787	783	0	51	
MYCO000789	12	0	22	
MYCO000790	40	0	45	
MYCO000791	138	0	60	
MYCO000792	31	0	44	
MYCO000793	19	0	16	
MYCO000794	88	0	69	
MYCO000795	638	2	20	
MYCO000796	5374	0	0	
MYCO000797	5294	0	11	
MYCO000798	28	0	30	
MYCO000799	10	0	32	
MYCO000800	71	0	64	
MYCO000801	9	0	21	
MYCO000802	127	0	47	
MYCO000804	937	0	26	
MYCO000805	16	0	54	
MYCO000806	25	0	64	
MYCO000807	23	0	14	
MYCO000811	350	0	46	
MYCO000812	28	0	37	
MYCO000813	396	0	39	
MYCO000816	13	0	29	
MYCO000817	6	0	37	
MYCO000818	123	0	31	
MYCO000819	87	0	48	
MYCO000822	946	0	88	
MYCO000825	53	0	57	
MYCO000826	318	0	36	
MYCO000827	410	0	25	
MYCO000828	114	0	31	
MYCO000829	148	1700	36	
MYCO000830	30	0	52	
MYCO000831	38	0	37	
MYCO000832	1274	0	17	
MYCO000833	4298	0	66	
MYCO000834	3208	0	89	
MYCO000835	397	0	53	
MYCO000836	2689	0	17	
MYCO000837	186	0	57	
MYCO000838	69	0	40	
MYCO000839	86	0	25	
MYCO000840	88	0	39	
MYCO000841	61	0	17	
MYCO000842	275	0	74	
MYCO000843	25	0	61	
MYCO000844	138	0	44	
MYCO000845	66	0	66	
MYCO000846	233	0	63	
MYCO000847	681	0	18	
MYCO000848	86	0	65	
MYCO000849	709	0	75	
MYCO000850	27	0	16	
MYCO000851	417	0	33	
MYCO000852	38	0	51	
MYCO000853	205	0	78	
MYCO000854	14	0	28	
MYCO000855	142	0	54	
MYCO000856	11	0	24	
MYCO000857	24	0	22	
MYCO000858	293	0	71	
MYCO000862	476	0	116	
MYCO000863	13	0	13	
MYCO000864	27	0	25	
MYCO000865	41	0	18	
MYCO000866	417	0	28	
MYCO000867	2678	0	87	
MYCO000868	31	0	13	
MYCO000869	400	0	57	
MYCO000870	18	0	23	
MYCO000872	2432	0	82	
MYCO000873	74	0	92	
MYCO000874	456	2559	51	
MYCO000875	28	0	24	
MYCO000877	40	0	36	
MYCO000878	3913	0	44	
MYCO000879	134	0	23	
MYCO000880	70	0	21	
MYCO000881	34	0	41	
MYCO000882	54	0	21	
MYCO000883	188	0	32	
MYCO000887	22	0	18	
MYCO000888	1230	0	73	
MYCO000890	208	0	142	
MYCO000891	156	0	39	
MYCO000892	42	0	91	
MYCO000893	54	0	71	
MYCO000894	70	0	68	
MYCO000895	164	0	72	
MYCO000897	1128	0	77	
MYCO000898	6	0	11	
MYCO000899	20	0	41	
MYCO000900	17	0	8	
MYCO000901	285	0	33	
MYCO000904	845	0	60	
MYCO000905	38	0	37	
MYCO000907	5370	0	1	
MYCO000908	36	0	111	
MYCO000909	48	0	10	
MYCO000910	22	0	27	
MYCO000911	315	0	42	
MYCO000912	11	0	23	
MYCO000913	151	0	77	
MYCO000914	193	0	82	
MYCO000915	854	0	57	
MYCO000916	17	0	22	
MYCO000917	140	0	73	
MYCO000918	61	0	30	
MYCO000919	5	0	28	
MYCO000920	59	0	74	
MYCO000921	38	0	36	
MYCO000922	175	0	94	
MYCO000923	31	0	71	
MYCO000924	445	0	55	
MYCO000925	79	0	38	
MYCO000928	68	0	41	
MYCO000930	83	0	12	
MYCO000931	230	0	110	
MYCO000932	71	0	70	
MYCO000933	55	0	51	
MYCO000934	675	0	56	
MYCO000935	85	0	53	
MYCO000936	97	0	43	
MYCO000937	6	0	34	
MYCO000938	39	0	105	
MYCO000939	129	0	99	
MYCO000940	12	0	42	
MYCO000941	25	0	41	
MYCO000942	26	0	17	
MYCO000943	68	0	59	
MYCO000944	75	0	33	
MYCO000945	145	0	48	
MYCO000947	14	0	16	
MYCO000948	3	0	18	
MYCO000950	206	0	52	
MYCO000954	125	0	62	
MYCO000955	1147	0	51	
MYCO000956	506	0	29	
MYCO000958	683	0	70	
MYCO000959	947	0	97	
MYCO000960	47	0	19	
MYCO000961	48	3328	18	
MYCO000962	283	0	29	
MYCO000963	337	0	51	
MYCO000964	33	0	24	
MYCO000965	12	0	34	
MYCO000966	578	0	25	
MYCO000967	34	0	15	
MYCO000968	51	0	20	
MYCO000969	1277	0	105	
MYCO000970	11	0	34	
MYCO000971	562	0	35	
MYCO000972	74	0	67	
MYCO000973	355	0	122	
MYCO000974	214	0	105	
MYCO000975	506	0	54	
MYCO000976	655	0	78	
MYCO000977	3230	0	94	
MYCO000978	4996	0	69	
MYCO000979	23	0	15	
MYCO000980	5172	0	62	
MYCO000982	224	0	64	
MYCO000984	50	0	18	
MYCO000985	17	0	34	
MYCO000986	170	0	54	
MYCO000987	262	0	208	
MYCO000988	124	0	101	
MYCO000989	69	0	79	
MYCO000990	170	0	41	
MYCO000991	7	0	18	
MYCO000992	274	0	36	
MYCO000996	26	0	55	
MYCO000997	7	0	26	
MYCO000998	171	0	43	
MYCO000999	57	0	34	
MYCO001000	45	0	25	
MYCO001003	291	0	50	
MYCO001004	2078	0	72	
MYCO001005	1384	0	32	
MYCO001006	108	0	81	
MYCO001012	627	0	13	
MYCO001016	34	0	24	
MYCO001019	6	0	22	
MYCO001021	31	0	36	
MYCO001024	425	0	30	
MYCO001025	73	0	20	
MYCO001027	43	0	40	
MYCO001028	1439	0	102	
MYCO001029	60	0	86	
MYCO001030	56	0	117	
MYCO001031	92	0	27	
MYCO001032	102	0	81	
MYCO001033	49	0	31	
MYCO001034	678	0	19	
MYCO001035	841	0	29	
MYCO001036	124	0	18	
MYCO001037	468	2513	136	
MYCO001038	3018	575	111	
MYCO001039	1132	0	55	
MYCO001040	563	0	41	
MYCO001041	204	35	53	
MYCO001042	61	4	29	
MYCO001043	27	0	51	
MYCO001044	9	0	21	
MYCO001045	1092	0	37	
MYCO001046	5370	0	1	
MYCO001047	5231	43	8	
MYCO001048	24	0	81	
MYCO001049	29	0	31	
MYCO001050	236	0	36	
MYCO001051	45	0	54	
MYCO001052	59	0	19	
MYCO001053	27	0	15	
MYCO001054	11	0	18	
MYCO001055	1	0	8	
MYCO001056	45	168	35	
MYCO001057	38	0	71	
MYCO001058	142	0	56	
MYCO001059	92	0	63	
MYCO001060	34	0	21	
MYCO001061	30	0	40	
MYCO001062	334	0	38	
MYCO001063	97	0	59	
MYCO001064	360	0	24	
MYCO001065	97	0	38	
MYCO001066	596	0	16	
MYCO001067	5332	0	21	
MYCO001068	5215	0	20	
MYCO001069	139	0	96	
MYCO001073	117	0	53	
MYCO001074	120	0	50	
MYCO001075	177	0	65	
MYCO001076	58	0	62	
MYCO001078	1279	0	27	
MYCO001081	74	0	18	
MYCO001083	14	0	12	
MYCO001084	1885	0	65	
MYCO001085	40	0	31	
MYCO001087	4504	0	96	
MYCO001088	453	0	30	
MYCO001089	5374	0	0	
MYCO001090	50	0	26	
MYCO001091	4880	0	77	
MYCO001093	69	0	51	
MYCO001096	68	0	51	
MYCO001097	27	0	50	
MYCO001100	36	0	39	
MYCO001101	143	0	50	
MYCO001102	25	0	15	
MYCO001103	13	0	12	
MYCO001104	18	0	37	
MYCO001105	48	0	26	
MYCO001106	111	0	35	
MYCO001107	0	0	11	
MYCO001109	16	0	27	
MYCO001111	52	0	37	
MYCO001113	8	0	6	
MYCO001114	10	0	20	
MYCO001115	102	0	50	
MYCO001116	24	0	10	
MYCO001117	6	0	14	
MYCO001118	294	0	40	
MYCO001119	23	0	7	
MYCO001120	23	0	28	
MYCO001121	108	0	73	
MYCO001122	502	0	45	
MYCO001123	71	0	46	
MYCO001124	119	0	42	
MYCO001125	629	0	64	
MYCO001126	24	0	26	
MYCO001127	32	0	69	
MYCO001128	1803	0	66	
MYCO001129	33	0	114	
MYCO001130	77	0	77	
MYCO001131	18	0	52	
MYCO001132	902	0	90	
MYCO001133	711	0	72	
MYCO001134	379	0	15	
MYCO001135	1650	0	94	
MYCO001136	7	0	22	
MYCO001137	27	0	15	
MYCO001138	61	0	47	
MYCO001139	399	0	36	
MYCO001140	15	0	33	
MYCO001141	58	2729	30	
MYCO001142	58	3060	28	
MYCO001143	77	0	41	
MYCO001144	76	0	34	
MYCO001145	2652	0	19	
MYCO001146	45	0	60	
MYCO001147	41	0	33	
MYCO001148	5189	44	35	
MYCO001149	61	2	29	
MYCO001150	5374	0	0	
MYCO001151	48	0	29	
MYCO001152	31	0	19	
MYCO001153	103	0	45	
MYCO001154	12	0	34	
MYCO001155	35	0	27	
MYCO001156	46	0	32	
MYCO001157	2218	0	39	
MYCO001158	1161	0	36	
MYCO001159	19	0	59	
MYCO001160	78	0	20	
MYCO001161	156	0	150	
MYCO001162	79	0	75	
MYCO001163	67	0	21	
MYCO001164	25	0	31	
MYCO001166	225	0	66	
MYCO001167	39	0	20	
MYCO001168	784	0	58	
MYCO001169	16	0	17	
MYCO001170	54	0	42	
MYCO001171	14	0	27	
MYCO001172	709	0	48	
MYCO001174	7	0	21	
MYCO001175	2075	0	98	
MYCO001176	287	0	25	
MYCO001179	993	0	146	
MYCO001180	5362	0	1	
MYCO001181	315	0	204	
MYCO001182	33	0	45	
MYCO001183	50	0	149	
MYCO001184	35	0	40	
MYCO001185	69	0	69	
MYCO001186	427	0	87	
MYCO001187	555	0	67	
MYCO001188	314	0	56	
MYCO001189	96	0	43	
MYCO001190	673	0	37	
MYCO001191	938	0	42	
MYCO001192	546	0	31	
MYCO001194	90	0	73	
MYCO001195	31	0	15	
MYCO001196	2672	395	401	
MYCO001197	3017	613	116	
MYCO001198	468	2545	133	
MYCO001199	5231	44	9	
MYCO001200	397	0	70	
MYCO001203	406	0	34	
MYCO001204	394	0	69	
MYCO001205	91	0	29	
MYCO001206	93	0	66	
MYCO001209	73	0	16	
MYCO001210	38	0	19	
MYCO001211	14	0	6	
MYCO001212	65	0	49	
MYCO001214	171	0	19	
MYCO001215	752	0	94	
MYCO001216	96	0	37	
MYCO001217	854	0	90	
MYCO001218	22	0	62	
MYCO001219	38	0	40	
MYCO001222	11	0	26	
MYCO001224	20	0	28	
MYCO001225	1382	0	40	
MYCO001226	710	0	87	
MYCO001227	34	0	37	
MYCO001228	19	0	37	
MYCO001230	479	0	84	
MYCO001231	158	0	29	
MYCO001232	146	0	75	
MYCO001233	215	0	39	
MYCO001234	44	0	25	
MYCO001235	29	0	44	
MYCO001236	69	0	46	
MYCO001237	21	0	30	
MYCO001240	88	0	51	
MYCO001241	50	0	17	
MYCO001242	44	0	24	
MYCO001243	3523	0	53	
MYCO001244	796	0	49	
MYCO001246	7	0	19	
MYCO001247	9	0	7	
MYCO001249	99	0	51	
MYCO001250	639	0	79	
MYCO001251	1458	0	105	
MYCO001252	25	0	27	
MYCO001254	519	0	46	
MYCO001255	70	0	37	
MYCO001256	156	0	57	
MYCO001257	62	0	78	
MYCO001258	1282	0	59	
MYCO001259	215	0	39	
MYCO001260	557	0	34	
MYCO001261	29	0	20	
MYCO001262	28	0	27	
MYCO001263	506	0	68	
MYCO001264	164	0	68	
MYCO001265	132	0	26	
MYCO001266	1185	0	91	
MYCO001267	45	0	59	
MYCO001268	337	0	45	
MYCO001269	1077	0	22	
MYCO001270	253	0	33	
MYCO001271	25	0	18	
MYCO001274	537	0	23	
MYCO001275	14	0	31	
MYCO001276	272	0	30	
MYCO001278	1053	0	98	
MYCO001279	93	0	70	
MYCO001280	37	0	84	
MYCO001281	109	0	70	
MYCO001282	4	0	31	
MYCO001283	132	0	33	
MYCO001284	16	0	19	
MYCO001285	22	0	58	
MYCO001286	33	0	93	
MYCO001287	17	0	12	
MYCO001288	2113	0	71	
MYCO001289	18	0	37	
MYCO001290	829	1143	68	
MYCO001291	17	0	20	
MYCO001296	240	0	41	
MYCO001300	500	0	42	
MYCO001301	17	0	24	
MYCO001303	12	0	19	
MYCO001304	19	0	40	
MYCO001306	15	0	22	
MYCO001307	57	0	62	
MYCO001312	43	0	22	
MYCO001313	2878	56	37	
MYCO001314	66	0	45	
MYCO001316	54	0	30	
MYCO001317	228	0	85	
MYCO001318	247	0	73	
MYCO001319	4033	0	68	
MYCO001320	268	0	106	
MYCO001322	271	0	19	
MYCO001324	547	0	41	
MYCO001325	3438	0	70	
MYCO001329	643	0	98	
MYCO001330	371	0	74	
MYCO001331	18	0	10	
MYCO001332	18	0	34	
MYCO001333	301	0	50	
MYCO001334	137	0	19	
MYCO001335	128	0	18	
MYCO001336	378	0	39	
MYCO001337	5	0	34	
MYCO001339	21	0	41	
MYCO001341	44	0	26	
MYCO001342	13	0	18	
MYCO001343	26	0	29	
MYCO001344	1	0	16	
MYCO001345	67	0	66	
MYCO001346	16	0	37	
MYCO001347	14	0	38	
MYCO001348	362	0	97	
MYCO001349	151	0	62	
MYCO001350	16	0	35	
MYCO001351	25	0	21	
MYCO001352	21	0	30	
MYCO001353	247	0	40	
MYCO001354	303	0	103	
MYCO001355	828	0	133	
MYCO001356	286	0	45	
MYCO001357	50	0	50	
MYCO001358	1443	0	144	
MYCO001359	72	0	31	
MYCO001360	155	0	42	
MYCO001361	2597	403	425	
MYCO001362	42	0	30	
MYCO001363	449	0	40	
MYCO001364	420	0	89	
MYCO001365	33	0	22	
MYCO001366	322	0	39	
MYCO001367	394	0	65	
MYCO001368	104	0	39	
MYCO001369	5374	0	0	
MYCO001370	638	2	20	
MYCO001371	1297	0	53	
MYCO001372	37	0	68	
MYCO001373	118	0	49	
MYCO001374	8	0	32	
MYCO001375	295	0	72	
MYCO001376	456	0	65	
MYCO001377	12	0	26	
MYCO001378	708	0	73	
MYCO001379	60	0	23	
MYCO001382	159	0	33	
MYCO001386	162	0	24	
MYCO001387	2023	0	58	
MYCO001389	109	0	40	
MYCO001393	149	0	61	
MYCO001394	45	0	72	
MYCO001395	38	0	60	
MYCO001396	3674	0	53	
MYCO001397	18	0	23	
MYCO001398	7	0	16	
MYCO001399	147	0	58	
MYCO001400	173	0	49	
MYCO001401	193	0	40	
MYCO001403	296	0	41	
MYCO001404	11	0	22	
MYCO001405	31	0	49	
MYCO001406	394	0	46	
MYCO001409	677	0	32	
MYCO001411	11	0	39	
MYCO001413	23	0	32	
MYCO001414	19	0	23	
MYCO001417	11	0	29	
MYCO001418	20	0	33	
MYCO001419	17	0	30	
MYCO001422	287	0	42	
MYCO001423	354	0	53	
MYCO001424	63	0	47	
MYCO001425	39	0	61	
MYCO001426	98	0	78	
MYCO001427	255	0	68	
MYCO001428	9	0	45	
MYCO001429	228	0	72	
MYCO001430	631	0	68	
MYCO001431	62	0	110	
MYCO001432	524	0	48	
MYCO001433	13	0	37	
MYCO001434	30	0	9	
MYCO001435	1116	0	37	
MYCO001439	13	1424	23	
MYCO001441	2933	0	106	
MYCO001442	293	0	142	
MYCO001443	45	0	23	
MYCO001444	56	0	28	
MYCO001446	779	0	53	
MYCO001450	5368	0	5	
MYCO001452	5024	0	90	
MYCO001453	99	0	67	
MYCO001454	42	0	55	
MYCO001455	132	0	52	
MYCO001456	149	0	56	
MYCO001459	454	0	83	
MYCO001460	823	0	29	
MYCO001461	93	0	115	
MYCO001468	2727	0	44	
MYCO001469	444	0	86	
MYCO001470	16	0	16	
MYCO001471	34	0	16	
MYCO001472	55	0	56	
MYCO001476	5	0	31	
MYCO001477	135	0	59	
MYCO001478	67	0	27	
MYCO001482	49	0	46	
MYCO001486	35	0	43	
MYCO001487	13	0	22	
MYCO001488	72	0	42	
MYCO001489	16	0	20	
MYCO001490	57	0	82	
MYCO001491	11	0	46	
MYCO001492	616	0	79	
MYCO001494	9	0	13	
MYCO001495	10	0	23	
MYCO001496	53	0	50	
MYCO001497	176	0	72	
MYCO001498	72	0	40	
MYCO001499	42	0	18	
MYCO001500	99	0	64	
MYCO001501	61	0	40	
MYCO001502	115	0	64	
MYCO001503	5374	0	0	
MYCO001504	1438	0	21	
MYCO001505	69	0	49	
MYCO001506	140	0	31	
MYCO001507	118	0	43	
MYCO001508	241	143	96	
MYCO001509	460	0	40	
MYCO001510	23	2932	48	
MYCO001511	104	0	56	
MYCO001512	71	0	53	
MYCO001513	77	0	28	
MYCO001514	52	0	38	
MYCO001515	70	0	47	
MYCO001516	303	0	52	
MYCO001517	47	0	34	
MYCO001518	167	0	50	
MYCO001519	806	0	15	
MYCO001520	837	0	52	
MYCO001521	182	0	78	
MYCO001522	504	0	161	
MYCO001523	110	0	49	
MYCO001524	605	0	57	
MYCO001525	680	0	41	
MYCO001526	580	0	64	
MYCO001527	1309	0	296	
MYCO001528	52	0	21	
MYCO001529	102	0	92	
MYCO001530	80	0	68	
MYCO001531	21	0	24	
MYCO001532	93	0	24	
MYCO001533	181	0	42	
MYCO001534	32	0	34	
MYCO001535	6	0	9	
MYCO001537	179	0	75	
MYCO001538	386	0	51	
MYCO001539	30	0	32	
MYCO001541	43	0	28	
MYCO001542	19	21	21	
MYCO001543	20	0	46	
MYCO001544	108	0	43	
MYCO001545	32	0	13	
MYCO001546	88	0	33	
MYCO001548	208	0	113	
MYCO001549	5325	0	2	
MYCO001550	645	0	69	
MYCO001551	1291	0	78	
MYCO001552	166	0	94	
MYCO001553	200	0	24	
MYCO001554	10	0	17	
MYCO001555	11	0	20	
MYCO001556	30	0	39	
MYCO001558	31	0	18	
MYCO001560	4	0	8	
MYCO001561	11	0	26	
MYCO001562	575	0	72	
MYCO001563	406	0	109	
MYCO001565	676	0	84	
MYCO001566	232	0	43	
MYCO001567	8	0	26	
MYCO001570	612	0	30	
MYCO001571	519	0	26	
MYCO001572	3795	0	12	
MYCO001573	3450	0	12	
MYCO001574	3601	0	19	
MYCO001575	5369	0	3	
MYCO001576	1044	642	146	
MYCO001577	3286	0	19	
MYCO001578	3297	0	26	
MYCO001579	3266	0	18	
MYCO001580	3298	0	12	
MYCO001581	4004	0	10	
MYCO001582	3290	0	49	
MYCO001583	431	898	28	
MYCO001584	3447	0	10	
MYCO001585	3674	0	20	
MYCO001586	3389	0	45	
MYCO001587	5323	0	12	
MYCO001588	5175	6	57	
MYCO001590	16	0	11	
MYCO001591	39	0	44	
MYCO001592	27	0	75	
MYCO001596	18	0	30	
MYCO001597	50	0	40	
MYCO001598	54	0	14	
MYCO001602	16	0	29	
MYCO001604	38	0	41	
MYCO001606	25	0	25	
MYCO001607	73	0	36	
MYCO001608	3	0	17	
MYCO001610	654	0	34	
MYCO001613	13	0	42	
MYCO001614	69	0	64	
MYCO001615	7	0	30	
MYCO001616	14	0	21	
MYCO001618	29	0	32	
MYCO001619	281	0	59	
MYCO001620	837	0	60	
MYCO001621	724	0	61	
MYCO001622	26	0	52	
MYCO001623	16	0	66	
MYCO001624	24	0	37	
MYCO001625	255	0	77	
MYCO001628	88	0	19	
MYCO001631	78	0	58	
MYCO001632	91	0	20	
MYCO001634	92	0	64	
MYCO001635	82	0	70	
MYCO001636	4	0	24	
MYCO001637	315	0	43	
MYCO001639	1100	1671	67	
MYCO001640	127	0	164	
MYCO001644	384	0	42	
MYCO001645	570	0	58	
MYCO001646	506	0	51	
MYCO001647	1390	0	37	
MYCO001648	19	0	43	
MYCO001650	823	0	128	
MYCO001651	3012	0	123	
MYCO001660	877	0	55	
MYCO001661	1547	0	281	
MYCO001662	1336	0	270	
MYCO001663	175	0	95	
MYCO001664	440	0	159	
MYCO001665	258	0	64	
MYCO001666	194	0	58	
MYCO001667	84	0	30	
MYCO001668	5247	0	3	
MYCO001669	155	0	18	
MYCO001670	41	0	21	
MYCO001671	13	0	27	
MYCO001672	469	0	64	
MYCO001673	402	0	52	
MYCO001674	436	0	29	
MYCO001675	352	0	43	
MYCO001676	18	0	58	
MYCO001677	24	0	32	
MYCO001678	653	0	49	
MYCO001679	66	0	48	
MYCO001680	82	0	48	
MYCO001681	59	0	53	
MYCO001682	441	0	44	
MYCO001683	803	0	106	
MYCO001684	44	0	14	
MYCO001685	21	0	33	
MYCO001686	31	0	38	
MYCO001687	29	0	51	
MYCO001688	171	0	40	
MYCO001690	21	0	16	
MYCO001691	305	0	47	
MYCO001692	598	0	42	
MYCO001693	14	0	11	
MYCO001696	45	0	74	
MYCO001698	519	0	35	
MYCO001700	10	0	34	
MYCO001702	586	0	76	
MYCO001703	16	0	29	
MYCO001704	41	0	93	
MYCO001705	1145	0	49	
MYCO001706	426	0	53	
MYCO001707	86	0	75	
MYCO001710	10	0	33	
MYCO001714	686	0	43	
MYCO001715	591	0	51	
MYCO001716	19	0	50	
MYCO001717	1053	0	23	
MYCO001718	107	0	56	
MYCO001719	171	0	58	
MYCO001720	88	0	20	
MYCO001721	6	0	9	
MYCO001722	555	0	75	
MYCO001723	281	0	65	
MYCO001724	85	0	16	
MYCO001725	291	0	43	
MYCO001726	362	0	101	
MYCO001727	66	0	34	
MYCO001728	16	0	39	
MYCO001729	40	0	46	
MYCO001730	994	0	95	
MYCO001731	404	0	71	
MYCO001732	320	0	20	
MYCO001733	12	0	38	
MYCO001734	9	0	13	
MYCO001735	39	0	33	
MYCO001736	855	2240	112	
MYCO001737	875	0	52	
MYCO001738	66	0	24	
MYCO001739	301	0	83	
MYCO001740	11	0	13	
MYCO001741	7	1669	16	
MYCO001742	170	0	41	
MYCO001743	575	0	65	
MYCO001744	821	0	23	
MYCO001745	45	0	38	
MYCO001746	275	0	73	
MYCO001747	380	0	99	
MYCO001748	26	0	44	
MYCO001749	44	0	34	
MYCO001750	211	0	80	
MYCO001751	139	0	67	
MYCO001752	28	0	29	
MYCO001753	5335	0	24	
MYCO001754	2336	0	51	
MYCO001755	5374	0	0	
MYCO001756	5374	0	0	
MYCO001757	638	2	20	
MYCO001758	3685	0	34	
MYCO001759	5065	0	38	
MYCO001760	2837	0	53	
MYCO001761	2796	0	18	
MYCO001762	2848	0	25	
MYCO001763	638	2	20	
MYCO001764	5374	0	0	
MYCO001765	5366	0	2	
MYCO001766	23	0	10	
MYCO001767	16	0	19	
MYCO001768	2571	0	73	
MYCO001769	335	0	61	
MYCO001770	326	0	70	
MYCO001771	12	0	63	
MYCO001772	19	0	15	
MYCO001773	24	0	41	
MYCO001774	91	0	88	
MYCO001775	1432	0	31	
MYCO001776	37	0	36	
MYCO001777	333	0	82	
MYCO001778	591	0	18	
MYCO001779	483	0	108	
MYCO001780	13	0	23	
MYCO001781	579	0	113	
MYCO001782	132	0	56	
MYCO001783	289	0	131	
MYCO001785	26	0	48	
MYCO001786	3	0	13	
MYCO001787	4697	0	37	
MYCO001788	17	15	24	
MYCO001789	558	0	64	
MYCO001790	2271	0	66	
MYCO001791	25	0	12	
MYCO001792	5374	0	0	
MYCO001793	468	2025	104	
MYCO001794	8	0	39	
MYCO001795	539	0	68	
MYCO001796	245	0	81	
MYCO001797	21	0	67	
MYCO001798	30	0	66	
MYCO001799	443	0	17	
MYCO001800	210	0	107	
MYCO001801	1456	0	78	
MYCO001802	979	0	63	
MYCO001803	1556	0	82	
MYCO001804	33	0	21	
MYCO001805	5	0	30	
MYCO001806	15	0	16	
MYCO001807	5374	0	0	
MYCO001808	380	0	58	
MYCO001809	257	0	51	
MYCO001810	5	0	18	
MYCO001811	44	0	49	
MYCO001812	264	0	64	
MYCO001813	22	0	27	
MYCO001814	253	0	65	
MYCO001815	757	0	55	
MYCO001816	748	1515	24	
MYCO001817	587	0	84	
MYCO001818	3525	0	63	
MYCO001819	184	0	65	
MYCO001820	181	0	69	
MYCO001822	24	0	36	
MYCO001823	150	0	51	
MYCO001824	21	0	21	
MYCO001825	23	0	42	
MYCO001826	2	0	12	
MYCO001828	21	0	31	
MYCO001831	51	0	14	
MYCO001833	27	0	46	
MYCO001834	50	0	34	
MYCO001835	293	0	107	
MYCO001836	341	0	95	
MYCO001838	17	0	18	
MYCO001839	2	0	9	
MYCO001840	2587	0	67	
MYCO001841	75	0	58	
MYCO001845	980	0	37	
MYCO001846	45	0	33	
MYCO001847	61	0	35	
MYCO001848	75	0	21	
MYCO001849	4	0	9	
MYCO001850	304	0	85	
MYCO001851	526	0	37	
MYCO001852	111	0	27	
MYCO001853	33	0	33	
MYCO001855	77	0	51	
MYCO001856	754	0	39	
MYCO001857	12	0	35	
MYCO001858	32	0	22	
MYCO001859	94	0	51	
MYCO001860	827	0	58	
MYCO001861	5	0	22	
MYCO001862	51	0	50	
MYCO001863	43	0	41	
MYCO001864	19	0	39	
MYCO001865	17	0	41	
MYCO001866	122	0	114	
MYCO001867	281	0	77	
MYCO001868	434	0	111	
MYCO001869	202	0	42	
MYCO001870	617	0	35	
MYCO001871	184	0	26	
MYCO001872	54	0	81	
MYCO001873	67	0	31	
MYCO001874	31	0	47	
MYCO001875	33	0	32	
MYCO001876	64	0	26	
MYCO001877	249	0	105	
MYCO001878	370	0	63	
MYCO001879	241	0	49	
MYCO001880	73	0	70	
MYCO001881	56	0	26	
MYCO001882	24	0	45	
MYCO001883	44	0	28	
MYCO001884	23	0	27	
MYCO001885	41	0	42	
MYCO001887	284	0	69	
MYCO001888	4494	0	5	
MYCO001889	35	0	15	
MYCO001890	31	0	34	
MYCO001891	14	0	32	
MYCO001892	27	0	14	
MYCO001893	15	0	15	
MYCO001895	1534	0	35	
MYCO001896	357	0	62	
MYCO001897	47	0	28	
MYCO001898	23	0	17	
MYCO001899	1971	0	55	
MYCO001900	154	0	86	
MYCO001901	191	0	74	
MYCO001902	167	0	67	
MYCO001903	26	0	26	
MYCO001904	19	0	26	
MYCO001905	65	0	57	
MYCO001906	20	0	27	
MYCO001907	3793	0	38	
MYCO001908	184	0	184	
MYCO001909	21	0	32	
MYCO001910	172	0	35	
MYCO001911	200	0	29	
MYCO001912	1612	0	35	
MYCO001913	32	0	39	
MYCO001914	16	0	28	
MYCO001915	3356	0	23	
MYCO001916	76	0	46	
MYCO001917	5350	0	12	
MYCO001918	1041	0	164	
MYCO001919	12	0	24	
MYCO001920	20	0	57	
MYCO001921	866	0	60	
MYCO001922	95	0	54	
MYCO001923	110	0	87	
MYCO001924	24	0	22	
MYCO001925	60	0	70	
MYCO001926	16	0	25	
MYCO001927	154	0	53	
MYCO001928	943	0	40	
MYCO001929	1053	0	49	
MYCO001930	194	0	36	
MYCO001931	59	0	43	
MYCO001932	56	0	31	
MYCO001933	783	0	57	
MYCO001934	510	0	68	
MYCO001935	55	0	59	
MYCO001936	33	0	64	
MYCO001937	562	0	116	
MYCO001938	85	0	65	
MYCO001939	486	0	34	
MYCO001940	4420	0	19	
MYCO001941	87	0	42	
MYCO001942	4	0	18	
MYCO001943	18	0	21	
MYCO001944	39	0	43	
MYCO001945	5056	63	40	
MYCO001946	60	0	24	
MYCO001947	99	0	22	
MYCO001948	163	0	32	
MYCO001949	5374	0	0	
MYCO001950	21	0	9	
MYCO001951	242	0	17	
MYCO001952	18	0	11	
MYCO001953	23	0	27	
MYCO001954	52	0	29	
MYCO001955	41	0	19	
MYCO001956	61	0	35	
MYCO001957	27	0	30	
MYCO001958	75	0	46	
MYCO001959	4	0	13	
MYCO001960	4	0	12	
MYCO001961	139	0	37	
MYCO001962	13	0	24	
MYCO001963	139	0	48	
MYCO001964	190	0	33	
MYCO001965	194	0	42	
MYCO001966	156	0	66	
MYCO001967	148	0	68	
MYCO001968	1718	0	64	
MYCO001969	236	0	66	
MYCO001970	123	0	55	
MYCO001971	514	0	76	
MYCO001972	109	0	31	
MYCO001973	238	0	25	
MYCO001974	80	0	27	
MYCO001975	664	0	33	
MYCO001976	146	0	21	
MYCO001977	688	0	38	
MYCO001978	998	0	44	
MYCO001979	140	0	64	
MYCO001980	37	0	38	
MYCO001982	39	0	30	
MYCO001983	1475	0	73	
MYCO001984	260	0	36	
MYCO001985	155	0	36	
MYCO001986	62	0	42	
MYCO001987	49	0	27	
MYCO001988	145	0	29	
MYCO001989	44	0	29	
MYCO001990	2	0	15	
MYCO001991	6	0	15	
MYCO001992	1722	0	93	
MYCO001993	1026	0	22	
MYCO001994	715	0	21	
MYCO001995	987	0	38	
MYCO001996	965	0	40	
MYCO001997	2361	0	109	
MYCO001998	61	0	43	
MYCO001999	395	0	77	
MYCO002000	131	0	94	
MYCO002001	29	0	53	
MYCO002002	50	0	33	
MYCO002003	121	0	58	
MYCO002004	195	0	68	
MYCO002005	22	0	38	
MYCO002006	272	0	211	
MYCO002007	9	0	12	
MYCO002008	34	0	73	
MYCO002009	7	0	12	
MYCO002010	23	0	15	
MYCO002011	4	0	26	
MYCO002012	14	0	37	
MYCO002013	523	0	24	
MYCO002014	121	0	36	
MYCO002015	1496	0	81	
MYCO002016	1272	0	27	
MYCO002017	104	0	52	
MYCO002018	146	0	22	
MYCO002019	476	0	21	
MYCO002020	200	0	16	
MYCO002021	116	0	15	
MYCO002022	147	0	47	
MYCO002023	354	0	16	
MYCO002024	4949	0	18	
MYCO002025	122	0	51	
MYCO002026	41	0	50	
MYCO002027	1246	0	53	
MYCO002028	243	0	36	
MYCO002029	182	0	52	
MYCO002030	347	0	105	
MYCO002031	14	0	25	
MYCO002032	224	0	53	
MYCO002033	727	0	49	
MYCO002034	265	0	17	
MYCO002035	8	0	28	
MYCO002036	22	0	32	
MYCO002037	61	0	67	
MYCO002038	12	0	45	
MYCO002039	9	0	34	
MYCO002040	16	0	29	
MYCO002041	28	0	60	
MYCO002042	123	0	47	
MYCO002043	224	0	177	
MYCO002044	818	0	17	
MYCO002045	68	0	83	
MYCO002046	215	0	42	
MYCO002047	292	0	108	
MYCO002048	5318	0	34	
MYCO002049	26	0	11	
MYCO002051	338	0	110	
MYCO002052	799	0	90	
MYCO002053	24	0	39	
MYCO002054	46	0	46	
MYCO002059	332	0	103	
MYCO002060	257	0	27	
MYCO002061	34	0	26	
MYCO002062	1072	0	178	
MYCO002063	4	0	14	
MYCO002064	817	0	48	
MYCO002065	901	0	29	
MYCO002066	656	0	87	
MYCO002067	60	0	55	
MYCO002068	23	0	46	
MYCO002069	130	0	23	
MYCO002070	2037	0	31	
MYCO002071	71	0	58	
MYCO002072	336	0	55	
MYCO002073	280	0	34	
MYCO002074	118	0	16	
MYCO002075	293	0	80	
MYCO002076	7	0	9	
MYCO002077	111	0	55	
MYCO002078	9	0	27	
MYCO002079	1270	0	74	
MYCO002080	33	0	41	
MYCO002081	3151	0	29	
MYCO002082	2557	0	125	
MYCO002083	390	0	55	
MYCO002084	2691	0	18	
MYCO002085	32	0	20	
MYCO002086	18	0	29	
MYCO002087	15	0	16	
MYCO002088	1686	0	64	
MYCO002091	67	0	38	
MYCO002094	1	0	14	
MYCO002095	651	0	47	
MYCO002098	5374	0	0	
MYCO002099	5374	0	0	
MYCO002100	1126	0	77	
MYCO002101	1070	0	139	
MYCO002102	286	0	32	
MYCO002103	58	0	27	
MYCO002104	4	0	17	
MYCO002105	638	2	20	
MYCO002106	5374	0	0	
MYCO002107	96	0	25	
MYCO002108	170	0	41	
MYCO002113	121	0	66	
MYCO002114	77	0	33	
MYCO002116	64	0	29	
MYCO002117	54	0	10	
MYCO002120	417	0	24	
MYCO002123	3189	0	39	
MYCO002124	404	0	162	
MYCO002126	2585	0	36	
MYCO002127	214	0	82	
MYCO002128	3	0	13	
MYCO002129	83	0	51	
MYCO002131	66	0	40	
MYCO002132	47	0	15	
MYCO002133	61	0	34	
MYCO002135	762	0	26	
MYCO002136	84	0	39	
MYCO002137	31	0	22	
MYCO002138	102	0	50	
MYCO002142	15	0	18	
MYCO002143	122	0	63	
MYCO002144	56	0	19	
MYCO002146	3	0	14	
MYCO002147	960	0	32	
MYCO002148	957	0	30	
MYCO002149	88	0	21	
MYCO002152	443	0	71	
MYCO002158	1525	0	78	
MYCO002159	1022	0	57	
MYCO002160	2865	0	13	
MYCO002161	716	1568	49	
MYCO002162	3894	0	69	
MYCO002164	522	0	57	
MYCO002165	36	0	61	
MYCO002167	5374	0	0	
MYCO002168	638	2	20	
MYCO002169	25	0	21	
MYCO002171	20	0	37	
MYCO002172	19	0	44	
MYCO002173	274	0	54	
MYCO002174	83	0	68	
MYCO002175	5	0	22	
MYCO002177	2777	174	43	
MYCO002180	1001	0	45	
MYCO002181	51	0	54	
MYCO002183	3	0	16	
MYCO002184	23	0	50	
MYCO002185	4	0	24	
MYCO002189	620	0	37	
MYCO002190	787	0	46	
MYCO002191	499	0	94	
MYCO002197	130	0	33	
MYCO002198	697	0	55	
MYCO002203	259	0	36	
MYCO002204	6	0	21	
MYCO002205	665	0	61	
MYCO002206	24	0	38	
MYCO002207	965	0	42	
MYCO002208	390	0	48	
MYCO002209	375	0	73	
MYCO002212	67	0	68	
MYCO002214	81	0	81	
MYCO002215	773	0	77	
MYCO002223	283	0	79	
MYCO002224	54	0	69	
MYCO002226	709	0	73	
MYCO002227	673	0	28	
MYCO002229	29	0	28	
MYCO002231	139	0	47	
MYCO002232	209	0	42	
MYCO002234	21	0	24	
MYCO002236	936	0	48	
MYCO002237	7	0	43	
MYCO002238	5	0	9	
MYCO002240	42	0	31	
MYCO002248	139	0	26	
MYCO002249	685	0	63	
MYCO002250	21	0	22	
MYCO002251	5370	0	1	
MYCO002252	27	0	52	
MYCO002253	48	0	30	
MYCO002254	29	0	30	
MYCO002255	30	0	17	
MYCO002256	7	0	20	
MYCO002258	517	0	59	
MYCO002260	14	0	34	
MYCO002261	43	0	23	
MYCO002262	5324	0	3	
MYCO002263	1158	0	45	
MYCO002264	2537	0	70	
MYCO002265	546	0	50	
MYCO002266	24	0	69	
MYCO002267	73	0	57	
MYCO002268	309	0	79	
MYCO002269	20	0	28	
MYCO002270	217	0	34	
MYCO002271	194	0	13	
MYCO002272	196	0	15	
MYCO002273	219	0	21	
MYCO002274	229	0	33	
MYCO002275	685	0	41	
MYCO002276	231	0	62	
MYCO002277	226	4995	49	
MYCO002278	638	2	20	
MYCO002279	5374	0	0	
MYCO002280	354	0	65	
MYCO002281	42	0	84	
MYCO002282	697	1785	42	
MYCO002283	34	0	13	
MYCO002284	256	0	39	
MYCO002285	487	0	58	
MYCO002286	538	1450	37	
MYCO002287	155	0	73	
MYCO002288	12	0	28	
MYCO002289	118	0	39	
MYCO002290	44	0	37	
MYCO002291	62	0	43	
MYCO002292	23	0	7	
MYCO002293	2629	0	17	
MYCO002294	44	0	73	
MYCO002295	26	0	36	
MYCO002296	123	0	46	
MYCO002297	13	0	27	
MYCO002298	28	0	51	
MYCO002299	78	0	78	
MYCO002300	96	0	53	
MYCO002301	74	0	44	
MYCO002302	7	0	16	
MYCO002303	23	0	63	
MYCO002304	13	0	9	
MYCO002305	437	0	74	
MYCO002307	372	0	48	
MYCO002308	173	0	47	
MYCO002309	22	0	28	
MYCO002310	101	0	26	
MYCO002311	69	0	25	
MYCO002312	6	0	10	
MYCO002313	79	0	48	
MYCO002314	166	0	63	
MYCO002316	15	0	40	
MYCO002317	18	0	27	
MYCO002318	1088	0	49	
MYCO002319	2098	0	40	
MYCO002320	63	0	67	
MYCO002321	13	0	28	
MYCO002322	21	0	34	
MYCO002323	28	0	59	
MYCO002324	12	0	32	
MYCO002325	335	0	38	
MYCO002326	468	0	86	
MYCO002327	96	0	21	
MYCO002328	58	0	54	
MYCO002329	287	0	87	
MYCO002330	21	0	29	
MYCO002331	9	0	23	
MYCO002332	58	0	69	
MYCO002333	824	0	46	
MYCO002334	107	0	44	
MYCO002335	155	0	41	
MYCO002336	323	0	53	
MYCO002337	174	0	52	
MYCO002338	590	0	53	
MYCO002339	1406	0	124	
MYCO002340	648	0	66	
MYCO002341	109	0	24	
MYCO002342	28	0	17	
MYCO002345	475	0	96	
MYCO002346	468	2365	124	
MYCO002347	3018	591	114	
MYCO002348	37	0	19	
MYCO002349	571	0	80	
MYCO002350	665	2011	48	
MYCO002351	672	2044	54	
MYCO002352	1245	43	65	
MYCO002353	5254	0	5	
MYCO002354	638	2	20	
MYCO002355	5374	0	0	
MYCO002356	3970	0	47	
MYCO002358	16	0	20	
MYCO002359	3	0	47	
MYCO002360	14	0	25	
MYCO002363	1463	0	35	
MYCO002365	539	0	11	
MYCO002369	50	0	19	
MYCO002370	62	0	69	
MYCO002371	231	0	8	
MYCO002372	195	0	38	
MYCO002375	10	0	15	
MYCO002376	92	0	29	
MYCO002377	24	0	12	
MYCO002378	99	0	49	
MYCO002379	449	0	142	
MYCO002380	949	0	201	
MYCO002381	391	0	113	
MYCO002382	203	0	53	
MYCO002383	821	643	186	
MYCO002384	436	0	55	
MYCO002385	103	0	62	
MYCO002386	180	0	56	
MYCO002387	25	0	58	
MYCO002388	174	0	55	
MYCO002389	14	0	22	
MYCO002390	68	0	29	
MYCO002391	24	0	71	
MYCO002392	120	0	34	
MYCO002393	195	3293	38	
MYCO002394	163	0	105	
MYCO002395	431	0	79	
MYCO002396	3003	0	49	
MYCO002397	120	0	54	
MYCO002398	6	0	39	
MYCO002401	5	0	16	
MYCO002403	90	0	30	
MYCO002405	41	0	31	
MYCO002406	186	0	18	
MYCO002407	278	0	52	
MYCO002408	367	0	30	
MYCO002414	439	0	79	
MYCO002415	112	0	42	
MYCO002416	141	0	71	
MYCO002417	992	0	37	
MYCO002418	217	0	38	
MYCO002419	129	0	35	
MYCO002422	22	0	16	
MYCO002423	38	0	55	
MYCO002424	5144	0	24	
MYCO002428	94	0	34	
MYCO002429	18	0	18	
MYCO002430	40	0	30	
MYCO002431	16	1929	15	
MYCO002432	45	0	19	
MYCO002433	13	0	14	
MYCO002434	1036	0	68	
MYCO002435	175	0	99	
MYCO002436	380	0	46	
MYCO002437	1235	0	17	
MYCO002438	88	0	84	
MYCO002443	46	0	83	
MYCO002444	465	0	124	
MYCO002446	13	0	19	
MYCO002449	576	0	64	
MYCO002450	384	0	44	
MYCO002451	56	0	23	
MYCO002452	0	0	15	
MYCO002453	57	0	33	
MYCO002456	79	0	53	
MYCO002458	43	0	40	
MYCO002459	71	0	72	
MYCO002463	21	0	43	
MYCO002464	143	0	56	
MYCO002468	45	0	27	
MYCO002469	62	0	37	
MYCO002471	80	0	87	
MYCO002472	6	0	14	
MYCO002473	108	0	38	
MYCO002474	193	0	35	
MYCO002475	9	0	17	
MYCO002476	1165	0	163	
MYCO002478	412	0	25	
MYCO002479	5374	0	0	
MYCO002480	638	2	20	
MYCO002481	245	0	22	
MYCO002482	267	0	123	
MYCO002483	73	0	74	
MYCO002484	44	0	90	
MYCO002485	137	0	76	
MYCO002486	261	0	32	
MYCO002487	3145	0	91	
MYCO002488	1098	0	151	
MYCO002489	101	0	18	
MYCO002490	5186	0	35	
MYCO002491	108	0	42	
MYCO002492	123	0	57	
MYCO002493	14	0	10	
MYCO002494	13	0	23	
MYCO002495	220	0	61	
MYCO002496	35	0	44	
MYCO002497	52	0	43	
MYCO002498	69	0	45	
MYCO002499	12	0	28	
MYCO002501	500	0	103	
MYCO002503	36	0	39	
MYCO002504	46	0	44	
MYCO002505	182	0	88	
MYCO002506	64	0	27	
MYCO002507	340	0	46	
MYCO002508	120	0	67	
MYCO002510	188	0	86	
MYCO002512	5231	44	9	
MYCO002513	25	0	26	
MYCO002514	50	0	31	
MYCO002515	34	0	60	
MYCO002516	20	0	32	
MYCO002517	42	0	8	
MYCO002519	715	0	84	
MYCO002520	1	0	14	
MYCO002522	503	0	81	
MYCO002525	293	0	28	
MYCO002526	1558	0	8	
MYCO002527	26	0	22	
MYCO002528	22	0	43	
MYCO002529	485	0	84	
MYCO002530	12	0	25	
MYCO002531	133	0	138	
MYCO002532	37	0	19	
MYCO002535	308	0	37	
MYCO002536	36	0	28	
MYCO002537	14	0	18	
MYCO002539	559	0	20	
MYCO002541	2223	0	14	
MYCO002542	619	0	74	
MYCO002543	1936	1507	53	
MYCO002544	1940	1536	73	
MYCO002545	1217	0	18	
MYCO002546	5	0	22	
MYCO002547	27	0	20	
MYCO002548	40	0	21	
MYCO002549	91	0	21	
MYCO002550	4	0	15	
MYCO002551	357	0	18	
MYCO002552	385	0	43	
MYCO002553	179	0	65	
MYCO002554	139	0	19	
MYCO002556	10	0	21	
MYCO002557	31	0	38	
MYCO002558	45	0	28	
MYCO002560	162	0	52	
MYCO002561	5301	0	7	
MYCO002562	5	0	34	
MYCO002563	116	0	61	
MYCO002564	43	1975	46	
MYCO002565	126	0	86	
MYCO002566	1485	0	131	
MYCO002567	141	0	111	
MYCO002569	59	0	35	
MYCO002570	677	0	27	
MYCO002571	172	0	74	
MYCO002573	138	0	51	
MYCO002574	47	0	36	
MYCO002576	72	0	30	
MYCO002577	54	0	70	
MYCO002578	169	0	50	
MYCO002579	101	0	41	
MYCO002581	4	0	24	
MYCO002584	56	0	36	
MYCO002585	286	0	83	
MYCO002586	697	0	69	
MYCO002588	3	0	19	
MYCO002590	238	0	158	
MYCO002591	2495	0	88	
MYCO002595	44	0	12	
MYCO002596	14	0	30	
MYCO002597	47	0	34	
MYCO002598	49	0	26	
MYCO002599	288	0	28	
MYCO002600	47	0	22	
MYCO002601	450	0	65	
MYCO002602	12	0	22	
MYCO002604	70	0	27	
MYCO002605	111	0	38	
MYCO002607	13	0	28	
MYCO002608	877	0	63	
MYCO002609	295	0	46	
MYCO002615	4994	0	82	
MYCO002616	71	0	30	
MYCO002617	5	0	22	
MYCO002618	305	0	29	
MYCO002619	6	0	12	
MYCO002620	9	0	17	
MYCO002621	412	0	46	
MYCO002622	88	0	43	
MYCO002623	148	0	36	
MYCO002624	284	0	50	
MYCO002625	51	0	49	
MYCO002626	14	0	23	
MYCO002627	70	0	77	
MYCO002628	90	0	34	
MYCO002629	480	0	41	
MYCO002630	15	0	34	
MYCO002631	99	0	67	
MYCO002632	7	0	12	
MYCO002633	10	0	35	
MYCO002634	2989	0	86	
MYCO002635	11	0	19	
MYCO002636	54	0	47	
MYCO002637	262	1692	37	
MYCO002638	106	0	29	
MYCO002639	40	0	18	
MYCO002640	63	0	20	
MYCO002641	15	0	28	
MYCO002642	27	0	24	
MYCO002643	270	0	96	
MYCO002644	41	0	19	
MYCO002645	1322	0	18	
MYCO002646	905	0	55	
MYCO002647	614	0	14	
MYCO002648	638	2	20	
MYCO002649	5374	0	0	
MYCO002650	1044	567	142	
MYCO002651	218	1058	42	
MYCO002652	613	0	54	
MYCO002653	523	0	30	
MYCO002654	2779	0	12	
MYCO002655	1558	0	56	
MYCO002656	431	836	28	
MYCO002657	630	0	18	
MYCO002658	496	0	14	
MYCO002659	531	0	42	
MYCO002660	12	0	16	
MYCO002661	24	0	17	
MYCO002662	9	0	15	
MYCO002663	4	0	17	
MYCO002664	23	0	13	
MYCO002665	327	0	19	
MYCO002666	5251	0	10	
MYCO002667	50	0	25	
MYCO002668	499	0	24	
MYCO002669	33	0	25	
MYCO002671	88	0	31	
MYCO002672	340	0	73	
MYCO002674	4	0	17	
MYCO002675	24	0	56	
MYCO002677	1531	0	49	
MYCO002679	140	0	43	
MYCO002680	570	0	40	
MYCO002681	696	0	54	
MYCO002683	7	0	25	
MYCO002684	39	417	62	
MYCO002685	390	0	52	
MYCO002686	36	0	35	
MYCO002687	50	0	41	
MYCO002688	108	0	51	
MYCO002689	172	0	61	
MYCO002690	119	0	53	
MYCO002691	13	0	31	
MYCO002692	39	0	28	
MYCO002693	19	0	28	
MYCO002694	12	0	35	
MYCO002695	491	0	28	
MYCO002698	9	0	24	
MYCO002700	3327	0	22	
MYCO002701	50	0	53	
MYCO002704	15	0	19	
MYCO002705	13	0	20	
MYCO002706	105	0	15	
MYCO002707	38	0	41	
MYCO002709	483	0	36	
MYCO002712	318	0	71	
MYCO002713	104	0	78	
MYCO002716	23	0	30	
MYCO002717	206	0	21	
MYCO002718	16	0	17	
MYCO002719	476	0	39	
MYCO002721	1160	0	91	
MYCO002722	8	0	18	
MYCO002723	41	0	61	
MYCO002728	89	0	34	
MYCO002729	54	0	50	
MYCO002730	10	0	25	
MYCO002732	84	0	44	
MYCO002734	26	0	40	
MYCO002735	779	0	44	
MYCO002736	156	0	28	
MYCO002737	23	0	87	
MYCO002738	368	0	10	
MYCO002739	1436	0	30	
MYCO002740	18	0	28	
MYCO002741	3565	0	71	
MYCO002742	223	0	36	
MYCO002743	400	0	41	
MYCO002745	7	0	26	
MYCO002746	207	0	27	
MYCO002747	30	0	20	
MYCO002749	31	0	15	
MYCO002751	35	0	38	
MYCO002752	113	0	128	
MYCO002755	14	0	11	
MYCO002756	59	0	81	
MYCO002757	57	0	26	
MYCO002758	9	0	14	
MYCO002759	46	0	21	
MYCO002760	131	0	17	
MYCO002761	32	0	66	
MYCO002762	336	0	34	
MYCO002763	39	0	18	
MYCO002765	308	0	37	
MYCO002766	66	0	32	
MYCO002767	17	0	27	
MYCO002768	474	0	67	
MYCO002769	913	0	45	
MYCO002770	199	0	65	
MYCO002771	34	0	21	
MYCO002772	51	0	26	
MYCO002774	963	0	16	
MYCO002775	121	0	25	
MYCO002776	29	0	41	
MYCO002777	544	0	46	
MYCO002778	18	0	27	
MYCO002779	52	0	36	
MYCO002780	181	0	49	
MYCO002781	817	0	58	
MYCO002784	11	0	22	
MYCO002786	10	0	46	
MYCO002787	317	0	107	
MYCO002789	65	0	55	
MYCO002790	394	0	62	
MYCO002791	113	2684	60	
MYCO002792	110	0	34	
MYCO002793	534	0	32	
MYCO002796	50	0	38	
MYCO002797	280	0	63	
MYCO002798	6	0	18	
MYCO002799	122	0	45	
MYCO002800	985	0	81	
MYCO002801	69	0	15	
MYCO002802	1025	0	59	
MYCO002803	51	0	22	
MYCO002804	115	0	35	
MYCO002805	80	0	22	
MYCO002806	34	0	7	
MYCO002807	1426	0	48	
MYCO002808	310	0	10	
MYCO002809	77	0	15	
MYCO002810	5374	0	0	
MYCO002811	944	0	32	
MYCO002812	670	0	78	
MYCO002813	483	0	39	
MYCO002814	5374	0	0	
MYCO002815	638	2	20	
MYCO002816	1269	0	14	
MYCO002817	1356	0	40	
MYCO002818	1515	0	31	
MYCO002819	1357	0	43	
MYCO002820	1260	0	44	
MYCO002821	68	0	32	
MYCO002822	22	0	17	
MYCO002823	99	0	107	
MYCO002824	38	0	52	
MYCO002825	4151	0	30	
MYCO002826	57	0	37	
MYCO002827	28	0	30	
MYCO002829	147	0	20	
MYCO002830	7	0	15	
MYCO002831	224	0	37	
MYCO002832	165	0	64	
MYCO002833	313	0	65	
MYCO002834	37	0	43	
MYCO002835	30	0	51	
MYCO002836	324	0	69	
MYCO002837	139	0	36	
MYCO002840	7	0	20	
MYCO002842	4	0	23	
MYCO002843	214	0	17	
MYCO002844	24	0	24	
MYCO002845	237	0	61	
MYCO002848	1348	0	49	
MYCO002849	47	0	39	
MYCO002850	1637	0	98	
MYCO002851	25	0	22	
MYCO002852	132	0	72	
MYCO002853	2324	0	104	
MYCO002854	43	0	49	
MYCO002855	257	0	58	
MYCO002856	43	0	40	
MYCO002857	15	0	29	
MYCO002858	518	0	76	
MYCO002859	1641	0	55	
MYCO002860	38	0	58	
MYCO002862	19	0	24	
MYCO002863	10	0	15	
MYCO002865	9	0	12	
MYCO002866	11	0	11	
MYCO002867	625	0	45	
MYCO002869	34	0	57	
MYCO002871	948	0	11	
MYCO002872	85	0	28	
MYCO002873	12	0	24	
MYCO002874	270	0	104	
MYCO002875	152	0	23	
MYCO002876	3	0	27	
MYCO002877	162	0	50	
MYCO002878	19	0	23	
MYCO002879	5374	0	0	
MYCO002880	4979	0	7	
MYCO002881	10	0	35	
MYCO002884	130	0	36	
MYCO002885	228	918	80	
MYCO002886	135	0	45	
MYCO002887	31	0	18	
MYCO002888	457	0	60	
MYCO002891	939	0	39	
MYCO002892	297	0	59	
MYCO002893	71	0	64	
MYCO002895	230	0	41	
MYCO002896	411	0	65	
MYCO002897	326	0	86	
MYCO002898	17	0	27	
MYCO002899	10	0	36	
MYCO002900	57	0	88	
MYCO002903	67	0	42	
MYCO002905	44	0	60	
MYCO002906	19	0	21	
MYCO002907	112	0	23	
MYCO002908	43	0	9	
MYCO002910	9	0	27	
MYCO002911	131	0	39	
MYCO002912	27	0	21	
MYCO002913	117	0	96	
MYCO002914	339	0	73	
MYCO002920	125	0	85	
MYCO002922	966	0	115	
MYCO002923	57	0	23	
MYCO002924	84	0	37	
MYCO002925	25	0	27	
MYCO002926	9	0	33	
MYCO002928	22	0	32	
MYCO002929	23	0	21	
MYCO002930	51	0	64	
MYCO002931	4817	0	101	
MYCO002932	1488	0	171	
MYCO002933	1369	0	180	
MYCO002934	1551	0	186	
MYCO002935	756	0	161	
MYCO002936	39	0	42	
MYCO002937	15	0	30	
MYCO002938	14	0	30	
MYCO002939	24	2527	48	
MYCO002940	289	0	241	
MYCO002941	39	0	84	
MYCO002942	131	0	138	
MYCO002943	195	0	71	
MYCO002944	32	0	46	
MYCO002945	3	0	30	
MYCO002946	1003	0	202	
MYCO002947	2723	0	28	
MYCO002948	108	0	111	
MYCO002949	117	0	40	
MYCO002950	209	0	88	
MYCO002951	148	0	50	
MYCO002952	22	0	34	
MYCO002953	56	0	60	
MYCO002954	47	0	38	
MYCO002955	198	0	60	
MYCO002956	32	0	47	
MYCO002957	65	0	44	
MYCO002958	234	0	70	
MYCO002959	681	0	42	
MYCO002960	23	0	20	
MYCO002961	19	0	13	
MYCO002962	597	0	55	
MYCO002963	686	0	50	
MYCO002964	73	0	42	
MYCO002966	191	0	15	
MYCO002968	21	0	20	
MYCO002969	45	0	31	
MYCO002970	85	0	48	
MYCO002971	111	0	40	
MYCO002972	22	0	39	
MYCO002973	212	0	64	
MYCO002974	648	0	79	
MYCO002975	2614	0	8	
MYCO002977	331	0	31	
MYCO002978	112	2323	59	
MYCO002979	27	0	30	
MYCO002980	461	0	28	
MYCO002983	614	0	33	
MYCO002985	72	0	57	
MYCO002986	74	0	31	
MYCO002987	26	0	18	
MYCO002989	512	0	34	
MYCO002990	30	0	40	
MYCO002991	37	0	22	
MYCO002994	582	0	55	
MYCO002997	503	0	55	
MYCO002998	10	0	18	
MYCO002999	41	0	59	
MYCO003000	45	0	30	
MYCO003002	4	0	21	
MYCO003004	31	0	18	
MYCO003005	40	0	25	
MYCO003007	493	0	28	
MYCO003008	52	0	36	
MYCO003012	10	0	12	
MYCO003013	461	0	29	
MYCO003015	301	0	50	
MYCO003016	31	0	24	
MYCO003017	572	0	23	
MYCO003018	4101	0	33	
MYCO003019	1	96	30	
MYCO003020	21	19	21	
MYCO003021	5347	0	10	
MYCO003022	5374	0	0	
MYCO003023	5231	43	8	
MYCO003026	88	0	50	
MYCO003030	138	0	34	
MYCO003033	14	0	28	
MYCO003035	251	0	40	
MYCO003036	16	0	36	
MYCO003037	329	0	61	
MYCO003039	144	0	34	
MYCO003040	265	0	43	
MYCO003041	19	0	34	
MYCO003044	372	0	60	
MYCO003046	20	0	18	
MYCO003047	157	0	22	
MYCO003050	25	0	41	
MYCO003055	37	1678	34	
MYCO003056	50	0	64	
MYCO003058	8	0	29	
MYCO003059	64	0	57	
MYCO003060	913	0	89	
MYCO003061	534	0	91	
MYCO003062	1459	0	71	
MYCO003063	202	0	136	
MYCO003064	105	0	28	
MYCO003065	149	0	15	
MYCO003066	241	0	30	
MYCO003067	22	0	28	
MYCO003068	80	0	78	
MYCO003069	6	0	20	
MYCO003070	8	0	15	
MYCO003071	143	0	61	
MYCO003072	25	0	37	
MYCO003073	17	0	26	
MYCO003074	1627	1904	55	
MYCO003075	27	0	34	
MYCO003076	14	0	21	
MYCO003077	352	0	104	
MYCO003078	37	0	21	
MYCO003079	497	0	26	
MYCO003080	618	0	163	
MYCO003081	190	0	52	
MYCO003082	36	0	49	
MYCO003083	305	0	92	
MYCO003084	647	0	43	
MYCO003086	167	0	37	
MYCO003087	322	0	85	
MYCO003088	188	0	74	
MYCO003089	218	0	72	
MYCO003090	182	1302	53	
MYCO003091	260	0	74	
MYCO003092	562	0	51	
MYCO003093	1305	0	40	
MYCO003094	571	0	59	
MYCO003095	6	0	27	
MYCO003096	47	0	60	
MYCO003097	104	0	71	
MYCO003098	30	0	28	
MYCO003099	104	0	47	
MYCO003103	25	0	25	
MYCO003104	32	0	44	
MYCO003106	77	0	63	
MYCO003107	94	0	79	
MYCO003108	34	0	28	
MYCO003109	95	0	71	
MYCO003110	17	0	15	
MYCO003111	35	0	43	
MYCO003112	35	0	18	
MYCO003113	1161	0	39	
MYCO003114	89	0	27	
MYCO003115	5231	43	8	
MYCO003116	160	0	61	
MYCO003119	47	0	30	
MYCO003120	54	0	35	
MYCO003121	138	0	60	
MYCO003122	56	0	23	
MYCO003123	31	0	24	
MYCO003124	108	0	47	
MYCO003125	786	0	50	
MYCO003126	29	0	17	
MYCO003127	46	0	60	
MYCO003128	5374	0	0	
MYCO003129	501	0	10	
MYCO003130	65	0	71	
MYCO003131	67	0	38	
MYCO003132	133	0	81	
MYCO003133	10	0	17	
MYCO003134	45	0	45	
MYCO003135	3327	0	11	
MYCO003136	104	0	48	
MYCO003137	35	0	38	
MYCO003138	70	0	68	
MYCO003141	231	0	41	
MYCO003142	736	0	27	
MYCO003143	8	0	14	
MYCO003144	892	0	61	
MYCO003145	20	0	12	
MYCO003146	4	0	22	
MYCO003147	38	0	12	
MYCO003148	32	0	53	
MYCO003149	51	0	31	
MYCO003150	492	0	40	
MYCO003151	1096	0	88	
MYCO003152	8	0	45	
MYCO003153	104	0	30	
MYCO003154	11	0	40	
MYCO003155	7	0	15	
MYCO003156	73	0	71	
MYCO003157	129	0	81	
MYCO003158	25	0	72	
MYCO003159	2739	0	82	
MYCO003160	18	0	23	
MYCO003161	409	0	78	
MYCO003162	67	0	17	
MYCO003163	28	0	49	
MYCO003164	28	0	28	
MYCO003165	106	0	20	
MYCO003166	563	0	47	
MYCO003167	50	0	37	
MYCO003168	193	0	71	
MYCO003169	678	0	58	
MYCO003170	553	0	56	
MYCO003171	41	0	64	
MYCO003172	6	0	28	
MYCO003173	12	0	33	
MYCO003174	18	0	55	
MYCO003175	1470	0	63	
MYCO003176	123	0	51	
MYCO003177	41	0	35	
MYCO003178	51	0	21	
MYCO003179	425	0	61	
MYCO003180	32	0	25	
MYCO003181	149	0	20	
MYCO003182	27	0	12	
MYCO003183	215	0	16	
MYCO003184	638	2	20	
MYCO003185	5374	0	0	
MYCO003186	638	2	20	
MYCO003187	5374	0	0	
MYCO003188	25	0	17	
MYCO003189	58	0	28	
MYCO003190	181	0	58	
MYCO003191	64	0	53	
MYCO003192	66	0	34	
MYCO003196	88	0	49	
MYCO003199	451	0	51	
MYCO003200	27	0	60	
MYCO003201	929	0	123	
MYCO003202	743	0	150	
MYCO003203	36	0	42	
MYCO003204	1	0	16	
MYCO003209	14	0	34	
MYCO003210	15	0	27	
MYCO003212	630	0	59	
MYCO003215	34	0	58	
MYCO003216	5374	0	0	
MYCO003217	337	0	20	
MYCO003218	28	0	48	
MYCO003222	70	0	23	
MYCO003224	272	0	44	
MYCO003225	94	0	64	
MYCO003226	44	0	39	
MYCO003227	286	0	65	
MYCO003230	137	0	56	
MYCO003231	64	0	22	
MYCO003232	16	0	37	
MYCO003233	7	0	36	
MYCO003234	2667	0	25	
MYCO003235	407	0	36	
MYCO003236	314	0	57	
MYCO003237	11	0	30	
MYCO003238	20	0	36	
MYCO003239	2734	0	99	
MYCO003242	99	0	36	
MYCO003243	79	0	39	
MYCO003244	413	0	65	
MYCO003247	61	0	27	
MYCO003249	207	0	29	
MYCO003250	5	0	9	
MYCO003251	7	0	9	
MYCO003253	68	0	61	
MYCO003254	120	0	68	
MYCO003256	694	0	53	
MYCO003259	28	0	9	
MYCO003260	1	0	15	
MYCO003263	196	0	71	
MYCO003266	155	0	42	
MYCO003268	138	0	40	
MYCO003269	17	0	9	
MYCO003270	336	0	87	
MYCO003271	33	0	35	
MYCO003272	109	0	64	
MYCO003273	21	0	96	
MYCO003278	15	0	21	
MYCO003279	19	0	38	
MYCO003281	5159	0	10	
MYCO003282	19	0	45	
MYCO003283	23	0	48	
MYCO003284	51	0	19	
MYCO003286	554	0	42	
MYCO003287	15	0	13	
MYCO003288	6	0	18	
MYCO003289	40	0	27	
MYCO003291	27	0	16	
MYCO003292	250	0	64	
MYCO003293	662	0	63	
MYCO003294	18	0	40	
MYCO003295	27	0	30	
MYCO003297	103	0	45	
MYCO003298	295	0	31	
MYCO003299	829	0	164	
MYCO003300	72	0	44	
MYCO003301	26	0	37	
MYCO003307	172	0	42	
MYCO003308	642	0	75	
MYCO003309	21	0	26	
MYCO003310	32	0	42	
MYCO003311	54	0	59	
MYCO003312	33	0	41	
MYCO003314	129	0	48	
MYCO003315	14	0	24	
MYCO003316	4	0	11	
MYCO003320	52	0	20	
MYCO003321	2	0	7	
MYCO003322	22	0	33	
MYCO003323	301	0	39	
MYCO003324	286	0	26	
MYCO003325	638	2	20	
MYCO003326	5374	0	0	
MYCO003327	5315	0	7	
MYCO003331	477	0	66	
MYCO003332	442	0	67	
MYCO003333	1299	0	37	
MYCO003334	9	0	26	
MYCO003335	100	0	38	
MYCO003337	609	0	22	
MYCO003338	57	0	39	
MYCO003339	75	0	55	
MYCO003342	390	0	21	
MYCO003343	5359	0	14	
MYCO003344	5374	0	0	
MYCO003345	5348	0	11	
MYCO003346	1673	1	20	
MYCO003347	4163	0	223	
MYCO003348	143	5	30	
MYCO003349	2802	0	30	
MYCO003350	4441	0	227	
MYCO003351	699	0	36	
MYCO003352	677	0	15	
MYCO003353	654	0	12	
MYCO003354	653	0	18	
MYCO003355	667	1	18	
MYCO003357	15	0	16	
MYCO003358	6	0	10	
MYCO003359	321	0	41	
MYCO003360	797	0	16	
MYCO003361	68	0	35	
MYCO003362	66	0	38	
MYCO003363	311	0	20	
MYCO003364	74	0	20	
MYCO003365	4851	0	27	
MYCO003366	53	0	27	
MYCO003367	2455	0	84	
MYCO003368	129	0	33	
MYCO003369	180	0	18	
MYCO003370	1146	0	121	
MYCO003371	502	0	74	
MYCO003372	321	0	58	
MYCO003373	644	0	26	
MYCO003374	7	0	13	
MYCO003375	217	0	76	
MYCO003376	23	0	33	
MYCO003377	386	0	80	
MYCO003378	134	0	64	
MYCO003379	87	0	85	
MYCO003380	5374	0	0	
MYCO003381	638	2	20	
MYCO003382	193	0	39	
MYCO003383	1157	0	75	
MYCO003384	60	0	20	
MYCO003385	109	0	11	
MYCO003386	257	0	40	
MYCO003387	19	0	36	
MYCO003388	4008	0	61	
MYCO003389	419	0	62	
MYCO003390	31	0	51	
MYCO003391	328	0	107	
MYCO003393	99	0	39	
MYCO003394	1546	0	59	
MYCO003395	131	0	37	
MYCO003397	24	0	35	
MYCO003398	129	0	64	
MYCO003399	43	0	45	
MYCO003400	162	0	27	
MYCO003401	580	0	110	
MYCO003402	162	0	52	
MYCO003403	79	0	95	
MYCO003404	45	0	44	
MYCO003405	8	0	26	
MYCO003406	170	0	45	
MYCO003407	14	0	8	
MYCO003408	5	0	16	
MYCO003413	454	0	34	
MYCO003414	26	0	34	
MYCO003415	422	0	47	
MYCO003416	49	0	13	
MYCO003420	109	0	23	
MYCO003421	1302	0	46	
MYCO003423	54	0	75	
MYCO003424	344	3	27	
MYCO003425	243	1433	56	
MYCO003426	5253	0	4	
MYCO003427	1503	0	29	
MYCO003428	5101	0	7	
MYCO003429	243	1191	54	
MYCO003430	369	0	92	
MYCO003431	74	0	37	
MYCO003434	239	0	51	
MYCO003435	21	0	64	
MYCO003437	221	0	29	
MYCO003438	70	0	45	
MYCO003439	941	0	70	
MYCO003440	58	0	27	
MYCO003444	19	0	19	
MYCO003445	34	0	20	
MYCO003446	983	0	76	
MYCO003447	464	0	170	
MYCO003448	260	0	72	
MYCO003449	199	0	80	
MYCO003450	782	0	84	
MYCO003451	84	0	56	
MYCO003452	621	0	39	
MYCO003453	3327	0	5	
MYCO003454	88	0	69	
MYCO003463	150	0	40	
MYCO003465	9	0	26	
MYCO003466	5175	54	49	
MYCO003467	5207	77	29	
MYCO003468	80	0	59	
MYCO003469	29	0	56	
MYCO003470	271	0	94	
MYCO003471	40	0	25	
MYCO003472	34	0	31	
MYCO003473	34	0	49	
MYCO003474	638	2	20	
MYCO003475	5374	0	0	
MYCO003476	62	0	69	
MYCO003477	127	0	14	
MYCO003478	2677	294	370	
MYCO003479	272	0	159	
MYCO003480	282	0	82	
MYCO003481	62	0	30	
MYCO003482	41	0	39	
MYCO003483	1177	0	37	
MYCO003484	127	0	67	
MYCO003485	716	0	48	
MYCO003486	332	0	20	
MYCO003487	1161	0	43	
MYCO003488	165	0	13	
MYCO003489	4	0	8	
MYCO003491	18	0	36	
MYCO003492	2	0	26	
MYCO003493	408	0	30	
MYCO003494	1128	0	62	
MYCO003495	34	0	46	
MYCO003496	343	0	47	
MYCO003497	16	0	53	
MYCO003498	123	0	47	
MYCO003499	16	0	49	
MYCO003502	44	0	36	
MYCO003503	0	0	9	
MYCO003505	163	0	51	
MYCO003506	104	0	100	
MYCO003507	5021	0	89	
MYCO003508	5370	0	3	
MYCO003509	544	0	81	
MYCO003510	181	0	44	
MYCO003511	5360	0	6	
MYCO003512	5374	0	0	
MYCO003513	5110	0	16	
MYCO003514	5372	0	1	
MYCO003515	4822	0	29	
MYCO003516	802	0	34	
MYCO003517	1178	0	35	
MYCO003518	160	0	48	
MYCO003519	29	0	38	
MYCO003521	43	0	44	
MYCO003522	15	0	52	
MYCO003523	496	0	42	
MYCO003524	65	0	70	
MYCO003525	311	0	24	
MYCO003526	14	0	41	
MYCO003527	9	0	28	
MYCO003528	76	0	56	
MYCO003529	626	0	66	
MYCO003530	35	1967	40	
MYCO003531	113	0	67	
MYCO003532	434	0	65	
MYCO003533	1635	0	92	
MYCO003534	78	0	43	
MYCO003535	1330	0	37	
MYCO003536	20	0	41	
MYCO003537	36	0	61	
MYCO003538	8	0	38	
MYCO003539	674	0	70	
MYCO003540	459	0	51	
MYCO003541	3	0	19	
MYCO003542	131	0	41	
MYCO003543	120	0	46	
MYCO003544	57	0	47	
MYCO003545	36	0	76	
MYCO003546	117	0	46	
MYCO003547	61	0	35	
MYCO003548	29	0	29	
MYCO003549	180	0	40	
MYCO003550	76	0	35	
MYCO003551	75	0	34	
MYCO003552	12	0	29	
MYCO003553	545	0	37	
MYCO003554	99	0	117	
MYCO003555	786	0	40	
MYCO003556	155	0	38	
MYCO003557	0	0	30	
MYCO003558	1267	0	71	
MYCO003559	321	0	35	
MYCO003560	168	0	54	
MYCO003561	830	0	72	
MYCO003562	89	0	58	
MYCO003563	213	0	48	
MYCO003564	738	0	32	
MYCO003565	103	0	69	
MYCO003566	172	0	47	
MYCO003567	55	0	23	
MYCO003568	609	0	31	
MYCO003569	463	0	37	
MYCO003572	42	0	28	
MYCO003573	543	0	88	
MYCO003574	82	0	23	
MYCO003575	146	0	40	
MYCO003576	85	0	41	
MYCO003577	90	0	34	
MYCO003578	424	0	72	
MYCO003581	16	0	24	
MYCO003582	40	0	38	
MYCO003584	18	0	24	
MYCO003585	61	0	70	
MYCO003586	22	0	52	
MYCO003587	251	0	43	
MYCO003588	72	0	16	
MYCO003590	3715	0	60	
MYCO003591	33	0	51	
MYCO003593	4	0	76	
MYCO003594	89	0	49	
MYCO003595	2403	0	59	
MYCO003597	350	0	15	
MYCO003599	233	0	6	
MYCO003602	820	0	46	
MYCO003603	285	0	47	
MYCO003604	1139	0	67	
MYCO003605	371	0	21	
MYCO003606	19	0	26	
MYCO003607	197	0	19	
MYCO003608	59	0	41	
MYCO003611	5319	0	5	
MYCO003612	55	0	20	
MYCO003613	4	0	8	
MYCO003614	8	0	44	
MYCO003615	8	0	11	
MYCO003616	83	0	71	
MYCO003617	135	0	49	
MYCO003618	121	0	48	
MYCO003619	468	2513	136	
MYCO003620	3017	606	111	
MYCO003621	791	0	52	
MYCO003622	145	0	16	
MYCO003623	300	0	40	
MYCO003625	326	0	47	
MYCO003626	437	0	48	
MYCO003627	76	0	76	
MYCO003629	51	0	59	
MYCO003630	23	1306	62	
MYCO003631	13	0	29	
MYCO003632	5	0	10	
MYCO003633	89	0	53	
MYCO003634	156	0	35	
MYCO003635	192	0	89	
MYCO003636	16	0	24	
MYCO003637	90	0	32	
MYCO003638	21	0	44	
MYCO003639	496	0	37	
MYCO003640	211	0	64	
MYCO003641	19	0	32	
MYCO003642	9	0	15	
MYCO003643	6	0	11	
MYCO003645	1119	0	68	
MYCO003649	799	0	120	
MYCO003650	117	0	17	
MYCO003651	508	0	49	
MYCO003652	1214	0	21	
MYCO003653	3164	0	35	
MYCO003654	662	0	26	
MYCO003655	5369	0	2	
MYCO003656	25	0	14	
MYCO003657	1632	1303	27	
MYCO003658	584	0	43	
MYCO003659	1072	0	54	
MYCO003660	236	0	69	
MYCO003661	80	0	30	
MYCO003662	1468	0	48	
MYCO003663	545	0	85	
MYCO003664	19	0	49	
MYCO003665	15	0	53	
MYCO003666	146	1439	66	
MYCO003667	403	0	102	
MYCO003669	10	0	27	
MYCO003671	27	0	58	
MYCO003672	84	0	41	
MYCO003673	196	0	35	
MYCO003675	1	0	22	
MYCO003678	17	0	25	
MYCO003681	23	0	27	
MYCO003685	150	0	78	
MYCO003686	101	0	16	
MYCO003687	24	0	21	
MYCO003688	37	0	31	
MYCO003689	268	0	99	
MYCO003690	510	0	25	
MYCO003691	112	0	60	
MYCO003692	86	0	49	
MYCO003693	1848	0	57	
MYCO003694	17	0	47	
MYCO003697	43	0	28	
MYCO003698	218	0	86	
MYCO003699	50	0	40	
MYCO003700	816	0	54	
MYCO003701	182	0	49	
MYCO003702	41	0	46	
MYCO003703	88	0	79	
MYCO003704	92	0	66	
MYCO003706	252	0	17	
MYCO003714	91	0	58	
MYCO003716	369	0	24	
MYCO003723	35	0	39	
MYCO003725	2619	0	23	
MYCO003726	414	0	62	
MYCO003727	344	0	101	
MYCO003728	3401	0	99	
MYCO003729	502	0	129	
MYCO003730	15	0	57	
MYCO003731	19	0	62	
MYCO003732	143	0	61	
MYCO003733	20	0	31	
MYCO003734	95	0	79	
MYCO003735	23	0	33	
MYCO003736	102	0	71	
MYCO003737	1000	0	80	
MYCO003738	1856	0	47	
MYCO003739	1297	0	16	
MYCO003740	158	0	73	
MYCO003741	33	0	49	
MYCO003742	16	0	29	
MYCO003743	224	0	123	
MYCO003744	7	0	26	
MYCO003745	20	1686	13	
MYCO003746	15	0	26	
MYCO003747	32	0	16	
MYCO003748	28	0	22	
MYCO003749	37	0	28	
MYCO003750	20	0	20	
MYCO003751	18	0	14	
MYCO003752	416	0	15	
MYCO003753	625	0	20	
MYCO003754	322	0	44	
MYCO003755	20	0	27	
MYCO003756	28	0	44	
MYCO003757	207	0	47	
MYCO003758	62	0	49	
MYCO003759	40	0	72	
MYCO003760	35	0	12	
MYCO003761	219	0	43	
MYCO003762	29	0	111	
MYCO003763	46	0	31	
MYCO003764	61	0	69	
MYCO003766	152	0	44	
MYCO003767	142	0	47	
MYCO003768	135	0	18	
MYCO003769	122	0	22	
MYCO003770	151	0	30	
MYCO003771	53	0	29	
MYCO003772	82	0	55	
MYCO003773	128	0	33	
MYCO003776	1006	0	88	
MYCO003779	611	0	102	
MYCO003784	317	0	66	
MYCO003785	2344	0	43	
MYCO003786	435	0	64	
MYCO003787	124	0	56	
MYCO003788	16	0	25	
MYCO003789	5	0	20	
MYCO003792	289	0	115	
MYCO003796	36	0	71	
MYCO003797	274	0	106	
MYCO003798	2878	58	37	
MYCO003800	1155	0	218	
MYCO003803	91	0	50	
MYCO003805	47	0	91	
MYCO003807	208	0	23	
MYCO003810	1487	0	35	
MYCO003811	231	0	81	
MYCO003812	2056	0	67	
MYCO003813	146	0	38	
MYCO003814	61	0	33	
MYCO003815	170	0	40	
MYCO003817	441	0	43	
MYCO003818	80	0	69	
MYCO003819	41	0	24	
MYCO003820	239	0	89	
MYCO003821	23	0	45	
MYCO003822	95	0	87	
MYCO003823	70	0	181	
MYCO003824	102	0	108	
MYCO003825	312	0	340	
MYCO003826	104	0	114	
MYCO003827	223	0	98	
MYCO003828	4	2066	25	
MYCO003829	1115	0	104	
MYCO003830	1246	0	47	
MYCO003831	24	0	44	
MYCO003832	155	0	44	
MYCO003833	673	0	54	
MYCO003836	606	0	31	
MYCO003837	50	0	54	
MYCO003838	171	0	61	
MYCO003839	15	0	50	
MYCO003840	86	0	41	
MYCO003841	12	0	37	
MYCO003843	466	0	60	
MYCO003844	143	5	30	
MYCO003845	3939	0	10	
MYCO003846	15	0	35	
MYCO003848	130	0	74	
MYCO003850	88	0	43	
MYCO003851	76	0	17	
MYCO003852	68	0	24	
MYCO003853	8	0	23	
MYCO003854	254	0	163	
MYCO003855	11	0	46	
MYCO003856	116	0	73	
MYCO003857	14	0	8	
MYCO003860	606	0	100	
MYCO003861	158	0	34	
MYCO003862	82	0	81	
MYCO003863	245	0	72	
MYCO003864	166	0	91	
MYCO003865	69	0	20	
MYCO003866	173	0	47	
MYCO003867	125	0	36	
MYCO003868	253	0	90	
MYCO003869	702	0	105	
MYCO003870	67	0	154	
MYCO003871	408	0	120	
MYCO003872	258	0	18	
MYCO003873	273	0	68	
MYCO003874	53	0	15	
MYCO003875	15	0	18	
MYCO003876	2410	0	102	
MYCO003877	66	0	125	
MYCO003878	648	0	56	
MYCO003879	2336	0	152	
MYCO003880	6	0	22	
MYCO003881	584	0	126	
MYCO003882	679	0	126	
MYCO003883	65	0	104	
MYCO003884	295	0	116	
MYCO003885	191	0	135	
MYCO003886	1839	0	79	
MYCO003887	555	0	100	
MYCO003888	153	0	96	
MYCO003889	367	0	82	
MYCO003890	113	0	21	
MYCO003891	27	0	35	
MYCO003892	1228	0	90	
MYCO003893	105	0	22	
MYCO003894	1524	0	260	
MYCO003895	1448	0	84	
MYCO003896	313	0	78	
MYCO003897	5329	0	2	
MYCO003898	2626	0	11	
MYCO003899	1517	0	83	
MYCO003900	841	0	109	
MYCO003901	100	0	41	
MYCO003902	27	0	45	
MYCO003903	1703	0	158	
MYCO003904	17	0	30	
MYCO003905	40	0	28	
MYCO003906	70	0	48	
MYCO003909	286	0	163	
MYCO003910	352	0	308	
MYCO003911	5363	0	5	
MYCO003912	249	0	87	
MYCO003914	7	0	25	
MYCO003916	5	0	71	
MYCO003919	306	0	231	
MYCO003922	4	0	38	
MYCO003923	10	0	38	
MYCO010064	16	0	13	
MYCO010078	14	0	46	
MYCO010157	2	0	7	
MYCO010186	54	0	9	
MYCO010192	1210	0	18	
MYCO010236	41	0	6	
MYCO010277	5374	0	0	
MYCO010397	6	2640	14	
MYCO010456	15	0	17	
MYCO010470	764	0	18	
MYCO010492	49	0	14	
MYCO010500	254	0	6	
MYCO010530	10	0	10	
MYCO010590	31	0	8	
MYCO010609	21	0	13	
MYCO010616	2	0	20	
MYCO010634	11	0	14	
MYCO010691	3	0	9	
MYCO010724	5374	0	0	
MYCO010749	13	0	9	
MYCO010755	96	0	6	
MYCO010787	42	0	7	
MYCO010959	8	0	9	
MYCO011028	3	0	8	
MYCO011087	41	0	8	
MYCO011089	6	0	8	
MYCO011116	23	0	11	
MYCO011135	4	0	22	
MYCO011159	9	0	13	
MYCO011290	49	0	15	
MYCO011322	17	0	32	
MYCO011366	20	0	13	
MYCO011473	41	0	13	
MYCO011489	140	0	10	
MYCO011498	82	0	15	
MYCO011507	96	0	39	
MYCO011508	47	0	12	
MYCO011638	355	0	15	
MYCO011706	8	0	10	
MYCO011765	45	0	15	
MYCO011888	2	0	16	
MYCO011954	23	0	12	
MYCO011962	1	3165	17	
MYCO011982	16	0	8	
MYCO011990	58	0	20	
MYCO011991	1	0	9	
MYCO012023	52	0	58	
MYCO012063	144	0	20	
MYCO012077	167	0	18	
MYCO012142	3	0	13	
MYCO012160	2904	0	13	
MYCO012219	7	0	20	
MYCO012231	41	0	28	
MYCO012237	32	0	12	
MYCO012250	5370	0	1	
MYCO012274	199	0	16	
MYCO012306	46	0	32	
MYCO012307	10	0	5	
MYCO012309	8	0	21	
MYCO012331	5	0	12	
MYCO012395	22	0	13	
MYCO012401	30	0	6	
MYCO012427	5374	0	0	
MYCO012438	9	0	19	
MYCO012468	1	0	13	
MYCO012530	4	0	15	
MYCO012548	13	0	14	
MYCO012601	4	0	13	
MYCO012614	626	0	16	
MYCO012737	15	0	11	
MYCO012801	4	0	10	
MYCO012828	969	0	17	
MYCO012862	5374	0	0	
MYCO012922	20	0	17	
MYCO012943	26	0	33	
MYCO012970	25	0	6	
MYCO012998	6	0	16	
MYCO013018	2008	3	8	
MYCO013022	849	0	13	
MYCO013032	26	0	20	
MYCO013098	18	0	20	
MYCO013136	6	0	27	
MYCO013190	196	0	11	
MYCO013196	5	0	7	
MYCO013197	58	0	14	
MYCO013198	9	0	15	
MYCO013208	7	0	16	
MYCO013221	2	0	16	
MYCO013224	20	0	18	
MYCO013312	70	0	22	
MYCO013324	5374	0	0	
MYCO013395	206	0	29	
MYCO013566	5	0	17	
MYCO013697	58	0	14	
MYCO013705	45	0	27	
MYCO013724	599	0	11	
MYCO013770	6	0	11	
MYCO020078	3	0	21	
MYCO020456	5374	0	0	
MYCO020500	0	0	5	
MYCO022231	3831	0	18	
MYCO022306	82	0	22	
MYCO022307	63	0	27	
MYCO022395	55	0	16	
MYCO023224	36	0	11	
MYCO023724	631	0	28	
MYCO023770	8	0	13	
MYCO032307	0	0	9	
