"Locus"	"Missing"	"Paralogous"	"CountNuc"	"CountAA"	"MinLength"	"MaxLength"	"AvgLength"	"NonVarNuc"	"NonVarAA"	"AllelicDiv"	"ADivNM"	"VSitesNuc"	"VSitesAA"	"RatioCount"	"RatioVS"
"MYCO000001"	5	0	1	2	1524	1524	1524	1522	505	0.000656167979002625	-0.00274675416236623	0.00131233595800525	0.00590551181102362	2	4.5
"MYCO000001"	5	0	2	2	1524	1524	1524	1522	505	0.00131233595800525	-0.00209058618336361	0.00131233595800525	0.00590551181102362	1	4.5
"MYCO000005"	2	0	1	5	2028	2034	2029.2	1491	575	0.000492805046323674	-0.00291011709504519	0.265227675931402	0.149911295091662	5	0.565217391304348
"MYCO000005"	2	0	2	5	2028	2034	2029.2	1491	575	0.000985610092647349	-0.00241731204872151	0.265227675931402	0.149911295091662	2.5	0.565217391304348
"MYCO000005"	2	0	3	5	2028	2034	2029.2	1491	575	0.00147841513897102	-0.00192450700239784	0.265227675931402	0.149911295091662	1.66666666666667	0.565217391304348
"MYCO000005"	2	0	4	5	2028	2034	2029.2	1491	575	0.0019712201852947	-0.00143170195607416	0.265227675931402	0.149911295091662	1.25	0.565217391304348
"MYCO000005"	2	0	5	5	2028	2034	2029.2	1491	575	0.00246402523161837	-0.000938896909750488	0.265227675931402	0.149911295091662	1	0.565217391304348
"MYCO000005"	2	0	6	5	2028	2034	2029.2	1491	575	0.00295683027794205	-0.000446091863426814	0.265227675931402	0.149911295091662	0.833333333333333	0.565217391304348
"MYCO000006"	1	0	1	8	2517	2520	2518.5	1825	716	0.000397061743101052	-0.00300586039826781	0.27536231884058	0.14711137581894	8	0.534246575342466
"MYCO000006"	1	0	2	8	2517	2520	2518.5	1825	716	0.000794123486202104	-0.00260879865516675	0.27536231884058	0.14711137581894	4	0.534246575342466
"MYCO000006"	1	0	3	8	2517	2520	2518.5	1825	716	0.00119118522930316	-0.0022117369120657	0.27536231884058	0.14711137581894	2.66666666666667	0.534246575342466
"MYCO000006"	1	0	4	8	2517	2520	2518.5	1825	716	0.00158824697240421	-0.00181467516896465	0.27536231884058	0.14711137581894	2	0.534246575342466
"MYCO000006"	1	0	5	8	2517	2520	2518.5	1825	716	0.00198530871550526	-0.0014176134258636	0.27536231884058	0.14711137581894	1.6	0.534246575342466
"MYCO000006"	1	0	6	8	2517	2520	2518.5	1825	716	0.00238237045860631	-0.00102055168276255	0.27536231884058	0.14711137581894	1.33333333333333	0.534246575342466
"MYCO000006"	1	0	7	8	2517	2520	2518.5	1825	716	0.00277943220170737	-0.000623489939661494	0.27536231884058	0.14711137581894	1.14285714285714	0.534246575342466
"MYCO000006"	1	0	8	8	2517	2520	2518.5	1825	716	0.00317649394480842	-0.000226428196560442	0.27536231884058	0.14711137581894	1	0.534246575342466
"MYCO000009"	0	0	1	6	528	549	545	357	132	0.0018348623853211	-0.00156805975604776	0.344954128440367	0.273394495412844	6	0.792553191489362
"MYCO000009"	0	0	2	6	528	549	545	357	132	0.0036697247706422	0.000266802629273342	0.344954128440367	0.273394495412844	3	0.792553191489362
"MYCO000009"	0	0	3	6	528	549	545	357	132	0.0055045871559633	0.00210166501459444	0.344954128440367	0.273394495412844	2	0.792553191489362
"MYCO000009"	0	0	4	6	528	549	545	357	132	0.0073394495412844	0.00393652739991554	0.344954128440367	0.273394495412844	1.5	0.792553191489362
"MYCO000009"	0	0	5	6	528	549	545	357	132	0.00917431192660551	0.00577138978523664	0.344954128440367	0.273394495412844	1.2	0.792553191489362
"MYCO000009"	0	0	6	6	528	549	545	357	132	0.0110091743119266	0.00760625217055775	0.344954128440367	0.273394495412844	1	0.792553191489362
"MYCO000011"	1	0	1	4	264	282	277.5	166	61	0.0036036036036036	0.000200681462234744	0.401801801801802	0.340540540540541	4	0.847533632286996
"MYCO000011"	1	0	2	4	264	282	277.5	166	61	0.00720720720720721	0.00380428506583835	0.401801801801802	0.340540540540541	2	0.847533632286996
"MYCO000011"	1	0	3	4	264	282	277.5	166	61	0.0108108108108108	0.00740788866944195	0.401801801801802	0.340540540540541	1.33333333333333	0.847533632286996
"MYCO000011"	1	0	4	4	264	282	277.5	166	61	0.0144144144144144	0.0110114922730456	0.401801801801802	0.340540540540541	1	0.847533632286996
"MYCO000011"	1	0	5	4	264	282	277.5	166	61	0.018018018018018	0.0146150958766492	0.401801801801802	0.340540540540541	0.8	0.847533632286996
"MYCO000013"	2	0	1	5	687	699	691.8	484	179	0.00144550448106389	-0.00195741766030497	0.300375831165077	0.22376409366869	5	0.744947064485082
"MYCO000013"	2	0	2	5	687	699	691.8	484	179	0.00289100896212778	-0.000511913179241077	0.300375831165077	0.22376409366869	2.5	0.744947064485082
"MYCO000013"	2	0	3	5	687	699	691.8	484	179	0.00433651344319167	0.000933591301822814	0.300375831165077	0.22376409366869	1.66666666666667	0.744947064485082
"MYCO000013"	2	0	4	5	687	699	691.8	484	179	0.00578201792425557	0.00237909578288671	0.300375831165077	0.22376409366869	1.25	0.744947064485082
"MYCO000013"	2	0	5	5	687	699	691.8	484	179	0.00722752240531946	0.0038246002639506	0.300375831165077	0.22376409366869	1	0.744947064485082
"MYCO000013"	2	0	6	5	687	699	691.8	484	179	0.00867302688638335	0.00527010474501449	0.300375831165077	0.22376409366869	0.833333333333333	0.744947064485082
"MYCO000015"	5	0	1	2	1296	1296	1296	1294	430	0.000771604938271605	-0.00263131720309725	0.00154320987654321	0.00462962962962963	2	3
"MYCO000015"	5	0	2	2	1296	1296	1296	1294	430	0.00154320987654321	-0.00185971226482565	0.00154320987654321	0.00462962962962963	1	3
"MYCO000015"	5	0	3	2	1296	1296	1296	1294	430	0.00231481481481481	-0.00108810732655405	0.00154320987654321	0.00462962962962963	0.666666666666667	3
"MYCO000016"	1	0	1	4	1476	1479	1476.75	956	354	0.000677162688335873	-0.00272575945303299	0.352632469950906	0.280853224987303	4	0.796447431589054
"MYCO000016"	1	0	2	4	1476	1479	1476.75	956	354	0.00135432537667175	-0.00204859676469711	0.352632469950906	0.280853224987303	2	0.796447431589054
"MYCO000016"	1	0	3	4	1476	1479	1476.75	956	354	0.00203148806500762	-0.00137143407636124	0.352632469950906	0.280853224987303	1.33333333333333	0.796447431589054
"MYCO000016"	1	0	4	4	1476	1479	1476.75	956	354	0.00270865075334349	-0.000694271388025369	0.352632469950906	0.280853224987303	1	0.796447431589054
"MYCO000016"	1	0	5	4	1476	1479	1476.75	956	354	0.00338581344167936	-1.71086996894963e-05	0.352632469950906	0.280853224987303	0.8	0.796447431589054
"MYCO000017"	1	0	1	5	1410	1413	1410.6	892	332	0.000708918190840777	-0.00269400395052808	0.367644973770027	0.293917481922586	5	0.79946008484381
"MYCO000017"	1	0	2	5	1410	1413	1410.6	892	332	0.00141783638168155	-0.00198508575968731	0.367644973770027	0.293917481922586	2.5	0.79946008484381
"MYCO000017"	1	0	3	5	1410	1413	1410.6	892	332	0.00212675457252233	-0.00127616756884653	0.367644973770027	0.293917481922586	1.66666666666667	0.79946008484381
"MYCO000017"	1	0	4	5	1410	1413	1410.6	892	332	0.00283567276336311	-0.000567249378005752	0.367644973770027	0.293917481922586	1.25	0.79946008484381
"MYCO000017"	1	0	5	5	1410	1413	1410.6	892	332	0.00354459095420388	0.000141668812835025	0.367644973770027	0.293917481922586	1	0.79946008484381
"MYCO000019"	0	0	1	5	465	468	467.4	281	111	0.00213949507916132	-0.00126342706220754	0.39880188275567	0.287548138639281	5	0.721030042918455
"MYCO000019"	0	0	2	5	465	468	467.4	281	111	0.00427899015832264	0.000876068016953776	0.39880188275567	0.287548138639281	2.5	0.721030042918455
"MYCO000019"	0	0	3	5	465	468	467.4	281	111	0.00641848523748395	0.00301556309611509	0.39880188275567	0.287548138639281	1.66666666666667	0.721030042918455
"MYCO000019"	0	0	4	5	465	468	467.4	281	111	0.00855798031664527	0.00515505817527641	0.39880188275567	0.287548138639281	1.25	0.721030042918455
"MYCO000019"	0	0	5	5	465	468	467.4	281	111	0.0106974753958066	0.00729455325443773	0.39880188275567	0.287548138639281	1	0.721030042918455
"MYCO000019"	0	0	6	5	465	468	467.4	281	111	0.0128369704749679	0.00943404833359905	0.39880188275567	0.287548138639281	0.833333333333333	0.721030042918455
"MYCO000002"	4	0	1	3	1209	1209	1209	951	341	0.000827129859387924	-0.00257579228198094	0.213399503722084	0.153846153846154	3	0.72093023255814
"MYCO000002"	4	0	2	3	1209	1209	1209	951	341	0.00165425971877585	-0.00174866242259301	0.213399503722084	0.153846153846154	1.5	0.72093023255814
"MYCO000002"	4	0	3	3	1209	1209	1209	951	341	0.00248138957816377	-0.000921532563205088	0.213399503722084	0.153846153846154	1	0.72093023255814
"MYCO000003"	1	0	1	7	1149	1158	1156.71428571429	621	235	0.00086451772261331	-0.00253840441875555	0.463134494257134	0.390515005557616	7	0.843200000000001
"MYCO000003"	1	0	2	7	1149	1158	1156.71428571429	621	235	0.00172903544522662	-0.00167388669614224	0.463134494257134	0.390515005557616	3.5	0.843200000000001
"MYCO000003"	1	0	3	7	1149	1158	1156.71428571429	621	235	0.00259355316783993	-0.000809368973528929	0.463134494257134	0.390515005557616	2.33333333333333	0.843200000000001
"MYCO000003"	1	0	4	7	1149	1158	1156.71428571429	621	235	0.00345807089045324	5.51487490843812e-05	0.463134494257134	0.390515005557616	1.75	0.843200000000001
"MYCO000003"	1	0	5	7	1149	1158	1156.71428571429	621	235	0.00432258861306655	0.000919666471697692	0.463134494257134	0.390515005557616	1.4	0.843200000000001
"MYCO000003"	1	0	6	7	1149	1158	1156.71428571429	621	235	0.00518710633567986	0.001784184194311	0.463134494257134	0.390515005557616	1.16666666666667	0.843200000000001
"MYCO000003"	1	0	7	7	1149	1158	1156.71428571429	621	235	0.00605162405829317	0.00264870191692431	0.463134494257134	0.390515005557616	1	0.843200000000001
"MYCO000004"	5	0	1	2	564	564	564	563	186	0.00177304964539007	-0.00162987249597879	0.00177304964539007	0.0106382978723404	2	6
"MYCO000004"	5	0	2	2	564	564	564	563	186	0.00354609929078014	0.000143177149411282	0.00177304964539007	0.0106382978723404	1	6
"MYCO000007"	5	0	1	2	915	915	915	914	303	0.00109289617486339	-0.00231002596650547	0.00109289617486339	0.00655737704918033	2	6
"MYCO000007"	5	0	2	2	915	915	915	914	303	0.00218579234972678	-0.00121712979164208	0.00109289617486339	0.00655737704918033	1	6
"MYCO000008"	5	0	1	2	438	438	438	437	144	0.00228310502283105	-0.00111981711853781	0.00228310502283105	0.0136986301369863	2	6
"MYCO000008"	5	0	2	2	438	438	438	437	144	0.0045662100456621	0.00116328790429324	0.00228310502283105	0.0136986301369863	1	6
"MYCO000010"	6	0	1	1	426	426	426	0	0	0.00234741784037559	-0.00105550430099327	1	1	1	1
"MYCO000012"	5	0	1	4	789	789	789	786	259	0.00126742712294043	-0.00213549501842843	0.00380228136882129	0.0152091254752852	4	4
"MYCO000012"	5	0	2	4	789	789	789	786	259	0.00253485424588086	-0.000868067895487998	0.00380228136882129	0.0152091254752852	2	4
"MYCO000012"	5	0	3	4	789	789	789	786	259	0.00380228136882129	0.000399359227452433	0.00380228136882129	0.0152091254752852	1.33333333333333	4
"MYCO000012"	5	0	4	4	789	789	789	786	259	0.00506970849176172	0.00166678635039286	0.00380228136882129	0.0152091254752852	1	4
"MYCO000014"	1	0	1	5	1878	1881	1880.4	1206	433	0.000531801744309721	-0.00287112039705914	0.358647096362476	0.309189534141672	5	0.862099644128114
"MYCO000014"	1	0	2	5	1878	1881	1880.4	1206	433	0.00106360348861944	-0.00233931865274942	0.358647096362476	0.309189534141672	2.5	0.862099644128114
"MYCO000014"	1	0	3	5	1878	1881	1880.4	1206	433	0.00159540523292916	-0.0018075169084397	0.358647096362476	0.309189534141672	1.66666666666667	0.862099644128114
"MYCO000014"	1	0	4	5	1878	1881	1880.4	1206	433	0.00212720697723889	-0.00127571516412997	0.358647096362476	0.309189534141672	1.25	0.862099644128114
"MYCO000014"	1	0	5	5	1878	1881	1880.4	1206	433	0.00265900872154861	-0.000743913419820253	0.358647096362476	0.309189534141672	1	0.862099644128114
"MYCO000014"	1	0	6	5	1878	1881	1880.4	1206	433	0.00319081046585833	-0.000212111675510532	0.358647096362476	0.309189534141672	0.833333333333333	0.862099644128114
"MYCO000018"	5	0	1	3	1545	1545	1545	1541	511	0.000647249190938511	-0.00275567295043035	0.00258899676375405	0.00776699029126214	3	3
"MYCO000018"	5	0	2	3	1545	1545	1545	1541	511	0.00129449838187702	-0.00210842375949184	0.00258899676375405	0.00776699029126214	1.5	3
"MYCO000018"	5	0	3	3	1545	1545	1545	1541	511	0.00194174757281553	-0.00146117456855333	0.00258899676375405	0.00776699029126214	1	3
"MYCO000020"	4	0	1	4	1566	1599	1578.75	1260	421	0.000633412509897071	-0.00276950963147179	0.201900237529691	0.2	4	0.990588235294118
"MYCO000020"	4	0	2	4	1566	1599	1578.75	1260	421	0.00126682501979414	-0.00213609712157472	0.201900237529691	0.2	2	0.990588235294118
"MYCO000020"	4	0	3	4	1566	1599	1578.75	1260	421	0.00190023752969121	-0.00150268461167765	0.201900237529691	0.2	1.33333333333333	0.990588235294118
"MYCO000020"	4	0	4	4	1566	1599	1578.75	1260	421	0.00253365003958828	-0.000869272101780578	0.201900237529691	0.2	1	0.990588235294118
"MYCO000020"	4	0	5	4	1566	1599	1578.75	1260	421	0.00316706254948535	-0.000235859591883507	0.201900237529691	0.2	0.8	0.990588235294118
"MYCO000021"	5	0	1	2	969	969	969	968	321	0.00103199174406605	-0.00237093039730281	0.00103199174406605	0.00619195046439629	2	6
"MYCO000021"	5	0	2	2	969	969	969	968	321	0.00206398348813209	-0.00133893865323677	0.00103199174406605	0.00619195046439629	1	6
"MYCO000022"	5	0	1	1	420	420	420	0	0	0.00238095238095238	-0.00102196976041648	1	1	1	1
"MYCO000023"	3	0	1	3	771	789	783	613	219	0.00127713920817369	-0.00212578293319517	0.217113665389527	0.160919540229885	3	0.741176470588235
"MYCO000023"	3	0	2	3	771	789	783	613	219	0.00255427841634738	-0.000848643725021478	0.217113665389527	0.160919540229885	1.5	0.741176470588235
"MYCO000023"	3	0	3	3	771	789	783	613	219	0.00383141762452107	0.000428495483152213	0.217113665389527	0.160919540229885	1	0.741176470588235
"MYCO000024"	6	0	1	1	846	846	846	0	0	0.00118203309692671	-0.00222088904444215	1	1	1	1
"MYCO000025"	6	0	1	2	363	363	363	362	119	0.00275482093663912	-0.000648101204729741	0.00275482093663912	0.0165289256198347	2	6
"MYCO000025"	6	0	2	2	363	363	363	362	119	0.00550964187327824	0.00210671973190938	0.00275482093663912	0.0165289256198347	1	6
